337.439
979.7808
2182.73
4242.596
5767.703
7479.642
7927.342
9800.078
10361.29
10983.58
11800.2
11854.35
12315.56
12905.68
13614.84
14286.66
15255.74
15640.86
16192.3
16505.64
17411.27
17794.81
18790.65
19492.53
19541.49
20164.12
20513.26
20674.86
21292.67
21357.83
21715.8
22065.6
22888.32
23197.47
23533.89
24125.6
25429.16
25566.19
26091.66
28229.91
28278.88
28758.15
30507.8
30609.85
34284.56
35579.87
36329.9
36949.25
37316.39
37966.05
38982.63
39789.21
44289.08
45038.56
45117.09
45893.61
46472.84
48498.74
49152.22
50599.77
51542.48
52440.12
54275.2
55397.63
55472.78
55515.47
56093.27
56223.62
56959.6
59938.15
60072.74
61495.03
62438.86
64066.97
65016.71
65326.91
65824.11
65825
67117.19
67163.25
67556.51
68373.67
68584.76
74320.42
74540.09
75611.51
76972.92
77842.93
78467.27
78914.3
79436.72
84160.36
84785.71
86045.97
89677.49
90158.59
90382.82
92358.92
93952.17
94409.6
95477.63
98711.32
100992.7
101255.8
102080.5
102348.7
102626.1
102807.3
104043.5
106164.9
106678.4
106908.6
108055
109240.6
110438.2
111801.7
111916.2
113020.8
113481.4
113815
116048.9
117179.7
117881.3
117895.4
118009
118788.4
119019.7
119967.1
120369
120580.7
121021.2
121327.9
121978.1
122903.5
124782.8
124920.2
126121.5
127168
130586.5
131896.1
133028.4
152094.2
153011.3
153671.5
159084.3
160010.4
160020.3
160652.9
161252.5
161701.4
162345.9
162898.9
163331.4
163899.2
164772.5
165649.7
166132.1
167543.6
168096.7
168602.8
169039.7
169870.9
169881.5
171279.6
172552.6
173517.9
174538.2
174765.6
175708.3
177186.9
177466.8
177857.7
178357.4
178416.6
179918.6
181661.2
182715.9
183504.7
188550.2
194465.8
196024.2
196083.5
196277.8
196444.2
197476.5
197939.6
198434.1
199004.2
200071.9
203054.8
203796.9
204218.4
204777.5
208382.6
208791.5
208906.3
209166.4
209781.5
210318.1
210892.4
211290.2
212333.2
214234.2
217305.6
219043.6
220170.4
220511.2
220678.6
221219.2
221276.4
222468.1
223985.8
224342.4
225881
228559.7
229176.3
229604.4
232444.4
233644.9
234744.6
235331
235918.2
236409
240422.9
240824.8
243476
244591.5
244849.4
245223.5
245767.8
247236.4
256665.4
260368
260930.4
261423.2
262479.4
263501.7
264397.6
266325.8
267133.1
267799.1
268036.7
268464.3
268951.4
271241.6
272589.3
273733.1
274471.2
274958.9
275896.5
276971.5
277534.8
277821
279308.9
279588.1
279662
281071.8
281185.4
281554.4
300406.3
300941.8
301392
302851.7
304172.8
304741.5
305032.3
305990.1
306568.9
306982.7
307871.3
308713.5
309361.5
309400.7
310596.5
310946
311764.8
312989.3
314690.6
314943.3
315119.2
317021.1
317630.7
319212.7
319959.7
320558.7
323646.1
324423.6
325367.1
326130.1
327383.1
327967.1
328533.6
329326
329567.6
330283
331385
332053.9
333959.8
336214.2
336966.1
337079.7
337782
338918.2
340884.5
345374.3
345634
346204
346782.2
349429.1
350097.2
350355.5
350458.6
350870.9
351269
351648.4
352036.6
352251.7
353033
354969.6
355210.2
356546.4
359403.2
362354.3
362947.6
363966.6
364045.7
368130
368984.3
369537.8
370063.1
370470.3
370538
370824.4
371571
372128.5
372654.2
375798
375993
376706.8
377349.1
377366.5
378212.8
379356
380060.6
380577.8
382302
383426.5
383626.3
384227.9
385571.9
386356.6
387861.1
388837
389513
389727.4
391082.7
392006.1
392869.5
393682
395006
395356
396155.5
397080.9
397561.4
397672.8
399243.2
399908.6
399918.8
400438.3
400812.7
401086.2
402731.6
404124.1
404754.5
404977.8
406182.5
406656.6
408922.3
409389
410094.3
410265.1
410614.9
411259.7
411541.5
412688.9
413716.5
414144.4
416334.9
416523.4
416765.3
419019.3
420193.8
421123.6
422031.8
423672.9
425041.7
426948.1
427292.5
427880.6
428085.7
428489.9
428811.9
428887.2
429493.9
429828.9
429866.4
430270.5
431046.8
431791.2
451297.1
451714.1
452049.1
452305.6
454286.4
456430.1
457306.3
457677.1
458593.8
458641.1
459384.3
460240.9
461229.7
462138.3
462472.1
463291.4
464355.9
466235.7
467079.8
467505.5
467753
468228.9
469324.6
472048.7
474019.4
475026.2
475403.1
475740.8
475944.8
477626.7
477633.2
478201.6
478306.8
478952.9
479283
479646.3
482795.7
484571.4
484878.6
487834.6
491209.5
492307.4
493345.4
493485.7
497352.6
497807.9
499434.6
505874.8
507528
514303.9
515136.8
517876.6
520411.2
523794.7
524218.5
524695.1
525423.5
526858.5
527758.6
528503.7
529060.9
530124.8
530248.5
530811.3
531038.7
531560.6
531770.6
534477.9
534520.8
535067.5
535921.8
540201.3
540425
541462.7
543017.5
545419
545687.1
546230.8
550248.1
552105.4
553366.7
557367.5
558791.2
559595.8
559886.9
569395.1
570942.5
574104
575047.8
577401.1
578579.5
579324.8
579840.4
581118.9
581459.9
582958.2
602851.6
603623.1
605269.1
605390.8
605735.2
606761.5
607597.4
607823.7
608552.8
608834.7
610015.8
610538
610718.4
612178.5
612567.9
612731.1
612990.6
613861.2
615352.4
615760.1
615853.9
616392.8
616433.4
616973.5
617903.6
618520.8
620366.5
620964.2
622969.4
623980.4
624878.7
625570.1
625717.6
627183.5
629703.4
630854.5
631365.7
631585.8
631841.5
633068
633545.7
634705.7
635409.1
635415.6
635567.3
636131.7
636173.7
636755.1
637384
637688.9
639069.7
639089
639603.7
639623.2
640037.7
640461.4
640676.2
641185.9
641780.9
642115.2
644835.5
645140.3
646411.5
646505.9
647010.2
647246.7
648315.8
649756.4
650046.8
650543.4
652048.7
652678.5
653529
653780.5
654570.2
655989.1
658467.1
666578.5
667097.7
667426.6
668207
668558.2
668900.7
669471.6
669609
670834.5
671341.1
671871.4
672050.1
672960.1
673848.3
676191.8
676535.8
680063.6
680097.3
680940.3
681303.6
681727.7
685726.7
685808.9
686471.1
686755
687007.5
688494
689084.1
692300.4
694015.6
694593.9
695531.6
696092.3
696173.5
696632.7
696738.4
696862.1
697308.2
697402.3
698630.3
699717.2
700447.1
701539.4
702687.9
703595.9
703729.3
704653.5
705221.6
705513.3
705950.1
708951.2
709867.5
711995.2
712009.1
712439.8
712471.4
713836.6
714422.1
714740.1
714760.7
715227.3
715636
716035
717432.1
721148.5
722868.1
724596.3
725819.8
727388.4
727772.8
728149
728766.9
732511.3
733158.6
751798
752954.7
753794.7
753867.3
753997.8
754897.1
756474.2
756966.6
762344.9
764597.5
765506.8
766127.3
767194.4
767386.5
768320.6
770020.1
773389.1
774102.2
774434.6
775346.6
775368.9
777252.5
781828.6
782537.9
783344.6
784091.5
789863
790012
791390.6
792391.1
793881.9
794306.6
796483.9
797184.9
799183.6
800368.1
801058.7
801511
802886.3
803542.7
804853.4
808853.4
808899.3
809671.8
810114.5
811391.6
811810.7
814310.5
815332.4
815515.5
817024.9
819102.7
820483.9
821627.1
821991
822168.8
823457.2
823649.3
824445
824626.9
825536.6
827223.1
828060.9
828611.2
829353.3
830282.6
830301.2
830842.7
831214.3
831668.9
833693.7
835439.7
836035.9
836435
836899.3
837879.4
842301.7
842896.7
843731.7
844085.5
845883.2
846327.4
849204.4
849730.4
850498.2
850581.5
851414.4
852319.8
852942.8
853016.8
853771.7
853792.2
856375.4
856436.6
857882.5
858971.1
859439.4
863106.4
864813.1
865523.7
865859.3
866638.2
870400.9
870895.4
871289.9
871665.5
872074.9
872556.4
872942.2
873436.2
873850.5
874546.7
877695.6
878699.8
879350.8
880356.8
900410.4
901937.8
902176.4
902996.2
903856.5
904589.8
905341.6
906709.3
908516
908876.9
911932.2
912656.1
914311.4
914796.9
916719.2
917296.6
917748.3
918408.2
918712.7
919042.1
920140.3
921924.4
924863.8
925554
926402.9
927462.2
929412.5
929853.5
932771.4
935321.6
935892.9
936574.4
937349.2
938776.1
939111.8
939529.7
939986
940442
941726.1
942624.3
943693.3
944935.5
946230
946508.5
948357.6
948847.4
954655.4
954933
955734.2
955991.9
957334.3
958970
960740.1
961442.9
961481.1
962687.3
963610.8
964224.4
964755.8
967551.6
969383.6
975028.4
975581.6
977757.6
981918
982464.5
983497.6
985189.1
987787.1
989424.1
990260
992481.5
994122.9
995528.5
997654.4
999628.9
1000310
1000892
1001520
1001972
1002473
1002519
1003389
1005912
1005963
1006803
1011069
1012042
1014989
1017932
1020376
1020986
1021764
1022063
1022552
1027963
1030080
1030972
1032340
1032979
1033197
1050390
1052496
1052988
1054609
1054773
1057318
1057840
1058576
1060563
1064067
1064277
1065562
1067094
1070032
1070865
1070929
1071765
1072129
1072553
1073302
1074946
1075123
1075409
1075742
1076218
1077551
1077939
1078144
1078643
1079238
1079552
1079989
1080516
1080679
1081438
1081500
1081983
1082561
1083426
1085839
1089859
1090396
1091262
1091940
1092680
1093176
1093636
1094261
1095644
1096671
1102157
1102872
1105034
1106652
1106867
1107859
1108716
1108756
1109121
1109366
1109479
1111732
1112497
1112906
1114095
1114310
1115582
1116462
1117136
1120342
1121299
1121473
1121951
1122817
1126968
1128462
1132159
1136624
1137242
1138101
1140673
1143906
1144606
1149396
1149953
1150421
1151127
1151797
1152009
1152302
1153568
1154951
1160096
1161947
1162953
1163681
1164391
1165351
1166032
1167185
1168136
1172408
1173496
1174455
1175297
1176323
1176505
1177910
1178085
1179373
1180135
1180640
1180868
1181057
1182186
1182414
1201162
1203127
1203269
1203617
1204136
1204334
1204528
1205018
1205523
1208392
1208867
1209574
1210900
1212719
1212828
1213380
1214635
1215431
1216028
1218338
1218635
1219579
1220261
1220426
1220483
1222083
1222247
1223752
1224095
1224579
1224932
1225625
1226072
1226605
1227741
1229278
1234344
1236582
1237671
1238249
1238747
1239458
1239508
1241325
1242699
1245128
1245968
1246888
1250442
1252201
1256328
1256533
1259081
1259586
1260545
1261424
1262336
1262368
1263366
1263751
1267197
1267644
1272498
1272931
1274895
1275552
1277240
1277671
1278194
1278203
1279117
1279586
1279811
1280636
1281871
1282480
1282724
1283002
1283242
1283575
1283623
1283809
1284129
1284322
1284749
1285242
1285495
1285698
1286039
1286348
1286373
1286729
1287324
1287335
1287938
1287979
1288675
1290434
1291944
1292391
1292926
1293416
1293609
1294266
1294350
1294399
1295097
1295152
1295224
1295935
1296051
1298351
1299428
1302565
1302892
1302934
1304088
1305191
1306911
1308042
1310808
1311145
1311558
1311828
1312493
1312521
1313093
1313573
1313774
1314473
1315101
1315469
1315636
1315844
1315886
1316359
1316634
1316971
1317406
1317800
1318429
1319710
1321838
1328614
1329435
1330590
1330965
1331642
1350498
1350764
1351109
1351205
1351557
1352008
1352240
1352564
1353683
1353986
1354685
1355349
1355383
1355807
1356714
1357552
1358147
1359190
1360259
1360898
1360971
1361468
1361923
1362084
1362476
1362544
1363557
1363811
1364325
1364529
1364825
1365254
1365514
1365793
1366043
1366354
1366621
1366951
1368003
1368297
1368646
1369833
1370088
1370222
1370580
1371217
1371340
1371800
1375508
1376321
1377202
1377327
1377562
1378246
1378909
1379601
1379810
1379913
1380834
1381549
1381912
1381957
1382674
1383589
1384896
1386258
1387830
1387920
1388201
1388561
1389826
1390299
1393291
1395975
1396202
1396498
1398700
1399089
1399625
1400339
1400763
1401592
1402127
1402247
1402773
1409009
1411102
1411731
1412080
1412243
1412358
1412954
1413341
1418303
1418656
1418925
1419600
1420007
1421587
1422967
1423987
1424469
1425507
1426527
1426675
1428399
1428769
1429192
1429284
1430616
1431102
1431591
1431661
1432036
1432916
1433471
1434009
1434792
1435265
1438236
1442706
1444371
1444771
1445256
1445714
1445797
1446915
1447331
1448066
1450434
1454035
1454558
1455652
1456448
1456698
1457367
1462665
1466388
1466916
1466971
1467527
1467895
1470086
1474740
1476940
1479440
1481643
1482600
1500059
1500070
1500859
1501897
1502666
1503388
1503691
1504211
1504575
1505163
1505908
1506145
1506323
1506735
1508683
1510903
1511930
1512974
1513077
1513578
1513871
1514613
1515809
1517734
1518291
1518393
1519589
1520735
1521377
1522383
1525803
1527652
1529402
1530222
1531620
1532045
1532243
1533210
1534761
1537438
1538007
1538718
1539867
1540863
1541696
1543381
1543546
1544938
1545070
1548184
1548239
1548866
1549122
1550933
1551059
1551863
1552689
1552947
1554907
1555044
1555438
1555766
1555910
1559475
1559979
1560494
1561079
1561524
1562549
1568725
1569348
1570300
1571112
1571650
1572132
1572515
1572890
1573849
1574353
1574375
1575166
1576116
1576389
1577095
1577394
1577817
1578043
1579650
1580016
1580291
1580393
1580507
1580754
1581234
1581410
1582021
1582053
1583717
1590375
1593465
1596399
1597003
1597367
1598864
1599799
1600057
1600628
1601107
1601799
1602356
1602786
1603506
1604330
1604734
1605189
1605376
1605695
1606388
1607734
1607910
1608580
1608923
1609249
1609730
1610346
1610768
1610950
1612581
1614700
1614768
1614919
1615552
1616187
1617094
1618852
1619601
1620411
1623951
1626651
1627363
1627659
1628348
1628758
1629592
1630034
1630933
1631014
1631047
1632127
1632456
1633105
1633454
1652110
1657079
1657825
1659474
1660333
1660476
1661248
1662200
1662776
1663377
1663747
1664478
1665236
1665907
1666970
1667965
1668811
1669237
1670171
1670526
1670816
1671399
1672000
1672198
1672859
1673232
1676254
1676660
1676905
1677946
1678513
1679110
1683236
1683795
1684559
1685826
1686184
1687263
1687785
1688318
1688330
1689270
1696668
1697633
1697740
1698845
1700118
1703155
1704655
1706555
1707478
1707774
1708537
1708653
1709018
1710226
1712735
1712926
1713546
1715455
1716768
1722481
1723325
1723581
1723655
1724535
1725008
1725447
1725968
1726376
1727539
1728282
1728895
1730389
1731119
1732115
1732754
1733307
1733583
1738359
1738746
1740656
1744005
1744497
1747692
1747921
1750908
1751311
1752084
1755843
1757805
1758358
1760378
1762215
1762916
1763980
1765892
1770541
1771237
1771751
1774141
1775380
1775675
1776295
1777272
1777999
1778739
1780308
1780817
1800321
1800430
1800526
1800715
1802172
1805118
1806768
1807078
1808841
1810845
1811491
1814057
1814650
1816019
1816069
1816386
1816712
1817038
1817336
1818245
1818720
1819054
1820857
1821570
1821612
1824351
1825471
1825575
1826374
1826399
1827103
1827583
1827609
1830763
1830989
1831459
1832002
1832888
1832905
1833408
1834036
1834613
1834781
1835198
1835618
1836041
1836363
1836698
1836834
1838808
1840999
1841438
1841822
1842022
1842355
1842922
1845887
1846609
1850688
1852482
1852670
1853434
1854480
1857924
1858685
1859877
1859903
1860215
1860361
1861313
1861768
1861783
1862225
1862692
1863016
1863135
1863575
1863993
1865345
1865929
1866349
1866630
1867164
1867768
1868709
1869722
1870503
1871748
1872182
1872799
1873694
1876608
1879365
1879903
1880159
1880773
1881413
1882492
1883202
1884189
1885374
1886241
1892140
1893468
1895712
1896499
1896546
1897392
1897973
1900162
1901108
1902937
1907960
1908578
1909156
1909424
1910213
1910819
1911179
1912144
1912211
1912613
1913248
1914060
1914373
1915233
1918154
1919088
1920108
1920792
1921223
1921252
1921564
1922589
1923060
1923556
1923940
1925356
1925509
1926095
1928248
1929202
1930072
1931101
1931948
1932087
1932693
1932872
1950997
1951435
1952898
1955078
1955651
1957333
1958289
1958427
1961662
1961769
1964474
1967113
1967607
1967937
1968262
1968992
1969399
1969728
1969973
1970855
1971715
1971957
1972366
1972694
1972906
1973232
1973815
1974275
1974794
1975475
1976083
1980136
1981951
1983525
1986033
1986094
1986158
1986702
1987099
1987590
1988217
1988453
1989504
1992201
1993210
1994255
1994690
1995595
2009527
2009924
2010523
2011022
2011377
2011482
2011878
2012096
2012572
2013078
2013427
2015178
2015334
2016581
2016905
2017757
2021238
2023392
2024578
2025745
2027547
2028008
2028300
2028928
2029516
2029883
2030037
2030169
2033797
2035316
2039995
2043076
2043158
2043513
2043986
2044038
2045840
2046200
2047197
2048544
2049093
2054658
2056626
2056693
2058726
2059148
2060081
2060493
2061906
2064003
2067340
2067503
2073125
2073491
2073506
2074006
2080026
2080381
2080466
2080979
2081758
2081954
2082165
2082320
2082444
2082729
2083107
2101014
2102909
2103291
2103643
2104478
2105332
2105608
2106251
2106851
2107993
2109026
2111631
2111828
2112400
2116050
2118514
2125131
2125670
2127667
2127833
2128532
2129486
2129721
2130077
2130355
2131022
2131477
2131776
2131965
2132849
2133550
2134723
2134833
2135889
2136673
2137520
2138007
2138127
2138544
2139291
2140471
2140812
2141002
2141472
2147927
2148063
2148636
2148884
2149690
2150320
2151117
2154037
2154285
2156347
2157252
2158114
2160450
2160833
2161402
2161432
2161670
2161964
2163019
2163606
2163933
2164813
2165270
2165803
2167025
2169463
2169834
2170177
2170354
2172789
2174622
2176157
2176513
2176691
2177674
2178123
2178983
2179060
2180177
2182122
2182588
2183232
2184736
2185394
2185806
2186132
2186348
2186442
2186659
2186991
2187548
2188767
2188799
2188855
2189080
2189495
2189973
2190233
2190716
2191797
2192636
2193407
2194389
2194483
2194491
2194773
2195875
2198067
2198162
2198625
2199059
2199210
2199889
2200345
2201557
2202896
2204545
2205253
2205712
2206003
2209120
2212414
2212424
2213025
2213429
2214073
2214807
2215612
2216513
2216598
2217105
2218155
2220077
2220829
2221427
2222080
2222861
2223258
2223314
2223527
2223836
2223953
2228667
2228908
2229633
2230335
2231336
2231597
2232534
2250306
2250704
2253511
2253681
2254470
2254966
2256105
2256235
2258243
2258793
2260600
2261302
2261577
2263357
2263832
2267293
2268689
2270178
2270432
2270571
2271508
2271532
2272547
2273109
2273275
2274337
2276843
2278688
2281390
2281474
2281987
2282419
2282828
2283566
2285056
2286001
2286819
2289076
2292043
2292851
2293599
2294786
2296308
2297044
2297601
2298810
2299269
2299754
2300975
2301001
2302855
2306426
2309026
2309670
2310989
2311548
2311779
2313964
2314309
2314757
2315780
2315926
2316108
2316493
2316763
2316778
2317054
2317608
2317742
2317808
2317834
2318756
2319660
2322297
2323620
2324861
2325158
2325224
2326856
2328344
2328443
2329082
2329367
2329768
2331180
2333232
2333539
2334118
2335076
2335839
2335869
2338336
2339809
2339863
2340088
2341568
2341697
2345834
2346730
2347201
2347682
2347939
2348850
2349593
2350121
2351092
2352276
2352342
2353331
2353546
2354211
2354318
2354707
2355783
2357980
2364454
2367126
2369245
2369385
2370304
2371124
2372226
2372873
2373027
2373282
2373895
2375551
2376839
2377399
2380240
2380982
2382381
2383190
2383375
2400496
2401187
2401683
2402074
2402405
2403368
2404817
2405294
2406113
2406149
2406693
2409338
2409448
2409725
2411250
2412156
2412862
2414428
2415625
2416102
2416995
2420087
2421035
2421216
2421704
2421782
2422234
2422339
2423360
2423901
2425803
2426475
2428144
2428662
2429695
2430094
2430984
2431422
2431910
2432731
2432787
2435343
2436048
2436613
2437841
2438879
2440267
2440706
2444621
2444995
2445456
2449118
2450110
2450667
2451299
2451763
2451914
2452211
2452369
2453591
2454822
2455530
2455730
2457887
2458481
2458929
2459342
2459847
2461861
2463424
2463959
2464417
2465634
2467392
2469554
2471462
2472099
2473027
2473721
2474480
2476507
2479722
2480986
2482184
2482706
2483267
2485325
2485750
2485902
2486412
2486562
2487058
2487287
2487815
2489061
2489646
2490709
2490785
2490822
2491697
2492886
2493419
2494686
2495398
2495921
2498712
2499370
2499886
2500279
2500617
2500822
2501323
2501815
2502869
2503893
2504614
2505649
2506726
2506953
2507670
2507715
2511157
2514174
2515248
2517436
2517938
2519192
2519426
2519919
2520450
2521001
2522366
2522849
2523835
2524110
2524961
2525499
2526073
2526682
2527054
2527217
2528091
2529784
2530096
2531404
2531430
2531932
2532535
2532654
2552000
2552178
2556241
2558189
2558912
2559019
2561065
2561147
2561748
2562147
2562573
2563166
2564202
2565286
2565464
2565653
2566475
2566649
2566843
2567185
2567339
2567450
2567656
2568238
2568467
2568807
2569261
2569644
2569812
2569962
2570554
2570780
2571272
2571325
2572298
2576297
2576353
2576635
2577039
2577058
2577446
2577577
2577876
2579612
2579887
2580433
2580502
2580551
2584732
2585326
2587160
2587577
2587774
2588567
2593386
2594335
2595208
2596825
2597111
2597412
2598391
2599179
2599282
2599543
2600532
2600814
2600928
2602362
2603258
2603407
2603845
2603982
2604508
2605009
2605622
2605631
2606256
2611111
2611531
2612716
2613203
2613737
2613863
2614498
2614762
2615032
2615204
2615317
2615613
2615791
2616094
2616309
2616951
2617923
2618775
2619246
2619865
2619907
2620187
2620463
2620578
2620633
2620879
2621258
2623190
2623630
2624929
2625639
2625852
2626947
2627592
2627963
2628963
2629407
2629803
2630528
2631022
2631545
2631897
2634423
2635412
2635955
2637354
2637576
2638220
2638795
2638919
2640447
2640975
2645050
2646620
2647584
2648073
2651369
2652933
2654460
2655323
2655521
2655768
2657011
2657848
2658952
2659860
2661410
2662087
2664595
2668522
2669897
2670265
2670388
2672150
2672803
2674279
2675342
2675678
2678051
2678581
2679189
2681422
2681429
2683269
2700497
2701277
2701779
2702361
2702362
2702622
2702754
2703157
2703438
2703964
2704166
2704648
2705179
2705519
2705824
2706642
2706885
2707382
2707904
2708120
2710003
2711449
2715197
2716785
2721268
2724944
2726347
2727572
2733037
2733042
2733669
2736709
2736860
2737431
2737531
2737732
2738188
2738278
2739741
2740249
2743096
2743671
2743848
2744434
2745016
2745309
2745987
2746402
2747621
2748390
2749020
2749450
2756557
2758307
2760302
2760633
2761087
2762710
2763570
2763632
2764201
2764370
2764783
2765016
2765021
2765536
2765546
2766656
2766692
2766956
2767292
2767326
2767529
2768500
2769540
2769912
2770692
2770707
2770818
2771163
2771583
2772111
2774144
2774652
2775480
2775531
2776124
2776182
2777224
2777650
2778487
2779830
2781091
2781852
2782225
2783820
2784382
2785018
2785093
2786435
2786725
2787064
2787744
2787860
2788388
2788430
2789643
2790787
2791336
2792130
2792176
2792638
2794614
2795704
2796205
2796678
2797706
2798132
2798431
2799102
2800386
2800810
2801365
2802041
2802593
2802674
2802903
2807967
2808679
2809718
2812549
2812558
2814466
2819847
2820362
2820505
2821117
2821565
2823111
2823731
2823835
2824687
2827042
2827469
2830157
2830362
2831243
2832584
2850184
2850623
2852175
2852687
2854391
2855238
2855301
2856144
2856942
2859759
2866566
2866939
2867774
2870270
2870552
2870942
2873027
2874145
2875394
2875435
2875735
2876721
2877463
2877736
2878414
2878895
2879130
2879599
2880541
2880921
2881308
2881703
2882894
2883903
2884260
2884667
2885022
2885423
2886290
2887142
2887471
2887982
2889096
2889279
2889725
2890424
2891264
2891794
2892225
2892788
2893243
2893499
2894128
2894573
2895012
2896417
2896753
2896960
2897084
2897829
2898356
2898388
2898628
2906759
2906767
2907564
2907740
2908343
2909215
2910269
2911102
2911296
2912918
2913304
2913743
2914208
2914215
2914651
2914841
2914880
2917084
2919069
2920933
2922186
2923221
2923342
2924141
2924714
2925301
2925627
2925719
2926181
2926262
2926694
2927097
2927643
2928323
2928418
2929263
2929274
2929318
2929830
2929858
2929981
2931116
2931482
2932801
2932837
2932979
2933390
2933990
2935055
2935560
2935851
2936306
2936835
2937682
2937860
2939906
2941927
2942246
2945871
2946750
2947691
2948521
2949035
2949051
2949438
2950380
2951051
2953354
2954282
2954846
2955490
2956031
2956175
2956426
2958470
2961696
2962088
2962328
2963693
2963878
2965864
2966275
2967336
2968138
2969578
2970375
2971524
2972640
2973106
2973452
2973851
2974300
2974834
2975396
2975446
2976480
2976582
2976835
2977457
2978014
2978068
2979453
2980250
2980561
2980795
2981007
3000651
3001446
3002373
3004371
3004866
3006488
3007036
3007054
3007908
3008348
3010112
3011102
3011588
3012634
3012979
3014375
3016136
3016417
3016440
3018029
3018675
3019487
3019704
3020232
3023882
3024536
3025022
3028104
3028342
3028516
3028755
3029391
3030310
3031042
3031182
3032086
3032713
3034505
3034647
3036549
3037734
3038035
3039718
3040411
3041474
3042599
3043246
3046271
3046727
3047070
3047304
3047630
3047742
3048201
3049619
3050488
3051633
3051989
3052397
3052780
3052800
3053169
3054028
3054653
3054675
3056404
3057547
3058680
3058882
3059326
3059473
3059903
3060462
3061133
3061943
3062002
3062221
3062773
3063118
3063173
3063737
3065317
3065867
3066837
3067319
3067474
3067955
3068601
3069632
3070212
3070933
3071639
3072134
3073221
3075000
3077826
3079126
3079447
3080321
3080859
3083363
3084386
3085405
3085833
3090327
3090893
3091171
3094046
3095896
3096245
3096289
3098026
3098496
3099026
3099584
3100158
3100562
3100817
3101512
3101901
3102057
3102163
3102489
3102948
3105038
3105195
3105520
3106030
3106308
3106616
3107281
3107653
3108071
3108867
3109285
3109998
3110225
3110377
3111531
3111580
3112165
3112287
3112552
3113643
3114662
3115168
3116357
3117471
3120749
3121229
3121270
3121471
3123518
3123873
3124380
3124895
3125560
3126465
3129569
3130471
3133374
3150319
3151768
3152209
3152236
3152741
3152988
3153428
3154052
3154509
3154532
3154563
3155642
3155845
3156466
3157041
3157264
3157532
3157609
3157952
3158139
3164056
3164914
3165380
3165687
3166088
3166404
3166806
3167092
3167869
3167972
3169306
3169640
3170063
3170368
3170576
3171486
3171759
3171822
3172087
3175145
3176018
3176049
3177739
3177780
3180025
3180682
3180704
3181802
3182125
3182151
3182705
3183140
3183704
3184195
3184241
3184815
3185123
3185762
3185812
3186025
3187198
3187330
3188932
3189373
3189891
3190929
3191792
3192533
3196458
3200971
3205835
3205973
3206808
3208642
3208751
3209011
3209768
3212892
3214637
3215195
3215640
3215987
3216864
3217927
3218336
3218765
3219178
3219193
3219279
3221455
3221680
3221693
3221983
3222410
3224771
3226315
3226938
3229511
3229547
3232156
3232401
3233044
3233894
3234704
3235128
3235240
3236211
3236678
3236761
3238510
3241792
3241793
3242823
3242990
3243675
3245958
3247370
3250825
3252089
3252252
3253944
3254010
3254382
3254535
3254842
3255030
3255238
3255287
3255938
3256532
3257059
3257398
3257827
3258083
3258618
3258671
3258786
3260204
3260700
3260834
3261169
3261562
3262994
3264969
3265790
3266160
3266708
3266971
3268334
3269483
3272021
3272331
3272715
3273433
3273796
3274181
3274712
3275008
3275311
3275563
3275877
3276440
3276877
3277221
3278798
3278958
3280342
3282014
3301417
3301702
3302527
3302725
3303027
3303782
3304294
3306622
3307171
3308937
3308978
3309805
3311484
3311936
3312210
3312605
3314380
3314534
3315484
3315708
3316561
3316961
3319021
3320091
3324286
3325165
3326105
3326620
3329652
3330596
3333229
3333723
3334326
3335245
3335337
3335750
3336187
3336445
3337388
3338358
3339264
3339389
3340220
3340705
3340888
3341756
3342597
3343359
3343734
3343945
3344388
3344445
3345241
3346138
3346369
3347819
3347864
3349091
3350300
3350677
3350746
3351467
3352266
3355797
3356527
3358200
3359745
3359908
3360070
3360581
3360908
3361700
3361750
3363225
3365182
3365184
3365383
3365722
3366279
3366323
3367652
3368033
3368201
3369008
3369338
3369943
3371036
3371127
3373124
3373950
3374156
3374629
3375168
3375672
3376010
3376302
3376716
3376832
3377249
3377987
3379471
3379773
3380150
3380346
3382341
3382692
3382893
3383527
3387076
3387430
3387968
3388824
3389383
3389944
3391310
3396573
3400615
3401642
3402886
3403624
3404654
3404676
3405000
3405361
3408796
3409494
3410134
3410187
3411715
3412534
3415315
3416582
3419235
3419403
3422353
3423135
3423374
3424514
3424736
3425220
3426143
3427550
3428565
3428983
3429357
3429600
3429992
3432300
3432504
3433271
3450533
3451102
3451159
3451845
3452512
3452751
3452962
3453533
3453564
3453969
3454390
3454790
3455237
3455362
3455964
3456096
3456794
3457025
3457627
3457851
3458347
3458986
3460111
3462162
3463777
3464403
3465293
3465787
3466242
3466362
3466653
3468393
3469041
3469373
3470912
3471341
3471470
3471913
3472560
3472661
3472985
3473546
3473835
3474073
3474550
3474986
3477731
3478995
3479533
3481078
3484459
3485325
3485643
3485809
3486008
3486413
3487047
3492255
3492443
3492843
3493112
3493168
3493213
3493769
3495236
3495329
3496010
3496443
3497150
3497316
3497672
3497863
3498228
3499454
3500695
3501298
3507362
3508119
3508345
3510496
3512447
3513082
3513954
3513970
3514763
3514966
3515553
3516275
3516749
3517139
3517718
3517845
3518011
3518393
3518681
3518797
3519109
3520323
3520814
3521263
3521476
3521649
3522059
3522917
3524048
3524577
3524787
3526355
3526432
3527412
3528431
3529013
3529648
3530056
3530330
3530446
3531201
3531225
3531607
3531999
3532896
3533059
3534762
3534925
3536365
3537241
3538249
3538322
3538595
3538912
3539635
3541626
3541849
3542148
3543565
3544327
3545447
3546013
3546684
3547128
3547194
3547348
3547756
3548283
3551433
3552247
3552982
3554395
3555486
3555633
3555885
3556793
3557407
3558066
3558525
3559397
3559999
3560277
3560562
3561090
3562135
3563185
3563920
3565932
3567461
3579202
3579743
3579953
3580488
3580965
3580996
3581137
3581769
3581892
3582753
3583462
3601538
3602456
3602883
3602944
3606542
3607528
3608373
3608923
3609366
3611597
3614101
3614877
3617592
3622989
3623850
3623963
3624081
3624577
3625230
3625376
3625986
3626202
3626760
3627032
3627571
3627713
3627946
3628566
3628831
3628969
3631221
3633300
3634048
3636794
3637387
3639253
3642457
3642796
3643391
3645827
3646333
3646591
3647354
3647625
3649057
3649731
3651514
3652367
3653040
3653753
3654497
3655213
3655272
3655769
3656589
3656663
3657144
3657739
3659407
3659717
3660175
3660685
3661568
3662998
3663119
3663439
3664033
3664715
3665040
3665991
3672033
3672509
3672600
3673318
3673395
3673603
3674289
3674480
3675215
3675316
3675886
3676103
3676970
3677411
3677857
3679015
3679483
3682447
3682718
3684092
3684378
3685278
3685678
3685980
3687204
3687516
3687998
3690016
3690063
3690612
3690861
3690957
3691399
3691874
3692106
3692779
3692981
3693758
3694808
3696598
3698037
3699555
3699655
3699663
3700275
3701871
3702553
3703584
3704136
3709356
3709905
3710813
3711383
3711682
3712067
3712086
3712339
3712381
3712973
3713262
3713391
3713530
3713667
3713784
3714323
3714571
3714627
3714710
3714830
3714971
3715002
3715108
3715386
3715526
3715570
3715714
3715828
3715984
3716164
3716193
3716421
3717790
3718323
3718593
3718889
3719306
3719365
3719544
3720272
3720438
3720707
3720863
3721044
3721276
3721366
3721380
3722001
3722644
3723943
3724856
3725314
3725404
3725590
3725886
3726234
3726391
3726510
3726749
3726807
3727459
3728259
3728554
3729146
3729400
3729661
3729969
3730366
3730574
3731160
3731647
3731896
