12663.48
13016.77
50267.55
50844.11
59075.43
83787.25
86363.9
132872.5
161660.6
187475
209692.2
234589
257637.1
257640.9
262892.3
262973.2
310166.6
310949.7
376854.8
383896.1
427587.5
454934.3
480819.9
526764.5
567560.4
630803
631365.5
635984.5
644944.6
666221.5
666791.6
669357.7
690053.7
703526.7
703988.7
731876.6
775113.6
777449.6
780602.5
782890.5
789498
800195.5
850725
852715.5
860969.3
920844.9
922197.7
922287.4
930334.7
943988.1
977029.1
983658.7
989326.9
1008148
1060818
1065107
1070936
1100509
1120856
1128411
1144539
1148435
1152452
1153879
1171838
1172125
1214793
1233557
1238597
1280999
1317313
1373410
1394936
1406338
1418376
1423013
1442709
1458586
1471855
1510453
1520831
1522217
1523335
1525867
1548691
1569265
1574793
1579198
1585731
1594169
1678810
1693639
1698638
1721783
1772813
1773714
1800368
1866372
1882803
1886253
1894185
1954115
1965165
1993004
2036168
2054332
2057567
2064273
2113587
2122779
2196338
2201273
2211773
2225931
2263549
2273568
2274686
2280026
2316287
2327838
2335078
2338537
2346766
2358435
2406966
2419034
2425089
2474910
2475711
2475807
2480259
2482413
2503498
2505145
2552137
2552138
2565778
2566930
2568930
2571694
2600567
2618854
2643302
2661907
2662375
2663267
2665274
2665277
2665939
2670220
2724319
2729995
2749040
2754192
2798649
2810373
2859987
2866279
2878276
2936667
2965554
2971726
2973333
3004210
3037390
3044985
3062854
3079556
3084275
3101215
3107749
3117322
3122184
3129509
3166010
3177933
3197280
3199159
3209939
3240288
3259857
3314394
3319110
3320351
3320835
3333548
3333549
3344885
3345760
3392990
3401230
3414236
3418231
3424341
3425406
3466204
3469466
3490277
3518488
3525913
3530471
3544929
3549375
3555350
3575209
3602388
3658869
3664964
3678387
