2685.087
20374.58
27452.93
60561.64
80404.54
91725.19
95875.5
100809.2
106069.3
108483.8
131979.9
182848.9
190176.5
190579.4
197113.1
233761.7
237028.2
240282.2
244783.8
320793.6
327278
348973.9
353851.7
369371.3
381059.6
382720.6
384818.4
392378.1
393595.1
395626.7
396866.3
406408.5
426705.6
432793.7
452814.3
456591.5
470038.5
474575
482555.8
483051.7
484245.4
502814.2
505918.7
530836.8
534839.5
573731.1
574307.8
575573.9
600859.1
604005.2
611183.5
632421.5
635271.9
644281
648348.5
675098
676829.4
686572.6
689418.3
690135.9
690578.7
697686.7
702444.4
705881.6
710840.8
728414.9
729614.5
756936.7
758658.1
759587.6
760273.4
763193.5
765601.2
768894.7
774936.4
778581.7
782741.9
792410.4
804347.4
818156.2
837861.7
837878.8
839046.5
841222.8
843625.9
843904.1
844952.3
868970
873044.1
877130.3
904947.3
912002.4
912616
921357.4
925910.8
928780.1
938677.6
966612.8
968458.4
993471.4
1001714
1003283
1006165
1008604
1011841
1014658
1015556
1018134
1032614
1062917
1063762
1065200
1072857
1074826
1089610
1093243
1093283
1117817
1122998
1123498
1126151
1128859
1144187
1145812
1157504
1162377
1174330
1219663
1219976
1220587
1222990
1223441
1225354
1236998
1239426
1241924
1261872
1263095
1265362
1268581
1270140
1275039
1276538
1291284
1291942
1305711
1329744
1388225
1394845
1395692
1397514
1399981
1402863
1439886
1443158
1444818
1444910
1445762
1451736
1452224
1454939
1456248
1463639
1470775
1474406
1514689
1518058
1524631
1532450
1547799
1556447
1572322
1580727
1583720
1584050
1591803
1607706
1671028
1672055
1681859
1695077
1702678
1715083
1716561
1722342
1752715
1757256
1777706
1778635
1802748
1804199
1805941
1818045
1819621
1826462
1835137
1839774
1843602
1851141
1858515
1869505
1872760
1874426
1895047
1896012
1902909
1903087
1903771
1904836
1907619
1908487
1914281
1916388
1923536
1928989
1953463
1955150
1969628
1973671
1974191
1975187
1979476
1980156
2002736
2002861
2003561
2003640
2005924
2022352
2056080
2057550
2064984
2066000
2071202
2082274
2100569
2100635
2103213
2108171
2109657
2113687
2129155
2131684
2146067
2168106
2171506
2173511
2173766
2175235
2176014
2177447
2183993
2187366
2191251
2193159
2204066
2206802
2214666
2216369
2226016
2260771
2263511
2274487
2283489
2285089
2291059
2311632
2329264
2332875
2346868
2356395
2360786
2361321
2378084
2380013
2382387
2402837
2414564
2434587
2454972
2466279
2470314
2485324
2487263
2490731
2564106
2564875
2568495
2576506
2588101
2601582
2609377
2634341
2635737
2636415
2640129
2641765
2645034
2674644
2714597
2719623
2720701
2723939
2724408
2736627
2737070
2768675
2768956
2775692
2794141
2814697
2821647
2859669
2874481
2882319
2883290
2887388
2888397
2889283
2898612
2901822
2915584
2929453
2931182
2934090
2945142
2953279
2958933
2959482
2959860
2960742
2962976
2971450
2974179
2977146
2982880
3004828
3015332
3016711
3049961
3050359
3064961
3068438
3115656
3120706
3122716
3131538
3159941
3160042
3167622
3168210
3177586
3206896
3225599
3240693
3252967
3257201
3265393
3265508
3267404
3268612
3278982
3281403
3301540
3307239
3322606
3322641
3332443
3337955
3343079
3361599
3367442
3368067
3370326
3400750
3402408
3405006
3414143
3465878
3479700
3487586
3499767
3519562
3524175
3524348
3540703
3545436
3547499
3548251
3549092
3559218
3563186
3572231
3575820
3581144
3600435
3604207
3617099
3622509
3627180
3631462
3636115
3637496
3638977
3644522
3648632
3649864
3675137
3684895
3690837
3691306
3708115
3712172
3712639
3716571
3718376
3729807
