1090.26
3365.759
4089.13
6397.721
7000.7
11108.27
12041.93
16876.46
20633.86
21128.74
21902.59
22710.72
23546.69
24185.61
45821.11
49051.63
51354.65
57801.67
59223.01
60519.03
71910.5
72458.53
73015.93
73788.24
74537.08
74864.31
75179.5
77071.91
78017.9
80573.45
81675.77
82819.98
86032.48
88089.35
89641.4
91448.59
92191.92
93173.34
95270.88
95899.77
97597.81
98103.57
102527
103627.8
104051.4
104954.3
110551.1
111260.8
121513.7
123330.3
124290.8
124769.3
152202.6
164303.8
165350.4
183259
184329.9
189219.8
190230.7
191662.4
192497.6
200800.3
202350.8
202901.6
203449
205533.1
206361.1
213283.1
214063.6
214747.7
215630.3
216166.1
216631
217717.4
219426.9
225044.4
225456.6
226976.8
227601.6
227997.2
228656.5
229701.6
230717.5
231210.7
232277.9
233090.4
233994.1
234655.6
235188.8
236751.5
237690.6
238215.6
238618.5
239426.8
240040.8
301316.4
303178.7
304393.8
304888.9
305355.4
306890
307469.6
309049.8
326535.6
327137.6
327861.8
328389.3
329863.6
330650.6
331520.6
332116.1
342711.5
351318.5
352067.3
352765.1
354144
354785.6
355688
356712.6
358042.8
359243.7
359797.6
360270.6
365552.1
366087.7
366665.5
374396.2
376105.7
377511.7
385558.4
386828.4
387778.4
388585.7
389058.3
389428
390125.2
390903.1
391322.7
393372.6
408391.9
408894.1
409312.5
409847.3
410341.1
411516
414569.2
415805.3
416778.1
418105.5
418626.3
422325.5
431635.7
432919.6
433360.7
450639
453190.5
456114.7
456626.5
457399.6
460124.6
460906.1
461486.6
462231.4
482489.4
486407.8
487973.9
489297.9
499189.8
500287.1
501368
502451.3
503490.8
503948.8
504485.3
505431.4
506805.1
519937
520960.6
521529.3
522209.4
523859.8
524624.3
525384.8
528259.4
529126
536255.7
537399.5
538197.5
551314.3
551894.4
558303.3
563791.3
566774.9
567352.2
568308.9
571515.5
571978.1
572651.1
573114.1
573664.3
578994.5
579686.7
580728.2
582945
603172
606238.6
607297.7
608068.6
608712.6
609219.7
610090.4
610943.6
611734.6
614774
615301.6
627996.6
630382.6
630905.8
632550.8
633157.4
636693.9
638572.6
648210.2
649154.8
649762.4
651300.4
654522.3
658552.8
660312.1
661022.4
662522.2
663421.7
665000.6
670232.7
670951.2
671747.2
676567.6
677722.3
678304.5
685040.3
685737.7
686450.5
687706.2
688460.6
691145.2
691874.9
693927.6
702726.4
703928.8
705690.2
708594.8
709319.5
718909
724190.8
731705.6
732474.4
751477.5
752230.3
752791.4
754191.9
754875
760660.1
766821.2
767612
772470.6
773858.7
779477.2
780732.5
784552.8
785030.5
786293.7
788340.5
789126.7
791296.4
802312.3
802803.5
803777.3
812598.4
828980
829854.7
833640.8
834528.8
836367.4
837395.1
841363.4
844862.2
845359.3
861506.3
861977.2
862568.2
863736
864214.3
864740.8
868435.9
881068.9
882089.6
883705
904586.9
906229.7
907467.6
909849.1
910325.1
911896.5
917660.9
918193.9
922265.8
924203.6
930432.5
931361
932848
933873.2
937304.7
940709.4
941762.5
942302.6
944073.5
951081.4
953278.5
954134
954922.1
960573.8
961552.3
978351.3
980346.5
981157.3
987614.8
991534
992350.7
992966
994020.8
996617.7
997261.8
998057.9
998515.6
1005481
1006283
1007242
1008598
1010172
1010930
1011657
1012116
1018263
1018661
1020013
1023206
1026620
1027799
1029060
1030036
1031600
1051221
1056271
1057287
1057957
1059580
1062131
1063168
1064808
1073662
1074875
1078903
1079817
1083380
1088896
1089799
1090837
1092357
1095315
1096529
1100493
1100888
1102328
1127624
1128767
1129510
1130228
1131990
1136053
1141662
1142696
1151242
1152076
1152850
1154163
1154834
1155463
1156865
1157430
1160776
1180911
1181811
1182485
1222021
1222505
1223569
1224039
1224534
1226038
1226718
1232801
1233303
1233887
1239817
1240457
1240855
1241927
1251406
1251935
1252588
1253119
1254142
1255262
1257895
1260830
1261849
1262707
1267370
1269112
1271006
1275214
1275754
1276613
1277406
1285730
1286266
1286913
1287686
1288824
1290277
1291061
1303278
1304050
1304870
1306112
1306955
1308225
1309487
1311425
1317449
1319190
1321742
1322918
1323566
1330528
1331318
1352410
1354813
1356550
1357330
1358118
1360752
1364807
1366726
1367853
1370308
1371988
1373123
1379813
1383548
1384259
1385382
1401277
1402018
1403348
1404411
1404892
1405686
1406316
1406709
1407246
1408162
1414249
1416915
1421489
1448495
1451038
1452987
1456109
1456949
1457617
1458589
1459187
1463829
1464715
1469675
1470355
1470921
1471604
1474403
1476191
1477055
1477572
1480712
1481925
1503606
1504886
1506435
1507003
1521586
1522552
1523076
1523614
1524990
1528731
1529967
1531412
1531888
1535800
1536405
1537252
1540262
1541168
1548437
1548979
1549887
1550833
1551601
1552159
1552840
1554528
1554938
1555423
1556038
1556667
1557361
1558550
1558985
1559375
1559859
1560292
1562152
1572008
1572699
1573710
1584940
1592936
1593917
1595000
1596278
1596721
1597284
1597704
1598144
1598665
1599120
1599812
1601908
1608755
1630151
1631995
1657597
1659463
1660069
1660889
1661384
1662139
1666244
1670898
1671562
1672154
1675229
1675729
1677787
1678795
1681600
1682845
1693743
1694588
1695102
1698472
1699172
1699849
1700567
1701038
1701712
1702192
1702760
1703559
1704654
1705345
1706154
1706981
1707782
1708920
1721748
1722389
1724510
1743994
1744501
1745311
1746921
1750130
1750786
1764784
1767934
1802619
1803697
1816447
1817192
1818347
1822031
1822783
1823413
1831129
1831867
1836363
1842128
1846514
1847351
1849830
1850410
1852167
1853353
1854581
1855103
1855699
1856602
1865112
1872686
1876436
1876923
1878747
1880540
1881140
1882825
1883391
1884214
1884687
1887883
1889571
1889985
1890662
1891258
1892672
1893809
1895047
1896202
1897585
1898542
1899597
1899974
1902577
1903355
1908027
1909544
1911144
1912400
1916997
1917657
1921191
1921688
1922112
1922672
1924714
1926474
1929728
1931698
1957880
1958345
1958738
1959293
1959901
1962853
1963399
1963926
1964303
1965027
1970645
1971565
1974802
1976741
1977790
1986758
1987364
1988590
1991984
1993355
1995718
1996183
1996778
1997666
1998198
2001580
2019645
2020231
2020963
2021534
2021946
2022272
2023384
2029719
2033583
2034666
2037641
2038457
2039544
2041980
2042584
2044218
2046005
2047206
2049856
2050927
2051782
2053123
2055898
2057199
2100057
2110630
2111135
2111782
2119886
2120452
2121122
2122934
2124842
2125286
2132052
2133286
2135029
2140585
2142829
2143979
2149203
2152247
2153865
2155388
2155915
2171302
2172429
2173273
2174265
2174731
2178682
2179826
2180705
2181739
2182777
2183741
2189891
2191318
2192156
2192807
2197849
2198470
2199326
2205335
2205818
2209271
2210612
2211766
2219691
2220588
2221362
2222453
2223769
2229847
2231397
2252911
2257086
2258260
2259920
2261598
2262748
2263324
2264071
2283729
2288817
2289242
2290270
2292068
2294082
2298510
2300970
2310931
2320138
2320760
2321388
2324059
2328677
2330612
2331277
2331864
2332374
2341479
2341979
2342550
2345018
2345769
2347302
2349659
2354876
2357310
2358184
2360550
2365046
2378189
2379589
2401975
2403241
2406000
2408522
2410490
2411868
2426940
2429532
2430691
2435295
2436445
2437017
2437437
2438087
2438552
2439605
2444069
2444905
2446723
2450791
2451600
2453335
2454309
2455768
2456325
2460898
2475448
2476029
2477863
2479568
2480217
2481078
2482071
2482616
2483277
2484680
2485108
2485596
2486359
2487155
2487787
2488512
2505044
2505570
2506002
2510668
2511420
2514814
2515821
2521504
2523003
2524121
2525909
2528598
2533277
2550163
2550950
2553019
2563560
2565176
2565873
2566618
2567489
2567995
2568849
2569835
2570435
2581048
2581650
2583447
2584457
2585155
2585748
2586442
2587318
2629991
2630656
2631280
2632389
2633205
2633741
2634323
2636130
2640704
2642192
2649424
2654972
2655813
2667101
2668272
2668955
2669542
2670440
2674465
2676686
2679024
2679639
2680218
2681204
2682054
2704162
2706596
2707881
2708491
2709640
2710234
2711554
2713565
2715454
2715935
2716257
2716674
2717376
2725435
2751458
2751971
2757474
2760363
2775502
2776175
2776590
2778572
2779728
2817889
2821264
2822278
2826255
2827636
2829583
2830253
2832954
2852247
2853911
2859625
2860021
2860697
2861531
2862543
2863273
2864241
2872268
2873152
2873776
2874448
2874953
2882433
2883048
2883622
2884430
2885077
2885758
2887078
2887976
2889224
2891262
2891805
2892270
2893006
2896351
2896715
2897768
2899014
2900097
2900742
2901113
2904283
2905986
2909368
2910555
2916776
2917786
2919238
2919624
2921598
2922043
2926099
2929144
2933089
2933881
2953744
2958735
2959779
2960158
2960499
2961625
2962035
2962583
2964037
2965434
2969641
3007425
3026873
3027935
3030711
3032974
3038456
3039430
3040274
3043602
3045261
3048103
3049030
3052465
3056235
3056998
3069928
3076476
3080993
3083832
3086886
3087379
3087743
3088933
3089718
3090472
3091940
3093944
3094593
3095264
3095880
3096726
3097589
3098171
3098811
3099866
3100267
3107754
3108488
3121778
3122607
3124254
3125723
3129570
3130927
3131883
3153743
3155674
3157008
3160842
3161941
3162889
3164145
3169904
3173502
3174694
3176146
3178035
3179317
3179999
3180787
3182486
3186423
3235057
3243755
3244898
3246393
3247138
3247906
3251598
3252349
3255520
3256393
3257133
3257893
3258522
3259086
3261344
3264716
3265366
3266185
3270503
3273913
3276106
3276640
3277367
3278043
3281183
3281943
3282628
3301726
3306660
3308727
3314686
3318157
3319498
3321115
3322236
3331443
3338014
3338711
3346271
3347322
3364789
3365301
3372055
3372582
3374108
3450056
3450625
3452748
3454016
3456302
3457085
3458675
3459690
3471906
3472561
3473420
3480629
3481611
3483334
3483702
3484326
3485493
3486348
3491462
3492071
3494573
3495076
3496088
3496705
3497242
3501503
3502175
3502584
3504493
3505826
3506589
3510499
3510993
3511344
3512176
3512652
3516259
3516884
3517938
3518434
3520762
3521496
3523654
3526097
3526909
3528747
3529691
3532514
3533377
3539730
3547763
3557916
3558482
3560955
3573736
3574549
3575643
3610763
3612135
3622801
3623486
3623959
3624558
3626227
3626960
3629783
3631685
3634369
3635049
3636878
3638772
3641299
3641861
3644620
3646031
3649515
3650202
3650712
3651188
3651992
3676419
3677130
3678288
3679196
3686725
3687473
3696957
3700645
3702067
3702817
3704015
3709557
3713209
3715130
3715706
3716319
3717791
3727805
3729265
3731281
3732107
3732875
