20649.73
62050.74
70388.17
76068.33
91321.12
105009.3
126906.1
172892.4
200794
201032.3
205651.6
215190.5
261706.1
274716.6
277629.5
282148
283248.7
342699.4
347308.4
348569.4
351760.8
366715.8
371127.4
380859
383096
383520.4
387274.6
411075.7
498137
499742
516464.6
644753
646104.1
659253.7
675491.6
723060.3
723742.5
724549.8
751984.6
752918.6
775620.2
784243.1
785910.6
800049.9
800762.3
816071.8
828961.6
867671.9
907857.9
908705
914762.5
950074
955599.5
966571.4
968169.3
973753.4
979583.8
980830.2
983453.6
1058894
1061336
1062925
1069655
1081645
1088361
1088774
1095509
1098336
1100152
1128485
1128521
1172755
1179080
1182538
1207151
1214625
1220249
1221489
1221803
1231345
1247860
1278518
1280249
1281244
1283002
1284307
1292623
1293229
1298231
1302081
1314839
1316043
1320586
1322938
1324054
1353180
1375188
1375815
1376341
1380987
1382096
1385647
1399098
1400923
1400969
1412099
1420413
1425228
1444177
1456911
1473896
1475510
1509741
1511638
1511660
1526201
1530301
1530829
1554950
1575575
1588729
1589864
1594489
1596381
1611402
1652060
1657962
1662826
1685027
1686734
1687987
1717677
1717893
1733021
1756557
1762608
1764324
1765021
1777436
1800125
1850652
1855601
1865827
1879732
1903096
1984206
1985562
2006545
2034909
2042004
2048461
2050358
2059403
2066815
2125436
2130293
2136121
2145877
2147210
2147686
2172338
2175012
2190379
2251638
2252973
2256406
2265365
2271529
2283300
2289438
2300603
2301897
2319006
2345781
2353224
2378820
2432932
2437058
2442842
2446980
2452197
2474266
2481406
2482456
2500336
2516422
2517328
2524088
2526461
2530139
2557064
2575574
2576371
2587107
2594197
2603824
2617057
2626353
2627367
2631809
2643492
2647226
2651349
2678673
2679407
2703242
2707257
2725136
2739762
2741396
2752103
2764596
2775081
2786143
2794396
2799213
2802240
2813804
2821893
2856479
2866812
2880968
2892678
2901690
2934535
2936512
2952661
2954449
2963420
2964389
2981168
3001554
3009025
3010006
3010826
3024604
3027738
3051020
3061082
3074437
3091346
3091797
3106942
3113078
3132913
3154329
3163352
3168494
3168544
3179392
3186370
3196506
3201730
3219764
3220885
3223219
3227336
3232034
3238657
3239159
3261522
3267199
3283362
3320804
3323345
3323781
3338241
3369164
3385529
3408094
3410308
3412135
3425681
3481480
3508144
3527870
3544689
3547529
3555110
3560467
3561612
3570087
3574957
3580360
3581068
3581841
3616600
3619470
3646750
3658434
3672825
3675031
3721152
3732134
