3167.787
4543.322
12357.97
17122.48
20997.67
26757.84
33953.86
49359.21
70988.58
74234.01
81246.7
96181.39
100197
102306.2
109886.7
113197.5
116490.4
121625.8
124613.4
125216.9
128679
154999.1
156707.2
159531.4
166620.6
167393.4
168882.7
177438.1
178532.9
179416.5
179857.6
180105.8
183677.5
186907.3
193100.9
221735.9
251314.5
306402
307878.4
310510.2
327577
329577.3
341035.1
343226.2
343710.6
375907.3
381261.5
383362.3
411206.2
428640.6
430051.5
451296.2
466260.7
468016.6
468115.4
468937.5
472736.2
477312.2
496153.2
496481
496869.6
518608.4
524713
538550.5
542029.9
557659.4
558343.1
561232.9
568339.7
573921.3
604542.9
607217
614012.5
614739.3
616267.2
617420.6
620528.1
621927.3
622793.7
632779.3
636147.5
636295.7
636864.5
643359.1
646790.6
648608.1
649094.2
667217.2
670721.6
675867.7
679075.4
681517.7
685724.5
692031.9
695295.4
705254.4
713629.2
714469.9
721360.7
722017.2
755617.5
756199.7
760331.9
774721.1
788267.6
789547.3
794741.5
822914.7
825821.8
826754.6
831085.3
832940.5
843857.7
845087.6
852367.2
853183.6
856485.1
870909.7
881392.3
882832.3
915876.3
920907.2
923047.7
925588.9
926095.2
932591.5
934296.4
938552.3
945359.5
972194.3
973378.8
976714.7
977248.1
980406.1
998264.1
1001732
1006549
1058216
1066232
1080446
1081422
1083017
1084433
1091380
1092443
1125820
1163573
1167373
1168600
1174663
1176891
1180896
1202690
1207955
1214201
1216427
1223220
1228510
1232274
1236010
1237167
1237235
1237647
1247335
1281422
1283249
1294802
1308066
1311929
1313174
1317629
1318048
1327132
1332075
1351431
1357344
1364106
1381365
1381551
1392981
1424896
1432108
1434429
1439536
1440703
1444482
1460861
1468474
1471348
1472304
1476810
1478223
1480059
1507831
1510017
1513464
1518381
1523070
1524439
1526261
1541240
1543913
1547451
1569280
1570293
1584597
1586513
1588859
1592791
1599237
1602520
1602652
1603654
1606133
1607325
1613909
1616509
1619516
1627229
1629075
1629634
1657087
1663549
1664567
1668913
1672638
1678309
1681850
1690440
1732164
1757820
1769372
1769474
1770448
1806123
1810025
1825100
1842801
1849536
1887098
1907732
1907803
1921537
1924045
1951700
1986300
2017952
2018296
2024565
2025029
2025758
2036283
2036730
2037464
2045425
2051909
2061230
2064323
2100745
2108431
2140768
2173082
2206800
2213704
2214689
2223260
2224656
2228988
2233362
2251404
2268143
2268248
2272544
2275866
2285754
2290098
2334917
2341097
2346520
2357939
2359977
2367597
2379481
2381871
2381978
2404747
2438283
2472047
2474311
2482676
2491157
2497931
2512987
2529955
2530983
2531565
2556483
2578566
2580745
2581268
2586525
2587591
2591380
2620670
2628207
2633388
2636674
2638817
2648582
2661174
2664403
2665200
2666722
2672582
2677438
2701956
2716414
2779811
2790919
2795245
2801310
2802595
2805196
2806967
2811498
2813079
2818235
2820164
2830778
2831275
2865833
2929453
2938742
2945745
2955907
2956124
2967214
2973610
2981808
3026922
3033729
3068561
3098163
3104836
3106115
3166471
3191370
3193981
3221078
3226393
3231237
3236263
3241059
3249937
3254893
3256095
3259457
3265434
3273576
3273830
3281051
3303615
3304328
3308868
3315611
3340571
3345828
3371459
3379556
3392903
3400264
3403591
3411908
3450775
3453595
3454919
3474437
3496005
3500323
3515307
3518034
3522187
3522922
3524803
3526440
3531149
3550269
3558683
3561684
3566288
3569346
3570082
3605973
3610870
3611810
3617679
3630664
3645797
3667928
3668600
3674634
3686313
3690239
3696688
3703421
3719871
3728958
