18180.48
30908.46
76773.12
80940.58
84208.96
105222.5
110662.2
129253.9
151461.6
151802.3
152227.2
152584.5
154326.2
154716.9
155366
157820.5
159943.2
160314.2
160724
161094.5
162844.3
165170.7
166965
168967
172486.2
176033.1
178006
203574.4
230923.7
328296.5
369271.4
374239.2
375914.7
376250.3
376648.4
377910.1
387548.8
401973.9
409979.8
415091.6
417302.6
423283.8
423604.7
425295.7
426749.8
430629.1
432445
469070.7
469852.6
474244.2
476388.8
484499.5
485003.6
486827
490370.2
491246.3
528412.3
533037.5
552439.7
561130.9
564087.9
625178.7
626843.4
633539.4
640936.3
641877.9
647898
689773.1
721494.9
788002.9
827158.5
881613.6
901268.6
905362.9
906874.4
907315.7
909623
911878.3
982249.6
982926.1
993512.8
1019621
1020848
1025830
1029309
1029846
1053025
1059899
1062618
1063519
1064802
1065781
1066392
1068004
1068984
1069331
1070189
1070621
1070941
1073333
1073870
1077502
1078894
1081291
1085205
1085575
1175257
1205680
1206580
1224694
1225396
1229390
1241024
1264638
1277532
1283127
1284132
1288451
1306685
1365915
1373750
1376231
1377239
1379279
1381342
1383689
1392954
1397874
1434380
1451564
1506472
1515347
1517382
1518368
1519192
1522242
1525092
1525991
1526381
1527268
1537572
1547985
1651688
1696257
1761815
1770544
1775551
1780074
1781637
1782883
1808669
1812807
1827570
1828236
1829417
1830294
1830822
1833207
1833738
1836524
1839325
1840847
1953209
1996093
2040150
2049867
2055206
2067588
2069942
2070937
2071711
2073151
2073886
2074953
2077111
2080294
2131235
2135908
2136906
2138907
2139540
2141340
2146851
2205825
2210683
2218559
2228255
2265002
2277790
2352641
2359960
2364076
2415915
2418934
2419956
2423351
2423954
2436486
2481321
2513316
2515937
2529395
2530709
2560632
2574645
2575882
2594444
2596891
2600441
2620052
2623829
2628796
2630256
2633196
2647345
2660978
2669718
2733747
2747640
2753562
2770967
2859149
2860340
2871899
2875810
2883597
2884219
2942002
2955766
2957137
2958060
2973521
3006850
3008760
3011152
3014621
3016082
3042910
3047414
3047779
3120414
3129842
3178780
3194012
3230424
3273895
3279266
3281437
3283403
3302092
3347540
3351354
3387949
3465022
3538690
3539894
3543232
3545707
3566176
3566772
3567940
3580529
3607226
3616548
3622472
3627716
3630473
3631069
3631769
3632991
3638081
3639746
3640584
3710087
