158.9792
1282.624
2327.162
3032.456
3079.95
3586.472
4290.019
4391.751
5269.067
5722.041
6340.096
6925.62
7378.303
7390.11
7889.964
8132.998
8385.69
8912.09
9285.582
9760.388
10249.44
10583.13
11132.67
11444.63
11864.9
12352.89
12430.72
12729.73
13108.89
13524.11
13897.43
13953.01
14238.76
14285.85
14732.01
14732.2
15333.68
15580.71
16037.61
16480.15
16858.28
17580.04
18055.3
18805.19
18833.48
19108.56
19465.45
19820.78
20596.42
21841.73
21997.47
22325.74
22420.12
23046.95
24860.72
25831.92
27230.11
27784.72
28796.57
29911.65
29972.91
31947.87
32340.33
33910.27
34236.94
34741.1
34748.45
35574.1
37105.25
37221.21
38109.96
38666.05
39062.72
41744.87
48484.73
49473.63
49965.66
50738.97
51308.68
51472.07
51848.15
65242.29
65755.03
65937.57
66237.17
66591.83
66851.09
67558.81
68253.79
68870.94
69632.26
70833.8
71097.45
71194.77
72039.59
72473.25
72886.8
73845.79
73939.11
74765.16
75847.43
75961.96
77679
78451.36
79287.15
81222.7
86423.81
89687.03
91112.26
91489.26
91562.21
92203.68
92835.2
93221.48
93638.37
94047.73
94685.28
95142.91
95671.13
96508.16
97057.72
98093.23
98815.07
99797.69
99944.7
100618.9
100954.1
106644.9
107889
111362.3
113737.3
115963.5
119945.2
124005.3
127285.4
127345
127988.4
129717.9
150712.8
153898
154614.1
157805.2
158862.5
160584.5
161504.6
162454.2
163163.5
164154.2
170609.9
171178.8
171857.3
172747.5
173792.4
175161.6
176075.1
177387.5
179633.9
180139.9
180621.3
182665.8
182976.3
183068.9
183158.6
183416.6
184588.1
188227.7
188228
188832.3
189180.2
189405.7
190580.3
192462.7
193203.6
193204
194165
195024.8
195057.2
195570.7
196664
197265.8
198561.8
199137.8
199610.3
200347.8
200489.3
201268
201689.4
201763
202135.5
202924.3
203828.3
207341.3
207998.6
209275.8
213488.1
214776.1
215766.9
216773.8
217516.9
218037.7
218997.2
220171.7
220464.3
220522.5
220829.7
221298.6
222123
222156.1
222209.3
222725.3
223535.5
224058.2
224400.8
224549.9
225104.3
225152.2
226062.7
226948.9
227755.6
228471.3
233354.4
238848.9
239556.8
240514.8
241215.7
241216
241698.7
243135.6
243362.8
243726.8
244431.4
245107.1
245661.9
246230.4
246744.8
247215.9
247274.5
247516.5
248043.2
248851.2
249263
249669.8
249702.6
250111.3
250609.6
251041.1
251674
252070.8
253023.1
253622.4
254637.5
255857.1
257123.1
258284.9
260136.7
260341.6
260874.8
261427.9
261844.9
265006
265444
265601
265836
266267.8
266615.7
266929.4
267015.4
267338.6
267590.9
267687.2
267881.1
268173.7
268456.9
268826.7
269174.1
269398
271295.7
273024.3
273227.3
273711.6
274099.2
274650.7
281420.1
300583.7
303360.3
303652.9
304160
304526.7
304925.6
305401.4
305652.1
305924.8
306971.7
307003.8
308691.8
310372.3
310477.6
311005.7
311048.6
311275.6
312228.1
313583
315493.2
316217.8
318430.1
320618.7
321130.8
322383.7
323615.2
324327.8
325011.4
325680.7
328202.1
328763.3
330355.8
331444.5
335948.8
349216.2
349870.7
350599.5
351364
352066.9
352618
352915
354316
357616.4
358326
360518.8
361593.9
366170.8
366680.7
367905.9
370388.7
373028.5
374594
376643
379489.8
379742.7
381504.1
387054.6
389594.7
390335
390379.8
391847.1
392374
392830
393632.6
393793.3
394251.6
394494.1
395107.9
395610.8
396096.6
396263.7
396758.9
397346.1
398307
398745.3
399120.3
399484
399910.3
400311
401410.7
402058.9
402843.4
403010.7
404529.5
404716
405431.8
407548.8
408544.8
409486.8
410033.6
411314.2
411790.7
412679.5
414693.8
415239
415722.5
415860.7
416530.6
417635.2
422016.1
429673.2
450239.9
450701
451300.1
451872.2
452793.7
454347.1
454387.5
454849.2
455344.2
456367.8
457740.2
457785.1
459528.8
462551.2
463059.1
463818.5
464507.3
465412.6
465953.7
466521.6
467298
468526.8
469079.3
469649.8
470444.1
470782.9
473185.7
474292.7
478662.5
479600.1
496382.5
503411.1
503875.2
503951.9
504326.6
505049.6
507721.2
507802.6
508610
508988.1
511843.9
512374.6
514858.1
515848.2
518227
522097.2
522161.5
522514.4
522960.2
523380.2
530863.6
531530.9
536521.4
536954
538697.4
543128.8
544631.1
544877
545065.1
545427.8
545706.5
551361.5
551956.5
552514
553401.6
554063.8
554620
554989.2
555246.9
556794.5
557392.9
557813.7
559544.7
561770.9
562596.3
563415
564663
565077.5
565432.9
566081
567906.9
568503.9
569122
569796.1
570348.9
570724
570869
571757.4
572812.5
574526.5
575978.4
576565
578731.4
578903.1
579550.7
579634.6
581804.7
582861.5
605612.3
606342.9
608741.6
609936
615805.8
616263.1
617118.3
618068.2
620802.7
621426.1
621997.3
622993.6
627719
628492.7
629027.8
629569.8
632379.4
633156.4
634908.1
635289.1
635805
636239.5
636967.4
637798.7
639111
639556.7
640385.4
641298.9
646127.6
648606.1
649122.2
649733.2
650891
651823
652956.6
653463.9
654356.3
654853.3
655879.3
660176.2
661251.9
661812.9
662995.9
664523.1
665125.4
666349.9
667028.3
667741.6
668670.2
670013
670096
671080.8
671636
673659.9
678677.9
679264.6
679546.8
679897.9
685597.9
689888.1
690920
691744.2
692493.6
693994.4
694421.2
697519.4
698300.3
699441.2
700422.5
701205.6
702570.5
704149.1
705291.5
706301.4
707228.8
707806.2
707979.7
708841.9
710119.9
710795.1
711035.1
718887.1
719454.3
719729.3
722332.4
722907.9
723025.9
723538.2
724061
724308
724695.2
727089.7
728091.7
733167.6
751960.3
752707.3
756408.2
756940.4
757730.6
759149.5
760731.2
761215
764083.2
768284.1
768856.1
769950.2
770603.3
770933.6
771898.1
772205
772454.3
773224.8
773908.6
775714.5
776327.3
776891.2
776971.1
777771.6
778904.9
779142.6
779694.7
782266
782663.6
782904.9
783560.2
784297.5
784912.1
785003.9
791213.4
791766.7
792348.9
793125.9
793865.1
794166
794377.4
795250.6
797283.1
797785.5
798008.9
799354.8
800585.1
800630.4
801249.9
801990
802871
803641.9
804424.7
805055.6
805227.8
805784.7
806078.9
806411.1
807023.1
807567.1
808157.2
808580.3
809065.9
810149.8
810569
811093.1
811421.4
811976
812496
813281.6
813790.7
814579.1
815315
816639.2
817082.6
817091.9
818668.8
818721.2
819343.9
820174.5
821378
821789.5
822024.9
822752.9
823412.4
824337.4
826503.7
830564.9
831867.8
832529.4
837151.6
837828.4
838911.8
840012.3
841170.5
842431.7
843090.2
843633.2
844298
845070.9
847581.3
848114.9
849491.8
850011.5
850133.5
851107.7
851956.9
854657.3
855227.8
857162
857855.4
858426.3
858452.2
858460.3
859348.1
860686.9
861244.9
861673.5
862364.9
862912
863556.6
863557
864159.7
864677
865314.5
865399
866359.9
867593
869492.6
870367.9
870985.3
871463.2
871988.1
872707.1
873288.1
873746.6
874282.5
874708.5
875021
875052.3
875491
876152.7
877209.6
877572.1
878342.7
879003
879298.1
880113.9
881073.2
881824.3
882284.9
883015
900150.8
900590.5
902533.2
902568.6
903227.5
905081.1
907735.6
908131.1
908213
908863.7
909864.5
910317.7
911031.3
913964.5
914963.1
915474.3
915987.4
917474.6
918334.4
920099.1
921020.2
921847.7
922470.2
923177.6
923729.7
924280.9
924626.7
926106.9
929334.4
932296.1
933651.1
935327
935889.7
937034
937168.1
937169
938124.9
939712
941073.4
942141.5
943274.2
943922.2
944408.8
945421.7
945918.4
946718.1
947244.7
947575.9
948404.3
949387.8
952050.7
952920.2
953601.9
953735.4
955434.2
956946.9
968782.9
971563.8
971651
972123.6
972606.7
973092.3
973600.1
974249.9
974579.1
975176.4
981510.4
984678.2
985448.2
985607.7
986248.6
986844.4
987848
988351
989091.9
989505.6
989919
990498.4
991008.5
991530
992257.9
992755.3
993345
994081.8
994910.4
995101.8
995488.6
995928.1
996043.9
996522.4
997230.8
997892
999106.5
999510.9
1000436
1001264
1002330
1004154
1006958
1007567
1010948
1012012
1012923
1016277
1017941
1022055
1023683
1026116
1026897
1030059
1030945
1050566
1053051
1053250
1053464
1054212
1055908
1056463
1057582
1058404
1059215
1059765
1060264
1061329
1061686
1061925
1062118
1062487
1062969
1063151
1063400
1063804
1064179
1064302
1064636
1064963
1065291
1065699
1066212
1066604
1067073
1071356
1072020
1072125
1073658
1077676
1078413
1080027
1083156
1084595
1085189
1087345
1087950
1088677
1089309
1089766
1090665
1091338
1091825
1092830
1093361
1094218
1094838
1095364
1096151
1096654
1097349
1098487
1099136
1100115
1100691
1101632
1106208
1110045
1113660
1117811
1118311
1119156
1119273
1119902
1120290
1120380
1120723
1120976
1122076
1122370
1122946
1124505
1126600
1127104
1128493
1130801
1132900
1136341
1139408
1141220
1142314
1142993
1145649
1146312
1147109
1148875
1148991
1149455
1152814
1153288
1154799
1155516
1155589
1156070
1156303
1157107
1157530
1159154
1159858
1160534
1161696
1162072
1162364
1162831
1163216
1163573
1163862
1164234
1164613
1164879
1165542
1166399
1169175
1169565
1169932
1170786
1171692
1172912
1175639
1175899
1176941
1181855
1202564
1204526
1209662
1209663
1210321
1212599
1213156
1213737
1215058
1219033
1219520
1220344
1221376
1223123
1223832
1224372
1224887
1225886
1231495
1232126
1238650
1242272
1242360
1243462
1250504
1251464
1252069
1252400
1253644
1254615
1255689
1256458
1256885
1259858
1261586
1265923
1267366
1269386
1270814
1271396
1271844
1271953
1272516
1272783
1273089
1273683
1278227
1280009
1280396
1281152
1292900
1293414
1305605
1306387
1308708
1315880
1319400
1320313
1321044
1321184
1322988
1323446
1324416
1325413
1328050
1328232
1328603
1328693
1329227
1329301
1329830
1331465
1333767
1350318
1350609
1351084
1351156
1351823
1352439
1352880
1353015
1353807
1354332
1354983
1355430
1356183
1356779
1357210
1357689
1358526
1363654
1363947
1365043
1365750
1366354
1367764
1368461
1369180
1370763
1370817
1372299
1372592
1373387
1374373
1376304
1377386
1377889
1382923
1385771
1386510
1392172
1392820
1393220
1393497
1394290
1394474
1395298
1395916
1397454
1398433
1399250
1399973
1401148
1401608
1402238
1403495
1404327
1404915
1411605
1412990
1415285
1415587
1416021
1416284
1417024
1419747
1421025
1422812
1423587
1425007
1425725
1426378
1426946
1430297
1431401
1432518
1432997
1433480
1434365
1436270
1436951
1440268
1442040
1444891
1445641
1445694
1449783
1450410
1451392
1452482
1453554
1454025
1455339
1455757
1456191
1456260
1457012
1457489
1458336
1459067
1463599
1464505
1468188
1470332
1470920
1471238
1472038
1472961
1474903
1475671
1476048
1477304
1477730
1477842
1479412
1480425
1481609
1482689
1500785
1501346
1502661
1503422
1504102
1506568
1507429
1508333
1509288
1509802
1510399
1511045
1511405
1511555
1512477
1512986
1513966
1515452
1516062
1516694
1517346
1517867
1518540
1519034
1519572
1520202
1520299
1521433
1521960
1522440
1523144
1524441
1524951
1525391
1525869
1526069
1526309
1526626
1526984
1527412
1527837
1528642
1529954
1529974
1530960
1531490
1531606
1532150
1532667
1533299
1534789
1535177
1537026
1537827
1539242
1541993
1545940
1546480
1547246
1548698
1549286
1549698
1550295
1551224
1551833
1552361
1552745
1553260
1553703
1554326
1555508
1555722
1558774
1561872
1569525
1570738
1571191
1571354
1572018
1572115
1572620
1573810
1574641
1575315
1575808
1576464
1576598
1577007
1578087
1578128
1578632
1579427
1580719
1581381
1582413
1583470
1583959
1585244
1586239
1586769
1587755
1588267
1590077
1592470
1600774
1607034
1607994
1614037
1614608
1616153
1616739
1617560
1619010
1619300
1621783
1622119
1622812
1623659
1624058
1624428
1624858
1625106
1628509
1629106
1629655
1629891
1630549
1631052
1653352
1653831
1654729
1654729
1655011
1656113
1658182
1660905
1663323
1664711
1666184
1666921
1668102
1669760
1673125
1682684
1689656
1690690
1691239
1692913
1693803
1696558
1697427
1698540
1699338
1699635
1700043
1700817
1701232
1704319
1705059
1706225
1713399
1713979
1714560
1715160
1715773
1716873
1716985
1717263
1718531
1719435
1719863
1720672
1720728
1721396
1722126
1723511
1723763
1724248
1727425
1731176
1733315
1735800
1736875
1736986
1737647
1738933
1739180
1739755
1741094
1755798
1756182
1756929
1757675
1758286
1758307
1760044
1760772
1762036
1762584
1762750
1762998
1763430
1763820
1764314
1764899
1765894
1766766
1766845
1767527
1768349
1769404
1771352
1772438
1774214
1776512
1782309
1800073
1800303
1801238
1802025
1802958
1803220
1803743
1803914
1804819
1805350
1805683
1806491
1806894
1807138
1809778
1810297
1810851
1811554
1812092
1812971
1812972
1813403
1814338
1814808
1815867
1816006
1816574
1817582
1826391
1832236
1833102
1833376
1834128
1834632
1836673
1843032
1846607
1846821
1848782
1849642
1851052
1851829
1852564
1853036
1855452
1855768
1858920
1859394
1863009
1863547
1865012
1865761
1867209
1868876
1869744
1869771
1874788
1875910
1879912
1880787
1882498
1883782
1884253
1885202
1886254
1890220
1890702
1891178
1891367
1893682
1894408
1895649
1896467
1896946
1898016
1900190
1900892
1907620
1909091
1909940
1910768
1913982
1915699
1916474
1917507
1918139
1918377
1918764
1919733
1922025
1922129
1922566
1923525
1924352
1926538
1928521
1929088
1929400
1929625
1930063
1930224
1930582
1931275
1931760
1932346
1932914
1950051
1953488
1954250
1955321
1959705
1960440
1960962
1962422
1964672
1966064
1968630
1970116
1970224
1975521
1977631
1978503
1982461
1983040
1984172
1984490
1984908
1985172
1986242
1986500
1987159
1988985
1991053
1991686
1992295
1992697
1994562
1996147
1996892
1996986
1997694
1997941
1998629
1999169
1999705
2002439
2003576
2007745
2008248
2009281
2011887
2013429
2014689
2015335
2018370
2019015
2019518
2020162
2020658
2021085
2021894
2022853
2023136
2023821
2024435
2025310
2025682
2026056
2026455
2026800
2027262
2027356
2027768
2028188
2028552
2028928
2029425
2029520
2030009
2030184
2036517
2039630
2041397
2041397
2042005
2042344
2045727
2049497
2052133
2054159
2056731
2057659
2064901
2065278
2066203
2069676
2079877
2080536
2081621
2081817
2082731
2082846
2083329
2100084
2101761
2102083
2102409
2102850
2103295
2103939
2104586
2105075
2105514
2105821
2108177
2108443
2109355
2109941
2110907
2111736
2113147
2113752
2114748
2115838
2115882
2116567
2117515
2118371
2119277
2127468
2129111
2134025
2140094
2141370
2142542
2143947
2143950
2144260
2144939
2145847
2146053
2146091
2149913
2152187
2152692
2152941
2153606
2154614
2156679
2157106
2157344
2157820
2158169
2158501
2159040
2159040
2159788
2160546
2161241
2161830
2162649
2165887
2168535
2169959
2171651
2173105
2173913
2174725
2174927
2175759
2177030
2178386
2181481
2185231
2189089
2189165
2189334
2198621
2199075
2199692
2200351
2203077
2203938
2204316
2206254
2207630
2209592
2210970
2212150
2212709
2220754
2221458
2222103
2224023
2224257
2224565
2225479
2227941
2228016
2228574
2228950
2229507
2230035
2230973
2231369
2231722
2251020
2254055
2255421
2256320
2256850
2257150
2257258
2257590
2258263
2259959
2261051
2263884
2265062
2266001
2268040
2269582
2270302
2270939
2272568
2273142
2273303
2273563
2274884
2275282
2277787
2278526
2278864
2279750
2281002
2281732
2285013
2285895
2286266
2287020
2287524
2288144
2290416
2291250
2292056
2292610
2292820
2293271
2294734
2295389
2299178
2299508
2299880
2300364
2300445
2300917
2301023
2301647
2302088
2302562
2303009
2303549
2304094
2304586
2305147
2307375
2308232
2309789
2310543
2310925
2311867
2313307
2314279
2316642
2316794
2317690
2318363
2318888
2318927
2319751
2320366
2320471
2320727
2320952
2321540
2322255
2323227
2323985
2326731
2327301
2330006
2330340
2331170
2332782
2336039
2341310
2346428
2347963
2348382
2349149
2350583
2354019
2355571
2356152
2359633
2363643
2370453
2371083
2371825
2373884
2374771
2375361
2376738
2377059
2377554
2378707
2378892
2381714
2402597
2403524
2404006
2408278
2409992
2410472
2410883
2411018
2411296
2411924
2412798
2413173
2413659
2414134
2416991
2417562
2419248
2420390
2420894
2421383
2421757
2426774
2428635
2428909
2429250
2429912
2430494
2430845
2432165
2433425
2433824
2434387
2435283
2435730
2436173
2436934
2437359
2438136
2438266
2438653
2439177
2439870
2440344
2440738
2441109
2441243
2441932
2442469
2443307
2443652
2443822
2445448
2446409
2447239
2447519
2450123
2450832
2451348
2451814
2452449
2452545
2453132
2455026
2455460
2456839
2458066
2459522
2462879
2463569
2465186
2466187
2466607
2471600
2472209
2472507
2472985
2473478
2473980
2474198
2474815
2477560
2479245
2479681
2483632
2483704
2484155
2487938
2490126
2490541
2491028
2491675
2492156
2494913
2496457
2499906
2505368
2506087
2507354
2507437
2507857
2508382
2509112
2509724
2509904
2510387
2511996
2512209
2512299
2512824
2513070
2513504
2513537
2513811
2513945
2514421
2514904
2515416
2515776
2516263
2516559
2517039
2517467
2517631
2517942
2518432
2518901
2519298
2519795
2520439
2522029
2522624
2523070
2523172
2523834
2524062
2526632
2528392
2531304
2531830
2532330
2533214
2550470
2550823
2551207
2551451
2551864
2552365
2552897
2553481
2553850
2555113
2559515
2560839
2560955
2561163
2563474
2563888
2564515
2566077
2567120
2568423
2572061
2573742
2574790
2575484
2577521
2577542
2582207
2584282
2585153
2589558
2589808
2590462
2591452
2592175
2594257
2595362
2595809
2596345
2597438
2598024
2598301
2598942
2599451
2600029
2600109
2600645
2601115
2602907
2605115
2608880
2612514
2612680
2613595
2614359
2615044
2615609
2616232
2616670
2617068
2617475
2617908
2618599
2619037
2619162
2622496
2623005
2625789
2631329
2631779
2631871
2632664
2633441
2633969
2634597
2634988
2636127
2636926
2639947
2641327
2642818
2643514
2645186
2645375
2646796
2648454
2649716
2655410
2655896
2660071
2664671
2665688
2666239
2667294
2672890
2673700
2676051
2681065
2681506
2682083
2682746
2700486
2700923
2701686
2702278
2702726
2703075
2703540
2704022
2704549
2704911
2705117
2705226
2705671
2705731
2706102
2706214
2706800
2707164
2707191
2708067
2708155
2709174
2709937
2710555
2711114
2711489
2712184
2713128
2713666
2714212
2714797
2715546
2715965
2716704
2717552
2717688
2717930
2718708
2721762
2727008
2729157
2733181
2735504
2739836
2741521
2749750
2750010
2750550
2751146
2751398
2752029
2752784
2753047
2754184
2756758
2757336
2757449
2759668
2759898
2760198
2761255
2764521
2765111
2765111
2767431
2768184
2768841
2769450
2769502
2770225
2770457
2770796
2771337
2772397
2772420
2773485
2774041
2775047
2780559
2782115
2782803
2787204
2794724
2800225
2806586
2816321
2817550
2818326
2821051
2822228
2822431
2850992
2851960
2852182
2853855
2854809
2855341
2864175
2864612
2866608
2868669
2869531
2869922
2873349
2875738
2876497
2878185
2886949
2891296
2892269
2892895
2894151
2894999
2896755
2902676
2903094
2903688
2918124
2918774
2919781
2920809
2924910
2925760
2926141
2927145
2928717
2930723
2931451
2931969
2932299
2939475
2940534
2940930
2941517
2941940
2943139
2943833
2945211
2945537
2946904
2950185
2950480
2951152
2951485
2953872
2955023
2955831
2957285
2957833
2959061
2962203
2970214
2972999
2975044
2975341
2976066
2976126
2978131
2978924
2979849
2980030
2980424
2981243
2981800
2982226
3003066
3003375
3005655
3006226
3006622
3007128
3007681
3009827
3012277
3016481
3018483
3018543
3020916
3021956
3022752
3025171
3026044
3027367
3031550
3032378
3037968
3042229
3043146
3047779
3048690
3049292
3050139
3051367
3052547
3053921
3054319
3054705
3054940
3054958
3055539
3056018
3057255
3058120
3058960
3060002
3060852
3061279
3062348
3063105
3063428
3063576
3063851
3068117
3069410
3071285
3072097
3078816
3087772
3088178
3088957
3089174
3090028
3091530
3091963
3092192
3095043
3095587
3095661
3097159
3098400
3100029
3100882
3102489
3108258
3110596
3112138
3114674
3115036
3115937
3116316
3126724
3130953
3131198
3131213
3131447
3132098
3132518
3133071
3133079
3133459
3150856
3151524
3152148
3152850
3154110
3154742
3156849
3156850
3158045
3158641
3158946
3159671
3160005
3160412
3164104
3165176
3165625
3165821
3166562
3167091
3167587
3168221
3168755
3169368
3169997
3170157
3170315
3170641
3170997
3171593
3171894
3172363
3172783
3173072
3173362
3173735
3174006
3174313
3174576
3174980
3177962
3177963
3179162
3179538
3179749
3182473
3183568
3183821
3183994
3184390
3184793
3185525
3186094
3186397
3186860
3187999
3188372
3188810
3189365
3189824
3190387
3191199
3192199
3193115
3193221
3195578
3201927
3202590
3203537
3209434
3210392
3213490
3215442
3218467
3219393
3220395
3221527
3223655
3224433
3226336
3226913
3228404
3241000
3242426
3242885
3243513
3243852
3244624
3248175
3249579
3250907
3251551
3252456
3253595
3262240
3263695
3265132
3265615
3266665
3268083
3268746
3270723
3276427
3278873
3279722
3281059
3281817
3283219
3302162
3303581
3304284
3305269
3305574
3306423
3307290
3308215
3308828
3310185
3311352
3313124
3313572
3314125
3314446
3314927
3315557
3318567
3319344
3320458
3321136
3322936
3323796
3324788
3326585
3326966
3329359
3330827
3331289
3331768
3332288
3332819
3333997
3334776
3335827
3336344
3337439
3339846
3340236
3341002
3341064
3341360
3341901
3342634
3342946
3343308
3343600
3344003
3344398
3345161
3345436
3345650
3345927
3346880
3347331
3348471
3348958
3349030
3349456
3350734
3352616
3355163
3359331
3361708
3365335
3365755
3366169
3366209
3366519
3367252
3367531
3367883
3368572
3369477
3369952
3370541
3377825
3377844
3383281
3383588
3387834
3389469
3390109
3390716
3392503
3392667
3393376
3393709
3394419
3397665
3398530
3399939
3402220
3402971
3404329
3406070
3408937
3412316
3414501
3414966
3415612
3416280
3417037
3418270
3419466
3420295
3420665
3421072
3421445
3421858
3422324
3422890
3423565
3424598
3425188
3425667
3428028
3428502
3430187
3432723
3433254
3433832
3457101
3458157
3458720
3461390
3470042
3471033
3471096
3471427
3472078
3472183
3473653
3474270
3474399
3475829
3476650
3479751
3480310
3481111
3481501
3482060
3482425
3483772
3485592
3486334
3488471
3488502
3489236
3490462
3490952
3492619
3495342
3496612
3496721
3499150
3499703
3500754
3501099
3501647
3502088
3502093
3502912
3504744
3511814
3512492
3513069
3513508
3514340
3514793
3514793
3515573
3517081
3518048
3518072
3519103
3520734
3528092
3528503
3531584
3532101
3532683
3533325
3533543
3535015
3537064
3538384
3545859
3546218
3546551
3546986
3547369
3549807
3556883
3559541
3560258
3561740
3562822
3564259
3564864
3565269
3566016
3566316
3566774
3567925
3567925
3568743
3569578
3570005
3570053
3570481
3570951
3571607
3572256
3572554
3572976
3573493
3573882
3575146
3580388
3581119
3582003
3606323
3606995
3607482
3608209
3615572
3616701
3619641
3620676
3620929
3621834
3622569
3626444
3627988
3629513
3631988
3634231
3637860
3641636
3642533
3646947
3648178
3648665
3649031
3650054
3650901
3651674
3652290
3653089
3653685
3654949
3656346
3656567
3657255
3657723
3658062
3658345
3659763
3661135
3661198
3661601
3661946
3662788
3663340
3663752
3664222
3664615
3665055
3665642
3665902
3667770
3668774
3670613
3672899
3673489
3677095
3678117
3681666
3682755
3683354
3683920
3684730
3686904
3687394
3687889
3688280
3699081
3699688
3700164
3700311
3700326
3701210
3702891
3710119
3710949
3711764
3717314
3718634
3719048
3720226
3722166
3731672
