2100.829
2371.834
3022.273
3444.575
3536.764
4506.826
5343.988
7094.72
9698.261
9902.606
10397.22
10783.77
11294.79
12194.29
12278.11
13563.18
13563.32
14195.09
14210.05
15991
18259.74
18307.74
20518.97
25230.73
26917.01
28667.73
29974.52
30938.16
32318.61
32731.01
32961.92
33194.58
34180.28
35802.35
38270.43
38691.56
40715.2
42169.24
42276.21
45818.69
48568.27
48961.3
54013.52
54266.83
55191.04
55286.79
56295.31
57390.37
61040.11
61487.95
61936.97
62400.48
63126.73
64184.09
64211.8
64914.15
66833.08
67957.38
68574.49
68884.84
69526.95
70472.68
73401.56
73995.64
76867.28
78157.81
78964.06
79866.47
80349.15
81747.58
81859.67
82365.86
84138.38
86753.43
87856.44
91676.79
91898.16
92181.55
93405.21
94139.5
98773.25
102200.3
103914.8
105997.9
106049.5
107177.5
107709.4
110099.1
113380.7
119156.3
120895.4
123284.6
125904
126918.6
131233.1
132052
151835
152663
153359.5
153546.6
160560.1
161654.4
164539.7
165069.8
166132.3
168668.6
170468.7
170492.6
172451.7
173190.3
175489.7
175781.9
176731.7
176943.1
177543
178028.8
179173.3
182751.2
183189.5
183774.7
187814.5
188950.4
189187.7
189668.9
190357.8
191137.6
191851.7
192416.7
192608.1
193253.5
193794.5
196302.7
196710.8
197144.8
198923.6
200192.7
201526.7
201576.3
201925.8
202177.7
203675
204194.5
207715
209092.5
212177.6
214756.8
215090.2
215544.2
216325
217166.3
217787.9
218187.1
218331.1
223632.4
224252.6
224591.1
228424.4
231866.1
233712.3
236364.7
237176.6
238752.4
239163.9
239876.6
240660.5
241156.5
242142.9
242588.1
247506.7
248348.5
249605.9
250186.6
250879.6
254460.5
255554.7
257350.1
257881.8
258145.1
262584.5
265664.6
266031.3
270145.1
274606.3
276211.8
277248
279108.1
279905.6
280864.6
283119.7
300394.2
300792.7
301759.9
302531.5
304777.2
307016.2
307482
307788.7
307990.5
308382.6
309518.3
309870.1
311235.7
313343.6
319480.7
321052.8
321285.9
322812.6
325913.6
327937.7
328229.3
330265.2
331104.5
334962.7
335795
337479.5
340996.6
342363.5
345393.5
348688.3
350185.5
350504.4
350636.4
351541.3
352199.5
354606.6
357010.6
357392.5
358416
360479.2
361052.5
362833.3
363369.3
365961.6
367594.3
368514.5
369389.7
371673.7
372828.4
372905.9
373002
373493.1
374643.6
374949.4
381762.5
382304.8
384694.5
387103.9
390594.6
391122.5
393771.8
394842.6
400014.6
400464.6
404655.6
407433.3
407975.4
408635.2
408761.4
409462.9
410813.1
411276.7
415891.2
416972.7
425411.9
426385.9
428557
429745.8
431456.2
450216.6
451334.9
452297.5
453185.1
453588.2
454454.4
455384.7
455729.1
457532.1
457990.3
458166.2
459246.5
460433.8
461051.7
462919.5
463668.7
464584.2
465201.8
466031.5
466398.6
467285.6
468771.2
470158.4
470663.1
471567.3
471618.5
475773.2
476075.5
476770.2
478276.1
478501.5
481592.8
482233.5
483022.7
483712.4
484098.2
484226.6
484727.3
488940.3
490603.5
490966.9
491029.3
492125.9
494740
495161.6
495210.9
497388.1
499034.8
499803.2
503203.6
504445.7
505194
506237.7
507027.5
507103.8
508601.9
509142.8
509590.7
513487
518557.1
518993.5
520064.1
521672.1
525266.1
525754
526386.8
526976.4
529561.6
531966.8
533614.6
539291
542147.1
542545.1
543562.8
543872.5
544197.6
544260.8
546153.8
546609.7
548535.5
548631.1
549475.9
550242.7
550743.7
552544
552682.8
553725.9
554207.5
554745.5
557116.6
558321.8
558493.6
561709.9
562299.8
564275.5
568070.2
568420.3
571341.5
572875.3
574506.1
575811.9
577264.2
580837.5
581697.1
583242.1
583459.7
600751
601433.3
602031.5
605065.5
605622.3
606920
613832.7
613933.8
614762.5
617310.5
619051.9
619520.7
621380.8
622224.2
624328.1
626453.5
627440.4
627910.8
628112.9
628459
628962.6
629649.3
629769.8
629969.3
630818.2
631306.7
634570.7
636270.1
639897.9
640183.2
642847.6
644843.7
645752.7
648789.7
650012.5
655759.9
656959
658804.1
660827.6
661648.5
662721.8
662874
667912.8
674576.3
678002.1
678815.3
679141.2
679585.2
681410.1
681583.4
689852.6
691068.4
691672.8
692925.7
694727.7
695446.2
697055.8
698491.5
698605.5
703451
703717.6
704200.1
706233
707701.2
711744.6
715712.5
719989.1
721528.7
722885.6
723599.6
725209.7
725588.7
726398.9
727731.7
731246.5
752675.6
753775.7
756083.9
757416.8
758434.3
758994.9
763652.8
764867.5
766036.9
767505.7
767585.2
770448.5
770557.5
770926.6
770948.3
772420.9
773023.6
773882
777944.3
781927.8
787239.9
792249.3
794282.9
795312.3
795984.9
797214.3
798882.6
799369.3
801575.4
802364.2
803907.7
805235.1
805636.9
806398.1
810277.2
811047.8
811053.5
811105.1
812604
814673.1
818427.5
819602.5
819673.6
820682.5
820896.3
821104
822116.7
822375.2
822614.8
823346.1
824698.3
826142.7
827377
828240
830443.8
835194.4
838299
841187
841760.1
841807.5
848557.3
849156.6
849850.8
850467
851347.1
855672.1
860391.2
860569.7
861770.1
862453.1
865765
866652.7
867017.9
868317.7
869181.1
869781.1
870328.4
870702.2
871393.1
872388.8
874843.3
875559.9
876837.3
877453.9
881258.6
901496
902410.4
903291.7
903890.5
904091.4
905498
906353.3
910690
911326.3
919140.8
920191.6
922410.7
926577.5
927553
932020.6
936658
938086.3
938607
940717.2
941206.6
943585.6
944310.5
947111.4
948152.6
948628.6
949533.9
949746.5
950110.8
952838.6
960628.1
961400.3
962257.6
962398.1
962755.8
963130.9
964214
964335
964940
965807.3
966222
967838.6
975620.2
977783.9
978226.3
981845.6
984354.3
986510.3
987761.2
988247.4
988680.3
991634.4
993381.5
997045.6
997682.4
997904.8
998691.5
1000795
1002260
1003758
1004305
1005368
1011950
1013299
1013529
1014880
1015032
1015295
1015729
1021031
1021319
1021924
1022351
1023153
1025590
1027112
1027640
1028564
1029570
1030574
1032135
1050188
1050484
1051166
1052764
1053523
1056708
1058974
1059846
1061362
1063480
1063602
1064725
1065444
1067231
1067276
1067758
1068020
1069108
1069214
1070532
1072378
1073103
1073630
1077277
1078431
1080065
1080121
1080401
1082065
1082411
1083992
1088169
1097838
1098943
1101314
1101760
1102647
1103208
1104131
1105675
1105897
1107884
1108299
1112831
1113483
1114078
1114162
1127031
1127748
1127945
1130957
1131944
1132528
1133834
1134176
1135198
1136235
1136746
1137039
1137598
1140118
1145470
1146423
1152472
1152762
1153390
1153590
1153844
1154471
1154481
1155031
1155123
1156659
1156924
1157528
1158224
1159145
1161962
1162466
1163875
1164725
1168334
1169294
1171135
1172864
1174600
1177876
1179678
1200093
1201807
1202312
1202464
1214696
1216980
1222470
1222597
1223159
1223394
1223891
1224255
1225943
1228153
1228391
1229074
1229199
1230476
1232663
1234563
1234855
1239918
1240430
1242460
1244129
1258367
1260878
1261696
1266922
1267551
1267922
1268548
1269065
1269548
1270486
1272633
1273139
1274918
1282879
1285758
1290083
1291016
1291459
1291796
1292684
1292993
1293402
1293765
1294617
1295287
1296964
1298060
1299026
1300258
1302473
1303253
1320408
1320847
1321750
1322132
1323247
1323270
1324878
1325716
1327073
1327919
1328198
1332412
1350309
1351974
1352740
1353017
1354020
1355093
1355426
1356591
1358417
1358823
1359625
1359703
1361060
1361374
1361771
1364402
1365072
1365818
1367552
1367958
1369341
1372555
1374788
1375884
1376341
1376960
1377359
1378023
1378764
1379334
1384441
1384886
1386756
1387989
1389361
1390315
1391151
1392228
1395138
1395892
1396645
1397594
1400482
1403206
1404925
1407116
1410589
1411462
1411765
1413843
1416602
1418701
1420111
1421166
1424090
1437339
1437485
1437879
1438533
1439062
1439549
1440714
1443240
1443681
1444880
1448351
1449035
1449486
1451949
1452742
1453152
1454641
1454970
1455539
1456684
1456847
1457439
1461617
1464967
1465911
1466861
1470125
1472960
1473097
1473895
1474274
1474759
1475288
1477920
1478711
1481756
1482209
1500165
1502375
1503661
1504178
1505071
1510182
1510473
1511985
1512064
1513323
1513667
1513810
1514355
1515044
1515567
1519057
1520487
1524380
1527873
1529627
1530245
1531318
1531562
1533116
1533489
1533914
1534614
1537056
1541584
1541892
1542045
1542995
1543488
1544046
1544089
1546890
1548972
1552039
1553498
1557770
1558360
1560787
1562671
1563653
1569018
1569405
1573696
1573751
1574679
1577317
1578656
1578891
1580393
1580540
1580937
1581967
1584373
1585025
1587300
1588048
1589937
1590836
1592069
1592411
1593341
1593745
1593906
1593984
1594806
1595823
1596012
1596041
1596635
1597147
1599810
1600489
1601961
1602580
1603454
1604619
1605380
1605636
1606552
1606672
1607690
1609577
1612545
1612905
1618106
1622020
1625500
1627117
1628052
1628164
1631519
1631859
1632981
1652311
1653660
1654609
1656108
1657715
1659702
1660603
1660655
1660897
1661363
1661690
1662370
1662755
1663266
1664092
1667744
1668147
1669029
1679667
1680286
1681135
1682276
1682308
1683703
1683948
1684362
1689221
1696075
1696318
1696940
1697379
1698090
1698649
1700288
1706874
1707500
1708803
1710913
1712088
1713778
1714779
1716612
1718306
1718506
1718852
1719558
1719865
1720123
1724804
1725854
1729503
1731299
1735585
1739103
1739810
1741814
1742502
1745675
1746107
1748528
1752293
1753862
1754345
1754530
1755750
1756120
1758556
1758746
1758979
1759660
1762153
1762857
1763160
1764674
1764928
1765639
1768598
1769671
1770576
1771969
1772305
1774876
1778907
1779585
1780569
1801677
1802655
1803514
1804615
1806974
1809075
1812559
1813983
1814408
1817765
1819520
1820613
1821385
1821390
1821566
1823392
1827971
1829683
1830665
1832289
1832341
1833517
1834339
1834384
1835556
1838790
1840098
1840976
1841003
1841620
1841627
1841909
1843913
1847490
1847639
1848119
1848720
1849603
1850379
1851198
1857360
1859357
1859962
1861426
1863085
1865053
1866652
1867201
1871025
1876328
1877606
1878501
1879738
1880621
1881151
1881532
1883234
1889356
1889831
1891148
1892474
1892707
1893005
1894363
1895087
1895533
1895816
1896510
1898959
1900106
1901127
1901782
1903072
1903370
1904374
1904764
1907467
1907997
1908432
1913193
1915465
1915941
1916414
1917295
1920996
1921313
1923280
1923666
1924897
1925852
1926393
1929597
1929842
1930112
1930714
1931251
1932279
1933133
1951357
1952530
1963179
1964320
1964351
1965183
1969938
1971763
1974138
1974264
1976393
1980502
1983559
1983809
1986446
1987157
1992514
1994755
1995645
1997555
2002265
2003684
2005069
2006812
2007922
2009610
2011164
2012462
2014140
2016593
2017002
2017413
2018119
2019909
2021045
2021142
2021482
2022807
2023988
2027314
2027336
2030556
2030674
2031263
2032389
2032499
2033051
2033191
2037989
2039085
2040068
2041386
2043400
2044884
2048157
2048583
2049826
2050235
2050448
2051250
2051693
2052787
2054315
2054736
2057645
2057965
2062708
2063233
2063480
2064408
2065490
2067964
2073824
2074490
2077987
2078386
2079088
2079501
2080310
2081940
2083161
2102926
2104021
2107276
2111839
2113249
2114719
2115396
2117744
2118805
2119403
2120230
2124683
2125760
2127497
2132439
2134935
2135159
2137262
2139863
2140722
2140747
2143574
2148222
2150152
2150477
2158344
2161793
2165197
2165316
2169037
2170162
2171502
2171888
2172418
2179083
2179491
2179825
2180647
2182717
2184161
2187838
2189910
2190777
2191919
2193946
2194422
2194913
2200802
2201733
2202370
2204178
2210065
2210213
2212133
2212621
2213573
2215106
2215678
2216082
2216789
2216949
2217803
2218804
2224354
2225764
2228045
2229995
2231557
2250772
2253691
2254026
2254817
2254995
2255364
2255749
2256421
2258174
2259485
2264261
2265440
2266370
2268288
2272020
2272615
2274099
2274231
2274856
2275161
2275560
2276349
2278699
2280662
2282030
2282097
2284569
2286501
2287379
2288091
2288226
2288936
2289737
2291221
2291889
2293455
2294623
2295330
2297496
2298398
2299646
2300547
2303277
2304207
2304660
2304994
2305660
2306242
2306761
2307360
2308204
2309079
2315483
2317018
2321822
2322992
2324501
2324659
2325559
2326927
2328021
2329664
2331123
2331772
2333582
2334388
2334496
2335225
2337877
2338111
2338905
2342532
2347126
2347685
2350172
2350837
2351263
2351901
2353063
2357579
2358414
2358523
2361244
2362734
2363279
2365765
2366627
2367835
2367922
2369643
2370958
2371167
2372600
2373067
2375820
2376122
2376446
2380364
2400539
2405190
2405361
2405848
2406010
2406043
2409643
2414205
2417466
2418304
2419066
2420242
2424232
2424550
2424689
2425360
2427568
2428299
2428774
2429837
2430486
2431446
2432056
2434029
2436965
2439006
2439866
2440499
2441481
2442250
2443417
2443706
2445159
2451854
2452060
2452386
2456370
2456700
2457548
2460456
2461262
2461479
2462722
2465164
2465243
2466923
2467156
2467356
2468098
2468972
2470625
2470834
2471339
2471554
2472304
2472362
2472784
2473136
2473388
2473837
2474354
2475015
2475674
2476067
2476253
2477062
2480588
2485273
2485574
2488388
2491276
2494944
2496959
2498062
2499059
2499897
2500515
2501791
2502897
2503340
2505310
2505892
2506268
2509170
2509629
2512399
2516029
2516826
2516864
2519503
2523647
2524327
2524732
2524932
2525678
2526209
2531519
2531821
2532892
2550719
2551441
2552164
2552536
2555092
2555736
2557493
2561106
2562020
2562429
2564507
2565093
2566644
2575026
2575188
2576212
2577319
2578096
2580073
2581369
2582057
2583878
2584461
2585200
2585568
2586166
2587332
2587915
2594295
2595245
2596277
2597280
2598463
2599854
2599985
2600642
2602454
2603003
2604076
2604145
2605227
2605282
2607339
2608143
2610107
2610887
2611353
2611662
2612323
2612739
2613305
2613994
2619547
2620033
2620433
2620840
2622219
2622347
2622881
2624142
2625161
2625871
2627307
2628073
2628094
2629924
2636279
2637398
2637959
2638069
2639510
2640358
2641538
2647233
2647497
2649631
2650302
2651549
2653103
2653952
2655838
2657914
2664241
2665580
2666471
2668762
2669850
2673204
2673995
2674663
2677540
2681084
2702614
2703754
2705709
2708342
2708920
2710539
2710945
2715109
2715378
2718961
2719434
2719756
2720736
2721130
2724035
2725407
2726570
2732214
2734443
2736687
2737982
2740652
2742623
2744035
2745181
2745840
2745958
2746928
2747956
2749665
2754893
2755495
2756659
2759295
2760025
2761267
2763268
2763922
2767954
2769787
2770304
2772137
2772757
2774383
2775325
2776400
2779533
2782323
2783399
2785562
2788463
2790079
2790852
2793660
2796639
2797873
2799832
2802592
2802598
2803841
2803891
2806580
2807613
2807749
2815593
2816640
2817470
2818370
2819303
2824632
2825740
2826124
2826536
2827079
2827468
2828733
2829644
2831814
2832258
2851871
2855801
2859965
2861353
2862100
2864863
2866387
2866619
2871138
2872308
2872697
2872850
2875559
2877733
2878830
2883038
2885941
2886234
2886576
2886663
2887313
2888501
2888773
2889243
2890379
2891665
2894211
2896089
2900934
2902074
2905453
2906399
2906503
2907164
2908303
2911486
2914146
2914306
2914890
2915755
2915916
2920411
2920436
2921163
2922047
2923322
2926572
2928797
2931066
2931660
2933024
2935886
2937381
2938387
2940059
2941399
2944017
2946411
2947669
2948650
2955184
2955240
2957251
2958550
2958605
2959706
2966366
2967270
2968595
2975431
2979535
2980198
2981989
2982795
2982826
3002573
3004758
3005470
3007945
3008450
3008775
3017113
3017812
3018986
3019944
3022706
3023366
3023702
3025102
3028425
3031790
3031960
3033197
3034242
3036828
3037483
3038968
3039610
3042210
3042472
3043006
3044935
3045325
3045552
3045576
3046186
3048788
3050004
3053283
3054149
3055439
3058095
3058326
3065027
3066875
3069574
3071890
3072008
3072745
3073102
3073479
3074300
3074892
3076411
3077483
3078302
3078580
3078710
3079743
3079792
3080889
3086610
3087494
3088352
3089180
3089574
3090418
3091003
3091646
3094703
3097204
3098437
3099252
3100541
3102423
3103959
3105194
3105363
3105965
3105986
3106776
3107469
3112209
3112229
3112750
3113018
3113095
3113748
3113946
3114225
3114403
3115547
3116296
3117968
3118326
3119165
3120336
3122162
3123597
3124259
3126863
3127451
3128469
3129629
3130269
3132217
3132957
3150442
3151446
3151928
3156683
3159932
3161443
3161481
3165627
3166115
3166691
3167168
3169377
3169412
3171915
3175212
3176558
3177040
3177841
3179108
3179751
3180778
3184187
3186920
3200936
3202687
3203732
3203908
3204177
3207242
3210096
3212405
3212861
3215384
3216436
3218733
3221023
3223958
3224325
3225125
3225298
3225635
3227403
3232138
3232808
3236433
3239825
3244025
3246273
3247362
3247414
3248180
3252462
3252995
3254491
3256244
3257414
3261467
3262224
3262926
3263020
3263830
3265679
3266171
3267395
3272740
3272956
3273982
3274651
3274778
3274883
3276018
3277348
3279085
3279848
3280789
3281230
3281622
3282008
3300833
3301580
3304884
3305666
3306681
3307180
3308841
3315539
3316642
3317401
3318241
3318285
3322177
3324894
3332850
3335823
3336750
3337693
3338996
3341627
3342026
3345165
3346235
3346559
3349134
3349309
3350790
3354413
3354602
3355170
3357746
3361458
3362386
3365143
3366368
3368516
3369056
3371184
3371917
3372972
3374582
3377933
3378300
3379800
3380463
3380661
3381477
3383163
3383524
3386538
3387005
3387594
3388625
3388639
3391060
3391097
3391720
3393527
3397437
3397901
3398929
3399554
3399853
3401009
3404172
3405700
3406413
3406816
3411096
3412245
3412858
3413306
3414018
3414521
3414847
3415622
3420669
3422236
3427157
3427745
3428499
3430168
3432233
3450657
3451277
3451383
3451836
3453691
3463841
3466636
3467157
3468452
3468521
3468968
3470822
3472777
3473179
3474261
3478869
3479619
3481953
3482375
3484555
3485573
3486946
3487429
3489113
3491118
3496727
3497392
3497805
3498388
3498536
3501745
3502537
3503521
3504758
3507249
3508202
3509023
3509247
3509789
3511062
3511665
3513164
3513945
3514609
3515090
3516099
3518751
3522678
3527663
3528938
3533144
3533822
3533913
3534900
3536430
3536487
3536785
3538460
3539097
3539246
3539320
3539840
3540132
3541874
3543788
3545077
3546178
3547337
3548366
3549936
3552336
3552410
3555664
3556677
3559373
3561162
3564627
3566067
3567164
3567219
3569152
3569248
3569358
3569792
3570760
3573123
3574394
3577996
3578495
3583030
3600480
3601193
3601746
3605242
3608643
3609340
3612063
3613031
3613292
3615525
3621131
3627128
3628078
3634302
3635554
3636881
3638338
3638926
3638999
3640108
3642974
3643007
3645674
3646249
3648070
3648199
3650827
3652373
3655698
3656312
3656557
3657292
3658045
3658843
3659560
3659692
3660339
3660535
3662140
3662735
3663398
3664049
3667740
3668612
3669241
3670444
3670535
3670634
3671341
3671771
3672345
3672884
3678424
3681269
3682612
3684391
3685475
3688634
3688664
3689406
3690229
3690865
3692717
3695266
3696575
3704497
3711257
3714369
3714400
3718539
3719404
3721018
3725556
3726595
3731724
3732234
3733077
