3805.612
44000.9
45609.43
47624.45
49952.02
68858.47
69055.06
71962.89
76008
78524.3
79228.27
88821.96
94785.67
98320.64
105793.5
115605.5
116634.3
124609.1
125756.1
126802.3
127840.6
128462
130885.2
131881.2
150348.2
151476.6
152222.5
159933.4
173419.5
190302.6
222945.5
237045.1
255543.5
256344.2
257337.3
262083.5
308593.1
321316.6
324201.2
336120.9
341551
355913.6
375608.1
383367
388105.7
392802.6
399986.4
400887.3
402875.2
404313.9
405276.5
407854.8
412687.3
416705.3
423401.4
423774.4
425156.3
425424.7
426374.8
426938.5
427875.6
428549
450917.7
452211.8
452212.9
470747.7
480673.6
485845.1
488702.8
490454
501291.4
527062.4
536216.2
551800.4
552397.7
555131.1
558937.2
560603.8
566959.1
571343.2
606014.6
608473.7
609975.9
612887.2
630777.2
640433.1
645234.2
645665.6
682682.9
688099
689310.3
690102.1
696508.3
708917
710149.6
712914.2
713233.4
714934.9
715135
730998.8
731503.3
732012.2
732688.7
750480.8
751545.3
752709
774082.7
775761.4
779169.5
780335.8
780931.9
784084.9
790017.2
796937.7
818808.7
823522.2
824626.4
831936.1
833194.5
837765.6
838233.4
840171.9
840556
849874.8
850531.3
851677
853154.5
854085.7
856958.4
861055.2
875514.3
920388
928451.8
929389.7
932943.5
934701.9
970810.3
977384.2
979049.6
979648.2
980456.7
981625.3
982455.5
983170.1
983689.9
984349.2
985417.5
986449.2
986763.9
987245.1
987406.2
988173.2
988772.5
989673.3
990454
993285.2
1001261
1007917
1014564
1016193
1024813
1028042
1031418
1033262
1052052
1052752
1054035
1055938
1061018
1066268
1075283
1075286
1077630
1079424
1079736
1081242
1085984
1087881
1089768
1090568
1091575
1093335
1094560
1095858
1114541
1115182
1124135
1130626
1138679
1139453
1143964
1154990
1173368
1181841
1211870
1216673
1219073
1236910
1239065
1242038
1244961
1246709
1266660
1267861
1268986
1270329
1270876
1271154
1273910
1276041
1276942
1278089
1279525
1284798
1289527
1290512
1293581
1306881
1352689
1367991
1374246
1424452
1426749
1441888
1446469
1461789
1466324
1468223
1469358
1470686
1474728
1478237
1482871
1482873
1504441
1507886
1508999
1513368
1514579
1515212
1515697
1516563
1521157
1536250
1566732
1570780
1572703
1575099
1576177
1580220
1581946
1584011
1586374
1587264
1588252
1589177
1589909
1590881
1591873
1593617
1613852
1622096
1653602
1659225
1667770
1667846
1674698
1675187
1683234
1684484
1685791
1687067
1690337
1692474
1693223
1693939
1695613
1695983
1696396
1697006
1697625
1718150
1719188
1723395
1730129
1737204
1738773
1741828
1749278
1749279
1752870
1753936
1754323
1755958
1756803
1759400
1760789
1763499
1765518
1766139
1767868
1845347
1872141
1876322
1881191
1884714
1886952
1890355
1896269
1911244
1912406
1916741
1918849
1920233
1922420
1925151
1928774
1932153
1952186
1953275
1958545
1978810
1983054
1989110
1991218
1999609
2025521
2026816
2028993
2029642
2030831
2033692
2034598
2037994
2039371
2040840
2040842
2041304
2041935
2042739
2043414
2044252
2045687
2047093
2047761
2050940
2051692
2052143
2053290
2054349
2055331
2082594
2102963
2103847
2105015
2112895
2114209
2115869
2117164
2118540
2120274
2121601
2169434
2171132
2186750
2188295
2195062
2195665
2205694
2208145
2210827
2214003
2215444
2218223
2220099
2220958
2221838
2222754
2223020
2223820
2225118
2225775
2226345
2227085
2228184
2229596
2230501
2231643
2232551
2232644
2250713
2263612
2264967
2278383
2283985
2299413
2321559
2330944
2372785
2373730
2375694
2377338
2400542
2401898
2403172
2405151
2407247
2412071
2413951
2416433
2419023
2429885
2430948
2433594
2434956
2445063
2446488
2469472
2474797
2475538
2477849
2480316
2481339
2483425
2485922
2487155
2488744
2489988
2490945
2491307
2491658
2492829
2494180
2495090
2495732
2496647
2497266
2502627
2510203
2512060
2514431
2516189
2519656
2524215
2525517
2530943
2550203
2550982
2553600
2560198
2562468
2565653
2566673
2569296
2571159
2574847
2579746
2580789
2589141
2618107
2621425
2622592
2625327
2628657
2630785
2631333
2631914
2632459
2633054
2634173
2637487
2641440
2643998
2654424
2664213
2666525
2676911
2701848
2708649
2719047
2723075
2724639
2726754
2740527
2769983
2770766
2778980
2780857
2782941
2785486
2787512
2788540
2791291
2796635
2798711
2804701
2809835
2811594
2812156
2813340
2814593
2817206
2823721
2824866
2827131
2829548
2830515
2851811
2852526
2853566
2854025
2855821
2856647
2857306
2857963
2858702
2859347
2860334
2861379
2861954
2862583
2864695
2868842
2869815
2870595
2871521
2873590
2875354
2877473
2879159
2880000
2882191
2882975
2884028
2884926
2886095
2889583
2890523
2895312
2921830
2926692
2927505
2940005
2943857
2946633
2951415
2952624
2960572
2966307
2968199
2969689
2972141
3015260
3015938
3031772
3040359
3041330
3042239
3044306
3068707
3075625
3076719
3078041
3079600
3082583
3083693
3086228
3087167
3087873
3088960
3089680
3091546
3093738
3095237
3097956
3107905
3108876
3110691
3114584
3115407
3116821
3118833
3119937
3121430
3122598
3128318
3130323
3131788
3158048
3159585
3179590
3184713
3185806
3222336
3252587
3254997
3300931
3306265
3306979
3309579
3310484
3311904
3313014
3314272
3318780
3322306
3324174
3325362
3329530
3334554
3339367
3339400
3345065
3347820
3377841
3384223
3392514
3402086
3409607
3410412
3418277
3420744
3430194
3431524
3451291
3454268
3460720
3462524
3464411
3465453
3466353
3467229
3468294
3470026
3473103
3474243
3479886
3482941
3484114
3484990
3487123
3488005
3488775
3489810
3490999
3492133
3524758
3528161
3534765
3539594
3543693
3546070
3548704
3551762
3560881
3561776
3568935
3574161
3576678
3578715
3579451
3580193
3581755
3583103
3600405
3601068
3602024
3602695
3603437
3604152
3605137
3605730
3606752
3609670
3615445
3619733
3621168
3625585
3628340
3632110
3633272
3634469
3637819
3639207
3641602
3643092
3644931
3646570
3647297
3648529
3668053
3669068
3669817
3670642
3671833
3673121
3674916
3681242
3684929
3686116
3687094
3689985
3690075
3692534
3694815
3699174
3701248
3702441
3704195
3705187
3706084
3712519
3713880
3714660
3715434
3726448
3728565
3730735
