425.1514
1386.521
2594.133
4967.324
5589.539
5999.968
6140.611
6340.013
6782.247
8158.178
11132.74
11357.11
16195.19
16479.82
18054.92
18798.24
19107.94
19873.24
21482.56
21840.78
22457.04
30853.77
31385.72
32719.61
33436.91
35352.12
36505.64
38110.87
39249.69
39409.57
39979
40610.5
41719.73
44624.16
46369.18
49503.19
50071.59
50231.28
54967.65
57072.58
57521.61
57529.11
57850.47
58231.4
59127.9
59515.72
60530.82
61950.34
65243.06
65423.97
66236.96
66884.45
69741.91
72973.93
73706.58
73844.86
74253.51
74872.57
75000.83
75100.15
75531.08
75998.46
85733.28
89687.74
91142.75
92736.11
94202.24
96395.17
96591.61
96980.05
98042.72
98092.94
98917.77
100617.8
101552.9
102248.7
106469.2
106891
108364.2
109181.7
109349.9
109989.4
111269.3
113913
115457.2
116450.7
116598.8
117248.1
118076.5
121064.6
124004.9
124393.2
127763.3
128408.8
128621.9
131426.7
131599.5
132136.8
132228.5
132958.7
133368.7
150273.5
152495.1
155936.1
157224.5
157423.9
158737.6
159622.7
159759
160565.7
161360.9
164179.2
164952.5
165514.9
169897.7
173047.5
173781.1
174780.4
175097.7
176506
177006.7
177495
178249.7
180139.8
180620.9
182325.5
183067.9
184228.5
184371.6
184900.9
186274.6
186723.5
186997.9
187583.8
188852.9
190085.7
192461.9
192790.8
193754.1
196267.6
199475
200488.8
203256
204094.6
204840.6
205428.1
207998.8
211730
212353.6
213213.2
213373
216774.1
217669.7
219332.8
220232.6
220830
221738.8
223371.9
223439.8
223535.8
224016.1
224565.4
225138.7
225225.9
225679.2
225759.2
227446.8
232540.5
232781.6
234698.4
236145.8
236944.5
238383.5
239141.6
239169.6
240261.5
240515.8
241822.7
242626.6
243060.5
243788.4
244430.9
246230.1
248545.1
248849.8
253246.8
254799.7
255452.9
256160.2
256834.3
256927.9
258823.1
260244.3
260337.9
260867.1
261029.1
261120.1
261585.3
262298.5
264563.3
266011.4
266445.8
268316.2
268866.3
269354.5
269802.1
270482.8
271107.6
279550.1
280225.7
280865.8
282982.7
303311.7
304161
304925.7
308691.8
310371.7
313820.9
315875
316597.4
317508.7
318139.1
318429.1
318898.8
319912
320608.9
321519.1
321891.1
322383.8
322676.8
322736.1
323614.8
324842.5
326300.5
326977.3
328210.4
328313.5
330665.3
337636.1
338241.5
339264
339429.6
340103.2
341716.6
342182.6
343750.3
346001.5
349181.2
349871
351362.8
352618.8
353251.7
353874.4
353888.7
354316.8
354614.7
354728.4
355009.8
355803.1
357370.6
358019.8
359205.5
359738.6
360229.4
360927.7
361215
364749.7
366023.2
366670.7
367209.1
369222.7
369229.6
371271.1
377336.1
384460.9
384657.4
385558.3
390052.3
391096.5
391252.8
391798
391847.9
392903.8
393109.8
394105.6
394495.1
394662.4
395139.6
395861.7
397344.8
398306.8
400136
403010.9
406732.4
407363.3
407776
408859.5
409487.8
410358.8
411590.7
413184.7
414779.2
415428.7
415860.8
416434.5
417093.7
417743.7
419343.4
419741.8
421131.6
424980.2
429324.4
431385.7
431793.5
433144.9
450083
450097.4
450782.9
451280.9
454765.1
455446.7
455544.2
455663.8
457438.3
457581.3
457660.2
458594.1
458796.5
459709.6
460300.9
460337.5
460654.5
460781.7
461061.7
461075.8
461497.9
462159.5
462551.9
463839.2
464458.7
465040.6
465682.2
465952.8
466755.8
467024.1
468065.5
468998.2
469097.9
469677.5
472500.6
478662
479668.3
484162.1
491777.2
493157.6
493429.6
493693.1
494281.4
494677.8
495449.8
496984
497827.7
498439.3
501843.8
502062.2
503950.9
505049.8
506303
510375.5
513115.5
513820.9
514395.6
520141.6
521269.5
523669.1
526533
527420.5
527982.3
528677.6
529205.7
530160.6
539231.4
539717.6
541144.3
543247.1
544257.8
545472
545737.6
546505.4
547272.4
548317.1
550112.7
550388.1
551010.4
551466
553872.4
554064
557814
559543.7
561474
561771.7
562509.4
564661.8
565433.8
567907.9
569121.8
569796.9
570845.8
571499.9
571543.9
573305.8
574067.1
574465.7
574708.3
575424.3
576565.9
576695.9
579967
580161.7
581082.2
581169.2
581634.5
581963.7
582256.7
582869.4
583160.7
600768.1
600977
601548
602151.9
602899.7
603385.1
603828.8
608666.9
609288.1
609659.1
609985.3
610582.9
611668.6
611899.1
612378.3
612431.9
612524.5
613179.8
614794.2
615752.8
616619
617217.1
618445.4
620803
622993.9
629569.9
631583.2
634908.1
635288
635756.3
635804.9
635972.3
636022.9
636954
637885.9
638163.4
638388.3
638577.1
640384.8
640830.3
642481.1
643477.3
646943.2
647740.7
647909.1
648654.5
649122.4
649732.9
651269.4
652956.9
655878.9
656613.1
657262
657707.6
658348.5
659124
662995.8
663161.5
664068.9
664322.7
665269.3
668669.9
669097.4
673893.3
674954.9
680305.7
682251.1
686284.7
686391.3
686902.9
687698.8
688343.1
689392.4
696989.5
697036.9
698078
698299.9
699000.9
701191.2
703207.6
704148.8
705291.9
706101.7
706254.2
706300.8
707459.4
707640.5
707979.9
708581.7
708842.8
709180.3
709570.6
710118.9
711033.7
712223.4
713340.7
716482.1
718480
719703.3
719728.9
720104.2
722331.7
722451.8
723968.1
726102.4
726656.9
727298.3
727927
728827.7
731916.8
732122
751675.6
753920.2
754572.5
757468.7
758303.3
758894.2
759417.2
760010.1
760526.9
762246.5
762284
763179.1
763342.8
763643.3
766359
767301.6
767985.2
768771.9
768857
769326.6
769951.2
770933.9
772205.7
773103
777790.2
778395.5
782134.1
782181
785065.3
785283
785630.6
785826.9
786016.6
786514.3
787047.2
787686.8
788035.5
788912.3
789409.5
789677.5
791303.2
793126
794029.9
794165.9
795533.5
796157.1
796984
797321.5
798008.9
799635.8
800135.6
800583.9
800913.5
801091.5
801793.6
802937.9
803353.3
803793
804459.6
805489.9
805784.8
806237.3
806756.1
807470.8
807566.8
807691.6
808420.5
808942.7
809833.3
809975.5
811029.4
811093
811125.9
811703.2
812632.4
813321.3
815299.1
816787
817180.7
818387.3
819955.6
820174.9
820773.1
821379.1
821864.8
822697.5
823573.4
824905.7
825433.9
827068.4
829303.7
830097.4
831176.1
832333.8
833937.3
840268.7
842066.2
842491.6
844487.6
844973.6
845070.8
846159.9
846935.1
849182.6
849870.4
851172.6
851786.1
853111.5
860490.7
861202.9
861674.4
862365.8
866221.2
867511.2
867593.8
867971.9
868399.7
868902.1
869327.6
871769.8
872281.6
872705.9
875898.1
877571.9
877779
878089
878204.8
880755.8
881089
881822.7
883016
900435
900919.5
901157.5
901392.5
902141.5
902798.4
903456.4
903655.2
903910.1
903945.2
904424.8
904647
909009
909545.8
910318
913960.1
914917.7
914964
915439.7
915473.9
916672.8
916883.3
919087.9
920099.8
920617.6
922145.4
922400.5
923145.6
923177.9
928510.1
930211.3
931331.4
932297
932733.7
935921.1
936471.5
937915.6
938125
939035.8
940352.5
942095
943921.9
946162.1
946437.9
947489
948141.2
948824.8
950247.1
951752
952050.9
952636.7
954053.1
954782.8
956035.6
957437.5
959215.5
960533.7
961519.4
963045.9
963749.3
964163.7
964599
965152.9
965266
966846.9
967806.1
967895.4
969887.8
970477.3
971023.3
971244.3
971562.8
972533.6
974239.1
974778.9
974784.7
975157.3
975661.8
977311.1
978007.2
979976.9
980707.4
981719.5
982120.4
982687.4
984158.6
984161.1
985607.9
985874.5
987017.9
988322.5
989889.2
993890.3
997038.4
997893.3
998069.3
998484.3
998986.8
1000046
1000783
1001945
1002170
1002176
1002331
1004267
1004786
1007749
1007921
1008080
1008162
1008253
1008785
1009028
1010070
1010891
1011936
1012492
1012639
1014327
1015181
1018401
1021138
1022324
1023061
1023745
1026117
1027483
1028526
1029169
1031382
1032173
1033337
1033777
1050316
1051158
1052204
1053881
1054600
1055353
1056299
1057652
1060265
1061687
1062118
1062703
1062704
1062970
1063391
1063805
1065641
1066480
1066639
1067153
1068379
1069012
1069541
1070390
1070899
1070928
1072489
1073767
1074240
1074993
1079221
1079494
1079829
1080295
1080380
1080668
1081238
1081325
1081671
1081989
1083040
1084014
1085772
1087072
1088677
1089767
1090665
1091289
1091470
1091825
1091934
1092568
1094237
1095224
1097488
1098847
1100316
1101028
1101729
1101776
1102846
1106091
1106930
1107606
1108235
1108329
1109404
1110432
1115220
1116831
1118001
1118797
1119239
1123785
1125738
1126529
1126829
1133015
1133138
1133670
1134213
1135441
1135454
1135551
1145649
1145902
1148123
1148732
1148818
1150251
1154726
1156825
1157859
1158230
1158551
1158834
1159100
1159328
1159589
1161582
1162160
1163216
1163575
1163862
1166229
1167038
1167391
1168055
1168921
1172254
1172980
1174264
1174341
1178009
1180318
1202564
1202587
1202602
1209200
1210410
1212599
1212946
1214881
1215058
1217551
1218142
1218923
1219067
1220334
1221222
1226541
1227319
1228609
1228805
1229309
1231469
1232906
1233466
1233913
1234272
1234647
1235293
1236246
1237166
1238734
1243416
1243507
1243990
1245849
1247647
1250064
1250649
1251101
1252743
1252758
1254609
1256820
1256886
1259101
1259847
1260344
1261414
1262267
1266669
1267378
1267847
1268408
1272195
1272512
1272782
1273540
1274416
1275338
1276369
1276738
1277202
1277470
1280620
1282042
1283697
1284597
1285896
1287180
1287345
1289057
1289466
1290729
1293433
1293824
1294943
1296238
1297663
1300060
1300566
1300728
1301301
1303055
1315327
1315614
1317682
1321554
1324352
1325589
1326308
1326826
1327059
1327206
1328051
1328319
1328626
1329070
1329968
1330544
1332378
1332551
1332593
1350694
1353308
1353806
1357258
1358964
1359655
1361926
1363211
1364610
1365260
1365609
1366348
1367347
1368524
1370264
1375396
1381974
1382939
1386826
1387708
1388095
1388489
1388857
1389328
1391221
1392806
1395290
1397981
1398109
1398475
1405136
1406827
1407427
1412197
1416542
1417623
1417699
1418324
1422430
1423229
1423496
1423587
1424173
1428540
1428572
1430671
1431112
1431525
1431953
1432422
1432845
1434365
1435963
1436681
1437691
1438482
1439292
1441321
1441506
1441817
1443133
1444763
1445816
1446909
1449551
1451355
1452323
1452983
1454024
1454258
1454873
1457489
1458527
1459374
1459796
1460004
1460391
1460768
1460812
1460996
1461228
1462406
1463430
1464813
1467043
1467126
1467674
1467922
1468760
1469041
1469358
1469864
1470354
1470751
1471782
1472961
1475637
1477748
1478715
1480915
1500886
1503422
1508671
1509571
1510378
1510621
1511958
1512194
1512358
1512477
1513608
1514930
1514989
1515377
1515451
1515727
1516644
1517346
1518233
1518541
1520134
1520146
1521205
1521419
1521872
1522122
1522300
1522787
1522864
1523245
1523540
1523965
1524004
1524370
1524396
1524761
1525253
1525574
1526058
1529716
1530183
1530604
1531490
1532790
1532884
1533569
1534044
1536280
1537137
1537978
1538836
1539512
1539591
1540249
1541733
1542050
1543732
1544773
1546279
1547463
1550281
1551327
1552679
1553702
1555508
1556694
1556846
1557306
1558531
1564241
1564999
1565255
1565866
1568392
1569513
1570526
1570738
1571023
1571623
1572018
1577643
1578579
1579161
1579492
1579660
1580199
1582278
1582481
1583026
1583959
1584566
1585517
1586117
1586521
1587149
1588162
1589307
1590056
1591009
1592018
1594542
1595391
1596101
1597126
1597349
1598377
1598420
1598958
1600104
1601154
1601384
1601905
1603256
1603812
1607724
1610361
1612238
1612680
1613481
1613917
1614038
1614275
1615888
1616153
1617077
1617561
1619994
1620602
1621214
1622182
1623322
1624787
1624788
1627542
1628278
1630550
1650879
1653910
1655201
1656730
1656902
1658152
1659384
1660294
1663324
1663856
1667266
1668619
1668930
1669150
1669698
1669803
1670144
1671412
1673078
1674531
1679010
1681169
1690164
1691851
1693850
1696714
1700238
1700817
1700837
1701450
1701638
1702468
1703333
1704885
1706211
1707753
1708624
1709152
1710580
1711350
1711916
1712551
1712892
1713920
1714057
1715036
1715689
1716388
1716508
1716799
1717437
1718083
1718980
1719854
1719898
1722081
1722833
1724485
1725099
1725414
1726791
1726803
1728698
1729462
1729736
1729927
1730524
1731176
1733482
1734459
1734492
1735922
1737605
1738184
1738323
1740384
1741094
1741281
1741369
1742662
1743601
1744411
1746473
1747410
1754982
1755604
1755798
1756182
1757227
1759051
1762169
1764413
1764925
1765489
1765768
1765998
1768273
1770537
1772024
1772053
1772333
1773389
1775823
1777175
1777653
1777928
1778232
1778559
1778615
1779153
1779800
1780304
1781286
1801822
1802352
1802724
1802800
1803514
1803968
1804380
1805683
1805715
1808365
1809281
1812168
1813994
1815241
1820688
1821842
1822512
1824266
1824295
1825090
1831564
1835347
1835589
1836524
1839371
1840291
1848002
1848786
1850789
1851521
1853036
1853066
1853413
1853573
1854348
1854458
1855084
1855204
1855766
1857217
1858124
1861328
1862991
1863044
1863684
1865134
1866620
1868003
1868899
1869456
1872922
1873713
1875141
1878849
1879959
1882498
1884253
1885625
1889229
1893785
1894408
1894964
1895597
1895878
1897078
1897184
1898429
1899133
1900189
1901008
1901040
1904596
1906054
1906364
1907061
1907330
1908550
1908637
1910080
1910243
1910913
1911336
1911970
1912499
1912932
1913103
1913464
1914112
1915135
1915764
1916328
1917170
1919949
1921085
1923392
1927193
1927614
1928011
1929540
1931156
1951136
1953458
1955655
1959639
1963438
1968649
1969197
1970062
1970320
1971402
1973046
1973724
1975626
1976899
1982022
1982753
1983889
1985037
1985306
1985469
1985706
1986288
1986827
1987538
1987632
1988309
1988763
1992294
1992501
1993234
1993492
1994262
1994821
1995272
1996319
1996863
1997443
1997599
1997941
2000270
2000986
2001572
2001969
2003055
2003690
2004208
2004793
2005658
2006623
2008766
2009280
2009338
2010044
2010196
2010684
2011524
2012088
2013396
2014944
2016389
2016458
2016896
2017607
2017650
2028064
2029895
2030385
2030948
2031684
2031879
2034047
2034512
2035614
2037255
2039807
2043871
2044759
2046143
2048023
2049434
2050137
2052741
2053585
2053754
2054189
2054607
2055732
2055925
2058400
2058858
2059229
2059696
2060433
2061047
2065217
2066345
2066782
2066867
2067311
2067494
2068501
2068562
2069092
2069714
2072200
2072942
2073382
2073397
2074242
2075092
2075639
2076043
2079033
2079851
2079877
2079966
2080686
2080856
2081445
2081997
2103119
2105694
2105846
2106497
2107371
2107618
2108046
2108626
2109400
2109665
2109860
2110458
2111155
2112211
2114111
2115002
2115294
2115312
2115995
2116160
2117016
2117136
2117167
2117516
2117659
2118179
2118370
2118391
2119583
2120171
2120533
2121027
2121646
2122617
2123837
2125164
2128662
2131713
2132081
2133015
2133590
2135536
2135597
2135709
2137527
2140919
2142050
2142328
2142750
2142948
2143235
2144465
2145718
2147126
2148749
2149425
2150518
2154495
2155483
2156453
2156655
2157549
2158136
2159163
2160816
2160986
2161744
2162259
2163475
2165336
2166092
2166459
2166999
2167145
2168380
2169926
2171335
2172862
2175095
2176284
2176960
2177151
2178082
2178247
2178795
2182850
2183594
2183962
2184311
2185220
2189953
2190612
2194292
2195211
2195804
2198161
2199075
2201011
2202123
2202839
2202877
2203400
2204825
2206713
2206778
2211244
2211270
2215538
2216942
2217352
2217553
2220924
2222824
2223323
2225013
2225767
2226200
2228116
2229061
2230059
2231369
2232571
2250402
2252576
2253174
2254322
2256320
2257959
2258003
2258263
2259125
2259487
2259728
2260512
2261754
2262648
2263172
2263282
2263815
2264482
2266442
2266911
2267889
2268039
2269243
2269861
2270552
2270581
2272885
2273187
2274494
2274677
2275224
2278817
2278864
2279772
2281384
2283616
2284192
2285724
2286265
2287517
2287542
2288203
2290082
2292573
2293167
2293785
2294361
2299178
2299603
2299672
2300821
2301254
2301614
2302300
2307465
2309788
2310924
2313307
2313625
2313741
2314383
2314910
2315355
2315617
2316122
2316669
2317481
2318954
2319481
2319783
2322256
2323365
2325228
2325723
2327903
2327913
2327975
2331470
2333547
2334216
2337023
2337940
2338312
2345474
2345981
2346714
2348552
2348978
2350417
2350583
2352808
2354496
2354545
2354634
2356486
2359319
2360726
2361270
2361358
2361363
2364893
2373157
2374359
2374718
2376446
2376716
2379581
2380974
2382414
2383035
2400704
2401327
2402081
2403090
2403134
2404666
2404747
2405162
2406715
2409151
2410362
2412349
2412495
2412561
2413194
2414273
2414756
2414901
2419892
2421693
2423072
2423710
2423984
2425130
2425434
2425821
2427530
2428909
2429057
2429524
2430413
2431342
2432346
2432445
2435142
2435958
2436742
2437243
2438136
2438943
2439177
2439609
2442210
2443262
2443639
2444787
2444793
2445448
2446614
2446857
2447869
2448412
2448950
2450855
2453127
2453992
2454597
2457799
2461271
2462244
2466833
2466974
2467925
2468776
2469785
2470164
2471194
2471635
2471746
2471839
2473428
2474506
2478983
2479520
2481697
2483150
2484085
2486133
2491342
2492140
2492372
2492713
2494913
2496216
2498283
2499617
2500703
2501914
2502653
2503149
2503798
2505699
2506486
2507957
2508320
2508841
2509113
2509304
2510441
2510761
2511588
2512850
2512937
2513183
2513763
2514570
2514942
2516412
2517038
2517297
2517986
2518848
2519298
2520154
2520438
2521302
2522134
2522192
2524938
2525448
2525735
2526343
2527564
2528003
2528737
2528897
2530580
2532222
2551234
2551342
2551705
2552090
2553481
2554970
2556015
2556684
2558437
2560159
2560415
2561135
2562464
2563240
2563276
2564739
2572554
2572587
2573161
2574071
2576999
2578567
2582995
2583292
2583762
2584317
2584480
2584566
2588795
2591571
2592340
2593211
2593749
2596233
2597836
2598382
2598805
2600029
2607286
2608741
2609369
2610707
2613610
2613893
2614197
2614764
2615379
2618600
2619037
2620055
2620541
2620981
2621934
2623432
2623662
2623693
2624595
2625959
2627204
2632632
2632971
2634196
2634988
2635011
2635911
2635950
2636601
2636917
2637383
2637908
2638067
2638740
2639930
2639947
2642485
2645355
2646655
2648237
2648603
2650320
2651205
2651915
2653450
2654037
2655122
2657051
2659361
2660943
2661066
2661510
2662051
2663823
2664744
2665066
2666945
2667294
2669096
2670008
2670051
2670579
2670709
2671088
2675279
2677068
2677934
2678808
2678821
2679443
2679683
2680307
2682648
2701001
2702305
2703227
2704711
2706242
2706697
2707690
2708511
2710348
2711199
2714147
2714873
2717222
2717929
2718069
2719020
2719255
2719813
2727721
2727947
2729157
2730841
2731930
2739913
2740503
2741077
2742246
2744281
2744880
2745305
2745626
2746221
2746733
2747402
2747910
2750010
2752128
2753288
2753776
2753801
2754699
2755053
2756507
2756714
2756759
2757021
2757336
2757718
2757835
2758300
2758357
2758964
2759225
2759421
2759667
2759708
2760455
2760654
2761053
2761891
2763627
2763996
2764206
2764349
2766755
2767019
2767250
2767948
2770789
2770907
2771384
2771751
2771764
2772419
2772773
2775048
2777098
2782804
2784094
2784816
2786712
2787810
2788773
2789288
2789896
2790958
2791920
2792626
2794779
2796004
2796544
2797067
2797421
2799051
2800420
2801231
2804071
2806110
2806782
2808021
2812035
2816321
2816770
2817300
2817535
2817826
2817878
2818988
2819593
2821502
2823708
2824536
2824924
2825517
2827378
2828297
2829232
2829303
2831451
2832273
2833501
2851088
2851832
2852727
2855735
2856770
2858331
2858814
2858895
2859708
2860616
2861064
2861380
2862395
2863863
2865732
2869491
2870275
2870610
2870936
2872378
2873027
2874108
2877181
2877591
2878600
2881098
2882715
2885806
2892707
2892895
2893312
2893391
2896421
2896786
2896977
2897775
2897821
2899093
2899902
2900498
2901163
2902747
2903057
2904400
2904786
2905131
2905138
2905470
2905992
2907613
2907720
2909051
2909765
2910326
2910989
2911659
2912673
2913545
2914026
2914060
2915556
2916315
2916960
2919159
2919572
2920087
2921174
2921493
2922663
2927242
2927471
2927990
2928900
2929207
2929650
2932435
2932979
2933038
2933631
2933648
2934725
2934898
2935365
2936103
2940234
2943181
2944225
2944444
2947121
2948244
2948643
2948931
2949371
2952307
2952440
2955194
2955815
2956367
2958420
2958995
2959525
2959898
2961101
2961681
2963499
2964111
2964614
2965099
2965600
2966622
2967530
2967759
2968678
2969500
2970784
2971150
2971698
2971859
2972463
2973071
2974261
2975123
2975610
2976195
2976573
2976697
2977550
2978677
2979849
2980541
2983254
3000490
3002184
3004323
3005060
3005438
3007122
3007698
3008316
3008912
3011328
3011694
3012567
3013946
3014312
3018950
3019823
3020381
3021555
3022212
3023197
3024060
3024507
3024656
3025170
3025811
3026453
3027088
3029362
3030186
3030441
3030535
3031700
3032706
3033564
3034280
3035652
3035744
3037436
3039220
3040006
3040143
3040566
3042856
3045045
3047001
3048459
3048787
3049543
3052962
3053404
3055299
3056019
3057733
3059544
3062608
3062691
3064270
3065101
3067081
3067552
3069965
3070657
3070736
3070786
3071220
3071989
3072514
3073611
3075524
3075941
3076119
3076139
3076658
3076800
3077249
3077922
3079837
3082921
3087947
3089361
3091226
3091531
3093307
3094231
3096274
3096563
3098627
3099520
3100414
3100596
3101087
3101643
3101725
3102289
3104511
3105114
3105385
3106377
3107124
3107506
3107661
3108250
3108867
3109014
3109462
3111496
3112452
3115143
3115629
3115891
3116184
3116575
3117415
3122692
3123136
3123672
3124135
3124839
3125928
3128028
3128211
3129337
3130571
3133723
3150157
3151618
3151899
3152790
3155851
3158046
3159568
3159601
3160176
3160513
3160573
3161291
3161945
3162392
3163205
3163291
3163973
3164917
3165988
3166381
3167129
3167285
3168175
3168233
3168723
3169129
3169408
3170333
3171302
3172783
3174980
3176715
3177247
3178669
3183630
3184612
3185329
3186729
3187338
3189348
3190234
3190882
3191722
3192616
3202158
3210857
3214483
3221736
3222461
3224112
3224873
3225198
3225581
3225950
3226270
3226939
3226939
3231788
3240260
3241889
3242515
3242884
3243076
3243655
3244237
3245194
3245936
3247578
3248446
3249740
3251274
3253933
3257131
3258841
3258885
3259466
3259790
3260274
3260837
3262689
3263608
3264631
3265946
3266061
3266755
3266875
3267197
3268121
3269221
3269801
3270349
3270971
3271522
3272814
3273178
3273784
3275522
3277080
3277094
3277883
3278576
3279230
3279575
3279930
3280374
3300313
3301673
3302243
3302891
3304496
3304709
3304833
3306112
3307830
3308971
3309420
3310010
3311951
3312796
3313056
3316320
3316470
3319088
3319750
3320002
3320262
3321200
3322342
3325755
3325827
3326112
3326286
3326881
3327002
3327057
3327541
3327677
3327825
3328089
3328466
3328475
3328935
3332490
3333059
3334052
3334702
3335685
3337485
3338527
3339922
3346246
3346806
3347317
3348128
3349368
3351780
3352214
3352605
3352999
3353994
3355763
3357482
3359913
3362140
3362894
3363632
3364907
3365258
3365300
3366019
3366544
3366607
3367253
3368324
3370587
3370692
3374134
3374886
3375439
3376562
3377650
3380864
3382860
3385118
3385751
3386500
3387152
3388940
3391659
3395939
3397399
3398897
3399368
3399911
3400875
3402971
3406286
3406938
3410339
3413096
3416547
3417168
3418751
3419334
3420087
3423427
3424227
3425045
3426690
3428711
3429199
3429714
3433127
3433388
3450139
3450643
3451498
3452146
3453295
3453786
3454906
3456388
3456900
3457460
3458714
3458832
3459868
3461789
3462472
3462696
3463630
3465256
3466844
3467000
3467047
3468042
3468559
3468978
3469024
3472718
3473209
3473674
3474013
3474390
3474693
3474817
3474859
3475821
3476679
3477062
3477553
3477684
3478343
3479700
3480425
3480732
3480841
3481579
3482778
3483268
3483934
3484059
3484070
3484595
3484659
3489754
3490211
3490743
3491986
3492907
3493464
3493936
3494103
3494572
3495846
3496181
3499150
3499703
3500694
3500753
3501251
3502576
3503999
3505506
3506792
3507338
3507701
3511457
3511898
3512411
3512467
3512608
3514441
3515010
3516064
3518073
3518222
3519906
3521462
3521504
3521991
3522575
3524669
3525633
3526379
3527430
3530220
3530632
3531860
3535436
3535441
3536736
3537640
3538746
3538928
3539619
3540954
3541194
3542163
3543254
3543874
3546377
3547369
3548498
3549264
3550062
3551484
3551946
3552062
3553493
3553722
3557384
3560576
3563433
3564335
3564887
3568021
3568780
3573214
3575499
3577525
3577874
3578457
3579881
3580388
3582292
3582756
3601077
3601501
3602356
3602444
3603732
3605523
3606614
3607365
3608503
3608781
3609275
3609842
3610097
3611506
3614811
3614828
3616309
3617603
3618248
3619095
3619327
3620042
3621499
3622905
3624988
3627186
3627865
3628569
3631053
3633085
3634748
3635459
3636484
3637280
3637779
3639002
3641260
3642337
3645529
3645962
3646376
3646776
3647799
3648350
3648587
3649167
3649770
3653598
3653685
3654592
3654870
3656099
3657255
3657286
3658143
3658586
3658827
3659338
3660266
3662115
3662486
3663753
3664222
3666484
3667190
3671662
3672233
3674609
3676067
3676512
3677111
3678655
3680753
3683298
3683576
3685900
3688730
3688955
3689849
3690045
3690578
3691824
3692723
3693557
3694534
3695798
3697648
3698216
3700165
3702057
3703115
3703978
3704440
3704580
3705283
3705894
3706048
3707474
3707946
3708156
3710435
3710629
3711587
3713142
3714345
3717977
3721599
3722731
3722905
3723474
3724847
3726777
3727143
3728285
