1287.103
1862.248
3167.837
3909.8
3925.093
4566.387
4866.207
5029.923
5458.785
6341.443
7538.601
8397.296
9115.352
9272.728
9417.837
10949.8
11416.05
11974.91
12666.62
13215.53
13737.8
14860.09
15016.43
15169.78
19066.38
19487.46
20164.53
20790.63
25258.42
26442.28
28226.14
28382.63
33158.49
34820.6
36688.5
37415.6
39578.56
40418.05
41922.4
42632.59
42710.37
42815.03
43527.9
43991.53
44871.01
45480.88
46075.55
47743.76
51541.66
52276.88
54857.52
56099.47
57692.43
59994.25
60672.52
63724.24
64026.56
64658.07
66713.69
68360.93
71161.22
72104.1
73618.73
74443.81
75584.24
76062.76
76451.61
76716.87
77087.62
77866.79
78343.16
78415.41
78824.74
79246.33
79551.95
79925.6
80046.29
80152.28
80641.07
81126.54
81517.96
82460.68
82563.45
82578.41
84355.35
85261.82
88224.07
90005.98
91257.2
91445.51
92428.23
92465.48
92625.78
93264.84
93365.02
94480.49
94554.69
95236.76
96553.73
98529.25
99181.03
100181.3
100752.1
102243.4
103603.9
104231.2
104800.4
105226.8
105603
105893
106667.4
108790.9
109585.3
110020.3
110968.7
111893.7
111987.9
113190
119398.9
119791.3
120628
121369.4
122234.1
122756.8
123303.1
123939
125423.1
125903.4
125969.1
126374.8
126809.7
127057.3
127186.2
127385
127517.5
127541
128284.4
128507.8
129394.5
131833.2
132457.7
133293.2
150089.2
150715.7
151832.9
152409.1
153104.1
153146.6
154668.5
155052.7
155061.9
155420.8
157536.4
158159.5
159076
159891.6
160681.5
161248.3
161800.5
162891.8
163829.6
165560.5
168085.5
168379
168852.2
169316.1
170059.7
171746.6
173646.2
174041.4
174501.8
175017.6
175943.3
179574.5
182085.5
182586.3
183510.5
184265.4
184474
184982
186591.7
188899.8
191305.3
191724.7
192345
193218.7
194772.7
195139.3
199255.4
199814.4
202017.6
207598.7
212643.5
214236
215378.8
216719.8
217578.8
218175.4
221272
222067.7
223203.5
224294.6
224495
224656.9
224987.9
225137.1
225246.7
225469.4
225609.4
226208.8
226766.1
227255.2
227298.1
228752.6
229152.5
229318.8
229639.5
230769.2
231037.8
231662.5
233540.6
233774.9
234002.6
234020.9
234549.6
234667.1
234738.1
235148.9
235755.2
236390.2
236970.5
240116.9
240845.8
241371
242091.7
242627.8
243212.3
244141.4
246134.1
249447.9
250061.5
251007.5
252244.1
252246
253047.4
254290.1
255453.7
255664.3
256066.1
256515.2
258675.6
259377.2
262146.1
262974.3
263712.3
264175.6
264458.3
265362.7
266720.8
267129.1
267712
268544.7
269146
269156.2
269863.8
270110.6
271127.8
272210.5
272612.1
273422.8
275040
275330.7
278702.7
282859.8
283346.4
301976.9
303291.8
303999
305690.8
306264.7
308458.1
311801.8
312703.1
313223.5
314886.4
316202.2
316892.2
317427.4
318256.4
318349.5
318577.5
319373
319648.7
319882.8
319967.5
320616.7
321295.8
322986
324843.5
326110.1
326702.2
327690.7
327880.4
329110.2
329452.5
330117.4
331397.5
331915.8
336561.5
336604.4
337143.4
337672.4
337839.1
338496.4
339350.8
342428.9
343593.9
343853.9
344638.7
344654.6
344707.2
345783.6
347071.1
347579.4
347867.6
348080.3
348595.2
349162.7
349276.9
350518.8
351285.5
351868.8
352599.9
355024.8
356731.4
357701
362296.7
363080.6
363789.4
364516.8
365872.8
366724.7
367653.5
368822.6
370254.7
370906.7
371739.8
372142
372825.9
373553.9
375022.3
375737.2
377051.8
377893.3
378473.6
378827
379390.1
379891.9
380729.6
381258.2
381718.4
382298.2
382912.1
383199.6
383614.8
383644
383725
383920.2
384264
384516.4
384823.5
385083.8
385242.7
385848.5
388430.4
388515.6
388916.5
388918.8
389338.5
389882
390152.7
390573.5
391224.7
391673.4
392875.2
393254.7
393616.3
394124.7
394575.6
395178
395986.6
396550.1
398381.8
398790.5
399006.7
399106.2
399588.2
399760.7
400179.6
401154.6
401468.9
403088.9
404074.9
404753.4
405626.5
405765.7
406631.3
408470.7
409392.7
411527
413771.7
414243.8
414403.8
415144.3
417279.5
418845
420719.5
423019.4
428496.2
429285.3
429435.8
430515.2
431149.6
431794.6
432116.5
432392.9
450050.3
450478.3
450896.4
452061.9
452750
454502.3
455815.3
457717.9
459402.4
460766.4
461421.5
461828.9
462256.4
463111.5
463546.6
464066.1
464535.5
465570.6
466718.8
466761.4
468059.6
468184.6
468586.4
469255.4
469670
470866.8
473699.3
477244.7
483226.3
483995.7
484618.1
488091.3
489090.3
493437.6
494563.3
495162.9
496851.8
497220.2
497721.3
498041.7
498812.3
499293.9
499705.9
499903.8
500755.3
502121.7
502221.3
505927.2
507927.4
508913.5
509587.4
511545.2
512285.1
512753.5
514428
515084.2
515733.2
516184.9
516193.7
516218
518918.4
519715.8
520338.7
520694.9
521241.4
523251.8
523774.4
526687.6
527278.6
530092.3
530929.3
531774.3
532029.7
532752.4
532968.2
534042.7
535997.9
536530.5
537769.7
541287.2
542693.8
546960.5
549161.2
549448.3
550738.2
551184.1
552288.7
554896.8
554919.6
556029.2
556775.5
557262.4
558029.4
558584.5
559759.4
560119.9
560859.9
562552.9
563043.6
563621.4
567201.5
567532.7
567730.2
568575.9
570070
570584.1
570817.5
571384.7
571910.4
572337.3
572596.8
573192.2
573601.8
573770.1
574569.8
575717.5
577023
579395
579749.5
580302.9
581030.6
581618.9
582417.3
582810.6
583215.8
600509.9
602284
604931.3
605510.8
605554.2
605930.4
606098.2
606325.6
606715.4
606775.1
607441.2
607890.6
610731.7
612666.4
615975.7
616943.8
619038.4
619380.5
620183.3
620335.2
625503.7
626848
627104.9
627414.8
628700.2
629346.7
630330.7
630623.1
631260.1
635441.8
636363.2
637619.6
641588.6
642178.9
642930.6
648403.1
649738.5
651666.3
651671.5
652375.4
652846.8
653493.1
654128.6
654996.2
656580.9
657244
662439.1
662718.7
663646.7
664876.2
665956.8
666607.1
667188.7
667636.9
668562.6
669160.9
669171.8
669637.4
670925.1
671210.2
671898.9
672535.8
673577.9
674213
674599.9
675311.2
678424.8
678463.8
679462.8
679870.5
682589.4
683161.4
683415.5
685070.3
685629.7
686149.6
686681.6
687495.1
688476.2
689090.5
689728
690365.7
690745.2
691254.9
692494.9
693724.9
697643.7
699183.9
699966.8
700537.6
700975.5
701163.7
701775.5
701791.5
702545.6
703114.3
709139
710704.4
712768.3
712775.6
715746.3
715856.5
719089
719741.2
719978.1
721662
726328.6
727641.1
728364.2
728462.8
729502.1
730462.7
731581.6
731715.2
750427.9
751117.8
751414.2
751760
751854.7
752266.1
752598.3
752955.6
755431.9
756139.2
757798.3
758767.5
759686.5
762599.6
764364.7
765173.3
765920.7
766639.5
767336.2
768808.6
769448.4
770005.8
771077
773539.9
773895.1
774503.3
774778.9
775627
775929.6
778381.1
780133.1
781119
784675.3
785060.9
786430.4
787597.2
787916.9
788114.3
788836.6
789393.6
792134.4
792386.3
798060.7
798334.1
801508.2
803408.1
811318.9
812028
812649.5
813531.7
817981
818500.6
821928.8
821967.1
822595.3
824162.6
825673
826105.9
827129
828167.2
828725.9
829240.5
830457.6
831169.1
831404.1
834256.8
834553.5
834991.3
837693.7
837779.5
840037.5
840516.3
841063.5
841370.3
844687
845156.6
845745.5
846072.3
846568.4
848097
848276.8
848974.5
853848.2
854496.1
855392.5
856061.5
856404.4
857748.6
858141
859196.8
859209.5
859542.4
859658.5
860117.8
860452.3
860532.3
861271.5
861990.6
863801.1
864358.5
865452.1
865969.8
865974.6
869746.3
870195.1
872057.7
872571.8
873047.3
874342.1
875811
877369.1
878425.1
880211.1
880954.3
882070.9
882981.5
883272.8
901110.4
901489.9
905800.4
905881.4
906478.6
906718.7
907784.6
908549.7
909374.5
909585.4
911550.1
911594.1
912231.2
915535.4
919796.2
921408
921836
922745.4
926555.5
928693.5
929386.9
930635.5
930696
932597.2
933283.4
934337.5
939400.5
939829.4
940142.9
940985
942279.1
943467.1
944072.8
945482.8
946404.7
947115.4
948439.7
949722.5
950277.7
950956.5
951249.7
953200.3
954841.4
955521.9
957463.3
959041.9
961210.6
964161.5
965604.6
966499.6
969623.6
972698.1
973844.3
975784.7
976425.8
977126.8
977760
978571.9
979940.5
980383.7
981339.6
981546.8
983032.5
983983
984148.3
984624.8
986350.6
986427.8
987653.8
989924.9
991246.2
992188.9
992802.8
995748.6
996314.8
997034.6
997247.6
997788.1
997982.3
998324.1
999500.1
1000950
1001700
1001909
1002630
1002896
1004999
1007580
1008849
1008975
1010149
1010422
1012459
1014098
1014637
1015631
1016290
1016767
1016948
1019088
1020791
1020910
1021414
1022192
1023113
1024242
1024659
1025102
1026576
1030608
1031783
1033121
1050371
1050856
1051385
1051655
1054743
1055081
1057381
1058047
1058562
1061302
1062519
1062804
1064744
1067343
1068003
1068633
1069216
1069260
1069831
1070987
1071386
1071736
1071900
1072207
1073435
1074783
1076668
1079010
1080251
1080940
1081282
1081542
1081959
1084321
1084742
1085304
1085359
1088613
1089127
1090153
1090378
1091866
1095084
1095685
1096374
1096894
1098423
1099494
1100203
1102068
1103259
1103679
1104062
1110250
1112929
1114444
1114567
1115029
1115165
1115815
1116189
1117472
1119958
1121140
1122021
1122053
1122078
1122917
1124104
1125551
1126028
1126664
1127149
1127804
1128111
1128230
1131174
1132667
1133158
1134255
1134471
1138261
1139438
1141258
1141858
1142673
1142740
1143170
1144201
1145429
1146276
1147882
1148296
1151491
1152297
1152862
1153336
1153733
1154067
1154589
1158525
1159395
1159727
1160083
1160486
1161057
1161793
1162217
1162709
1165002
1165163
1166374
1167280
1168471
1169249
1169749
1170237
1170616
1171442
1172642
1174538
1178272
1181723
1183361
1200074
1200326
1206591
1207274
1207446
1209203
1209338
1210310
1210515
1211730
1212285
1214158
1214633
1215285
1216009
1216147
1217194
1218372
1221985
1222490
1223300
1223623
1226784
1227534
1228639
1230251
1230850
1230968
1232435
1233385
1234406
1234635
1235351
1236599
1237037
1240248
1240852
1242119
1242472
1243556
1244418
1248462
1248872
1249519
1250389
1250878
1254537
1257862
1258783
1260305
1262641
1262722
1264590
1266765
1272783
1272830
1273328
1274472
1275927
1276349
1276671
1276859
1277205
1277481
1277995
1278811
1279092
1279591
1280223
1280725
1282297
1282920
1283514
1284491
1285813
1287565
1288372
1289023
1292068
1292159
1292715
1293884
1294466
1294546
1295641
1296472
1297049
1298738
1298780
1299721
1304638
1305338
1305869
1306716
1307349
1308092
1308782
1308814
1309053
1309952
1310029
1310642
1317120
1318657
1318706
1319338
1319690
1320922
1321571
1321862
1322421
1322961
1324052
1327110
1328522
1328969
1329869
1330844
1331735
1351597
1355879
1357222
1358068
1359586
1360333
1361706
1365568
1367597
1368180
1368895
1369613
1369933
1370420
1370827
1371008
1371342
1371913
1372518
1373008
1373593
1374118
1375432
1378523
1379410
1379928
1380965
1382558
1383845
1387015
1387395
1387674
1388619
1389531
1389892
1390481
1391922
1392416
1396864
1398311
1398745
1399443
1401785
1402351
1403207
1404068
1404774
1405862
1406206
1407175
1409085
1409580
1414145
1415362
1418329
1419333
1420047
1420646
1420806
1421223
1423641
1426090
1426788
1427837
1428911
1429027
1430089
1430416
1430585
1431002
1431628
1432134
1432629
1437998
1439376
1440259
1440908
1441046
1441558
1441608
1442292
1442312
1442952
1443042
1446459
1447359
1447617
1448111
1448231
1448682
1448917
1448957
1449578
1449768
1449957
1450582
1450807
1452068
1452540
1452936
1452964
1453226
1455172
1457693
1458147
1459022
1459611
1459733
1460322
1461201
1462153
1462624
1462794
1464148
1464893
1465652
1466170
1467894
1468148
1468908
1471186
1474465
1475259
1476500
1481634
1482842
1501103
1501612
1502142
1502230
1502524
1503911
1505254
1506031
1507839
1508383
1508837
1509221
1510274
1511375
1511394
1511487
1512438
1513024
1516446
1516744
1517503
1517970
1518691
1520942
1523187
1523774
1524284
1525018
1525506
1527103
1529400
1531973
1532646
1533690
1534258
1534265
1535112
1536201
1537734
1537796
1538545
1538742
1538756
1539396
1539459
1540515
1541727
1543178
1544329
1545379
1549238
1549745
1551231
1552308
1552891
1553623
1554525
1555667
1556390
1557148
1557180
1558903
1561986
1565099
1567496
1569036
1569493
1569863
1570852
1571000
1571525
1571962
1572677
1573564
1574106
1574192
1575170
1575683
1576416
1577208
1578702
1580092
1581103
1582014
1583847
1584338
1585038
1585626
1586376
1587425
1587582
1588147
1588240
1588331
1589447
1589679
1589914
1590142
1591020
1591183
1591806
1592521
1592717
1593302
1593870
1594099
1594332
1594536
1594799
1595261
1598854
1599256
1600184
1602327
1602832
1606772
1607470
1611481
1612456
1612735
1613073
1617351
1617985
1619105
1621006
1621766
1622373
1624241
1624545
1628945
1630611
1632281
1650284
1651186
1651894
1655953
1656088
1656501
1656658
1656904
1658587
1661035
1661937
1662348
1662736
1663992
1664089
1664369
1665138
1665929
1666672
1667207
1667435
1668038
1668332
1668985
1670618
1672821
1673741
1673778
1674602
1674849
1675133
1675714
1675814
1676546
1676763
1677265
1677906
1678135
1680920
1681721
1682568
1686480
1686670
1689798
1694242
1694556
1694952
1696487
1696839
1697226
1697433
1698774
1699226
1700692
1701229
1702569
1704912
1706347
1706989
1707801
1708543
1709848
1710552
1711326
1711395
1712015
1712957
1713398
1713905
1714759
1716001
1716660
1717142
1717850
1717993
1720366
1720975
1721219
1723171
1724962
1726029
1726399
1727270
1728917
1729977
1730495
1731562
1733701
1734355
1734404
1735019
1735671
1736007
1736655
1736979
1737454
1738404
1739484
1740584
1741144
1741371
1741924
1741952
1742970
1743359
1743632
1744089
1744207
1744375
1744668
1744751
1745359
1746071
1746330
1746577
1747253
1747747
1753738
1755816
1755916
1756470
1756483
1756932
1757650
1757736
1759371
1759574
1759887
1761268
1762187
1762901
1763493
1764311
1764573
1767436
1770641
1772268
1775364
1776101
1776633
1776933
1777503
1779185
1779772
1781246
1782860
1804383
1808948
1809570
1809987
1810438
1811237
1811951
1812702
1813052
1813697
1813865
1814424
1815188
1815959
1817624
1818185
1818782
1819257
1820042
1820722
1821307
1821646
1824087
1824750
1825864
1826834
1829647
1830594
1831342
1831690
1831993
1832656
1833413
1834078
1834744
1837234
1837748
1838078
1839044
1842744
1844196
1845907
1846404
1847156
1848028
1848626
1849323
1849400
1850203
1850315
1851523
1854310
1855259
1861094
1862407
1863262
1864146
1866007
1867074
1868015
1869482
1870634
1870763
1871420
1871894
1872790
1873427
1874332
1875440
1875734
1875998
1876853
1877018
1878088
1878397
1879022
1879610
1881277
1883344
1884760
1885847
1886553
1887266
1887373
1888352
1889081
1889707
1890268
1890891
1891398
1895560
1896451
1897548
1898587
1898998
1899121
1899890
1900009
1900158
1900439
1900603
1900790
1901421
1901699
1901811
1903654
1904887
1906554
1907934
1908628
1910344
1913332
1914590
1915213
1915952
1917225
1917851
1918922
1921255
1925220
1928099
1928532
1929310
1931852
1951668
1951977
1952358
1955644
1956783
1957786
1957830
1958709
1959411
1960116
1961395
1961779
1962221
1962680
1963481
1963719
1964215
1964960
1965142
1965685
1966364
1966978
1966995
1967884
1969347
1969899
1970615
1970845
1971343
1971851
1972179
1973978
1977696
1978157
1978271
1980959
1981278
1982487
1983161
1985016
1985153
1987499
1987550
1990228
1991633
1992926
1993043
1994085
1994719
1996601
1997350
1998179
2002575
2002884
2003501
2004452
2004587
2004936
2005035
2007548
2008385
2008489
2009370
2010017
2010939
2012417
2013445
2014122
2014720
2016117
2016932
2017469
2018290
2023306
2025207
2025515
2026098
2027719
2029247
2029465
2031429
2031464
2033156
2034304
2034896
2034960
2035485
2035627
2036123
2038965
2039443
2039491
2039828
2040631
2041158
2042633
2042942
2044502
2044881
2045405
2045557
2046198
2046661
2046712
2047377
2047671
2048234
2048397
2048638
2049367
2049887
2050497
2050743
2051388
2053095
2054721
2055389
2056086
2057786
2059369
2060518
2060975
2061959
2064918
2065675
2066332
2066395
2068564
2069599
2070503
2072015
2072665
2073049
2075047
2076179
2078395
2079760
2079783
2082971
2100350
2101576
2102109
2102645
2103142
2103778
2107352
2107571
2107900
2107942
2108435
2109224
2110915
2111099
2111333
2111879
2112352
2113191
2114943
2115770
2116537
2117602
2118032
2118487
2118937
2119031
2119488
2120288
2122427
2123694
2124148
2124911
2125443
2126904
2127193
2127402
2127652
2127822
2127877
2128939
2129881
2135027
2135426
2135924
2136773
2137168
2137521
2137809
2138070
2138259
2138782
2139720
2141159
2144212
2146331
2146878
2147339
2148286
2149905
2151925
2152243
2153585
2154061
2156119
2156544
2159766
2160762
2161929
2163372
2164886
2164981
2165655
2166351
2168848
2169586
2170348
2171396
2171488
2173141
2173707
2173960
2174030
2175538
2176221
2176832
2177085
2177157
2177485
2178028
2178883
2179467
2180004
2181067
2182421
2182555
2184283
2184463
2184569
2184916
2185228
2185560
2186013
2186750
2186907
2186957
2187468
2188003
2188572
2189139
2189352
2189992
2190221
2191547
2196519
2199639
2200456
2201523
2202351
2203255
2204720
2205293
2206183
2206897
2211191
2212319
2213212
2213978
2214191
2215017
2216736
2217211
2218277
2218568
2219016
2219452
2219830
2220070
2220372
2220648
2221413
2221918
2229331
2250804
2251107
2252039
2255146
2256725
2257348
2257857
2259031
2259308
2259801
2260232
2260634
2260936
2261470
2261983
2262004
2262367
2262716
2263039
2263197
2265863
2270429
2271031
2273706
2274906
2275521
2276033
2276580
2276656
2277537
2277624
2279598
2280555
2282506
2283511
2285237
2286127
2286672
2286823
2287229
2287962
2288095
2289004
2289429
2290692
2291108
2291901
2292753
2293196
2293499
2294554
2295299
2296613
2298391
2305700
2308353
2309112
2311140
2311649
2312391
2314683
2314933
2315686
2316663
2317650
2318117
2318919
2319432
2319722
2320024
2321051
2321160
2324246
2324274
2324556
2324790
2325554
2325682
2328042
2329728
2332576
2333548
2335277
2336286
2336455
2336588
2337246
2337575
2337739
2338498
2339984
2340485
2341339
2342575
2344342
2344745
2345140
2345679
2346637
2348305
2348875
2350184
2351318
2351665
2352421
2352960
2353351
2356028
2356590
2357026
2357158
2357607
2358104
2358409
2358907
2359322
2359559
2359796
2360432
2361011
2362840
2363492
2363773
2364876
2365956
2366026
2367868
2372084
2378680
2381398
2381456
2382132
2401138
2403678
2404237
2406072
2407181
2410099
2411602
2412398
2415589
2415735
2417059
2418772
2419222
2419392
2420069
2421862
2422520
2425423
2426284
2427459
2428111
2428358
2429365
2430703
2434044
2436640
2437674
2438695
2439036
2440428
2440887
2441296
2442365
2443152
2443949
2444652
2449576
2450452
2450996
2454566
2460034
2460623
2464961
2466315
2467832
2470138
2472162
2474103
2476595
2477342
2478436
2479058
2479588
2479964
2480799
2481626
2481635
2482441
2483217
2483605
2486225
2487624
2489122
2491712
2492400
2493426
2494274
2494783
2494882
2497998
2498711
2499220
2499872
2500008
2501852
2504123
2505674
2505844
2505857
2506296
2506316
2506844
2507006
2507944
2508836
2508949
2509446
2509557
2510354
2510431
2510835
2511218
2512130
2513071
2513601
2514326
2515987
2516911
2517787
2521653
2522976
2526600
2528439
2530748
2531126
2531943
2532794
2533090
2552477
2553095
2555578
2556543
2557492
2559236
2559790
2561284
2562391
2564729
2564746
2565648
2566681
2567320
2567650
2567859
2568537
2568570
2571520
2572008
2572108
2572661
2573384
2575708
2576178
2576389
2577167
2578224
2578287
2578314
2578985
2579409
2580943
2581594
2584140
2584950
2585382
2586067
2586480
2586546
2589237
2592203
2593903
2596990
2597598
2600136
2603207
2605748
2606693
2607684
2608482
2610104
2610966
2614328
2618044
2618104
2618384
2620022
2620584
2620822
2620989
2621459
2621484
2621559
2623169
2623933
2623945
2624241
2624451
2624627
2624674
2625161
2625213
2625656
2626842
2626970
2627918
2628169
2628431
2629811
2629911
2630334
2630813
2631117
2631498
2631951
2632262
2632735
2634131
2635199
2635376
2636176
2636951
2637657
2638778
2639900
2639938
2640755
2640836
2643860
2644442
2645036
2645642
2647869
2649742
2649967
2650787
2650910
2653728
2654418
2654838
2655005
2655390
2655599
2655880
2656789
2656877
2657739
2658394
2659667
2660285
2660949
2661102
2662234
2664224
2665995
2667743
2668886
2670052
2670528
2670560
2671308
2674491
2674906
2675904
2676892
2677296
2678176
2678425
2679130
2679169
2679698
2679952
2681111
2700648
2700933
2701184
2701338
2701932
2702049
2703007
2704364
2705965
2710860
2714561
2716141
2716363
2716832
2717317
2725475
2726493
2727268
2727712
2729314
2730860
2730953
2732758
2734628
2736484
2736937
2737182
2738549
2740008
2740693
2741340
2741980
2742198
2743015
2744128
2746949
2747498
2747663
2748188
2748495
2757659
2759160
2761588
2762256
2763728
2766416
2766945
2768233
2768749
2769516
2773558
2773920
2775222
2775691
2776040
2777341
2779097
2779914
2783614
2784528
2784542
2785862
2786008
2787554
2796121
2796651
2797240
2797698
2797951
2798436
2799571
2800253
2800980
2801814
2802338
2802977
2803640
2805186
2806295
2807710
2808335
2808500
2808956
2809046
2809565
2809935
2810349
2810665
2810947
2811285
2811413
2811564
2812067
2812531
2812731
2813074
2813603
2813891
2814524
2815328
2817815
2818475
2819489
2820086
2820757
2821440
2823784
2824902
2825700
2826510
2827015
2828244
2829367
2829672
2830921
2832610
2850285
2851813
2852442
2853351
2854979
2855127
2855840
2855854
2857720
2860356
2860440
2861044
2862216
2862375
2862877
2863590
2864628
2866087
2866286
2866577
2866844
2867049
2867342
2867466
2867936
2867952
2868478
2868593
2869241
2869741
2870231
2870259
2870825
2871038
2873847
2875400
2875526
2878426
2878942
2879448
2880375
2880581
2881152
2881380
2884021
2884332
2885003
2887145
2888491
2888879
2889871
2891119
2892000
2892508
2892529
2892731
2892903
2894320
2894522
2895880
2896194
2896468
2898075
2899190
2899431
2906918
2909486
2913607
2914347
2914729
2914747
2915337
2915927
2916568
2918165
2919085
2919448
2919945
2920437
2921238
2921865
2922193
2922404
2923096
2923215
2923962
2924063
2924543
2924676
2925182
2925628
2926047
2926296
2926992
2927239
2928039
2934338
2935565
2935908
2935965
2936340
2936378
2936663
2936773
2937246
2937798
2938132
2938904
2939237
2939384
2941308
2941856
2942299
2942472
2943579
2944607
2945956
2946464
2946664
2947332
2948167
2948471
2948772
2950088
2951983
2953003
2953044
2953896
2955745
2956725
2957286
2957379
2957717
2957965
2958388
2958618
2958933
2959157
2959911
2961359
2962009
2962214
2962249
2962564
2963297
2964008
2964707
2965234
2965414
2965643
2966256
2966387
2967681
2968550
2969110
2971055
2972210
2973874
2974340
2974796
2976612
2978123
2978479
2978936
2979478
2981360
2982229
2982381
3000606
3001157
3001746
3002297
3003671
3004724
3009341
3010793
3011933
3012671
3012933
3013252
3014384
3014391
3014446
3015033
3015307
3016189
3016268
3016351
3016659
3017078
3018960
3019625
3020630
3021816
3021977
3022814
3022925
3023421
3023975
3024466
3025509
3033003
3036559
3037110
3037188
3037772
3037873
3038738
3040230
3040687
3041071
3041857
3042426
3043179
3044980
3045378
3045710
3046009
3046183
3046477
3046733
3047253
3047430
3047989
3048054
3048757
3049224
3049874
3050455
3051041
3052103
3055182
3055490
3056576
3060215
3060765
3062773
3063344
3063904
3066017
3068927
3071744
3072301
3072767
3073359
3076794
3077262
3078076
3078244
3079199
3080047
3080904
3081514
3082250
3083136
3083550
3083907
3083955
3083982
3084295
3084417
3084698
3084724
3084841
3085125
3085824
3086571
3086711
3087095
3091080
3092355
3093454
3095050
3095127
3095961
3096043
3096542
3097723
3099046
3099505
3101022
3101842
3101903
3103163
3104040
3105360
3107657
3112284
3116571
3117194
3117716
3118385
3118817
3119338
3124163
3126031
3128872
3128900
3129588
3130324
3150197
3150355
3150552
3151297
3152111
3155670
3155892
3157523
3157980
3158712
3158776
3159337
3159988
3160566
3161158
3161543
3162723
3163517
3164240
3165871
3165976
3166403
3167164
3168105
3168937
3171341
3173088
3174347
3175134
3175279
3175785
3181005
3182293
3183048
3185311
3185773
3187593
3191325
3192327
3193905
3195078
3197215
3198012
3200109
3204611
3206020
3206669
3209536
3209580
3213176
3214917
3218810
3219383
3219858
3221972
3223285
3223940
3226996
3227680
3228959
3229507
3230186
3230525
3230925
3231540
3232073
3232309
3232569
3233106
3233876
3235405
3236054
3236400
3236595
3237305
3237347
3238372
3239326
3245946
3246317
3247935
3250137
3254291
3254372
3254587
3255278
3256819
3257761
3257954
3258184
3258848
3259493
3259617
3260127
3260267
3263040
3263843
3264893
3265990
3266078
3267249
3268118
3268812
3269623
3270568
3270730
3271161
3271568
3271648
3273629
3275205
3276141
3277574
3277746
3278423
3278611
3283293
3283488
3301582
3304348
3305115
3306233
3306592
3307385
3308284
3308692
3309096
3309725
3310068
3310613
3311266
3311527
3312321
3315503
3316153
3316288
3316363
3317152
3317163
3317621
3317869
3318111
3318244
3318796
3320825
3323833
3324392
3324531
3324860
3326025
3326497
3327426
3328094
3328154
3330303
3330948
3332170
3334265
3334975
3335814
3336157
3336468
3337497
3339068
3339629
3342074
3342802
3343307
3343914
3344223
3345523
3346668
3349604
3352240
3352802
3353108
3355139
3357266
3360509
3362383
3362790
3365097
3365564
3366399
3367214
3368227
3368615
3369589
3369605
3371814
3372503
3373542
3373616
3374125
3374160
3374462
3374974
3376097
3376259
3377012
3377699
3378874
3379601
3379764
3380131
3380155
3380509
3381135
3381774
3383433
3384015
3384789
3385347
3386176
3387335
3388952
3391457
3397609
3398024
3398381
3402862
3403614
3404182
3405028
3406860
3408387
3409030
3410941
3413090
3413447
3416673
3423183
3424957
3425910
3426561
3427002
3427395
3427855
3428645
3429418
3430358
3431737
3432131
3432323
3432665
3450415
3451375
3451859
3452602
3454272
3455416
3455936
3456326
3456660
3458792
3459218
3459412
3460232
3460847
3463292
3463491
3464088
3464105
3464791
3465424
3466858
3467941
3468941
3469515
3470832
3471668
3472371
3473548
3474159
3474692
3475182
3475613
3476243
3476864
3477943
3478477
3479017
3479707
3480339
3481678
3482575
3483095
3483751
3484239
3486626
3487734
3488905
3489612
3490115
3490879
3491474
3492271
3492838
3493512
3496984
3497887
3498315
3498868
3499495
3499778
3500457
3500590
3501356
3501440
3501752
3502059
3502192
3502564
3503058
3503610
3505793
3506270
3508152
3509321
3511092
3511303
3513018
3514375
3518483
3519566
3520362
3521190
3521534
3521793
3521923
3522290
3522617
3522856
3523511
3524182
3525191
3525798
3526315
3527505
3528047
3528644
3528933
3529242
3530159
3531212
3533803
3534094
3537248
3537670
3538305
3538890
3539871
3540117
3540160
3540551
3541135
3541484
3542044
3544090
3544848
3545093
3546271
3547077
3547250
3547930
3549395
3549625
3550782
3551796
3552836
3552995
3553694
3554920
3556802
3557316
3557759
3559579
3560877
3561734
3562157
3562386
3563006
3564940
3565336
3565992
3566136
3566725
3566925
3566982
3567310
3567740
3567856
3568296
3568745
3568915
3569215
3569228
3570253
3570528
3570641
3572152
3573238
3574880
3575237
3576746
3577085
3578357
3578964
3580382
3580979
3581933
3582441
3582614
3583258
3600067
3601718
3602425
3603275
3604056
3604853
3605661
3606928
3608432
3609103
3611907
3612205
3612435
3612603
3613126
3613438
3613685
3613926
3614271
3614571
3614644
3614847
3615278
3615611
3616089
3619800
3620917
3622168
3622471
3623186
3623466
3623927
3625391
3626033
3627263
3627712
3627776
3628391
3628423
3628856
3629265
3629431
3629842
3630783
3631792
3631994
3632915
3633164
3633225
3633259
3633759
3635306
3636030
3636787
3636916
3637262
3637866
3638896
3638983
3639642
3639815
3640238
3640547
3640931
3641386
3641902
3643975
3644617
3645061
3645309
3645468
3645980
3646524
3646853
3647217
3647840
3657492
3659386
3660020
3664323
3666649
3666969
3667387
3667875
3668701
3669161
3669402
3672567
3672809
3673062
3673799
3674239
3674477
3675159
3675699
3678286
3679594
3680550
3680577
3681676
3681924
3682392
3682517
3683137
3683588
3684383
3685373
3686447
3689020
3689685
3689959
3690453
3691447
3692119
3694514
3695965
3696539
3696759
3696884
3697254
3697281
3697686
3697818
3698436
3698892
3699246
3700042
3701098
3702126
3702930
3704296
3705321
3705950
3707350
3707612
3707847
3708371
3713134
3715202
3715725
3716782
3716845
3717445
3718217
3720719
3721410
3721856
3722422
3723445
3725868
3726469
3726750
3727432
3727802
3729001
3730726
3731657
3731754
3732680
