10458.14
16803.32
25178.04
29842.13
32022.46
36627.41
43185.4
44241.16
47217.62
48050.65
53513.26
56910.39
57779.48
64951.3
65449.91
66488.36
67025.9
67732.27
77158.19
78960.33
84491.03
84800.01
85167.12
87469.91
94261.73
99733.82
103023.6
104549.4
106149
110181.6
110795.7
116708.9
126492.6
127229.2
129736.9
131304.1
131848.4
183410.6
184443.6
185129.4
199013.1
204681.1
206167.3
206643.6
212108.4
216542.5
219412.4
229849
234556.5
240658.5
241831.2
248661.4
250088.9
250652.8
254269.1
254951.9
257694.1
262759.5
271308.3
271776.5
325410.2
326297.1
327335.2
331799
332491.1
333701.1
335274.8
336859.7
338026.4
339994.6
340530.6
341246.9
345709.7
347719.5
348215.5
348905.9
350976.6
353309.9
353859.1
354499.2
355364.4
367042.4
368139.2
369936
370669.9
374795.5
378660.4
379433.2
382390.1
382852.6
383553.9
384439.2
385202.2
386931.6
388770.5
389269.5
390223.7
391048
400537.6
402771.8
403955.9
420013.7
420584.7
428416.1
450564.2
466868.8
470789.2
475741.4
476354.4
479937
481531.2
494820.6
496598.5
497379.8
524378.4
525256.4
528558.4
531993.7
535374.2
558172.5
561267.1
562445.6
563017.4
565160.4
566678.2
567743.6
572218.4
574182.4
580939.9
600477.8
600726.2
601794
602209.9
604484.1
609397.7
610763.4
614082.6
614654.6
619284
620512.4
631184.7
632091.8
637404.4
637923.6
638307
639054.5
640442.9
644410.8
645881.9
647411
688619.7
690707.2
711661.1
729029
729390.8
729960.3
750886.2
751045.4
751516
753554.5
754556.8
755117.9
755748.3
760298.7
762160.1
762747.2
768651.9
775447.2
775937
777589.2
781835.6
784189
789751.8
790127.8
790847.5
791226
792020.3
798119.3
801302.4
802780.3
804800.7
828459
831300.1
850937.1
853684.5
856000.4
857346.2
863348
867344.2
868214.8
869284.3
900653.1
902103.9
902582.6
903091.7
905416.9
908585.7
912607.9
913895.6
915285.7
918164.7
928117.9
935639.8
943952.7
972444.3
974042.6
977590.3
993752.6
1007220
1007837
1018356
1051028
1056692
1064315
1068213
1068687
1069187
1071792
1072928
1080948
1081714
1082240
1086530
1088529
1090269
1090871
1093869
1095437
1097861
1099804
1101073
1109535
1119678
1119699
1121343
1130680
1131376
1132384
1138203
1138896
1143381
1154979
1163021
1166058
1168915
1169777
1172334
1174999
1178231
1201979
1202527
1203082
1203567
1204857
1210836
1216159
1219216
1232931
1250179
1269234
1280755
1282884
1284157
1297350
1309139
1309583
1312929
1320649
1322870
1326994
1327502
1328446
1330368
1351317
1353293
1360291
1375428
1376101
1385754
1389710
1390198
1390976
1392066
1394737
1395522
1396168
1419687
1422490
1423115
1423901
1424619
1433215
1434187
1438464
1442831
1443261
1451434
1451947
1457130
1468418
1469127
1472611
1500117
1503956
1505352
1505440
1506279
1506813
1508989
1509669
1511056
1531817
1533166
1534414
1544452
1546541
1547132
1547479
1573153
1576214
1577555
1577914
1580877
1583509
1584979
1586367
1588114
1589307
1590825
1591426
1591942
1592586
1593023
1597163
1607845
1612951
1613641
1616025
1623307
1632915
1650372
1651131
1652850
1662129
1662915
1663586
1664304
1664520
1669623
1672477
1673207
1676634
1680986
1684402
1685299
1686367
1687171
1693554
1696358
1696872
1697353
1699016
1725899
1728961
1732340
1732758
1733330
1735659
1735915
1736822
1738117
1738432
1738781
1739809
1742762
1743620
1751216
1752658
1760168
1760951
1762488
1763073
1763635
1765495
1766010
1775147
1776145
1782720
1802664
1803442
1805593
1808962
1816551
1823740
1826066
1834922
1840904
1842609
1843445
1843947
1844667
1845885
1847192
1854879
1868524
1879108
1884839
1885302
1892238
1892442
1893076
1894053
1896893
1903629
1904158
1909161
1909582
1912348
1914005
1914462
1915032
1921366
1930106
1933095
1950312
1951197
1953782
1956238
1963961
1965520
1966063
1972389
1974738
1975197
1975793
1976351
1977479
1980497
1982847
1984454
1989896
1990701
1991079
1991449
1991862
1993245
1995682
1996390
2022580
2025772
2029212
2029409
2034888
2044784
2054084
2061470
2061972
2063217
2063974
2073134
2073862
2075352
2082196
2083124
2104732
2105872
2107111
2111892
2112527
2116920
2121849
2122948
2126422
2127015
2131292
2133444
2135457
2141545
2141964
2142556
2143174
2144421
2145055
2148543
2170995
2176119
2178920
2179638
2180414
2180993
2181412
2182463
2187001
2187774
2188452
2188966
2190434
2191167
2192110
2192621
2193166
2194183
2197423
2197770
2198132
2198562
2200512
2201155
2202303
2203754
2203997
2204898
2205628
2205960
2206397
2208454
2209793
2215905
2254047
2255092
2256762
2259487
2260124
2260789
2263194
2270911
2284031
2285722
2285807
2288247
2288643
2296265
2298167
2326192
2335081
2335327
2341599
2341783
2351684
2352501
2352962
2360211
2371591
2372524
2373687
2381652
2400379
2403729
2404139
2414315
2416232
2417218
2418941
2426713
2427444
2441849
2448684
2460778
2461774
2462547
2462934
2463574
2464737
2465256
2465958
2468964
2470310
2472061
2474834
2480922
2482162
2486094
2487224
2491497
2492729
2493794
2513234
2517508
2529123
2530651
2531803
2550341
2559674
2562403
2563201
2565419
2566533
2570975
2571642
2578677
2580654
2587565
2589551
2592470
2593587
2595888
2598040
2618079
2618863
2621394
2625179
2633280
2633847
2634971
2636728
2642427
2645113
2646823
2647882
2649340
2655716
2659491
2668739
2670817
2676511
2702113
2706450
2718872
2719864
2722450
2723321
2733626
2740321
2766692
2773074
2787275
2788697
2797351
2800114
2800593
2806955
2814916
2816354
2819364
2824595
2826596
2827745
2829011
2830615
2857092
2872451
2873050
2892110
2922147
2924783
2943392
2946608
2948507
2950385
2960173
2973420
2974163
2974644
2983255
3007198
3008945
3010660
3011762
3021598
3022537
3023188
3024836
3031069
3033264
3038230
3038864
3040077
3077440
3079857
3088876
3090988
3106861
3115069
3117712
3121003
3121273
3123552
3150565
3151158
3151298
3154815
3156188
3173656
3174034
3175310
3182460
3192581
3196961
3202024
3219327
3220152
3222928
3228550
3233899
3241936
3245141
3246348
3247186
3251593
3251710
3254388
3261108
3262217
3270511
3271275
3271726
3275524
3276724
3277227
3277811
3278399
3279018
3280662
3281134
3309005
3323500
3324219
3326398
3327546
3335138
3373476
3381342
3382632
3383422
3384028
3385197
3388216
3391164
3411554
3431667
3453578
3454492
3460053
3460557
3472028
3472942
3475274
3481546
3495879
3498699
3507190
3511313
3512721
3515073
3520094
3521062
3534682
3537814
3539623
3541766
3543997
3544432
3545541
3545973
3546433
3547123
3547853
3548751
3553131
3561386
3562168
3570353
3571319
3572931
3573464
3573969
3612965
3614108
3615892
3628570
3629117
3634136
3635061
3635690
3642813
3643931
3645008
3645675
3673092
3673985
3676468
3680679
3682166
3689092
3691101
3691298
3694124
3694639
3695083
3724480
3730145
3732107
3732932
3733359
