880.2739
2779.021
6672.825
10181.59
15890.56
17245.43
20009.5
21308.78
24444.33
35036.53
58609.4
59661.78
64843.02
66760.29
72786.33
74538.53
76720.72
77384.7
78863.49
87503.53
88765.94
89987.78
101969
102796.2
103855
116882.8
158831.8
167593.6
168950
169396.8
170968
171269.7
171573.7
172126.1
172355.6
172593.6
173152.1
173506.2
174039.4
177921.8
182617.4
192982
224743.5
238848.9
241567
242513.1
258944.2
259951.1
268419.4
300511.7
307958.1
324736.8
325434.5
328280.2
331572
335664.1
370371.9
376370.2
378205.9
378743.1
379165.7
380657.5
395952.6
414693.5
421234.9
421818.4
430977.5
492540.9
495451.3
498600.2
500155.3
515975.8
531653.1
533195.1
534456.1
535944.5
541542.3
542028.6
543270.5
551201.6
559968.9
561569.8
566110.7
577308
579273.7
610630.6
611000.7
611644.3
612151.3
614737.1
615147
615788.1
622885.8
623820.6
632483
633221.3
634311
639703.2
640354.3
647306.5
648473.9
659871.7
660329.5
660973.5
661608.5
664088.1
668568.6
674447.7
680429.3
683426.3
684111.3
717128.1
719693.7
725902
727717.9
750472.5
751385.4
755510.3
756481
765403.9
766614.5
773884.4
775378
780240.6
781165.1
781219.5
781759.2
782709.7
785742.6
789123.5
789681.5
790450.8
791644.6
792241.6
796434.8
798749.5
799875.2
808070.5
820911.4
840964.2
841728.8
842503
848621
856556.7
859986.5
862147.5
868248
877674.2
879363.7
900264.4
943668.6
950127.2
984593.3
985322.7
989305.3
998307.9
1000442
1015739
1017649
1020744
1021357
1023087
1051399
1053395
1053981
1054502
1089765
1093282
1094638
1097615
1098888
1117301
1143100
1150829
1154125
1157669
1158945
1161888
1165526
1174837
1176948
1177893
1217002
1232650
1233105
1233864
1238892
1242542
1245481
1255101
1265824
1266613
1268611
1278729
1281572
1283696
1284292
1286614
1287240
1288083
1295136
1295713
1318241
1330040
1354904
1416121
1416723
1440884
1445814
1454124
1460608
1481283
1518531
1522266
1572866
1573767
1576324
1581046
1585787
1593567
1594984
1609886
1614164
1627643
1659561
1664379
1669186
1682532
1747203
1773679
1781068
1822764
1840615
1851531
1885525
1915302
1954349
1998232
2028980
2029638
2076175
2122932
2123806
2128402
2138568
2181563
2254773
2281471
2441240
2525713
2655960
2715435
2740837
2814365
3084109
3092143
3097996
3119445
3227649
3462969
3484616
3664032
