2128.355
4168.466
6051.733
20899.45
21453.52
22357.27
23039.71
26319.29
28479.96
29771.69
34117.08
37898.31
43146.02
43528.2
44092.26
44520.6
47737.35
57951.88
69625.5
70009.29
70438.64
70887.63
72182.76
73565.63
78509.55
81774.42
82740.58
83207.82
83701.72
87673.99
88719.51
90172.24
93469.78
101243.4
105384.3
106827
110180.5
122387.7
130586.8
185605.7
186331.3
194620.5
196448.2
198013.5
201443.1
202264.9
203283.7
209498.1
210559.2
213897.4
215991.7
216881.4
222496.7
223232.2
223731.3
224356.4
239775.4
241290.2
243776.4
245172.2
246903.3
248348.4
248893
251754.5
261325.5
262111.7
262980.3
263469.3
264419.4
265437
266103.8
266902
268686.6
269562.4
270737.5
271819.7
272289.9
272796.2
273363.3
274932.4
275423.2
276264.6
277206.9
278668.8
300825.8
301669.1
309827.9
311091.4
313239.5
324173
324816.5
325321.2
340927.6
341493.5
342935.8
343999.8
344434.6
345345.2
346813.5
347826.1
348365.7
350036.3
352427.5
353750.6
371103
371625.8
375602.5
378411.5
381717.7
384545.8
385893.2
387639.7
389724.3
395881.4
397088
401749.7
402471.1
406846.8
407397.9
408037.8
408717.9
413252.6
413849.2
415022.6
416383.3
421328.9
422567.8
458373
476002.6
486455.8
495706.3
496991.4
497553
497941.7
498460.6
499708.5
500273.2
501375.5
501814.4
502188.6
502601.8
503083.7
506845.4
507406.3
507887.6
515502.5
517016.8
522714.4
525794.5
526253.8
526655.1
527291.8
527631.9
529206.4
530236.7
532745.5
533751
536147.7
536646.1
537061.5
538424.5
539066.2
539899.6
540502.9
541090.2
543283.3
546171.3
546773
551351.2
559413.8
559997.4
561683.6
562886.9
564542.6
569297.2
569764.5
575404.9
576096
579244.1
579814.8
582452.2
600240.7
607422.9
630242.6
631068.6
632117.9
634883.6
647574.2
648303
649278.9
650048.9
652402.8
653048.7
654394.3
655276
656641.1
657408.6
658591.2
659179.1
661401.5
662009.4
668439.4
668955
670793.7
672110
672501.1
673517.8
678272.4
680538.9
681641.4
683928.6
688792.1
701941.7
703190.9
715009.3
715678.7
716393
716926
717633
718855.7
721035.1
721546.9
721930.4
723797.4
725243
726256
728576.2
729242.1
729638.3
730059.1
730975
750189.3
751056.6
752326.9
754478.3
755725.2
756447.6
761105.2
763414.6
768790.9
771213.4
775580
779568.8
780719.7
781254
782021.8
782854.5
790949.7
792105.6
792755.9
797583.2
801306.2
805223.1
806431.1
820266.8
820914.7
822091.8
823123.1
823861.3
827572.4
829495.1
830129.6
831963
843395.6
843884.4
844469.9
844856.6
847462.5
848034.2
854676.9
862250.1
876862.4
878659.6
881437.8
882214.7
923788.7
924779.8
925558.5
927703.1
938433.9
939257.6
941115.3
943042.5
943783.3
945157.6
946480.8
950937.2
951454.5
952534.1
953213.1
954209.9
964705.6
967716.2
968827.9
969633
970243.1
971172.3
972132.9
972684.4
973451.1
975988.6
978828.6
979970.8
980468.8
980970.2
1012294
1017035
1017716
1022169
1022928
1023822
1024606
1025538
1026376
1027108
1028459
1030286
1032300
1051357
1051822
1052779
1054633
1055246
1057527
1061602
1071214
1071773
1072243
1073212
1074398
1077617
1079822
1081116
1087273
1092514
1094169
1095105
1095801
1096684
1097368
1104508
1120931
1123518
1124029
1124549
1126320
1138660
1140467
1150435
1151448
1154731
1155643
1156688
1158735
1160371
1164394
1176999
1178144
1179644
1180420
1181061
1181656
1182356
1205591
1208768
1211279
1212386
1214091
1231716
1237387
1238265
1241649
1242233
1244097
1244715
1245321
1246637
1247184
1248281
1248792
1250478
1252047
1270163
1271289
1275845
1276423
1276964
1280504
1281080
1281736
1285806
1286597
1286965
1287445
1288238
1289261
1293463
1295704
1300527
1305680
1306231
1309314
1316668
1320429
1321432
1322021
1323194
1323702
1324134
1326539
1329530
1331577
1352363
1355065
1357410
1360696
1367143
1368949
1370737
1371698
1372538
1372990
1376782
1379273
1380021
1381361
1382101
1393954
1394777
1398220
1401872
1411294
1412881
1413342
1413914
1424876
1426501
1427131
1427625
1429047
1432731
1434707
1436483
1437346
1438198
1445928
1447577
1448035
1450143
1450594
1451779
1457747
1459612
1461749
1463864
1465619
1477522
1478415
1479217
1482860
1505466
1524484
1526703
1527836
1528197
1528893
1529300
1529981
1530767
1534755
1541664
1542214
1542753
1543260
1543712
1544103
1544408
1546629
1548662
1549061
1549809
1550624
1557107
1560444
1564235
1565446
1571481
1572906
1590812
1591763
1592246
1592890
1594806
1595490
1596381
1597139
1597934
1612312
1613510
1614312
1615000
1615567
1616343
1617189
1620277
1620879
1621518
1622235
1623100
1624604
1653381
1656114
1662801
1665369
1666474
1668875
1674372
1676081
1676831
1678918
1680590
1682762
1685948
1688568
1689422
1690383
1703615
1704786
1705266
1706168
1721444
1747796
1749981
1750705
1751835
1753579
1754405
1755084
1757876
1758797
1762062
1773259
1776346
1779407
1780243
1780993
1781757
1800353
1800975
1805077
1807433
1807884
1808444
1809537
1810610
1814893
1817069
1829668
1830926
1832078
1832844
1841771
1842570
1843548
1844200
1844911
1853039
1853639
1854909
1856913
1860579
1862318
1863104
1863589
1864055
1878343
1878928
1879462
1879999
1881978
1883350
1885425
1887182
1887604
1888025
1890212
1890950
1892046
1914059
1914909
1917554
1918006
1918658
1919469
1925342
1928967
1930531
1931052
1931673
1950963
1952978
1953744
1954566
1956200
1957259
1958063
1958769
1963643
1970581
1972547
1973341
1974900
1976985
1978636
1981666
1987442
1988922
1991073
1993658
1994281
1995609
1996789
1999782
2001381
2002556
2003380
2006637
2007277
2008423
2009583
2010860
2011663
2012373
2015369
2015785
2016196
2018667
2024022
2025214
2025567
2026205
2042926
2046073
2046745
2047200
2047798
2049215
2056087
2057002
2065077
2065617
2066377
2067233
2074234
2074856
2076234
2078884
2101766
2102999
2103804
2104270
2104682
2105218
2105672
2106314
2128067
2128764
2129359
2131971
2133250
2141020
2142720
2143664
2144928
2146279
2146953
2151913
2153066
2153578
2153957
2154544
2155096
2156201
2160600
2161726
2163793
2167563
2174728
2175296
2175662
2176030
2176421
2176863
2182103
2183144
2183531
2188850
2189253
2189697
2190400
2192028
2194473
2198225
2199508
2201338
2203359
2205237
2205607
2206442
2209222
2211694
2212256
2213440
2213887
2250231
2251542
2252050
2252966
2253571
2254131
2254847
2255555
2256128
2260398
2261012
2262623
2264299
2264736
2265162
2267372
2268318
2269164
2269664
2270167
2270722
2271848
2272736
2273509
2274757
2276234
2276816
2278520
2279838
2280765
2286804
2289922
2290926
2291820
2292763
2294423
2299522
2300291
2301738
2357114
2369164
2369774
2379187
2380372
2381097
2381728
2400642
2402092
2402984
2405487
2408201
2409817
2410255
2411124
2412569
2418274
2420450
2426510
2426915
2427437
2427872
2428721
2429083
2429659
2430544
2431312
2436855
2437663
2438256
2439742
2441231
2441782
2442835
2443489
2444205
2446890
2447657
2448272
2448793
2449531
2450500
2450934
2452552
2453982
2456047
2457559
2458369
2459675
2460484
2461138
2461632
2462546
2465372
2466260
2467659
2468265
2468752
2473272
2474980
2475679
2476140
2476511
2477248
2479221
2479924
2484452
2486201
2486730
2487442
2488489
2490753
2491348
2494548
2494984
2496214
2505730
2522074
2522727
2523701
2524284
2525872
2529499
2530203
2530588
2531065
2531616
2573449
2577779
2590532
2591288
2592331
2593728
2594623
2595408
2596116
2597173
2597716
2598142
2598747
2600033
2600765
2601722
2603278
2604787
2605502
2606231
2606757
2607264
2607862
2608480
2610951
2613462
2614360
2615795
2618632
2619525
2620465
2622088
2628628
2635574
2636083
2637612
2639118
2640446
2642122
2643432
2645659
2646233
2647521
2648873
2649551
2650032
2650439
2651091
2654369
2680860
2681349
2682408
2683180
2701043
2701802
2702285
2702823
2703695
2704179
2704557
2704993
2707171
2713272
2716824
2726194
2727458
2728443
2729717
2734007
2735859
2738841
2741609
2742041
2742864
2744675
2746931
2747718
2750910
2751515
2752905
2753571
2755527
2755986
2756745
2757612
2758522
2762161
2762932
2763792
2771758
2772301
2772668
2772986
2773499
2775649
2778173
2778722
2779095
2779573
2780199
2783003
2783792
2786052
2797470
2798108
2802148
2806684
2808122
2813299
2814151
2818970
2821666
2822392
2823190
2850600
2852138
2855773
2857101
2857558
2858378
2859495
2860585
2862374
2863461
2863972
2864620
2866038
2867326
2869622
2877701
2878588
2880080
2880641
2885508
2886104
2886462
2886852
2888462
2892738
2893304
2895054
2895722
2897203
2899463
2900068
2900555
2901448
2901867
2902420
2902903
2904420
2908524
2922966
2928968
2930672
2931388
2934592
2935182
2936380
2937528
2943162
2943898
2944657
2945369
2945883
2946490
2949707
2950868
2951435
2958759
2968111
2969236
2975729
2976136
2976578
2978701
2982425
3000804
3001722
3002667
3006087
3011734
3018725
3024861
3026507
3033047
3033579
3034372
3036338
3041354
3043591
3049230
3049850
3057303
3058410
3059846
3060334
3095775
3096576
3099059
3103006
3103574
3104323
3106466
3107491
3110152
3110888
3111592
3111993
3112775
3113685
3129941
3166785
3167597
3169506
3170694
3171319
3172395
3173457
3174365
3174902
3175308
3175948
3176450
3176871
3177331
3178075
3179729
3180369
3181458
3181990
3182976
3183760
3185469
3186197
3187086
3193576
3195270
3196300
3200599
3202167
3203146
3208310
3208628
3209046
3209773
3210387
3212944
3213787
3230110
3230789
3231279
3231980
3233468
3233824
3234566
3235644
3242668
3251125
3251993
3253326
3255589
3256138
3256798
3257492
3258959
3260860
3261833
3262219
3262725
3263371
3265711
3267306
3279707
3280255
3281168
3282335
3302112
3302788
3306177
3306980
3307911
3308952
3309585
3310725
3311592
3312454
3314709
3315171
3315725
3316303
3317143
3320834
3322034
3326414
3327887
3328723
3329463
3330419
3331821
3333140
3338896
3339616
3340649
3341068
3342450
3344613
3347199
3347919
3348531
3350841
3351326
3351923
3352260
3352636
3353487
3358216
3359473
3360644
3361164
3375264
3378365
3379133
3380790
3381644
3383095
3384808
3385841
3386249
3386757
3387065
3387924
3403295
3405117
3407969
3409358
3410175
3412864
3417459
3418140
3419369
3420975
3421577
3423733
3424369
3425097
3428317
3428956
3433639
3472122
3483250
3483769
3503434
3504277
3504894
3505592
3516590
3517422
3541999
3542853
3543478
3544052
3544573
3545313
3547399
3548073
3548674
3549207
3549999
3550555
3553873
3554522
3555123
3556131
3557906
3558855
3559565
3561811
3563553
3565130
3567587
3568047
3568628
3569277
3570078
3570550
3571090
3572197
3572773
3573746
3574385
3576213
3577385
3577911
3579756
3580349
3581372
3583119
3612712
3614622
3615102
3615946
3618805
3619979
3629796
3639086
3639719
3640924
3643994
3650820
3652780
3654316
3655607
3656621
3659649
3665406
3667145
3681040
3682055
3682917
3686536
3688291
3689028
3689661
3690516
3691288
3699729
3700217
3706819
3708406
3712775
3732286
