3522.474
13501.4
14667.22
15709.07
16463.71
17451.04
18372.2
18844.11
21471.49
22106.62
22832.85
23789.94
26319.61
27510.84
32659.53
34170.79
45095.46
48001.36
48947.18
49604.05
51030.99
60790.38
61482.35
62102.25
63025.19
64272.24
64770.4
65138.4
65532.31
66309.56
66782.42
67723.19
68687.45
70565.35
71696.57
72165.53
72845.54
73512.61
74118.34
74942.18
75641.36
76229.34
77933.91
78496.46
79400.37
81714.9
82911.51
83627.43
84830.4
85383.38
85907.22
86553.97
87361.46
89237.59
89719.7
92171.87
93247.93
93789.86
94822.93
95750.35
97538.52
98220.84
99914.08
102204.6
102933
103544.3
104993.2
106613.8
108374.7
110289.5
111787.7
112754.7
115321
116014.4
117627
119692.8
120868.9
122799.2
124241.7
125914.1
127354.8
129302.1
132983.5
158914
159149.7
160232.4
161363.4
162535.1
163124.3
165963.2
166626.2
168550
169896.2
171089.4
172803.3
174488.9
182050
184199.2
185705.9
187595.2
239113.5
239778.9
240704
241519
242516.7
243389.8
252313.8
256407.4
256914.7
257420.2
258100.9
258883.8
259473.7
260707.6
263127.9
263854.9
264958.2
266206.1
266877.4
267563.7
268343.9
269465.1
270632.6
271234.6
272291.5
273177.5
273783.2
274426.2
275275
276216.5
277438
278102.8
279110.3
279261.5
279888.8
281343.4
283048.1
283674.3
300540.5
302363.2
303222.1
304278.5
304772.1
305598.9
307966.9
308615.1
312546.2
313517.2
314114.6
318953.2
319616.5
321516.5
324007.8
326007.3
327028.9
334583.5
335757.4
337295.5
338580.1
339059.4
339932.2
341192.5
342201.6
342951.7
344041.9
344971.3
345599.4
346205.3
347285.1
347833.4
348412.5
348868.2
349368.8
349916.3
350456.1
351571.8
361862.2
362784.8
363972.6
365290
366336.9
367995.9
368604.6
369934.1
371282.9
372015.9
372518.4
376094.2
376633.7
377507.3
379293.6
380390.7
381007.2
381501.6
382247.4
383327.1
384266.5
384834.1
385748.2
386686.9
387443.6
398820
399805.5
400805.8
401813.4
403264.5
403856.7
404314.4
404927
405704.7
407344.4
408482.7
409124.3
409778.9
410799.6
411790.3
412523.5
414451.5
415349.8
423774.4
425172.9
427846.1
478337.3
479374.9
487424.9
490795.3
491499.5
492020.1
492784.1
494372.1
494897.9
495424.2
496139.8
496704
498121.1
499079.5
506252.7
516281.3
517094.9
518812.1
519391.1
520345.2
521170.6
521890.3
523179.2
523755
524388.7
524855.2
525180.2
526215.8
526902.2
527353.3
528192.3
528743.3
531487
532272.5
533112.4
533470.9
534159
535001.5
535839.5
536437
537651.4
538852.4
539478.3
540605.4
543041.1
544309.4
545733.7
548013.2
550085.8
552878.5
553570.1
554573.9
556280.8
557281.3
558263.8
559239.8
559901.8
561163
562409.5
563569
564853.2
565491.2
566311.9
566972
567908.2
569331.5
570219.3
571898.8
572568.9
574065.1
575642.9
578706.1
581187.9
582352.4
622729.8
626890
629562.6
631113.7
631920.5
638464.9
639096.6
639548.8
639862
639890.5
640581.8
641286.2
641964
642543.4
643259.3
643932.1
644459.3
644965.7
645411.4
645992.7
646485.3
647191
647720.5
648095.6
648581.6
649201.7
649777.2
650393
651112.8
652816.3
654623.3
655360.5
656243.6
658118.9
660112.5
662866.1
663364.4
663981.2
665909.9
669455.4
701748.1
702982.1
704262.8
709075.3
709679.6
709695.5
710344.4
711039.7
711579.9
712042.6
712512.3
713406.7
713923.8
714982.4
715520.8
716434.8
716994.4
717729.2
718670.8
719479.4
720021.2
720418.4
720971.8
721511.8
722058
722643.9
725039.9
726265.9
727117.2
728315.4
728829
729216.1
729948.3
730552.8
730924.6
731447.5
732057.5
732447.1
732823.7
733304
750106.5
752945.4
754545.8
755412.1
757697.3
759806
761652.6
765578.7
766246.1
767223
768299.1
769067.5
769742.1
770843.3
773476.2
774339.9
779159.5
780201.2
782532.6
783587.7
785464.2
786118.6
787505.8
788823.4
789595.2
790493.4
791202.1
793527.6
794217.1
794994
795654.5
796478.7
796535.4
797179.3
798505.5
800647
802406.6
803104.9
804751.4
806214.8
806843.2
808182.9
810047.5
811629.3
812881.4
813725.1
814264
815103.2
815607.8
816467.2
817273.4
818873
820983.4
823770.1
826286.6
828102.2
828780.9
829667.4
832132
834433.5
835065.5
835974.1
837066.8
838013.6
838918.8
840835.4
842856.6
844316.9
846042.4
847329.5
848338.1
849163.9
850115
851121.5
851775.3
851801.1
853030.1
859844.4
861908.9
865509.1
867329.1
869720.1
870437
871130.2
872298.4
873396.6
875014.4
877538.9
882862.3
900381.7
901313.6
902370.7
903396.1
908730.4
910260.4
912399
923559.8
924802.4
926336.1
927794.4
929715.4
930654.7
932606.3
933543.1
934259.3
935214.2
936024.2
936736.6
940019
941406.9
943613
945124
945972
947207.4
947928.8
948883.4
950523
951683.6
958240.6
958867.1
959868.5
960804.7
961187.2
961611.2
962475
964056
964634.9
965267.1
965801
966332.7
967291.3
968227.6
970040.9
970832.3
972711.3
973546
974222.2
974913.9
975676.6
976403
977052.3
978467
979168.7
980700.7
982802.5
983771.6
984758.4
1001809
1004037
1004950
1005713
1006696
1007334
1008026
1009179
1011729
1013283
1016214
1017223
1019023
1020083
1021241
1022374
1022511
1023671
1024895
1025543
1026207
1026982
1027691
1028427
1029274
1029890
1030561
1032348
1050167
1050858
1051480
1052117
1054084
1055074
1061190
1062662
1063487
1065010
1065518
1066132
1066856
1068687
1069869
1071064
1071795
1074363
1075807
1080548
1083374
1085182
1087262
1088236
1088994
1089640
1090508
1091253
1091939
1094420
1098096
1098854
1099280
1100137
1120131
1121186
1123671
1124886
1127507
1128401
1130085
1136551
1140088
1140868
1143083
1145581
1147505
1148444
1149839
1152861
1155224
1155863
1156633
1157135
1157957
1158748
1159870
1163727
1171204
1172352
1173602
1175440
1176215
1176980
1178069
1178941
1180290
1181591
1201767
1203167
1204267
1206042
1209726
1213996
1214779
1215694
1216886
1221488
1224125
1224823
1227020
1228573
1229772
1232960
1233608
1234292
1235878
1238426
1239610
1241307
1242312
1243076
1243836
1244524
1245694
1249319
1250090
1261054
1262168
1264086
1264751
1265271
1265853
1266669
1267969
1268685
1269201
1269872
1270281
1270927
1272067
1272860
1273831
1274515
1275512
1276024
1276517
1276623
1277721
1279350
1280644
1281098
1282283
1282855
1283314
1284029
1285212
1285971
1287560
1288519
1290222
1290932
1291705
1292375
1292936
1294985
1295841
1296753
1298516
1299275
1302686
1307305
1310485
1313184
1314085
1315392
1317430
1318137
1318707
1321004
1321781
1323175
1323795
1324168
1324950
1325840
1326660
1327329
1329226
1351101
1351982
1352751
1353629
1354227
1355101
1356885
1357774
1358867
1360278
1362743
1364729
1368760
1370473
1373618
1375545
1376186
1376943
1377615
1378563
1379189
1380440
1381301
1382610
1384014
1384892
1385968
1386649
1387283
1387872
1388591
1389497
1390340
1391092
1391767
1393499
1394070
1394803
1395635
1396212
1397400
1398944
1399577
1401893
1413399
1414405
1415051
1415696
1416995
1417803
1418341
1418980
1420060
1420726
1421322
1422033
1423861
1428440
1429124
1430584
1431188
1432704
1433473
1435393
1436414
1437059
1438478
1439482
1440049
1441117
1442121
1443175
1445983
1447405
1449185
1450038
1451417
1453622
1454314
1455337
1456201
1457313
1458319
1459692
1460388
1461176
1461817
1463276
1463862
1465075
1465884
1466460
1467539
1470518
1471549
1472284
1473278
1473872
1477246
1477930
1480025
1481283
1481965
1503891
1504672
1505904
1506935
1508267
1509016
1509978
1511897
1512763
1513350
1513883
1515376
1516242
1517040
1518240
1519446
1521265
1521918
1523113
1523815
1524999
1528175
1528846
1529971
1530725
1533193
1534203
1536231
1539618
1540636
1541579
1542448
1543186
1544425
1548830
1552332
1558805
1564088
1565668
1566196
1567008
1567689
1568734
1571319
1572176
1573931
1574704
1575676
1578383
1579714
1580441
1581618
1582872
1584050
1584981
1586017
1586970
1587743
1588192
1589237
1590840
1592667
1593744
1595581
1596308
1596962
1597974
1598476
1599272
1600207
1601378
1602411
1603670
1604848
1605575
1606708
1611136
1613900
1615280
1616343
1617464
1619297
1620031
1622474
1623089
1623821
1626958
1629271
1631073
1632091
1650532
1652039
1654852
1658481
1659552
1661588
1662403
1663469
1664467
1665321
1665921
1666853
1667698
1668249
1668891
1670037
1671098
1671698
1672567
1673094
1673536
1674092
1674862
1676105
1676726
1677382
1677928
1679348
1679958
1681812
1682665
1685855
1689581
1692509
1692948
1693489
1694041
1695939
1697192
1698401
1698987
1699499
1721122
1724944
1727561
1728802
1729622
1730096
1730873
1734013
1737009
1741232
1744559
1758001
1758604
1760779
1761262
1761709
1762382
1763831
1764481
1765227
1768448
1772445
1774363
1775996
1777936
1778740
1780816
1781833
1782679
1800845
1801459
1802616
1805688
1849969
1852388
1864982
1865962
1870220
1871108
1872049
1872744
1873353
1874117
1875513
1879934
1881356
1883823
1885412
1886981
1903895
1904677
1905152
1905900
1906708
1907785
1908729
1950477
1951427
1952384
1953466
1997850
1998750
1999317
2000488
2002609
2003313
2004175
2004895
2005690
2006450
2007200
2008508
2009665
2010283
2011015
2012337
2013350
2013918
2014335
2014765
2016326
2017380
2018308
2019072
2036474
2037680
2038780
2039825
2040555
2041478
2045272
2046210
2047594
2048956
2057549
2058479
2059533
2060747
2062679
2063845
2069172
2112642
2125177
2126081
2126921
2128335
2130355
2131251
2132221
2133163
2133719
2134490
2136666
2137313
2138245
2139165
2139788
2140781
2142344
2144825
2151236
2156192
2157332
2158313
2159294
2163894
2164795
2165619
2166463
2167581
2168154
2168949
2170071
2171074
2171901
2172896
2173647
2174410
2175111
2176187
2176853
2177424
2178225
2178722
2179770
2180384
2181161
2181891
2182505
2183272
2183731
2185349
2186021
2186872
2187453
2191529
2192819
2193783
2195394
2196005
2196648
2197427
2198828
2199326
2199922
2200770
2202960
2231429
2232218
2250578
2251127
2251876
2252521
2253579
2254259
2255068
2255860
2257252
2258152
2259470
2260374
2260945
2261461
2262012
2262811
2263916
2265761
2268213
2269098
2269845
2272782
2273831
2274683
2276026
2276903
2278028
2278930
2280220
2281246
2281739
2283500
2284128
2285115
2287445
2289047
2289989
2291076
2291714
2294791
2296307
2297073
2297842
2314644
2317236
2331054
2370438
2371670
2379263
2381075
2381781
2382459
2400585
2401431
2402278
2402962
2403816
2404998
2405717
2406555
2407206
2407950
2408711
2409718
2410912
2418865
2420407
2421344
2422281
2423216
2423920
2424895
2425494
2426081
2426609
2427139
2427740
2428619
2429381
2430271
2431758
2432287
2434709
2435353
2436942
2438600
2440495
2441729
2443547
2444921
2445663
2446519
2447771
2449902
2450595
2451477
2453046
2454223
2454954
2456675
2457972
2458796
2459706
2460835
2461417
2462195
2462722
2463511
2464135
2464686
2465520
2467028
2467654
2468256
2470063
2471948
2472831
2474194
2474924
2477138
2478898
2479606
2480885
2481984
2482893
2486087
2487871
2490179
2491113
2495040
2496688
2497861
2499556
2500891
2515939
2517931
2518719
2519317
2520160
2521281
2522057
2522609
2523191
2524175
2525382
2526655
2527666
2579603
2580509
2581799
2584402
2585083
2585874
2586927
2588987
2589979
2590593
2591309
2593585
2597552
2599321
2603271
2604195
2605133
2607020
2607910
2614821
2615359
2616021
2617137
2618307
2619600
2620404
2621902
2623471
2624042
2624665
2625413
2626259
2627401
2629108
2631101
2634821
2637596
2638408
2640438
2642598
2643249
2644065
2645169
2646440
2648174
2650169
2651332
2653041
2675104
2676124
2677493
2678394
2679275
2680115
2681728
2682509
2683045
2700808
2701749
2705590
2706369
2707682
2712652
2716008
2723178
2724470
2727444
2728383
2730172
2734364
2735236
2735861
2738231
2739091
2741028
2742033
2745184
2748637
2750448
2757830
2758886
2759790
2760639
2761950
2762973
2763583
2764028
2764760
2765281
2765983
2766789
2767587
2769181
2770962
2771965
2772738
2773587
2774305
2774681
2776546
2777017
2778289
2779355
2780229
2781712
2782830
2784727
2785830
2786653
2788166
2790819
2792419
2793258
2796783
2800392
2801984
2802928
2804711
2806143
2807868
2809154
2812087
2824205
2825610
2829373
2830660
2831405
2832456
2851525
2852354
2853722
2855232
2855847
2856464
2857025
2857985
2859685
2860474
2861464
2862846
2863662
2864617
2865745
2867768
2871659
2872423
2873511
2874435
2875111
2876937
2878496
2880491
2881712
2883009
2884434
2885735
2886589
2887267
2888409
2889116
2890303
2890866
2891433
2891990
2893043
2893890
2894413
2894985
2895764
2896335
2897259
2897853
2898504
2899448
2900149
2900785
2910469
2911488
2912698
2913208
2914370
2915308
2916883
2918336
2919454
2920770
2921363
2922467
2923980
2924994
2925679
2926692
2929730
2933701
2934910
2937086
2937942
2939360
2940308
2941722
2942808
2944291
2945521
2947095
2947791
2948361
2948877
2950614
2951537
2954080
2954861
2958307
2959438
2960223
2960882
2962034
2963620
2964296
2968064
2968727
2969963
2970819
2972785
2973791
2974880
2976488
2976951
2977608
3000343
3001472
3002733
3003675
3007412
3010032
3011088
3013481
3015465
3021795
3023756
3025201
3026641
3027634
3029353
3030986
3032397
3037449
3039453
3041067
3042476
3043492
3045106
3046627
3049218
3051135
3082295
3083129
3084612
3085668
3087409
3088861
3090518
3091624
3093524
3094193
3095730
3096433
3097825
3098740
3099865
3101072
3102158
3103695
3105663
3106272
3107129
3108446
3112060
3114861
3116569
3122305
3127315
3128393
3130797
3131553
3150998
3152812
3154556
3155776
3157621
3159164
3160014
3162692
3164676
3165232
3166070
3166911
3167700
3168493
3169456
3170425
3171158
3171974
3172699
3174102
3175241
3176079
3176949
3178146
3179406
3180090
3180624
3182202
3182786
3183488
3184231
3185299
3187190
3187739
3189497
3192352
3195373
3196278
3197549
3198234
3218576
3220082
3221388
3223199
3224101
3224993
3225732
3226674
3227429
3228570
3229710
3230471
3231074
3231920
3233734
3234856
3237811
3239224
3240274
3242121
3244160
3246864
3249239
3249590
3251421
3253017
3253809
3254964
3256211
3258813
3262800
3268704
3271467
3272694
3275988
3278035
3279041
3279589
3280327
3281406
3283283
3302777
3305424
3306371
3307148
3308061
3309160
3309955
3311165
3312253
3314999
3320444
3322140
3323656
3325728
3326748
3327545
3328345
3329414
3329964
3331019
3331919
3333884
3335306
3336582
3337741
3338919
3340066
3341080
3341643
3342587
3344886
3345979
3347146
3349219
3352790
3354905
3355979
3364715
3366396
3367385
3368430
3369189
3369991
3370836
3373102
3374011
3374937
3375984
3378129
3379178
3379815
3380413
3381390
3382048
3382684
3383187
3400711
3401769
3403346
3404108
3404532
3405288
3407106
3408082
3408711
3409575
3410574
3411693
3412695
3413527
3414829
3415457
3419502
3423863
3426597
3427700
3430166
3430901
3431815
3432708
3461013
3462084
3464087
3466685
3469966
3470743
3492224
3526757
3527914
3530888
3533015
3534012
3535168
3536334
3537459
3538671
3539692
3540726
3541741
3542955
3545665
3548009
3549759
3550900
3551644
3554055
3554946
3556655
3557287
3558308
3558821
3560604
3561273
3562530
3563353
3564242
3565202
3565894
3567452
3568943
3569807
3573385
3573954
3574899
3575743
3576714
3577616
3578586
3579491
3580109
3580683
3581285
3581875
3607329
3609177
3610018
3612153
3614513
3616993
3617582
3618512
3624154
3629602
3631452
3632933
3633922
3640252
3641289
3642106
3643592
3646942
3647943
3648793
3650200
3664627
3665329
3666125
3667836
3668758
3669166
3670642
3671914
3672788
3674304
3676462
3677586
3683299
3688924
3691937
3693449
3694331
3695784
3696120
3696758
3697775
3698729
3702551
3703460
3704658
3705308
3707472
3708868
3711783
3719285
3721152
3721811
3722687
3723397
3724346
3725199
3726917
3727634
3731447
