1224.395
4664.969
5032.498
6817.868
7679.545
8322.421
9571.453
13674.25
14728.63
16163.28
19485.93
22948.73
23873.54
24515.54
25583.68
32114.29
34717.26
35879.99
37724.33
38826.7
46429.06
73440.4
130545.5
150331.6
156286.4
171527.6
172354.4
172867.4
177619.2
180483.7
193634.2
195377.9
273715.5
300671.1
301911.4
302589
310390.7
322446.6
328092.8
330368.9
333707.8
334756.9
336358.2
338178.4
340587.2
342941.3
344260.5
347635.6
366929.8
393582.2
426760.3
456128.3
456485.5
456953
484325.7
485915.4
491947.4
493701.4
495022.1
496441.8
497188.8
498241.9
530129.5
538900.4
543811.7
566855.7
569282.1
570794.3
603748.9
613735.3
613773
615490
617286.5
619412.5
620181.3
633191.3
634381.5
634827.7
636252.9
637114.9
650157.9
673647
698324.6
706245.6
708013.9
721350.9
750439.4
753565
754215.7
757521.6
757881.5
760220.2
763018.4
765096.4
785161.2
819340.5
824955.5
836801.3
859946.4
867383.1
916826.5
923841.5
924631.6
934963
938781.3
953145.1
1070579
1082011
1082460
1088540
1090704
1094695
1096782
1098581
1129738
1147442
1167846
1178507
1200743
1201344
1202662
1205007
1207624
1208339
1210575
1212042
1233974
1262533
1283749
1285149
1288735
1290467
1293525
1293964
1320872
1324088
1331592
1362091
1368007
1368737
1370065
1381503
1387477
1389078
1456462
1468964
1513693
1521130
1522235
1538835
1577916
1606544
1614246
1616841
1622525
1662586
1686480
1688524
1689512
1740203
1749716
1769737
1773101
1800658
1822443
1874800
1878713
1893521
1895114
1895937
1899862
2024409
2025998
2048171
2063819
2070027
2073837
2115759
2125098
2125660
2130340
2138134
2172019
2210711
2252918
2270499
2285048
2295374
2331292
2409595
2518854
2519398
2583496
2584848
2585725
2629233
2636711
2641761
2643994
2651832
2657009
2666532
2667113
2667810
2681527
2712495
2741132
2746584
2780969
2790824
2792361
2813206
2814456
2823216
2823806
2824701
2827801
2830096
2833192
2865228
2874330
2943190
2967078
2971797
3000925
3002790
3004424
3023483
3030174
3030681
3054312
3055951
3084732
3096547
3154916
3164539
3165096
3165542
3170798
3171929
3179991
3233058
3234818
3237305
3262583
3267939
3273087
3317817
3321176
3323036
3335238
3380244
3401399
3406990
3407861
3425354
3429737
3430429
3431004
3454527
3462861
3530322
3538227
3580334
3605396
3607609
3629935
3641895
3682578
3687356
3693183
3696386
3701469
