13305.59
14914.52
20068.11
27769.21
33877.53
38366.12
45638.65
50223.69
61494.97
72822.89
73873.37
74991.75
82168.92
101678.9
124300.5
151585.4
153660
159038
160602.8
164109.1
166446.3
167970.2
169435.6
171410.6
174420.7
193087.4
193953.8
195706.8
196645.1
212253.5
225913.8
256605.4
259954.5
269152.2
276256.2
277779
305776.1
307134.5
313504.3
314100.3
314826.8
316187
317209.2
324365.3
338295.8
339036.8
343477.1
348361.6
351070.3
387595.5
391604.4
392242.9
400353.3
401135.5
404918.6
406736
408776.3
417633.6
422806.5
424884.2
424912.9
425386.5
430443
451452.4
456040.1
457567
458795
472713.3
476862.6
512224.4
515038
518031
521818.1
525347.3
551104.6
551699
551709.1
552179.1
563550.1
566349.7
572977.7
600230.6
620012.9
621701.6
630293
632133.5
645126.8
697392.9
703368.4
709286.3
715812.9
720471.5
724290.8
724341.8
725921.6
731037.4
752951.7
754650.2
756235.6
796535.1
800875.9
801375.8
823678.1
826258.9
826822.2
841766.5
843057.3
848518.6
854868.4
877088.2
881589.6
901651.7
904416.2
921446
922594.6
923154.2
929377.1
932320.1
941246.3
943918.2
951370.1
967553.7
977478.2
978314.6
981121.6
982930.8
984212.3
989347.4
996963.5
997083.1
1004815
1006763
1007735
1023274
1031207
1033555
1070812
1071829
1075503
1075985
1079778
1081821
1083682
1084879
1091654
1100260
1126551
1130609
1132482
1133950
1138397
1139530
1139759
1143813
1151800
1156137
1167139
1173827
1179958
1180210
1180482
1182333
1200431
1201228
1206005
1215750
1222971
1235793
1240793
1242835
1246976
1248373
1268048
1271873
1273086
1275882
1290319
1295093
1296319
1302637
1307491
1309643
1311889
1315927
1316594
1324476
1325019
1355251
1355847
1356290
1367957
1377343
1378520
1402146
1460740
1468122
1507119
1509622
1514226
1520459
1527955
1529544
1532540
1538788
1539174
1547637
1553185
1569583
1573844
1574777
1586044
1586634
1588010
1603426
1604091
1604953
1605690
1610658
1611726
1614027
1616634
1618609
1619610
1620209
1620587
1624720
1628810
1629409
1632125
1651829
1652700
1656560
1657518
1658865
1661727
1670265
1671080
1676248
1682257
1688853
1690861
1714996
1741740
1750376
1766887
1805785
1806552
1808130
1823535
1824816
1828957
1840897
1842606
1851125
1869247
1869806
1872804
1873450
1878972
1879771
1890080
1890616
1893987
1894944
1896325
1905157
1906770
1908405
1910372
1912047
1916939
1922917
1923962
1928337
1962228
1964920
1973242
1987195
1988433
1989768
1990183
1990585
1992191
2000279
2001217
2017987
2034270
2036240
2037774
2045102
2054353
2055134
2068184
2068728
2075663
2076251
2100463
2101586
2102532
2104732
2110936
2117818
2120630
2125682
2127639
2174490
2175569
2176118
2177142
2177472
2177922
2191175
2193461
2200648
2201961
2202384
2203297
2204886
2207532
2213116
2214204
2216968
2220876
2276494
2280478
2282633
2283502
2284626
2288452
2292323
2292710
2319951
2321370
2322938
2331460
2336785
2350116
2352242
2358059
2363558
2366870
2371215
2382851
2405878
2406724
2409000
2412040
2415940
2417245
2422304
2427254
2451991
2461530
2462258
2463518
2464772
2466885
2469986
2483360
2503974
2517354
2519570
2523807
2528558
2531390
2553290
2573109
2573406
2586506
2595867
2597816
2599959
2600977
2602595
2606710
2607091
2608370
2610941
2611980
2620206
2625903
2646997
2647288
2654723
2672322
2706316
2709961
2715782
2717734
2724039
2727241
2727721
2740631
2751181
2782342
2792680
2799946
2802676
2811388
2821758
2832946
2859234
2860937
2868766
2871759
2877555
2880751
2895189
2896007
2903034
2908403
2937220
2943480
2973127
3018034
3023471
3024417
3056509
3075814
3076834
3082462
3083211
3085439
3115482
3115849
3117176
3150873
3176652
3184651
3191107
3193989
3203100
3227495
3239075
3261993
3273176
3274275
3279367
3282625
3306798
3318940
3319302
3322044
3328623
3333154
3333877
3346767
3350938
3354262
3372557
3374527
3393238
3398554
3399685
3401660
3410125
3411073
3412907
3415531
3418375
3422414
3423728
3424576
3425667
3465017
3465729
3470264
3495990
3516040
3517308
3519840
3533713
3536612
3562642
3570527
3620763
3622179
3622384
3624337
3629806
3630308
3630602
3632195
3642245
3645821
3647013
3649761
3665012
3666590
3668705
3669652
3672327
3678123
3679262
3679815
3679825
3682519
3690027
3691066
3697958
3714547
3722533
3729499
