24349.11
56840.16
111357.4
173512.6
245732.4
276454.8
309030.1
395275.9
423178
429884.9
514249.5
705422.7
814869.4
990848.2
1070818
1093010
1099348
1106994
1107925
1121608
1129904
1361998
1768209
1906543
1911585
1959999
2108393
2195712
2250762
2376640
2378346
2659840
2745008
2864891
2867683
2891697
2912237
2941501
2944000
2947794
3023120
3024497
3026181
3028334
3034738
3040559
3041343
3046524
3088788
3095259
3158946
3198528
3200802
3271720
3315537
3321340
3351829
3386576
3426266
3481491
3544047
3575660
3701768
3730329
