403.4855
2172.108
2183.489
3252.434
3905.709
5297.819
7474.22
8526.797
8805.027
9022.595
9339.078
9756.901
9938.5
10293
12001
14075.5
15670.43
16925.22
17239.67
20750.85
21580.43
22005.93
22618.97
23129.49
23498.89
25162.44
25887.68
28577.11
29144.88
29630.64
31415.68
31600.59
31631.91
33181.68
34397.39
36469.27
37428.59
37909.45
38518.42
43627.2
43819.44
44065.67
44651.55
45137.56
45874.74
46366.52
47152.42
48287.7
49460.86
50526.81
55981.42
63241.35
69664.46
71081.74
71614.35
71661.66
72549.39
74352.99
74379.56
74760.18
75840.51
77092.36
77819.2
78906.17
79219.38
79849.97
80243.42
80492.53
80833.78
81524.74
81569.71
81994.89
82416.21
82803.12
83085.27
83463.33
83481.92
83775.72
85726.28
86633.67
86765.48
87103.31
87722.58
91559.54
92031.91
92109.79
93290.76
93572.31
93968.45
94021.75
94226.54
94836.97
96220.5
96841.49
96954.24
98719.44
98773.04
99493.64
100274.7
101130.7
104601.5
105836.4
106610.5
109215.3
109993.9
111220.9
111873.8
112270.5
112706.9
112760
113266
113617.1
114048.2
115040.3
115493
116387.2
118498.1
119002
119248.1
120073.5
120861.6
121752.2
122457.3
126215.7
126886.8
127137.8
128260
132021.5
132948.7
153098.7
154209
156959.9
157459.4
157803.5
158006.1
158642.5
159065.3
159151.3
160015
160173
161063.4
162463.7
163587.4
164297.1
165810.5
166296.4
167552.2
168878.9
170467.3
171903.9
173371.2
175128.8
176467.5
178655.5
184658.8
185064.1
188436.9
189159.9
189769.2
190149.8
190225.9
190857.2
191370.5
192156.8
192314.1
194536.6
195385.7
195449.6
196269.3
196283.6
197574.9
198182.9
203136
208269.8
212776.1
213661.6
214377.4
215228.5
216042.7
217695.1
218665.1
222832.6
223994.3
224712
225379.8
226120.8
226538.5
226659.3
227684.5
231268.7
232014.8
235424.5
237908.8
240397.9
241049.4
241564.3
243197.3
243666.6
244449.5
246060.4
246202.6
246925.1
247598
247769.7
251878.4
252550.7
253091.2
253583.8
254083.4
254947.8
255741.4
256685.5
258352.8
258634.6
259220.5
259560.2
259912.2
260948.1
261481
261909.5
262480.4
263226.3
265611.8
268112.4
268271.7
268932.6
271066.2
272314.5
272579.6
273109.5
273248.7
274544.1
274700.5
275116.5
275212
275387.5
275709.2
276085.5
276648.5
276760.1
276805.9
277561.5
279199.6
280904.7
281867.5
281899.4
282456.5
300987.2
302318
302480.9
302569
303405
304005.4
304578.2
305692.1
306785.3
310054
312101.4
313557.4
314603.4
315867.3
316295.4
316630.2
317227.8
323020
323659.7
324247.8
326319.5
328104.8
328428.5
328693
329242.4
330883.3
332962
333702.5
334515.5
335008.1
335762
335779
338431.1
339432.8
339992.6
340344.7
340600.9
340748.2
340934.8
342283.1
344370.6
344544.8
346580.4
349335.9
350766.4
359305.6
360789.2
363286.2
363729.1
364302.1
365320
365902.6
366245.1
366697.4
367010.9
367375.9
367703.5
368289.7
369242.6
370198.9
371766.6
373214.6
373397.3
374327.1
374445.6
379406.2
380261.2
380486.1
382006.7
383636.6
384393.8
387137.1
387577.9
387958.8
388274.4
388582
389826.7
390966.3
391255.5
392271.7
392864.7
394240.4
395137.7
395725.1
396736.3
398128.6
398674.8
401566.9
402476.7
403909
404138.1
404585.2
405174
405964.9
406585.4
406770.5
407393
407446.2
407600.5
408006.4
408206.8
408806.5
410418.4
411152.9
412812.1
414336.7
415234.2
421099.7
421872.8
422618
423992.6
424495.7
424578.5
424854.9
426777.5
427273.8
429278.1
451328.4
454127.5
455004.7
455627.4
459840.6
460436.6
460499.6
460525.3
460982.3
461136.3
461368.1
461540.4
461789.1
461980.4
462387.7
462604.2
463565.3
464248.4
464689.5
465238.9
467178.5
468267.1
470997.9
472200.5
472307.5
472665.4
472840.6
473368.5
473540.6
474274
475146.4
475174.6
475531.6
475621.8
476117.1
476716.2
477063.8
477634.2
477711.6
480077.6
480506.4
480755.7
482362
483177.8
484670.4
486205.2
487118.6
489548.1
490668.6
492275
494756
495554.6
496101.1
496868.6
499159.6
499677.4
500245.2
501428
501886
502317.9
505488.3
507494.5
507792.9
508725.9
513216.3
514611.5
515228.8
515816.1
516378.5
517689.9
520695.4
521832.9
522522.3
523310.1
524015.3
524159.3
524971.5
524990.9
525382.5
526871
527291.9
527672.2
527701.4
528222.9
529011.2
529904.8
531002.2
531832.5
532564.5
533230.1
533956.8
534646.4
535035.5
535127
536084.9
537915.9
539599.4
544197.4
545130.5
546004.5
546653.9
547165.6
549432.6
550474.7
551544.5
553570.2
553700.1
556261.1
557141.2
557207.4
557239.5
558311.9
559725.8
560540.3
561748.8
564460.5
565495.9
566141.5
567581.1
567854.3
568415.2
569952.9
570474
571428.9
572075.4
573173.8
573903.7
575296.6
575978.7
577385.6
577550.8
577829.9
578652.5
578840.4
579273.6
580955.5
581077.1
581302.7
582405.5
583044.8
583307.7
602765.8
609715.8
611241
611940.7
613010.5
613136.3
615501.5
617097.4
619084.6
619254.6
619728.7
619851.4
620545.4
621021.9
621714.1
622439.1
622463.9
623973.7
624790.8
625513
626109.1
627365.6
627918.9
631010.2
633966
634950
637163.7
640232.7
641456.1
642445.3
643270.4
644029.5
646346.2
646590.6
646674.7
647148.5
647437.3
647758.8
647816.3
647831.6
649103
650664.3
651666.7
652172.8
653015.1
660928.8
664075.6
665047.6
668960.2
669513
671678.7
672666.8
672864.5
673615.7
676151.6
677404.2
677546.8
678298.3
678895
679031.9
679635.8
680338.9
681274.4
681403.4
682764.4
683303.2
683689.4
684512.5
684709.3
685213.9
686098.5
687224.1
687531.1
688525.9
690332.3
690532.5
690992.5
691520.7
691902.7
692365.4
692960.2
693025.4
693383.7
693541.7
693986.1
694991.6
697358.4
698825.8
699535.3
705023.6
705728.1
708253.9
709906.5
710983.4
711892.6
712163
712779
713108.7
713298.5
713512.7
714203.6
714459.4
717063.7
718114.8
719402.8
719626.2
720158.2
720325.2
721010.4
721772.7
722115.1
722894
722981.8
724237
724412.6
724784.8
725072.9
725259.2
725886.6
726191.4
726710.1
726716.7
726795.7
727596.5
728011
728456.4
728725.2
731749.2
732577.4
733033.9
733125.7
752186.3
752959
756630.5
757418.6
757864.5
763412.2
763595.9
764127.4
764861.3
765508.2
766062.3
766804.5
768433.2
768478.3
768934.5
770868
774831.9
777363.4
777460.9
780993.5
781943
782742.7
783816.6
786999.8
788306.9
788318.1
788363.8
790454.1
794851.8
796155.6
796521.9
796747.6
798587.2
799944.6
801047.4
804491.6
807093.5
815585.1
817752.9
819033.7
819119.1
819651
820330.3
821089.5
823172.7
826207
827408.1
830938.3
831619
832413.2
832423.2
833398.4
833869
834105.9
834256.4
834940.6
835601.7
836350.3
836451.9
836550.1
837711.1
838072.6
838169.8
839075
839335.9
839538.7
839837.6
840204.1
840525.5
840880.5
841516.6
845612
848712.5
849387.4
849949.9
849971.7
850693
851648.5
854229.9
854716.6
855571
856077.2
856294.2
856472
856704.7
856933.9
857344.2
857774.7
858545.1
859313.2
861687.5
863201.5
863619
863792.4
864836.1
864866.3
865226
866301.9
866594.1
869592.4
870056.8
871708.2
872859.5
874464.2
877433.7
878252.2
882617.4
901052.8
902015.5
904775.2
907406.8
908953
910860.1
912539.4
912895
913261.5
913697.4
913806
914272.1
914707.6
914849.8
916211.1
918806.6
919235.6
919603
923647.5
924173
924924.6
925793.2
926190.6
926498.8
926858.6
927217.1
928135
928832.7
932127.7
933344.6
934448.1
934874.2
937334.8
940152.8
940205.3
941544.8
944416.2
945553.9
946563.8
946892.3
947481.7
947549.8
948090.4
948556.1
949137.7
949497.2
949931.4
950333.5
950998.5
953411
954659.5
956350.8
962874.3
964915.9
966402
966875.7
967412.3
967522.6
968160.1
969014.4
969115.5
969506.8
969630.6
970010.8
970691.6
970846.9
971063.3
971329.8
971707
972663.9
972815.5
973605.3
973952.4
974176.1
974296.2
974567.4
974817.1
975055.5
975388.2
975886.4
975948.7
976049.9
976664.5
976962.8
977648.3
978748.2
981244.3
982840.9
983586.4
987737.7
988164.3
989782.5
990065.2
990433.8
991174.2
992486.2
993149.8
996772.9
996803
1000380
1001542
1002616
1003194
1003531
1004276
1004916
1006559
1008172
1010089
1010746
1011259
1012148
1013240
1014832
1015923
1016033
1019020
1019459
1019972
1020958
1022442
1023493
1024076
1024415
1024777
1026568
1027315
1028008
1028523
1028535
1029295
1029443
1031092
1032712
1053769
1055516
1055625
1056419
1059677
1060974
1061314
1061591
1061903
1061918
1061946
1062743
1063242
1065616
1066878
1071032
1071830
1074959
1076770
1083724
1085151
1086814
1087606
1088141
1093368
1094762
1094841
1095718
1097036
1103427
1104987
1105506
1108797
1111591
1115104
1116140
1119965
1120812
1121802
1122030
1122981
1123652
1124844
1126127
1126248
1126816
1127389
1127876
1128336
1129479
1130722
1131091
1131308
1131805
1132397
1132830
1134771
1134895
1136181
1136681
1138137
1138610
1138760
1139897
1140415
1140800
1142346
1142973
1143754
1144774
1145614
1146198
1146235
1146597
1146876
1147121
1147531
1148342
1149737
1149957
1150308
1151075
1151588
1153337
1154306
1155919
1156461
1158437
1160300
1162240
1164318
1165221
1165696
1166263
1166362
1166560
1168580
1169513
1170361
1176592
1176797
1177010
1177682
1177815
1180010
1180236
1180248
1180594
1181637
1181807
1182294
1182799
1183331
1200075
1200862
1202580
1203489
1204360
1207670
1208255
1208769
1209169
1209189
1209881
1210165
1210822
1212197
1217871
1218519
1219191
1219926
1220857
1221894
1222319
1222739
1223273
1223463
1228068
1228481
1229115
1229695
1230937
1231402
1231644
1232419
1234893
1237521
1238205
1238699
1239792
1240198
1240793
1241211
1243568
1243663
1244425
1244879
1245549
1246064
1247687
1249174
1249315
1254671
1260492
1261155
1264476
1265241
1267094
1268657
1270054
1270163
1270498
1270622
1271092
1272209
1274973
1276122
1278034
1278770
1279116
1279706
1279888
1280015
1280986
1281045
1281525
1281990
1282578
1283182
1283493
1284125
1284603
1286666
1287466
1288007
1288554
1289307
1289688
1290163
1290910
1291459
1292778
1294593
1295449
1298889
1299947
1300439
1301371
1302865
1304692
1305061
1305501
1306749
1307056
1307959
1310664
1310890
1312219
1313209
1314302
1315027
1315631
1319205
1321482
1324070
1330227
1331749
1333091
1350672
1351262
1352290
1353134
1353409
1353805
1354468
1354797
1355826
1356147
1356458
1357064
1357626
1359769
1360867
1361526
1361942
1362115
1362522
1363414
1363721
1364157
1364909
1365257
1365795
1366117
1366313
1366682
1366704
1366755
1368708
1370028
1372955
1373508
1373963
1374193
1374279
1374587
1375070
1375514
1376260
1376608
1377023
1377251
1377373
1378410
1379010
1380390
1381402
1382786
1383220
1386153
1388500
1393349
1395014
1399118
1399595
1400005
1401384
1402083
1402148
1404392
1409220
1410729
1415401
1416924
1419267
1419774
1420738
1421851
1422736
1423599
1423695
1425396
1425945
1426600
1427523
1428342
1428630
1428944
1429694
1429774
1430112
1430190
1430632
1431507
1431796
1433174
1434848
1435724
1435734
1436290
1437009
1439298
1441019
1441701
1442213
1442335
1445043
1445835
1446321
1446998
1447392
1448693
1448715
1449196
1449591
1450226
1450928
1453915
1454156
1454907
1454986
1455376
1455388
1455807
1455932
1456790
1457236
1457958
1458834
1464362
1465088
1465654
1466337
1467125
1467936
1468791
1469047
1472703
1477842
1478459
1479558
1482711
1483215
1501276
1502773
1510287
1510876
1510949
1511187
1511546
1511716
1511932
1512853
1512905
1515276
1515436
1515867
1517304
1524999
1525008
1525985
1526610
1527385
1531542
1533040
1533863
1534864
1535089
1535197
1535934
1537768
1540197
1541376
1541825
1542220
1542395
1542790
1543223
1546230
1547504
1548935
1549587
1549931
1550808
1551319
1553647
1554315
1555908
1556858
1560818
1567800
1568418
1570375
1571458
1572217
1572744
1574586
1574868
1575353
1575608
1576044
1576679
1577063
1577637
1578268
1578811
1580148
1580939
1583327
1583538
1583840
1584597
1589519
1591633
1592425
1594529
1596652
1597510
1598850
1600591
1601018
1601656
1602261
1603373
1603746
1605178
1606884
1609201
1610910
1611901
1613493
1614027
1614743
1614865
1615932
1617099
1619123
1619937
1620189
1620406
1621256
1623035
1623949
1624690
1624941
1625926
1626438
1626645
1626779
1627221
1628156
1628202
1628667
1629025
1629306
1629561
1629875
1630902
1650754
1651067
1652444
1652850
1653334
1653729
1654924
1655870
1658330
1659243
1661929
1665837
1666570
1667093
1667552
1668504
1673900
1675234
1675965
1676521
1677479
1678242
1681551
1683639
1684242
1691649
1692026
1692186
1692510
1692709
1693579
1693606
1694806
1695815
1695836
1696264
1696335
1697613
1698026
1698691
1701043
1704583
1706417
1706985
1708286
1710534
1715681
1716529
1716599
1716986
1717276
1717932
1719388
1719400
1719892
1720285
1720889
1721390
1721939
1723711
1724461
1724921
1725322
1725591
1725751
1726196
1726238
1727240
1727817
1728076
1728417
1728480
1729023
1729625
1729932
1732401
1733214
1736100
1737047
1737907
1740788
1743317
1743922
1744266
1744708
1745069
1745542
1745649
1745703
1746508
1747340
1747437
1751302
1753723
1754820
1755706
1755857
1759008
1759604
1760943
1761251
1761774
1762430
1762569
1763497
1764248
1765433
1765536
1770141
1770820
1771064
1771272
1772118
1772184
1772821
1774138
1774818
1775061
1775593
1775724
1776024
1776412
1777143
1778029
1778347
1779883
1780511
1781188
1801394
1801992
1803161
1803450
1803658
1804261
1804864
1805289
1805414
1806005
1806595
1806851
1807272
1807394
1808039
1808209
1809100
1809329
1809377
1810133
1812663
1814097
1815365
1815795
1815992
1816668
1818216
1818433
1819127
1819866
1826986
1827142
1827575
1827842
1828299
1831294
1832331
1833243
1833390
1834189
1835100
1835761
1836071
1836591
1837947
1840051
1840910
1845223
1845858
1846480
1849039
1851775
1852176
1853594
1854222
1854282
1856108
1857553
1858157
1858999
1859610
1861446
1862421
1863239
1865103
1868342
1871499
1872227
1872388
1872574
1872863
1873197
1873238
1873467
1873827
1874033
1874323
1874596
1874889
1875701
1876912
1877583
1878571
1881186
1882485
1885299
1885963
1887692
1892090
1892784
1893467
1894141
1898460
1898480
1899694
1901312
1902037
1902540
1903135
1906667
1908166
1908357
1908850
1909944
1911137
1911218
1912102
1912288
1913170
1916750
1917247
1918283
1919724
1920645
1921015
1921701
1922380
1923416
1924436
1925202
1926477
1928619
1929198
1929740
1929916
1930471
1931181
1932016
1932299
1932554
1932871
1933049
1950474
1951220
1951598
1952034
1952850
1953170
1953817
1954607
1954923
1959295
1959909
1961572
1965401
1967969
1968960
1969933
1970072
1970550
1970713
1971130
1971482
1971526
1972044
1972359
1973073
1977879
1978776
1978911
1979463
1980935
1981439
1982030
1982640
1984772
1985122
1985844
1986404
1987236
1987330
1988253
1988847
1989505
1989931
1990919
1992687
1993355
1994238
1994849
1996441
1997376
1997636
1998790
1999520
1999722
1999917
2001258
2001366
2002248
2007868
2013330
2014571
2015113
2016263
2016399
2017795
2018190
2018560
2019312
2019720
2019955
2020361
2025589
2028929
2029725
2031469
2032855
2033174
2033196
2033554
2040502
2040854
2040996
2041586
2041918
2041943
2042226
2042820
2043951
2046129
2046849
2047636
2048435
2048604
2049442
2049461
2049986
2053698
2058118
2058270
2058929
2062690
2062753
2064741
2065463
2066181
2067374
2068143
2070758
2071138
2072170
2073139
2074436
2076440
2079811
2080394
2081021
2081605
2106252
2107668
2107808
2108645
2109545
2110146
2110319
2112906
2112998
2113524
2113682
2113958
2114177
2114762
2118255
2119298
2120078
2127354
2129169
2129323
2129772
2130558
2132596
2133848
2134879
2137806
2138592
2141141
2141320
2142214
2146484
2148994
2151062
2152198
2156530
2158159
2160685
2163590
2164272
2164373
2164792
2165231
2165601
2165643
2169088
2170321
2170922
2171954
2172482
2172958
2173231
2173618
2173838
2174557
2174659
2176372
2179150
2180732
2180943
2181404
2181431
2181627
2182309
2182385
2182695
2183178
2183223
2183392
2184089
2184156
2184670
2184765
2185216
2185430
2185956
2186513
2186615
2187218
2187636
2187991
2188041
2188599
2189267
2189912
2189923
2190924
2193140
2195093
2195197
2197337
2197786
2198250
2198884
2199292
2199966
2201704
2202186
2204400
2205058
2205926
2206868
2208307
2208433
2208790
2209283
2211110
2216099
2216962
2217386
2217685
2218132
2218901
2219462
2220382
2226619
2228711
2229720
2229777
2232919
2250232
2250985
2251769
2252572
2253582
2254587
2255271
2257826
2259932
2261619
2261717
2262059
2262516
2262734
2264171
2264986
2265123
2265758
2266330
2266454
2267006
2267518
2267853
2267957
2268587
2268795
2269137
2269694
2269779
2270213
2270328
2271054
2271271
2274553
2277856
2281646
2282927
2283888
2284448
2284642
2285109
2285745
2285842
2286763
2289630
2291336
2292334
2292849
2292906
2293452
2293799
2294293
2294346
2294947
2295253
2295968
2296060
2296820
2297545
2298101
2299268
2301080
2305321
2308331
2310454
2314032
2314528
2314687
2316465
2317345
2322130
2322981
2325021
2325705
2325706
2326161
2326769
2327094
2327806
2329003
2331493
2333220
2334833
2336114
2336979
2337036
2337472
2337923
2339590
2341184
2341977
2342745
2343666
2344628
2345787
2346275
2349221
2350206
2351090
2351406
2351609
2351891
2352619
2354649
2355768
2358776
2359732
2360360
2360571
2360742
2361313
2362101
2363014
2363289
2365851
2367250
2372164
2373135
2374181
2378563
2379297
2379606
2380284
2383165
2400665
2401259
2401762
2402753
2403316
2403478
2404494
2405182
2405310
2406015
2406165
2406461
2406814
2407446
2407472
2411389
2411621
2412106
2413290
2413863
2414213
2414839
2415750
2418281
2421462
2422538
2422780
2423043
2424225
2424550
2425034
2426793
2427295
2427839
2428467
2428764
2430483
2431064
2431534
2431866
2433748
2434060
2435429
2436008
2437810
2438051
2438317
2441746
2442277
2442819
2443542
2444568
2444981
2445493
2448967
2450075
2452580
2454479
2454929
2455624
2457595
2458059
2459766
2464444
2465139
2468947
2469669
2471386
2472426
2472798
2473784
2474587
2475483
2475945
2476001
2476652
2476914
2477658
2478140
2478932
2481904
2483060
2483760
2484845
2486541
2487196
2487883
2490523
2493100
2496130
2502029
2502839
2503431
2505110
2508310
2509746
2513516
2515473
2516559
2517067
2518744
2518869
2518902
2519454
2519658
2520311
2522522
2523949
2524635
2524816
2525196
2525801
2526217
2526270
2526511
2527032
2527490
2527499
2527870
2528461
2528766
2529798
2530392
2530786
2550354
2550865
2551430
2551990
2552641
2553167
2553742
2554374
2557123
2557669
2558380
2558573
2559124
2561332
2561791
2562179
2563665
2564558
2565738
2566300
2567048
2568799
2569566
2569886
2570604
2571325
2572181
2572297
2572876
2575949
2577441
2578405
2579042
2582228
2582615
2583327
2584311
2584648
2584826
2585101
2585408
2589130
2589204
2590159
2590816
2591600
2597097
2597465
2598879
2601120
2602627
2604501
2605650
2606228
2610128
2613677
2614383
2616296
2623088
2625069
2625951
2626594
2626760
2626985
2627350
2627961
2628613
2628763
2630798
2631817
2633492
2634186
2635156
2636717
2637141
2637569
2637714
2638493
2638851
2638976
2639679
2639882
2640840
2641961
2645391
2652911
2653693
2656289
2657124
2657757
2659105
2662296
2663531
2664031
2664183
2664254
2664818
2664919
2665504
2666338
2666362
2667023
2667055
2667722
2667751
2668453
2672377
2673129
2674200
2674919
2675893
2676280
2676362
2676634
2677228
2677799
2677941
2678615
2680363
2680710
2700352
2701085
2705703
2706290
2706654
2707186
2707837
2708865
2710931
2711037
2711733
2712686
2713855
2714918
2715332
2715505
2716216
2717663
2718631
2719386
2722369
2725245
2726468
2727233
2728885
2733002
2733032
2734295
2734783
2735015
2741967
2742578
2742993
2743647
2744097
2744225
2744977
2745469
2745858
2745994
2746454
2747226
2747752
2748702
2749695
2749759
2750374
2751768
2755371
2757218
2758360
2759459
2760178
2760797
2768761
2768801
2770238
2771204
2771728
2772199
2772876
2773218
2774092
2774303
2774852
2775333
2776092
2777108
2777125
2777685
2778302
2779200
2779395
2779643
2780390
2780504
2780689
2781381
2781765
2782335
2782696
2782789
2783117
2785276
2785434
2787110
2789450
2789550
2790090
2790797
2791428
2791624
2792217
2792727
2792919
2793331
2793925
2795788
2796850
2797443
2797938
2798413
2799115
2799235
2799831
2800447
2802333
2806777
2807305
2807443
2807755
2808194
2808689
2808867
2809749
2810157
2811739
2813776
2814087
2814637
2816681
2817407
2817959
2818883
2818934
2820423
2820544
2821869
2822824
2823426
2823697
2824040
2824879
2825796
2827681
2833202
2852074
2852526
2853777
2853926
2855243
2855608
2857143
2857215
2858252
2859086
2859166
2863970
2864346
2864720
2868774
2871159
2872294
2873001
2873494
2873777
2875887
2876376
2876481
2877587
2877997
2879625
2879987
2880716
2881328
2883932
2885006
2885810
2886207
2888375
2888381
2888872
2889389
2889415
2890197
2890276
2891560
2892405
2893709
2894446
2894698
2895329
2896726
2897418
2898449
2899093
2899556
2900357
2900603
2901100
2901146
2902185
2902855
2907725
2908817
2909720
2910989
2912924
2914065
2920713
2921190
2921698
2922370
2923040
2923476
2924093
2924841
2925584
2925738
2926700
2927633
2927707
2928631
2929128
2929500
2940591
2940831
2941854
2944978
2945513
2945689
2946293
2946536
2946676
2947544
2949735
2950074
2951112
2952737
2954602
2956000
2956067
2956326
2956714
2958521
2960833
2962832
2963787
2965198
2965851
2966659
2966813
2967587
2969052
2971379
2972942
2976082
2976856
2978000
2978972
2979339
2980301
2981989
2983037
3000598
3000649
3001120
3001763
3003492
3004629
3005121
3006505
3007436
3008210
3008245
3008911
3010211
3011297
3011980
3012027
3013169
3013392
3013740
3014371
3014758
3015263
3016990
3018022
3018603
3024857
3033234
3033917
3036877
3037226
3038499
3039803
3040363
3043850
3044964
3045099
3045517
3045627
3046068
3046373
3046522
3049688
3052354
3056894
3059233
3059530
3061107
3068299
3070045
3071815
3074562
3077626
3079581
3080105
3080907
3081203
3081367
3082084
3082290
3083896
3083963
3086872
3087894
3088505
3089234
3090300
3090970
3091170
3091567
3091846
3094369
3095045
3095118
3095602
3095644
3096151
3096225
3096681
3097187
3099172
3099807
3101388
3102092
3102535
3102922
3103280
3105689
3107373
3107389
3109686
3112264
3114501
3123129
3126175
3128621
3150456
3151316
3151553
3151723
3152389
3155427
3158167
3161869
3164222
3165671
3166210
3166982
3167939
3172902
3173807
3173996
3175305
3176313
3177781
3177800
3178255
3180536
3181199
3181269
3181635
3182088
3183076
3183508
3183885
3184248
3184534
3184637
3184977
3185408
3186128
3186710
3186888
3190856
3192016
3192492
3193332
3193517
3194007
3194632
3196780
3198157
3199274
3201010
3201795
3203720
3204434
3205551
3206476
3206507
3206992
3207804
3208270
3209002
3210065
3210709
3210905
3213479
3216145
3217002
3217685
3218434
3219451
3219588
3220270
3223108
3225854
3227495
3227998
3228605
3229588
3230036
3230744
3231128
3231657
3232227
3232906
3234003
3234887
3235447
3235819
3245203
3246147
3246892
3247531
3247768
3248520
3250436
3254238
3255449
3257150
3257654
3257875
3259870
3260737
3261198
3261564
3261850
3263007
3263674
3264196
3265874
3266314
3267332
3270546
3270916
3271138
3271815
3272424
3273797
3274605
3276926
3280404
3282645
3282983
3303419
3304498
3305062
3305765
3306223
3306383
3307428
3308474
3310173
3310999
3311980
3313692
3316526
3317075
3320185
3320614
3320761
3323617
3323803
3324552
3325062
3326625
3327197
3327406
3327952
3328059
3330612
3330677
3331740
3333079
3334258
3334260
3334637
3335175
3335519
3336258
3337079
3337654
3338486
3339645
3339904
3340249
3340738
3341182
3341644
3341983
3342394
3342938
3347117
3347348
3350696
3353087
3353668
3354340
3357016
3357690
3367442
3368878
3371813
3372389
3372464
3372933
3373433
3373848
3374754
3375432
3376200
3377373
3377457
3378173
3378869
3379811
3380482
3381587
3381666
3382558
3382908
3383787
3385974
3387459
3390688
3392480
3394074
3394134
3394700
3399842
3401074
3409807
3410357
3411445
3414972
3415484
3416225
3419509
3419780
3420183
3420795
3421327
3424290
3425474
3427981
3429206
3431124
3433307
3451055
3451494
3452000
3452063
3453206
3453572
3455950
3460156
3460800
3461178
3462208
3462623
3462879
3465936
3467624
3467790
3468769
3469244
3469828
3471061
3471072
3472369
3472848
3473183
3475296
3477653
3478194
3478982
3479660
3479775
3480183
3480753
3480871
3482103
3482202
3482903
3484052
3484767
3485294
3485869
3487544
3488052
3488606
3489212
3491409
3491650
3491775
3492793
3493322
3493540
3493896
3494107
3494294
3494761
3495041
3499829
3500443
3502554
3504997
3505083
3505197
3505743
3506240
3506772
3507332
3507859
3509380
3509482
3512543
3514266
3515093
3515786
3516695
3520337
3521345
3522630
3523246
3523449
3524200
3524658
3525216
3525570
3525791
3527011
3527068
3527626
3528847
3530818
3530980
3531519
3531535
3532023
3532323
3534307
3535451
3536904
3539546
3539873
3540118
3540435
3540490
3541295
3541650
3542084
3542159
3542694
3543089
3543229
3543599
3543972
3544150
3544422
3544907
3545769
3545934
3546550
3546645
3547237
3550970
3552013
3552553
3554326
3555442
3557844
3561987
3562041
3563881
3569030
3569190
3571187
3572557
3572585
3574138
3574325
3574789
3574959
3575369
3576229
3577833
3578967
3579691
3580081
3580789
3581556
3582242
3582902
3583021
3583630
3609917
3610887
3612011
3612414
3612750
3613743
3614164
3614646
3615141
3616182
3616574
3616585
3617313
3619912
3624188
3624227
3625079
3625411
3625807
3626511
3626925
3629351
3630568
3630827
3633674
3634977
3636941
3637426
3642229
3644815
3645356
3646542
3647122
3647770
3650003
3650163
3650829
3651394
3651723
3652304
3652822
3652896
3654487
3655484
3657401
3657787
3658451
3658948
3661146
3661542
3662067
3662623
3663704
3664361
3666555
3670073
3675156
3675653
3677382
3677935
3679214
3679850
3680291
3681155
3681929
3682611
3684270
3685496
3686175
3688715
3688881
3689642
3690314
3692941
3694369
3694402
3694989
3696694
3696725
3697061
3697489
3698296
3700092
3700877
3702300
3703316
3703941
3706045
3707869
3714159
3719379
3719678
3720162
3720714
3721644
3723340
3724227
3724914
3725542
3728044
3728823
3730527
3730791
3732740
