1830.628
4749.837
5477.831
41530.21
42775.58
43420.4
43991.87
44618.58
45987.84
46515.73
47131.33
56653.27
66820.47
67594.12
69153.1
74648.18
76674.4
78819.1
80583.01
82543.62
83581.83
84894.76
85695.39
86384.34
92203.27
93558.34
95049.46
97104.28
98256.84
130155.5
152245.5
152993.5
165257.4
166367.5
167176.6
168579.4
181730
182714.3
184119.2
186982.1
192102.3
201958.7
202770.1
204034.7
205066.5
209005.3
209820.3
210556.5
211752.5
213309.2
214385.8
215814.5
219658.1
220524.4
221465.1
221884
222343.5
222912.9
223577.3
224649.3
225906.5
234969.6
242626.6
263675.2
266360.6
267088.4
275215
276216.3
278136.3
280422
281041.7
281619.4
301627.2
302087.9
302623.7
303148.7
304298.7
304812.7
305469.8
306011.5
307088.9
307726.5
308456.9
309069.6
309670.6
310590.7
315330.2
316084
318730.5
319402.8
320522.3
325182.5
325637.8
326148.3
326638.5
326978.9
327542.8
332783.1
333479.4
335658.2
337274.8
338893.5
346355.1
346491.8
354838.5
356572.3
360912.8
361920.9
362591.7
365705.2
366434.5
367816.1
368521.1
369356.5
370069.8
370768.9
371559.9
372262
372808.7
373321.1
373977.6
374682.7
375751.2
376765.4
377250
377682
378643.3
379154.6
379729.2
380672.6
381461.9
381832.3
382355
383163.9
383580.1
384490.9
385130.3
385707.8
386768.1
389040.1
390287.4
393963
395467.7
395939.7
396803.2
397695.3
399462.3
400054.7
400635.9
401123.8
401674.1
403430.1
405298.7
405938.6
406585.3
413751.5
414391.4
414443.5
414931.7
416000.4
416464.7
420459.5
421224
427043.3
428819.4
429538.6
429932.8
430402.8
430851.4
431400.3
432236.7
432843.3
433407.7
451661.1
452095.6
452603.9
453314
453840.9
454608.1
455549.7
456303.5
457058.2
457765.8
458548.5
459984.2
461153
463164.7
464189.6
465059.3
471179.1
472192.5
473154.9
473824.9
481341
490533.7
519673.4
521064.6
521866.4
522923.1
523609.4
524911.5
525653.8
526758.7
527883
528652.9
529623.5
530089.6
530590.6
531031
531967.6
532670.8
538152.5
550828.9
551895.6
557648.5
558381.8
569758.8
570332.9
571235.1
571954.6
574892.2
576127.2
577007.2
577766.5
580271.1
580766.2
581271.2
581864.4
582535.7
600398.3
601058.8
601826.9
602947.1
603589.6
604619.6
606615.3
608427.6
612558.9
613549.4
617757.2
618297.5
626813.5
631703.6
632174.4
633376.5
643739.7
644151.1
644735.5
645240.6
646930.4
654244.2
654875.5
655574.4
656150.6
663903
673200.8
679856.8
680568.7
681196.5
682035.6
682551.8
683282.4
683727.9
684452.8
685198.3
685694.9
686282.7
687846.4
688382.8
694688.9
696210.5
697122.2
697908.8
699352.5
700236.4
701477.5
702347.8
703859.8
704448.1
705947.5
706600.1
707430.6
708290
711553.7
713120.2
713670.2
714581
715503.2
716013.2
716439.9
716943.4
717485.7
718053
719040.7
722524.5
723594
724177.3
724688
725587.6
727024.6
730933.3
750822.8
752051.5
753149.2
753981.3
755256.8
755643.2
756332.5
756730.8
757277.3
758953.1
760176.3
760783.1
762404.6
768202.5
768916.6
769426
772680.8
775055.6
775494.2
776372.2
777620.6
781500.3
782523.1
784436.9
786206.9
789017.1
789547.4
790265.4
792059.4
792768.9
793771.6
794509.4
802615
810037.5
810598.4
817373
825753.4
827355.4
831130.2
831580.5
832852.7
833726
834321
835047.8
835636.4
836830.5
837898.9
840370.7
841421.6
843342.5
844832.7
846977
848086
848878.4
850344
851357.2
852769.3
853248.4
853962
854376.7
855057.4
856472.5
857914.1
859355.8
862966.6
863558.1
864300.3
864857.8
865355.5
868708.1
869377.2
870613
874766.2
875951.9
877062.5
901586
904018
906436.2
907975.2
922446.9
925891.8
926415
926940
927666.5
931129.1
938979.6
940442.5
941742.3
953209.5
953961.1
963845.2
964967.9
966395.8
967646.1
969384.5
970452.2
971165.6
981989.5
982676.5
984857.7
985736.3
986441.8
986935.8
987417.5
987877.1
993820
995141.8
996153.2
997791.9
1002269
1004333
1005194
1006840
1007510
1008032
1008730
1009297
1009900
1010347
1010790
1011865
1012714
1015433
1016257
1017067
1017806
1018435
1019753
1020816
1021770
1022239
1023063
1023874
1027757
1028846
1050091
1050658
1055438
1057285
1058891
1060473
1061722
1063241
1063869
1064392
1067903
1069722
1070423
1071011
1071575
1075123
1077793
1078788
1080378
1086521
1089662
1102132
1104937
1105485
1106091
1107553
1109267
1115436
1116303
1117443
1118483
1118824
1119698
1121653
1134317
1140978
1142236
1144308
1144942
1145251
1146499
1148592
1149849
1150678
1152583
1156036
1156630
1157626
1158531
1159033
1159740
1161097
1161441
1163886
1164519
1168135
1169102
1169727
1170558
1172455
1176461
1177146
1177847
1178733
1179732
1181887
1182848
1183650
1200664
1201998
1202530
1203127
1203775
1204472
1205817
1206524
1207134
1208321
1211047
1211769
1212608
1213169
1213625
1214063
1214644
1215258
1215890
1217275
1218644
1229463
1230789
1231311
1231699
1232194
1232788
1233191
1237600
1238295
1244430
1245329
1247431
1248327
1256948
1257551
1260125
1262936
1270426
1271092
1272552
1277546
1278169
1278966
1279545
1280140
1281165
1282964
1283389
1284266
1285178
1286689
1287484
1290878
1291347
1292654
1293511
1295743
1296909
1297482
1298083
1302077
1302835
1303433
1303885
1304403
1305060
1307701
1308441
1312800
1320885
1323758
1332977
1351195
1352356
1353180
1356366
1357876
1364294
1369828
1393201
1394488
1398325
1398672
1399012
1399344
1399633
1399988
1400473
1411867
1413011
1416073
1416762
1417463
1419347
1423752
1424322
1424872
1425340
1425875
1426317
1430470
1431165
1431892
1432860
1433659
1434629
1435187
1435711
1436648
1437415
1441872
1442828
1468964
1470159
1477899
1479282
1480896
1481816
1483281
1501131
1501675
1502818
1505805
1506631
1507274
1508049
1511788
1514956
1516219
1516681
1517091
1517800
1518389
1518995
1519603
1520465
1522383
1523224
1525567
1527225
1527918
1535747
1537491
1539982
1541073
1542852
1549002
1550052
1551492
1554455
1555788
1558313
1559403
1563988
1564558
1565039
1565315
1565976
1566380
1566919
1567476
1568074
1568611
1569469
1570302
1576682
1577647
1578012
1578505
1579002
1579331
1579647
1579958
1580255
1580619
1581012
1581334
1581650
1582132
1582447
1582783
1583088
1583507
1583904
1584259
1584751
1585068
1585430
1585746
1586680
1591780
1592767
1593516
1594373
1595777
1598620
1600396
1602694
1604405
1604893
1605550
1606505
1608677
1609305
1610165
1612027
1613383
1614335
1615178
1615758
1616057
1616665
1617258
1617964
1618974
1620060
1620528
1620784
1620858
1621187
1621881
1622788
1626783
1627697
1628407
1628924
1629682
1630639
1631428
1632153
1656134
1656924
1659184
1659640
1660518
1661082
1662667
1663702
1664391
1665107
1665887
1666946
1669530
1683768
1684996
1695445
1701068
1706880
1711456
1716820
1717652
1718209
1718821
1719319
1724118
1727001
1740424
1741671
1742494
1745662
1746410
1746816
1746965
1747679
1753643
1754088
1754676
1755149
1755609
1774603
1775640
1776133
1776839
1777524
1806177
1806721
1812915
1813956
1814895
1816079
1818976
1824485
1825712
1826375
1827236
1829556
1830936
1831558
1832266
1833076
1834403
1835203
1835645
1840703
1842758
1843420
1843908
1844543
1845286
1846099
1846963
1848121
1865120
1875353
1880657
1882950
1886945
1908786
1910663
1918212
1924074
1951382
1952459
1954954
1956252
1957947
1958506
1959066
1959720
1960298
1961020
1962383
1963282
1964046
1964762
1967522
1969965
1995932
1996568
1997707
1998733
1999366
2e+06
2001050
2001748
2002471
2003184
2005082
2005705
2006597
2007228
2010383
2020495
2036062
2037367
2040302
2041426
2044266
2045148
2046292
2046717
2047706
2049352
2050135
2050584
2051009
2051660
2053001
2054213
2055170
2055310
2055916
2056561
2057474
2058301
2058794
2059420
2059845
2062330
2063160
2064379
2065596
2066538
2069111
2072229
2072931
2073622
2075187
2075712
2076216
2076267
2077298
2078054
2079058
2082773
2101858
2106721
2109280
2112106
2112812
2113971
2120187
2121054
2129125
2131396
2136111
2138112
2139861
2141752
2144934
2151393
2152308
2157487
2158367
2171288
2172018
2172562
2173133
2175068
2175549
2176269
2177084
2178790
2179743
2181102
2182271
2183258
2183395
2184019
2184580
2185264
2185717
2186252
2189564
2190390
2191342
2192330
2193388
2197667
2200411
2200867
2201556
2203337
2205691
2206392
2207432
2209066
2210490
2211366
2212298
2218827
2220128
2221691
2223184
2226945
2227489
2228817
2250559
2250939
2251234
2251554
2251895
2252180
2252688
2253171
2253674
2254588
2263592
2265040
2266444
2276730
2277358
2278235
2281239
2282306
2291060
2291976
2292823
2293494
2293897
2294620
2296201
2298615
2316145
2317708
2319203
2320726
2321778
2331585
2332473
2334387
2334589
2344195
2345826
2346926
2348104
2350845
2351533
2354101
2355214
2357018
2359009
2360847
2364373
2368814
2369449
2369972
2370767
2372137
2373421
2374260
2375128
2380108
2403296
2406547
2408242
2416447
2421962
2429214
2429681
2431462
2432696
2433634
2434188
2435132
2441384
2442415
2443776
2444905
2446060
2447242
2449931
2451510
2457663
2458373
2459027
2460107
2469334
2469996
2491104
2491837
2492488
2494331
2499004
2507313
2508360
2509311
2510655
2511632
2512498
2513550
2514171
2514662
2515455
2517620
2519353
2520025
2520974
2521484
2522665
2525595
2526943
2527907
2529123
2529814
2530319
2530995
2550629
2552471
2554143
2555749
2556404
2557330
2569675
2571160
2579653
2580623
2581533
2582158
2583136
2593143
2593807
2594913
2596702
2597978
2598306
2598693
2599141
2599566
2599900
2600336
2600699
2601529
2603034
2603527
2604042
2604693
2605889
2607263
2608413
2611661
2612250
2613160
2613691
2616994
2618304
2619420
2620425
2621730
2623221
2624563
2626430
2627468
2629434
2631655
2647757
2648440
2649092
2649922
2653622
2654687
2668429
2668908
2669573
2670863
2672579
2673450
2677443
2679146
2682150
2701295
2701866
2702779
2704131
2704809
2705558
2706409
2706975
2707593
2708697
2709747
2710816
2711989
2712751
2714372
2714505
2715222
2715707
2716457
2717283
2717870
2718781
2721694
2723635
2724380
2726416
2729043
2729601
2730095
2730540
2730936
2731382
2731899
2732461
2734121
2734930
2736225
2736949
2737317
2737940
2738482
2739475
2747476
2748962
2760876
2763561
2763992
2764423
2771441
2775234
2776089
2776638
2777043
2777620
2778153
2779750
2780580
2781507
2782219
2782852
2783661
2787247
2788915
2789499
2789574
2790178
2790931
2791947
2793342
2793959
2795000
2796344
2797616
2800301
2800702
2801064
2801530
2801907
2802436
2802843
2803999
2804545
2805682
2807487
2808079
2808592
2809084
2809453
2809871
2810228
2810612
2810991
2811539
2811948
2812859
2813818
2814697
2815364
2816800
2817563
2817975
2818499
2819019
2819695
2820203
2821366
2823559
2825004
2825635
2826104
2826547
2827501
2828577
2829505
2832232
2850566
2851230
2852440
2854119
2858295
2861864
2865599
2866271
2872379
2873171
2873942
2874667
2875757
2877642
2878563
2879325
2880379
2884708
2886244
2894103
2906826
2908732
2910380
2914744
2916340
2917548
2918200
2918986
2921351
2923957
2924944
2926171
2928779
2935245
2936976
2938626
2939167
2939737
2940442
2941173
2941933
2942560
2946182
2949180
2950264
2952697
2954183
2960620
2962061
2963043
2963986
2964688
2965380
2965972
2966606
2966937
2967276
2967572
2967940
2968507
2969276
2970295
2971001
2972355
2972952
2973657
2974414
2974986
2975623
2976343
3008807
3022654
3023335
3024419
3025196
3025937
3026668
3027554
3028341
3032313
3033195
3039862
3041276
3042029
3042546
3043441
3044158
3044817
3045811
3046357
3047434
3059005
3059753
3062983
3063634
3073184
3074317
3074483
3075558
3076182
3076601
3076955
3077521
3078153
3085950
3086665
3087622
3089505
3090212
3091882
3104865
3106263
3107408
3110467
3112274
3112671
3113210
3113703
3114271
3115093
3118945
3119414
3120038
3120797
3121660
3122223
3122811
3123194
3123649
3124050
3124769
3125418
3126026
3126732
3128203
3132313
3133461
3150777
3156322
3162727
3163308
3163578
3165889
3166494
3167134
3167680
3168181
3169037
3172680
3175256
3176365
3176504
3177283
3178363
3179259
3184002
3184935
3185526
3196092
3197117
3197610
3198445
3199348
3200393
3201069
3201836
3203185
3203708
3204265
3204970
3205460
3206450
3209642
3211399
3211886
3212324
3215251
3222975
3223778
3225531
3226676
3227191
3227653
3228142
3229005
3229755
3230596
3231105
3231765
3232477
3233969
3234899
3235387
3235884
3237606
3238512
3241023
3243164
3243841
3245274
3247125
3247981
3251821
3254321
3255373
3255974
3257308
3257868
3258229
3258662
3259191
3260467
3262592
3262939
3264375
3265233
3266013
3267151
3267699
3268267
3269310
3269849
3270689
3272191
3321617
3322533
3323614
3324590
3325218
3326268
3326797
3327299
3327988
3335459
3336219
3337034
3339504
3340147
3347787
3350042
3373891
3374787
3380298
3385665
3386522
3390603
3392242
3398189
3406182
3407826
3408498
3409078
3409516
3409930
3410450
3411203
3411696
3412287
3412966
3426354
3427006
3428031
3429935
3430925
3450484
3453751
3455355
3456248
3458651
3459252
3459688
3460266
3462282
3463934
3487988
3501562
3506761
3512601
3525167
3525701
3526244
3526635
3527134
3528487
3541352
3543370
3546342
3549687
3550223
3555255
3556159
3556428
3556946
3558038
3558984
3559717
3560636
3561386
3561940
3562807
3563676
3566050
3566803
3569559
3578526
3581968
3582470
3583278
3605220
3614760
3615591
3618786
3620092
3626274
3627317
3628812
3629523
3631327
3632547
3637830
3645925
3646617
3655598
3656226
3657574
3658004
3658833
3659519
3660109
3660739
3661773
3662484
3663901
3665966
3667613
3671726
3672517
3673212
3673785
3677056
3677695
3678937
3679576
3680129
3681151
3685072
3690026
3702818
3705529
3706463
3707049
3707375
3707724
3708440
3709499
3710572
3711276
3716310
3717372
3718185
3719781
3720266
3720515
3721743
3723449
3725256
3726771
3728659
3728975
3729286
3729681
3730187
3730722
3731618
3732900
3750163
3770271
3774784
3775561
3776230
3777221
3777911
3778482
3779033
3779630
3780622
3783210
3783876
3784951
3786191
3788173
3791253
3793276
3795521
3796733
3797506
3798295
3799292
3806019
3806792
3810781
3812829
3815352
3815758
3816821
3819146
3823666
3834524
3835353
3836829
3839455
3840338
3841415
3842264
3842725
3843293
3844153
3844540
3845012
3845430
3845823
3846382
3847017
3848026
3848771
3850375
3851307
3851412
3851946
3852618
3860128
3860602
3861202
3867512
3868418
3873409
3874355
3875760
3879134
3880355
3881361
3900594
3903498
3905623
3906053
3906650
3907420
3908222
3913672
3914832
3926717
3930356
3933328
3934053
3934569
3936028
3943477
3945006
3946010
3946732
3947349
3948347
3953023
3961063
3961501
3962025
3962723
3963259
3964063
3966512
3967065
3967787
3968384
3974377
3975154
3975634
3976083
3976748
3982038
3983018
3984883
3986405
3986910
3987846
3995845
4006357
4007258
4010495
4011356
4013333
4014265
4015077
4016105
4017567
4026991
4028664
4030234
4031222
4055464
4056801
4062931
4063633
4064626
4067321
4083592
4091931
4092832
4095724
4097483
4100147
4106762
4107915
4108717
4109817
4110725
4111565
4112216
4112709
4113015
4113442
4114125
4114532
4114952
4115501
4116119
4116937
4118151
4119039
4129319
4129889
4130490
4130849
4131697
4132232
4133054
4133787
4135515
4136654
4139920
4146530
4162628
4166201
4167164
4167671
4168755
4177025
4178271
4179533
4180301
4207139
4208211
4210383
4212737
4213230
4214019
4215436
4216342
4217218
4217760
4218349
4219812
4221125
4223077
4224890
4225909
4227688
4234836
4236895
4237861
4240829
4246849
4247531
4250949
4262173
4263781
4265164
4267086
4268105
4269686
4270096
4270482
4270882
4271341
4271700
4272214
4274801
4275933
4296320
4297048
4298279
4299455
4300230
4302041
4313464
4314007
4314681
4316387
4317029
4317810
4318800
4319688
4320774
4322191
4327549
4329250
4332167
4333189
4350663
4351588
4351995
4352605
4353125
4353591
4354161
4356882
4360229
4360789
4361509
4363022
4363853
4364829
4365577
4366279
4367475
4371995
4372742
4379044
4380206
4387229
4390044
4403799
4404902
4406312
4413253
4417856
4418975
4437386
4439241
4455597
4456374
4462422
