3074.219
22574.17
23835.57
28273.67
36659.47
52642.06
64956.07
67981.65
72408.45
78230.81
97747.55
99838.65
100611.3
105527.3
107817
112374.1
113369.5
127913.7
157023.9
157560
159341.1
160309.3
162877.4
184553.9
196738
197895.8
198745.3
222265
226932.3
239541.4
249272.6
253837.4
263959.7
283023.1
283685
300162.4
301133
302036.6
303503.2
304108.8
311381.2
313627.6
314933.4
317332.8
317897.4
318633.5
319078.2
319427.3
328325.7
349701.6
419368.5
421671.8
431108.6
462393.4
465060.5
479106.2
482893.2
494573.6
557977.6
558563.2
574444.3
576428.8
577663.3
581751.8
600239.4
608011.9
626041.4
632873.7
638886.6
643962
644051.2
646140.9
677684.5
689246.6
713357.9
719277.5
837873.6
841903.4
842693.9
845237
872310.6
875213
878200.2
901235.3
901784.2
949606.4
986395.6
997388.2
1002635
1006861
1007787
1028283
1030279
1095841
1099266
1141885
1213718
1215129
1237695
1238332
1270214
1271926
1282595
1299873
1309754
1310419
1312233
1318312
1320151
1322044
1330418
1331165
1331816
1333250
1367087
1367929
1370450
1371897
1374822
1382286
1383312
1385687
1387966
1392423
1396220
1396403
1398046
1398824
1421910
1423744
1429839
1436782
1456689
1459107
1459926
1461283
1461898
1462410
1470072
1470273
1470997
1478516
1479360
1480630
1481252
1482671
1500628
1502472
1505673
1507463
1508955
1510587
1511027
1511687
1515324
1519350
1529125
1529933
1541100
1544018
1578685
1598450
1600505
1600908
1604223
1604505
1605234
1609166
1625274
1658136
1660265
1669378
1685599
1686256
1725917
1767554
1827016
1829436
1832581
1838716
1850211
1858596
1867762
1887774
1893070
1896609
1903529
1919346
1920555
1925729
1956897
1963264
1967849
1978408
1980071
1991289
1994010
1994646
1995675
2111304
2121563
2131607
2132901
2136000
2140916
2147389
2212374
2220149
2272429
2272791
2285802
2292886
2345792
2352946
2356127
2361185
2368749
2382931
2400302
2439169
2443989
2480876
2486872
2488737
2489865
2501463
2504253
2506786
2507303
2507615
2513051
2513376
2521711
2530810
2553279
2558522
2595429
2643191
2653978
2658222
2668188
2678856
2681997
2722721
2762988
2796599
2798391
2800351
2806244
2810791
2830461
2831946
2854544
2888067
2895795
2911250
2945112
2951496
2955050
2959072
2968936
2970720
2976195
3025244
3067364
3089416
3094549
3095116
3103651
3113889
3128969
3150753
3152312
3163341
3184471
3242390
3249182
3262828
3278043
3278775
3300615
3301656
3302812
3308909
3313338
3318756
3322899
3324626
3341908
3353205
3390108
3394101
3401704
3423823
3451435
3499715
3513755
3530557
3551659
3552523
3555338
3568493
3569294
3600713
3612657
3615227
3620857
3621596
3623084
3632772
3636383
3638872
3719255
3729945
