4563.219
10785.99
19296.12
25149.29
30419.55
35757.71
76623.06
99783.43
100555.8
124775.6
129932.1
150475.5
153709.2
156181.8
159994.8
162271.4
162341.7
164272.4
177011.7
181821.1
193404.8
198785.2
199509.6
221937.4
250604.5
259540
269467.6
279181.8
280957.4
318278.5
322720.7
347726.1
388913.5
397774
411040.5
422567.3
426495.6
426586.6
428059.6
429307.1
452056.7
456584.7
464683.2
465226
479162.5
489366.5
529759.8
530895.7
531969.2
532528.2
539055.2
541445.9
542896.8
555468
571077.8
577040.5
607182.5
607797.2
609910
615311.2
615430.6
615644.4
624161.6
627384.5
632565.4
639515.9
640373.3
646489.2
695932.9
696784.9
697478.6
706957.6
709132.5
724558.1
732323
757006.5
765978.7
767539.7
772556.8
772598.8
776140.8
782466.3
783229.3
791160.1
796764.3
843978.5
844282.8
844845
849471.3
860018
862165.3
867185.8
874798.1
900779.8
902978.7
904276.4
909148.2
929325.8
934813.3
943254.6
943266.1
944782.3
954715.2
955062.6
974319.8
980740.8
981525.3
994964.5
1012644
1017078
1017264
1020643
1021971
1051845
1052763
1053585
1053962
1055698
1061905
1063681
1065431
1070822
1072990
1073804
1076565
1078325
1078783
1079785
1081126
1088395
1096563
1099054
1100555
1102197
1102276
1104766
1124351
1128555
1132292
1132792
1135102
1140058
1143869
1145054
1145517
1147286
1147337
1205667
1210886
1247916
1281407
1281888
1288244
1297441
1321313
1323972
1327409
1356175
1369861
1371123
1373120
1374414
1433995
1441542
1445742
1452177
1454585
1464162
1474388
1481367
1507135
1526488
1530633
1534236
1536692
1539910
1548059
1549773
1564845
1566572
1574046
1574887
1576628
1583941
1603321
1607886
1632185
1653513
1662489
1675329
1677499
1679931
1686644
1713973
1725026
1736152
1739376
1748799
1750527
1772868
1775580
1778122
1780013
1805475
1814579
1818365
1821097
1824075
1836823
1869380
1869381
1871557
1871560
1879075
1880639
1885546
1900766
1904257
1951500
1964311
1968074
1971131
1974147
1990256
2022304
2022665
2029803
2033513
2033859
2036692
2058435
2071118
2075186
2076849
2107261
2111421
2115957
2117408
2120003
2133855
2136056
2138863
2142444
2172059
2185553
2196480
2197911
2198753
2203742
2204383
2209845
2214649
2221267
2223904
2228568
2229793
2250503
2255069
2258052
2262345
2274645
2278045
2281324
2287920
2296317
2299496
2303491
2318948
2330110
2342896
2375269
2382436
2419796
2439419
2467971
2468525
2468529
2518124
2550168
2551751
2588338
2600830
2632432
2639681
2641892
2648508
2711165
2720271
2720778
2735871
2743978
2745255
2789302
2799375
2816467
2826236
2887091
2887587
2891123
2892261
2892564
2895979
2927378
2928357
2928369
2932707
2948454
2948687
2949333
2950584
2954161
2960285
2969450
2979729
2982589
3005897
3006883
3028682
3034268
3046342
3048959
3052765
3053607
3068942
3070853
3092820
3116725
3157355
3185096
3186463
3193200
3193641
3194409
3231286
3238822
3239234
3255042
3262138
3268143
3277203
3300515
3306710
3310926
3311065
3311727
3320919
3323490
3327491
3336359
3370448
3377883
3379960
3381121
3383179
3394082
3394083
3402935
3415051
3418383
3419147
3426192
3428397
3431227
3450903
3453559
3459741
3469630
3481020
3492012
3517814
3521012
3523706
3535154
3539932
3544275
3552983
3564379
3564382
3571793
3572981
3576424
3577379
3581492
3581887
3582335
3601117
3605974
3617294
3636613
3644358
3644427
3646770
3667387
3676996
3691222
3700271
3700998
3713787
3717250
3726025
