1986.215
3207.085
23295.35
26910.07
43136.12
43138.61
50133.64
70037.44
71427.69
83082.42
89270.81
95288.06
96186.61
98488.87
101256.8
116156.4
117995.8
119722.7
120903.5
123112.8
161405.2
178365.9
180301.1
180303.3
185661.4
197920.3
203656.3
219499.6
220272.6
228554.1
229553.8
248183.4
257152.1
257155
263849.3
264235.3
267816.5
270474.6
280983.2
283584.5
302546.7
314881.1
314882.6
322124.5
323424.7
331210.7
339883.2
345534.2
358593
365323.4
378078.6
391286.6
401527.4
406171.8
419703.5
422252.1
454996.4
468395.9
473048
489808.8
491043.2
506728.6
510624.3
512847.4
516145.2
519930.1
551153.9
567649.5
573036.6
582093.9
607874.1
610642.9
616163.4
617299.6
628002.2
630780.1
631918.8
634960.1
640934.5
641583.2
651404.1
660082.7
664635.6
677415.1
678910.1
685879.5
686879.5
688961.4
699314.2
700339.7
704110.8
704849.6
706715.3
712330.8
716907.9
719163.2
756002.5
765550.9
782109.8
783261.5
793840.3
821006.4
822374.9
830974.5
834224.1
836657.7
840853
849855.4
857310.1
870469.4
881946.1
905852.2
976820.6
977590.4
983609.5
992479.7
1030408
1069545
1092322
1094620
1094622
1100493
1127367
1132766
1139574
1150096
1150099
1164849
1166816
1178325
1207165
1244914
1248897
1250119
1263328
1267800
1286131
1294167
1318378
1325970
1327093
1414308
1420211
1429953
1440657
1510505
1513482
1521843
1527787
1530804
1543464
1560903
1562546
1576417
1576420
1590946
1615292
1627810
1667456
1676325
1678617
1683774
1687471
1699331
1710314
1715493
1715511
1728972
1739336
1745197
1745200
1765116
1765946
1771579
1801712
1812809
1829066
1866707
1873614
1875409
1875410
1875898
1876946
1895982
1907708
1917359
1920727
1955289
1955836
1966726
1971502
1977402
1985833
2006837
2024536
2029307
2037900
2038545
2043785
2058477
2066073
2073345
2074833
2082262
2082985
2107585
2110921
2140530
2147221
2182027
2187409
2221373
2223656
2230834
2257265
2260220
2261284
2265609
2278767
2283626
2329913
2339549
2351391
2363176
2370557
2377088
2414588
2417640
2436407
2438568
2439816
2468099
2476106
2483613
2510067
2518447
2523751
2528589
2530103
2530868
2568675
2573171
2596137
2600164
2609897
2618739
2626946
2655933
2665484
2669240
2712376
2724671
2741741
2751154
2759026
2776812
2779437
2791380
2803045
2813410
2869284
2874290
2886535
2889060
2890333
2894973
2898704
2905046
2925820
2949476
2952446
2954897
2956703
2958912
2959078
2959081
2967290
3043329
3045256
3051025
3052668
3071975
3086234
3097906
3099966
3114215
3124170
3153249
3154544
3186447
3186450
3193645
3197388
3200351
3202731
3230429
3235856
3240150
3241677
3270820
3313317
3320851
3322457
3342897
3353941
3376800
3383294
3456344
3482457
3485518
3490076
3513407
3531902
3553119
3559784
3560091
3565608
3569957
3570848
3578828
3581386
3618772
3619513
3624534
3647625
3665917
3704498
3720905
3726119
