10804.68
14371.98
25490.67
38825.16
63711.19
69416.68
71906.66
73173.54
77060.92
80676.91
80934.67
90299.56
92330.27
92892.15
96389.63
101327.1
107585.2
123311.9
163826.8
200802.4
219066.4
237405.1
244361.4
245702.8
254907.6
255985.6
261775
263947.5
268906.9
271586.9
306968.4
322513
343270
366211.4
369342.7
373345.6
374162.1
378097.6
382762.9
395769.8
402600.4
407974.7
409817.5
427081.8
428775.5
493551.7
525805.5
527165.7
529874.1
529876.3
550835.2
560561.9
564072.6
610298.9
630031.1
644026.5
664941.7
679189.4
708720.3
714476.5
720070.4
723663.7
727593.6
766690.4
770257.6
794872.5
813709
833569.2
845177.1
848426.7
866048
873276.3
906236.6
920546.9
935464.7
937835.1
941610.1
943279
949701.2
968232.9
982959.6
1020779
1028740
1030198
1120197
1154556
1179713
1207744
1231868
1240277
1246705
1251320
1263569
1278694
1280100
1304648
1314937
1320386
1356036
1361985
1369460
1372330
1401617
1416260
1427657
1427680
1429365
1432042
1448335
1475923
1503201
1514549
1526789
1534893
1545454
1548167
1568107
1585536
1656386
1677040
1677861
1684362
1726407
1763100
1766419
1802917
1843847
1877445
1999878
2034525
2044206
2050014
2125014
2161614
2173297
2188622
2198022
2202021
2256527
2264659
2265487
2266908
2271090
2280767
2281920
2286825
2288565
2288701
2328543
2415863
2448899
2470842
2475918
2479372
2493729
2555710
2591079
2591552
2592303
2596152
2622062
2666842
2702841
2719862
2725723
2731730
2783053
2803947
2807145
2807824
2810102
2812733
2813364
2824479
2856835
2858898
2866100
2889870
2921220
2927422
2928569
2932751
2946354
2952670
2957591
2971961
2977509
2981177
3020514
3032979
3034883
3086413
3097195
3164018
3167089
3176022
3178740
3183893
3193570
3246847
3248000
3264409
3324420
3332832
3343389
3357396
3357726
3371452
3377166
3498886
3544206
3547869
3552748
3559776
3571193
3577728
3623513
3675393
3678711
3691992
3700605
