15384.63
19520.36
19894.97
21070.26
22122.34
22724.26
23651.91
24837.4
29421.4
30095.94
30632.27
31210.58
31788.19
32514.63
38339.61
39870.55
46950.42
75544.34
77343.39
77945.56
78384.89
79195.39
79800.32
82540.58
86187.63
87320.48
93702.53
102861.7
104147.6
124235.9
150809.3
151489
152103.5
152823.4
153647.1
156604.1
158826.5
168510.2
170781.7
174006.6
180311.4
182613.3
183122.9
183495.5
184351.9
184913.2
187483.7
188141.8
189350.9
190153.8
192101.3
195342.2
196070.9
198369.3
200050
200908.6
201394
203464
207387.6
208275
213361
224125.8
233581.7
236552.9
246732.1
249643.4
275626.9
276400
277008.7
277776.6
301024.4
303454.9
304666.4
309323.9
309792.3
310275.4
310693.1
311332.6
327075.6
327594.7
328022.8
328721.4
329415.4
332398.1
332985.1
333673.1
334178.8
334782.6
339490.9
340417.1
345879.9
347558.6
355366.1
358006.7
366145.1
368011.9
369914.4
370581.3
371163.5
371533.5
372528.4
372924.7
373229.9
373881.4
374576.1
377691.6
381596.3
381995.3
382447.6
382717.1
383109.6
383470.8
383576.5
383746.8
384450.3
389112.4
390147.5
390678.9
393946.4
396706.6
397445.6
397922
398611.3
399140.4
399528.9
399842.1
400394.2
400810.5
401248.8
402268.8
402887.4
410391.1
413259.8
414393.4
415863.9
416555.7
417183.6
417784.1
419161.6
419802.7
420655
421171.3
421619.7
426563.9
433497.1
452235.4
452890.4
453380.8
454206.1
457601
459824.5
463330.7
464303.5
465669.2
466200.1
467614.3
468721.3
469814.9
475613
476333
480324.4
482724.9
483155.9
483516.4
483843.3
484164.3
484514.4
485092.1
486029
488137.1
488598.7
492620.5
497623.3
498156
499009.8
499554.3
500592.4
502966.1
507678
508895.5
509922.1
510591.5
511268.8
513250.8
520284.8
520963.9
521641.4
521967.6
522320
524228.9
538056.6
538436.7
539864.3
540944.5
541357.6
543291.3
544363.3
544898.9
559193.4
560897.2
561315.6
561859.8
562314.5
563258.9
567992.6
571031.9
571607.6
572084.4
572787.4
579372.4
580169.4
580736.1
622977.7
623918.4
624647.7
625104.7
626171.4
643985
649285.6
655304.2
664706.4
677767.4
678467.6
683264.3
718558.5
719270.6
719787.8
721018.9
728183.5
761580.1
762112.6
762730.1
763201.4
763629.1
764134.9
769851.7
775850
776868
780887.6
782495.2
783199.8
784613.1
785703.2
786894.1
787282
787715.8
787757
788108.5
788452.3
788869.9
789447.8
789546.3
790456.7
794879.3
796426.1
796921.3
797359.2
798086.5
803219.3
807805.2
808462.3
810094.5
813761.6
817507.7
818713.6
820875
822360.8
823800.5
825226.7
825984.7
826593.3
832640.1
834350.7
839144.4
840314.2
841328.9
842248.5
843574.4
847460.6
859614.8
860239.7
862545.2
866079
872505.5
877564.1
907221.3
907672
908433.4
909209.7
913314
919709.3
920414.8
921324.4
924413
925013.4
934364.3
935769.6
936376.5
936781.5
938984.1
940248.5
941530.8
948091.1
952212.2
959980.6
962229.8
962959.5
963482.6
964522
967875
969275.1
970271.6
970897.9
971400.4
971813
972070.8
972530.5
973022.1
973857.5
974135.5
977106.8
986232.3
1012402
1016979
1017591
1028181
1031685
1032119
1032486
1055063
1055735
1056115
1057331
1058384
1062498
1068864
1069286
1069926
1070325
1071308
1073694
1076320
1077945
1078539
1079317
1079389
1080123
1081605
1083259
1083956
1084467
1084911
1098904
1099603
1100227
1100734
1101341
1105949
1110524
1114647
1117088
1117867
1118481
1118947
1120262
1120967
1121482
1125985
1126457
1126952
1128029
1133072
1134314
1134517
1135287
1144940
1145353
1146349
1146497
1148567
1148589
1150961
1159828
1160829
1161095
1168612
1169038
1171184
1171678
1172182
1172682
1173086
1173660
1174219
1176877
1177228
1203189
1212195
1213751
1215415
1221057
1221958
1223200
1223768
1224312
1224713
1225136
1226262
1227208
1227941
1230568
1231022
1231383
1231794
1232410
1233301
1234219
1235341
1236061
1236517
1236910
1237423
1238246
1238894
1239614
1240234
1240951
1242737
1243388
1244531
1244942
1245459
1245721
1245961
1246006
1246266
1246530
1246824
1247145
1251676
1252109
1252515
1252813
1253107
1253443
1253853
1254164
1254423
1254749
1255175
1255595
1256278
1257043
1258917
1261619
1262934
1265687
1272883
1273624
1275382
1277448
1278495
1279514
1279978
1280572
1281047
1281681
1282411
1283782
1284385
1284968
1285830
1286712
1295355
1310392
1314033
1315161
1315642
1316135
1357481
1375385
1391456
1392312
1393358
1410950
1423077
1424062
1424828
1429436
1436001
1441998
1442965
1443992
1446184
1447573
1448180
1448990
1449622
1450318
1450865
1458022
1469911
1470430
1471572
1475105
1475898
1476473
1477079
1477584
1478283
1479228
1479991
1481555
1482001
1482660
1507659
1528158
1535838
1537057
1538560
1539427
1540420
1544377
1545022
1545863
1546450
1547681
1548373
1548893
1549302
1550437
1550874
1551343
1551721
1552141
1561069
1561647
1563401
1564592
1565368
1566049
1566475
1566928
1567704
1571376
1581083
1585667
1586849
1587773
1588472
1589167
1601315
1601525
1602221
1603790
1609552
1610164
1610309
1612039
1612891
1614308
1614954
1615686
1616328
1620782
1654758
1655580
1656357
1657034
1659917
1660473
1664975
1665819
1670277
1671878
1672438
1675538
1683767
1684468
1686070
1686496
1686838
1687170
1687516
1687819
1688078
1688475
1705505
1705978
1707680
1709118
1715350
1716404
1717116
1728934
1737847
1746484
1746815
1750436
1751717
1755006
1763427
1764292
1769361
1770010
1771685
1772367
1772850
1777730
1805417
1806114
1806632
1807080
1807558
1808064
1809218
1811910
1812464
1813112
1813882
1815616
1816117
1816534
1817048
1818059
1823216
1823766
1824159
1824544
1825214
1827309
1827769
1828658
1829281
1831903
1833150
1833585
1834367
1834801
1835286
1836215
1836646
1837004
1837442
1837871
1843546
1844183
1846813
1855204
1881252
1888509
1890052
1891161
1897302
1899304
1899474
1900278
1904050
1904698
1905712
1910843
1922659
1924073
1924607
1925204
1925881
1972403
1973819
1975511
1987563
1988106
1992582
1994356
1998856
2000428
2004294
2004696
2006223
2006989
2007913
2008981
2009785
2010150
2010441
2010853
2011122
2011398
2011958
2050847
2051621
2052371
2055169
2057392
2078479
2080488
2082297
2082930
2101276
2101926
2102266
2102659
2103105
2103677
2112811
2114257
2130376
2135224
2137781
2138584
2139233
2139932
2140818
2141486
2145990
2147070
2161451
2166877
2167261
2170630
2175006
2176611
2178917
2179665
2182920
2183392
2183827
2185389
2186651
2188232
2189135
2190020
2190514
2191317
2192296
2192982
2193788
2197252
2199538
2200865
2202847
2203353
2203444
2203852
2204307
2204773
2206873
2209236
2210411
2210796
2211177
2211552
2211972
2212357
2213102
2213545
2214646
2215645
2216662
2225845
2231930
2232479
2232966
2252546
2253543
2258369
2261710
2262955
2266886
2271018
2271810
2272449
2273399
2276191
2279907
2280368
2280690
2281010
2281343
2281740
2282196
2283212
2284487
2285648
2286301
2287061
2287636
2298613
2299128
2301855
2302466
2302980
2303332
2303670
2304204
2305118
2305748
2312179
2331112
2334587
2336597
2344990
2345295
2345591
2345845
2346187
2346757
2347161
2347853
2348687
2349114
2351249
2371121
2371784
2372786
2373510
2400950
2409787
2410390
2412107
2413382
2414072
2414845
2423366
2424542
2425140
2425850
2439517
2441382
2441910
2442922
2444327
2446690
2448518
2448994
2451777
2452227
2452536
2452768
2453113
2453786
2454910
2455615
2456261
2458844
2459404
2460912
2461670
2462417
2462499
2463927
2465737
2483537
2484290
2485963
2486770
2487183
2487854
2488287
2488887
2490799
2501594
2504034
2506471
2519351
2564815
2565812
2566472
2567049
2567746
2569673
2569724
2571931
2573948
2574960
2576142
2580594
2581279
2582051
2583856
2585403
2586277
2587109
2591015
2594995
2597533
2600478
2601342
2603233
2603738
2604384
2605030
2605554
2605933
2606432
2607533
2610540
2611367
2611659
2613967
2616474
2618367
2619265
2619702
2620104
2622774
2623634
2624046
2624616
2628861
2629495
2630362
2632420
2633375
2634177
2634852
2638395
2638749
2639331
2639977
2640405
2640840
2642553
2643023
2644370
2645301
2646100
2651930
2652336
2652918
2653259
2655252
2656557
2657973
2666636
2667858
2673136
2674194
2675630
2703434
2704215
2704848
2706202
2710299
2710791
2711182
2711460
2711872
2712749
2714322
2714504
2721438
2739031
2739397
2739790
2740325
2742178
2747305
2748188
2749892
2750684
2753847
2755139
2756016
2757074
2758183
2759088
2762616
2765403
2766030
2766397
2766911
2767795
2768346
2769390
2769872
2770302
2771439
2774742
2782641
2782909
2783174
2783355
2783535
2783792
2783951
2784097
2784233
2784362
2784477
2784587
2784705
2784813
2784938
2785048
2785289
2785399
2785519
2785637
2785767
2785880
2785990
2786213
2786419
2786526
2786641
2786862
2786970
2787092
2787207
2787321
2787438
2787580
2787705
2787974
2788096
2788526
2788699
2789007
2789420
2789572
2789636
2790017
2790272
2790751
2790959
2791173
2791365
2791570
2792132
2792546
2792664
2793528
2794058
2794383
2794877
2795300
2795567
2795869
2796118
2796651
2797032
2797614
2798003
2798596
2798986
2799597
2800094
2801459
2801863
2802504
2802728
2803081
2806934
2807226
2807658
2808056
2808576
2810560
2811091
2811597
2813327
2813846
2814523
2814979
2815472
2816307
2823555
2824687
2825583
2826754
2827121
2827431
2827798
2828135
2828426
2828786
2829503
2830160
2832475
2833150
2852353
2853647
2854186
2854693
2855454
2856470
2856900
2857226
2857565
2857936
2858479
2860350
2861176
2861641
2862533
2864874
2865503
2866158
2866498
2866809
2867364
2867846
2879345
2881810
2889542
2890118
2892348
2893913
2894642
2895138
2897587
2902194
2903559
2904445
2907275
2909461
2911597
2914844
2919635
2932626
2934145
2935185
2936966
2938700
2939874
2940547
2944290
2964602
2968421
2977942
3001524
3002952
3005224
3005781
3006197
3007053
3015116
3032019
3037968
3038685
3044741
3045205
3045635
3058495
3059257
3059845
3066274
3070666
3071336
3071803
3072113
3074314
3079097
3096016
3106612
3107811
3111040
3120509
3122923
3124222
3124567
3125092
3150302
3151140
3155489
3163943
3165063
3166148
3166846
3167998
3168799
3169035
3169655
3170870
3172163
3172678
3172716
3174011
3174550
3175162
3175651
3176363
3178106
3178606
3179290
3186980
3187638
3189319
3189829
3190423
3191066
3196090
3200931
3201068
3202345
3203784
3209641
3213384
3219342
3219874
3220330
3222457
3223872
3224700
3225372
3228742
3234096
3234400
3234837
3235584
3236393
3239687
3240148
3256634
3257887
3258576
3259183
3259608
3260380
3262399
3262591
3300085
3302204
3310721
3311444
3312626
3314910
3316185
3319701
3329714
3337747
3338350
3339105
3341187
3342305
3349894
3353345
3354572
3357988
3359018
3360011
3361558
3371723
3374786
3382105
3383738
3390474
3391024
3395204
3396168
3397727
3398268
3398751
3399627
3400518
3404869
3405458
3405958
3406557
3407323
3407827
3408209
3408667
3419840
3422416
3423615
3424282
3425124
3425320
3425882
3426473
3427003
3427987
3430923
3433045
3450483
3452936
3454643
3470375
3470913
3471794
3472431
3472950
3473611
3500142
3501173
3507874
3509061
3509701
3511861
3512554
3520741
3524736
3525831
3526174
3526771
3527109
3527419
3527689
3527952
3528413
3528771
3529125
3529822
3530358
3531499
3532025
3533278
3533907
3534727
3535035
3535504
3535864
3548824
3549626
3550238
3550976
3552939
3553556
3554146
3556427
3563919
3565953
3573731
3573885
3576089
3576574
3578524
3582052
3582616
3583221
3600179
3600733
3601618
3602175
3603026
3604499
3605168
3605796
3606484
3607011
3607350
3607808
3608425
3609044
3611100
3613795
3614882
3615971
3616781
3617356
3618009
3618786
3624284
3625101
3634001
3636347
3637949
3638449
3639170
3646109
3650420
3652983
3655285
3655781
3656495
3656974
3657541
3658294
3658777
3659174
3659829
3673422
3674463
3681128
3682103
3684392
3685612
3687240
3687759
3689146
3690026
3690677
3696970
3698481
3701055
3702818
3704671
3711070
3711870
3720262
3722508
3726248
3727015
3750162
3754673
3755604
3757115
3761147
3762762
3763078
3763501
3763970
3764539
3769968
3773403
3776524
3777180
3778395
3783645
3786114
3792098
3792640
3793204
3794088
3794691
3796458
3803104
3803852
3804376
3809864
3822789
3823665
3825663
3826470
3826990
3827379
3827917
3828615
3830325
3831413
3836549
3838203
3839667
3840937
3841379
3842104
3842658
3844354
3846942
3847496
3848298
3849110
3849888
3851393
3854771
3855118
3855772
3856862
3857743
3858444
3859114
3859823
3861112
3864129
3870906
3871241
3871867
3874913
3876113
3876591
3876991
3877333
3877912
3878272
3878807
3881694
3882557
3900066
3900670
3901470
3902245
3902704
3903626
3904105
3904767
3908607
3908831
3909222
3909582
3910167
3910352
3910961
3917622
3918941
3929339
3930222
3935449
3936027
3941388
3944317
3945061
3950067
3950842
3951107
3953518
3954506
3957766
3959665
3960182
3960715
3961304
3961947
3962724
3963299
3966703
3967178
3967626
3968030
3968607
3968776
3968849
3969135
3969445
3970060
3980887
3982285
3984882
3987626
3991073
3992313
3993237
3994082
3994646
3995713
3996253
3999544
4001576
4002386
4007937
4008767
4010345
4011229
4012597
4014928
4016388
4019845
4020535
4020604
4021128
4022535
4026990
4027189
4027958
4028412
4028802
4029257
4029959
4032902
4050868
4051544
4052200
4056463
4056931
4057642
4058473
4063537
4063969
4064479
4065166
4065569
4065900
4066154
4066966
4070548
4071052
4071886
4076977
4078564
4079044
4081842
4083367
4084256
4084982
4090441
4091349
4092823
4096023
4096837
4098999
4099390
4099644
4100064
4100464
4102159
4102551
4103006
4103425
4104025
4104438
4104916
4105367
4105635
4106210
4113769
4113781
4116654
4117466
4119566
4120043
4122602
4124208
4124826
4126356
4128560
4129509
4130411
4146529
4153217
4173432
4229099
4229803
4230716
4232074
4234834
4236207
4236664
4237171
4238247
4240278
4241480
4243151
4245164
4245982
4251560
4252779
4261420
4262017
4265356
4266830
4268968
4282116
4295900
4308759
4311975
4316197
4317529
4318398
4320097
4320981
4322138
4324320
4325170
4325710
4330733
4331549
4331978
4332561
4359655
4364924
4368310
4385331
4385720
4389721
4390535
4391271
4391719
4392081
4396148
4396802
4397924
4398625
4399000
4399492
4400193
4400984
4401596
4402140
4403200
4404096
4404284
4408802
4416218
4417762
4420703
4438830
4441875
4443045
4444527
4445465
4445907
4454610
