4624.118
7591.579
9709.868
18809.86
38787.51
50382.4
71377.02
75638.57
77521.85
77524
80471.89
82362.4
86632.32
87635.14
106857.1
107196.6
115319.3
128603
129105.2
129130.5
151501.6
151966.6
153445
157304.5
163408.1
169543.9
170568.6
171112.8
179171.2
182431.6
188687
196069.5
218193
232162.9
273460.6
278042.5
279134.5
318296.4
328157.8
328438.1
329689.2
331332.5
343985
345300.1
346248.5
379133.7
379457.7
381836.5
391177.8
391612.6
392655.5
397009.5
399732.3
409200.1
409202
412019.5
413577.7
414129.1
414450.8
416504.8
417243.5
417531.6
423639.3
424893.6
427067.3
427723.5
451730.8
466878.7
468129.9
468986.2
470323.9
478775.4
479797.9
518976.1
519543.8
521373.5
524684.5
526177.5
528054
529367.9
530956.3
534868.9
545374.8
547105
551253.7
552713.8
555463.8
569930.7
603397.5
603401
620854
620857
624158.7
637572.6
638225.5
639509.6
642167
642170
643240.4
643755.8
644736.5
645252.5
645883.7
646134.4
647074.9
648908.9
650081.8
679450.8
681820.8
684499.3
685508.3
688615.3
690900
694542.9
696286.8
696996.6
705420.8
706258.4
711571.8
712271.3
720054.1
723446.7
724123.6
724921.9
732072.6
732462.7
732874.9
751468.8
752096.3
754244.5
755532.5
756184.1
756784.9
760923.8
761735.6
763034.7
764449.9
765972.7
766215.3
768389.6
769056.4
772550.8
773751.8
774533.9
775559.7
777704.5
778261.1
778932.8
779792.6
780368.8
781022.5
782077.5
782763.7
784150.3
785335.1
785949
787289.7
792321.6
794726.5
825964.3
826348.5
826713.2
827167.8
828669.2
830891.7
833794.9
834227.5
835525.7
836666.7
837512.4
838864.2
839478.6
840988.6
841979.2
843033.9
873636.6
873640
874435.2
876515.9
903558.2
903850.3
906645
906999.6
909426.8
909830.2
915521.3
917757.4
919295.9
919428.9
920334.8
920884.6
921392.3
922185.2
923852.5
931651.4
932556.5
933539
948882.1
950671.7
952790.2
955347.6
968469.7
972216.7
977177.1
983092
983893.6
985020.8
985976.8
987195.9
987497.6
987553.3
991812.4
993624.5
997665.8
999473
1005165
1014646
1019555
1022382
1023783
1051841
1052752
1052785
1053305
1054691
1055621
1056307
1057936
1060349
1061243
1062839
1063472
1064627
1065952
1068455
1070620
1071757
1073592
1074237
1075141
1075929
1077768
1078380
1085948
1086684
1087615
1089756
1097188
1097622
1097958
1098651
1121066
1125647
1127061
1127817
1129335
1130024
1133184
1139487
1144663
1150462
1167111
1175396
1205898
1214424
1221008
1221762
1223183
1228311
1247694
1265118
1274451
1281403
1282494
1283369
1283930
1285269
1286415
1290474
1293596
1297027
1298974
1300581
1303500
1312407
1312410
1317113
1317805
1318122
1355328
1355328
1356729
1359738
1361364
1364624
1367483
1368220
1373841
1374803
1375286
1377078
1383880
1415632
1417385
1426026
1434576
1435284
1456560
1456835
1457501
1467224
1470340
1471532
1474855
1478132
1501513
1501618
1505013
1507128
1523847
1528332
1528335
1528499
1530008
1530009
1533033
1536022
1542860
1546268
1546270
1551789
1573687
1576229
1578200
1582162
1583934
1589362
1590012
1594305
1596937
1597413
1600346
1610186
1631883
1654977
1663283
1667994
1669769
1676116
1676905
1691709
1703545
1717117
1718773
1724806
1740604
1743618
1751702
1759177
1767385
1769144
1770992
1777833
1778225
1780009
1803295
1805892
1808665
1813636
1815136
1822661
1828501
1828876
1833002
1834614
1839604
1840356
1841340
1842231
1880195
1890012
1926604
1952665
1960068
1988715
1989286
1991746
1994067
2005324
2026630
2037478
2038326
2038780
2054343
2061397
2068620
2068623
2072323
2076127
2077922
2077924
2078566
2081331
2082803
2083389
2101252
2103415
2110425
2112575
2113358
2117789
2119312
2123190
2125239
2129792
2129794
2131965
2132588
2134773
2143189
2177505
2178465
2180157
2183846
2184644
2185546
2187695
2189579
2191262
2194772
2196990
2199516
2199904
2200611
2203189
2205515
2206647
2207378
2207381
2207418
2221852
2222926
2229676
2230225
2254603
2254606
2256807
2257222
2257415
2269383
2270642
2272244
2276488
2277267
2279673
2280657
2281218
2284291
2293759
2294226
2295527
2296926
2297583
2298482
2302958
2329265
2333877
2341301
2348699
2354005
2366710
2383016
2404647
2412026
2413074
2413935
2414780
2415582
2425028
2428016
2446079
2464493
2485352
2491008
2495576
2496177
2500276
2501420
2502433
2502915
2505822
2516874
2518932
2520502
2550164
2550907
2554004
2556075
2558173
2570578
2574677
2580533
2587331
2593395
2595514
2616815
2624831
2631417
2637519
2642537
2656735
2657680
2666936
2668579
2702623
2703893
2712440
2713332
2736037
2737952
2770933
2771857
2779199
2783033
2784356
2785000
2787634
2800714
2802775
2815309
2815758
2826795
2828905
2854964
2858720
2862002
2876841
2892257
2918151
2918645
2919398
2942994
2944860
2946253
2950548
2966343
2966555
2970758
2978902
3020942
3034244
3039202
3039205
3054542
3055059
3075069
3075561
3076248
3077431
3081317
3086822
3087612
3095701
3097646
3098242
3112209
3117795
3132877
3157573
3174945
3177673
3180173
3180644
3184461
3185976
3185978
3189551
3192378
3198422
3223875
3229759
3236068
3237080
3238287
3243973
3245257
3247344
3252219
3252222
3255035
3258037
3258039
3267496
3271863
3272856
3272980
3273541
3278646
3280851
3280853
3282517
3303517
3304356
3304876
3306709
3314429
3315264
3323343
3336666
3338757
3343292
3348525
3349603
3378791
3379319
3388450
3392093
3394192
3424109
3427082
3452326
3459418
3474306
3475156
3488497
3520304
3521250
3523698
3529550
3531046
3535783
3536679
3536682
3537929
3538355
3543319
3553643
3556678
3559070
3562839
3608285
3612988
3615807
3615990
3615991
3641629
3647577
3663681
3668167
3669660
3671753
3672303
3691885
3698744
3701081
3701083
3707911
3708653
3710900
3712895
3722378
3731484
