7125.11
8386.701
9512.257
13983.29
20174.41
21752.28
24299.62
27566.98
38904.88
49539.48
50469.5
51670.29
59183.95
60287.63
61157.77
63601.55
72929.15
73776.48
76564.36
77771.67
78758.19
79307.19
80123.85
81092.98
82147.17
83035.78
84204.43
85431.79
86354.62
88609.39
89389.43
90330.66
92116.95
98642.02
100117
101124.2
101726.1
102655.1
103610.8
109587.5
113517.5
114721.9
116159.3
117510.5
118197.2
119947.6
121255.8
122370
124993.2
125657.3
127114.2
129546.6
131443.6
155618
159384.6
161532.8
162766.5
164028
165238.8
166904.4
168995.8
170633.3
173280.2
174319
175330
176015.5
176459
177288.4
178405.4
178915.4
179584.9
180114.1
180746.4
181728.5
183579.7
184715.1
186448.5
187440.6
188351.8
189389.2
190664.8
268743.7
275662.7
283091.4
300690.6
304125.2
305737.5
306336.2
306997.1
310682.1
314768.8
316276.9
317311.4
319754.8
321033.6
325980
327742.5
328449.2
334659.9
336862.2
337769.9
339125.6
341548.9
384114.6
386432.7
391918.4
399920.2
402888.7
410076.4
413024.4
414153.4
415427.6
419781.8
420644.1
422804.4
424428.3
425311.8
427367.8
428031.6
428773.6
430100.7
450235.8
453081.2
454110.6
455198.3
456194.6
457831.2
458791.4
459788.1
460946.3
461697.7
462513.9
463965.9
464793.2
468211.9
469788
470959.3
471768.5
472869.2
473418.4
474184.2
475004.4
475914
476643.5
477413.9
479881.2
481739.9
482817
488444.4
491141.2
492491
493328.6
494313.7
494960.5
531103.3
533420.2
536518.4
541762.4
543090.9
547886.1
550149.2
553087.4
554157.9
559510.2
573993.2
601593.8
603935.9
604918.3
606309.4
607546.3
609700.9
612491
614971.6
617622.5
619033.8
620040.3
620926
622148.1
625067.7
631151.6
632330.1
636370
637437.2
639198.6
640143.3
642278.8
643144.4
643974.5
645003.5
646126.7
647054.4
648093.7
649550
650576.1
651938.5
656568.2
667027.5
668159.7
669209.9
670527.9
671595.6
674827.6
676268.7
677797.1
678830.6
679539
680376.8
681602
682770.9
684923
685651.7
692716.4
695392.1
696534.7
698189.7
698719.6
699513.8
700380.2
701747.4
703658.3
706284.8
709028.9
709938.1
712192.3
713451.7
715101.1
716651.5
717783.9
719503.5
727672.4
729406.6
731184.7
751567.1
753299.5
754910.5
755902.1
756767.1
757359.2
758687.6
760283.5
761311.6
762050.1
763550.4
764404.9
765861.6
766695.5
771215.1
774757.7
786405.6
787821.2
793079.9
794542.8
796603.5
832313.5
860386.5
871902.4
879698.5
880400.4
881451.3
905876.9
908181.1
913528.1
914750.6
917085.9
932859.5
934091.3
935669.7
938630.5
939689.9
941996.4
944082.8
949959.2
951426.5
954992.7
956343.3
960802
962109.9
965379.5
966945.1
967623.2
969622.5
970391.9
970935
971469.3
971957.2
972515.4
972957.2
973508.9
974243.6
974847.2
977043.3
979417.5
981060.1
982036.3
983166.4
985281.4
987102.1
988363.3
989723
990905.5
991969.7
992562.2
993253.9
994116.9
994813.5
995646.1
996455.9
997067.4
997822
998605.8
999181.3
1000490
1001551
1003191
1004936
1005680
1006642
1008271
1011564
1020920
1055695
1057443
1064681
1070319
1071348
1075754
1118599
1121202
1122121
1125288
1126164
1128717
1138895
1139682
1141093
1144044
1146405
1158735
1174995
1200722
1202125
1203425
1204440
1205130
1206301
1207586
1208975
1209891
1210585
1211183
1212241
1212958
1213589
1214306
1214714
1215051
1215452
1215785
1216229
1216622
1216994
1217579
1218221
1218880
1219621
1220085
1220568
1221048
1221530
1222086
1223422
1224560
1226353
1230169
1232064
1234027
1235814
1237026
1238904
1239606
1240440
1242967
1244226
1268593
1269972
1276509
1292295
1294431
1297853
1300653
1303124
1304563
1307989
1309804
1312135
1313336
1314768
1315779
1317764
1321546
1323652
1324689
1325694
1326652
1328599
1329326
1330322
1350747
1354371
1355961
1358971
1360817
1361974
1362883
1364029
1365474
1368605
1373101
1375273
1376428
1381764
1385324
1387311
1390247
1391028
1391736
1393851
1396615
1399108
1400432
1417084
1420587
1421978
1424507
1427719
1428535
1429167
1429701
1430162
1431324
1432120
1433309
1434556
1436354
1437342
1438114
1438709
1440720
1442323
1444122
1449388
1451374
1458160
1464736
1468361
1469267
1474467
1476010
1511566
1516289
1518071
1536884
1539549
1545874
1547423
1551496
1553212
1554115
1569555
1570346
1571743
1572557
1573889
1574978
1575972
1576981
1578007
1579912
1581067
1582894
1587678
1588777
1591084
1593899
1600171
1604842
1605844
1606927
1607637
1608427
1609534
1610187
1610952
1611756
1612539
1613127
1614323
1614966
1618141
1619797
1621088
1622580
1623320
1623988
1624811
1625524
1626805
1628244
1629362
1630200
1631495
1632146
1633268
1650460
1651130
1651655
1652179
1652954
1653645
1654329
1655038
1662228
1663196
1664570
1671159
1672055
1675532
1676586
1679087
1680028
1680983
1701910
1721356
1723800
1726935
1737165
1738914
1742358
1749415
1751467
1752403
1753521
1754671
1755828
1761418
1764723
1774609
1778643
1802014
1803511
1805093
1807008
1808223
1809008
1809915
1810695
1811479
1813150
1813712
1814542
1815935
1817203
1818686
1825751
1837222
1839676
1842616
1845279
1846512
1847385
1849297
1851450
1852585
1873508
1879338
1884975
1889660
1891121
1894463
1896858
1899313
1901326
1902492
1904530
1905816
1907969
1909222
1910779
1911663
1912852
1913910
1914673
1915414
1916931
1917711
1918861
1919582
1920232
1920999
1924608
1925921
1927230
1928096
1929624
1956298
1957793
1959741
1960495
1961704
1962570
1965018
1969744
1970883
1971761
1980547
1983603
1986135
1990764
2000412
2004194
2005193
2020201
2024605
2026610
2027997
2032042
2032980
2035030
2040555
2044958
2046612
2047450
2048147
2049235
2049918
2050335
2051321
2051848
2053334
2053979
2055222
2056540
2057834
2059081
2061308
2063516
2105188
2106966
2113214
2133011
2142229
2144682
2146267
2148558
2172298
2173502
2179948
2182123
2184245
2196015
2196839
2198296
2200714
2203377
2205457
2209629
2211672
2260746
2263647
2265523
2269485
2276646
2277628
2278376
2279101
2279976
2281049
2282235
2283097
2284996
2286153
2287151
2288216
2292456
2297029
2298119
2302315
2329240
2330323
2332566
2333630
2337545
2338824
2354674
2355358
2356111
2357395
2358401
2359786
2360700
2364428
2365238
2366249
2370625
2377593
2378558
2380151
2382561
2383606
2411454
2413424
2415702
2417088
2418716
2419688
2423524
2425635
2426837
2431552
2432292
2484520
2499134
2506180
2519072
2526371
2533598
2550829
2552991
2556249
2558252
2559931
2563296
2564581
2565511
2566506
2567252
2568016
2568571
2569139
2569789
2570309
2570772
2571318
2572022
2573276
2574514
2575712
2576308
2577307
2578441
2579514
2581542
2587183
2593128
2637365
2644848
2648866
2655247
2656666
2660340
2669798
2672016
2678235
2678841
2681834
2703227
2704552
2706305
2709133
2737289
2743507
2746337
2747921
2792078
2807533
2809354
2812761
2822069
2823050
2862077
2867573
2921951
2923515
2929780
2930832
2932556
2933493
2934517
2936355
2937085
2937859
2939433
2940656
2941795
2943167
2945348
2949074
2954169
2955857
2960622
2963978
2974502
2976010
2976961
2978124
2979049
2980328
2981077
3007107
3009020
3012009
3013528
3016926
3019822
3044770
3079637
3081569
3123841
3127930
3151912
3154278
3156533
3165608
3169936
3170869
3173972
3177524
3178891
3179987
3181589
3182396
3186362
3188121
3189673
3192514
3193647
3195040
3247384
3252979
3254829
3255484
3256284
3258201
3259504
3261260
3262509
3266458
3267540
3275107
3276686
3277963
3279797
3319015
3319905
3326820
3329444
3335712
3337376
3339912
3340883
3347018
3349402
3375718
3376693
3391150
3401897
3402738
3403912
3409157
3410741
3412079
3420146
3424964
3450629
3452932
3454232
3464989
3469518
3470920
3475559
3482566
3484537
3486544
3493490
3494433
3521321
3524175
3525416
3526403
3527720
3529816
3531383
3534059
3534717
3535524
3537206
3538192
3539134
3540296
3541097
3545001
3547405
3549049
3551781
3553783
3555166
3556470
3557506
3558565
3560012
3561187
3562119
3563151
3564407
3567960
3568813
3569527
3570265
3571658
3575937
3577967
3579346
3581402
3582416
3600649
3601696
3602392
3603258
3603911
3604519
3605639
3606360
3607976
3609883
3611722
3619562
3635870
3637108
3639058
3686551
3697846
3714157
3718164
3729136
3733302
