7160.547
8187.467
9117.348
9534.123
9683.992
11012.87
11822.48
17468.11
19458.14
19911.3
20577.1
21099.38
21691.16
23006.08
27662.78
28291.31
28735.85
28812.29
36164.01
38471.38
39926.68
41452.38
44141.14
44924.6
45484.66
46146.26
46824.89
48235.72
48916.72
49627.65
50216.39
53114.53
53654.86
56643.11
57907.83
58340.75
62076.4
62860.79
63572.69
64308.49
64693.82
68580.46
69481.31
69919
70154.83
70830.68
71583.49
71798.96
72145.12
72683.39
79629.33
79845.31
86316.99
86645.27
86998.74
87462.16
88980.41
92720.11
94220.27
95025.22
96579.42
97088.38
97752.81
98189.98
100064.2
101014.4
101777.3
102020.5
102498.1
108494.5
109545.7
111195.2
111264.5
112149.4
112383.3
113361.3
113874.5
115440.5
117035.1
117810.7
118283.3
118656.4
119288.2
123621.5
123884.3
123984.6
127454.9
152892
153714.1
154440.6
155161.6
161743.3
163704.2
164252.1
166946.4
170282.4
171149.5
172126.2
178082.3
180805.3
185455.1
186330.3
186692.5
196961.6
203354.9
213250.4
213781.6
214505.6
215089.4
216293.7
216949.8
217924.2
221656.7
222280.4
222863.3
223504.3
226670.2
229663.4
229867.3
232801.3
233964.1
234576.7
239010.8
242962.4
246194
247070.9
248152.1
248757.3
252276.3
253198.6
258421.1
258851.8
261130.2
262530.4
264824.9
265464.7
266278.4
267667.8
268110.9
268665.5
269134.6
269722.5
302395.6
308723.1
312350.4
315260.7
316111.7
316814.6
330579.1
331922.7
333258.5
334216.4
335410.9
336348.6
337348.4
338023.3
338484.6
339050.2
340049
340890.6
344984.3
347408.3
350912.2
362207
364248.4
364894.6
366159.6
366945.2
367665
370266.3
370808.8
372054.1
373498
374089.3
375420.1
376781.2
378344.5
378846.6
378891.2
379298.7
380117.8
380581.2
389503.2
392367.7
393838.5
396416.3
400344.3
400942.7
402707.2
404358.9
405330.2
406498.3
412134.9
412554.3
413011.5
413485.2
413908.2
414656.6
415248.2
417548.6
426923.1
427113.9
427898.6
430602.7
431912.7
450360.7
450494.3
450972.3
451410.3
452072.3
452740.3
453745.4
454059.3
460157.4
461350.3
467623.8
473925.7
480978.7
493531.4
494212.5
497142.1
520658.9
521092.8
521517.6
522006.4
522313.6
527095.2
527738.9
538548.8
539395
540197.5
540919.6
553893.4
554943.6
555651
557171.2
561760.5
563549.3
563725.4
564479
566314.9
567712.3
572516.2
572799.1
573418.3
577738.3
578610.4
579723.1
580465.4
580584.1
581231.5
581817.9
581935.4
582831.3
600067.2
600570
601315.5
601700
602381.4
603575.2
606464
606614.7
607300.5
608019.6
608414.9
608462
609138.3
609271.4
610355.3
611013.3
611530.2
612899.1
614109.2
614957.6
615662.3
620400.1
621932.5
623200.9
624291.3
624430.2
626101.6
626510.1
627726.4
628421.5
628549.4
629071.4
629486.4
629716.9
630181.2
631077.1
632194.3
633301.5
633950.8
634337.7
634779.6
635268.2
642252.4
643420.2
644446.9
644739.9
645344.4
646928.2
648794.2
654846.2
656674.3
670893.1
671484.7
671523.5
671860.9
672514.8
673285.7
673629.2
674695
675219.4
676898.3
677640.5
680106.7
682428.5
683472.4
684930.2
686554.3
696413
711623
712315.4
713696.4
714168.8
714894.9
718202.2
720860.2
722157.3
726566.2
732195.9
750821.2
754237.8
763875.4
768100.4
768644.6
769002.5
769189
769814.4
770489.7
771341.4
775291.3
776175.4
779675.6
780289.7
781070.2
781725.5
782576.2
783155.3
783887.3
784580.8
788437.8
789761
790915.9
791795
792614.4
794924.1
824171.3
827745.1
827921.9
833064.3
835601.2
838356.5
843321.4
847270.2
849561.1
860230.3
860931.5
861442.2
861953.1
863548.5
864784.2
865951.7
867176.3
877951.5
879259.4
879532.3
904329.3
905853.2
906809.6
907944.8
909860.2
911828.4
912384.5
913225.7
913357.4
913833.2
915094.3
915614.4
915657.8
916662.1
917134.5
918608.2
919821.4
920985.5
923252.2
923982.4
924735.6
924755.8
925261.3
925565.7
925639.1
925846.9
926193.3
926582.1
926616.3
927313.4
927644.1
928468.9
928508
929048.1
929851.6
930354.4
930461.8
931351.9
931857.3
934881
938773
941676.6
942045.5
942708.5
943347.5
946022.3
946306
947974.1
948048.7
948769.7
950525.2
953783.5
958537.4
959945.8
961585
962434.2
969487.6
969771.5
971373.4
971588.1
973519.7
974285.3
980685.3
981818.1
983332.1
983843.4
984199
984434.2
984713.9
985020.2
985901.5
986535.3
986923
987784
988032.3
988865.1
990279.3
992672.4
993220.3
993264.3
993939.6
994499
994957.7
995891
998458.2
998810.3
999178.6
999657.2
1000668
1001612
1020848
1028025
1051840
1092870
1093818
1095478
1096637
1097371
1097870
1115243
1115515
1116073
1119581
1120774
1123421
1123750
1123817
1127062
1129115
1130376
1131600
1131805
1133192
1135096
1136435
1137803
1138398
1160342
1165058
1175074
1176169
1177982
1178533
1180600
1181253
1181678
1182450
1204390
1206519
1208177
1222903
1223695
1226735
1228229
1231866
1232962
1233227
1234619
1235371
1236597
1237664
1238294
1240211
1242111
1244194
1264615
1266482
1267434
1267829
1268087
1268576
1270281
1273638
1274807
1278567
1279766
1280353
1281014
1281547
1281651
1282321
1286639
1288543
1289877
1291672
1297973
1324789
1326647
1328255
1329012
1330764
1351620
1354124
1354882
1355554
1355938
1356456
1356834
1358860
1359654
1361583
1365514
1366300
1366675
1367520
1368142
1378635
1382765
1385723
1386352
1386900
1392169
1403823
1419948
1420698
1421330
1422130
1423612
1427785
1442890
1444511
1449934
1451352
1453116
1455061
1457336
1457755
1459000
1460815
1462154
1463955
1465889
1466576
1469324
1470354
1476175
1477317
1477438
1478519
1500869
1509127
1511226
1515587
1516014
1517040
1518825
1518841
1520599
1524743
1525107
1525535
1525937
1529656
1532121
1535015
1538516
1544577
1548054
1552066
1578525
1580117
1589050
1592209
1597509
1602236
1607960
1609070
1613389
1614851
1615827
1616753
1617315
1617879
1618146
1619027
1619596
1620405
1621053
1622458
1623269
1623573
1624381
1625253
1625389
1629179
1630093
1632029
1654490
1669313
1672424
1683264
1694962
1696853
1699430
1717487
1720168
1734873
1737273
1738526
1738711
1738894
1739564
1740733
1743272
1744992
1747182
1753689
1755330
1757647
1758463
1758927
1761759
1766015
1767670
1767917
1768889
1769375
1772327
1772975
1773710
1774297
1774874
1776284
1776880
1776943
1777210
1777575
1777743
1777917
1778087
1778691
1779111
1779475
1779628
1780345
1780551
1780695
1780828
1781201
1782095
1782681
1783276
1783604
1800857
1802086
1804356
1804591
1804727
1809952
1817493
1818242
1820969
1822929
1826812
1827609
1827841
1828586
1828655
1831554
1831578
1834495
1842065
1842393
1846708
1848544
1855023
1855598
1859301
1871324
1873876
1878477
1882684
1898392
1928873
1929520
1930709
1952187
1952430
1953184
1954085
1954596
1959856
1960702
1961328
1970189
1971983
1973494
1975154
1976939
1978473
1979693
1980628
1981358
1985644
1985721
1986509
1986981
1987599
1987680
1988691
1990262
1996234
1997538
1997729
1998186
1999011
2000374
2001732
2012782
2030422
2031921
2035994
2037460
2039802
2041233
2045799
2046873
2058857
2062080
2064475
2065898
2073848
2075322
2075562
2082987
2102338
2103345
2104894
2105707
2106021
2106662
2107400
2108156
2110464
2111296
2113144
2114203
2114728
2115418
2115717
2116971
2117630
2118248
2118568
2119217
2119458
2121194
2122746
2123554
2124127
2125031
2126308
2127428
2128316
2129223
2130136
2131496
2132575
2134310
2135415
2137055
2138555
2140780
2141348
2141728
2142567
2143467
2145349
2146071
2146383
2147016
2148403
2148662
2148872
2149516
2150152
2150577
2151841
2152295
2152870
2153398
2210557
2216001
2223674
2225160
2226822
2230431
2231444
2255404
2279396
2279419
2280895
2281118
2281405
2281991
2282481
2285356
2293309
2293598
2294813
2296986
2297693
2297911
2298599
2302488
2303060
2304088
2305282
2312360
2313295
2321311
2322301
2324387
2324696
2325860
2326423
2326942
2328058
2334541
2334576
2336047
2341289
2344998
2348243
2352786
2353222
2353518
2353570
2354092
2354480
2354557
2355129
2356225
2356959
2357355
2357420
2358452
2358732
2358989
2359327
2359543
2360797
2362673
2363053
2363331
2363677
2365207
2369375
2370603
2374418
2374899
2376656
2377015
2377088
2378202
2378321
2402234
2403774
2407916
2411120
2412678
2414340
2417111
2417960
2418731
2419397
2419924
2420319
2421556
2424230
2426686
2429585
2437761
2446836
2464056
2464804
2465508
2465972
2466385
2473538
2474686
2475303
2475976
2480718
2484013
2484044
2485484
2487283
2487943
2489352
2490909
2491797
2492177
2493078
2493245
2494005
2496154
2497549
2500337
2501241
2504499
2506503
2515056
2515611
2515947
2516595
2517122
2519006
2525260
2526425
2526707
2527662
2528551
2528750
2529681
2529708
2529930
2530592
2531455
2532372
2532424
2533579
2550953
2551517
2554360
2556479
2557499
2558824
2559737
2560313
2561022
2561381
2562652
2562817
2564296
2565869
2566639
2568686
2568988
2569161
2569448
2569838
2570255
2570731
2577315
2579388
2583224
2584466
2585367
2585675
2586023
2586378
2587109
2590523
2590994
2591288
2591848
2592796
2594195
2596088
2596528
2596587
2597655
2599172
2599408
2600374
2601413
2610765
2611975
2615511
2622168
2624237
2628221
2630792
2632115
2632463
2645053
2650407
2654147
2655173
2656060
2656125
2656838
2657358
2658038
2659304
2659532
2662081
2664443
2669362
2670302
2671760
2675465
2679329
2680739
2702926
2705296
2711523
2712595
2714515
2715126
2716948
2717347
2718410
2718601
2720405
2720854
2724434
2724471
2724977
2724991
2725219
2725785
2726005
2727220
2728828
2729173
2729772
2730658
2730853
2731921
2734611
2736871
2738907
2740011
2761151
2763475
2763833
2765682
2766011
2766463
2767577
2768593
2768703
2769526
2769776
2770572
2770996
2775007
2777436
2784309
2785349
2786995
2798225
2800072
2800231
2803712
2804321
2807613
2826795
2827789
2828728
2829240
2831432
2860988
2863636
2864537
2865905
2866912
2867911
2868464
2870582
2892801
2894618
2894700
2895422
2897416
2916801
2917090
2917502
2918030
2926065
2938834
2940976
2942861
2944411
2946712
2950053
2955225
2955643
2956028
2956662
2957428
2958276
2959800
2967916
2968216
2968708
2969645
2970126
2970670
2971079
2971599
2972349
2973269
2973989
2974674
2975323
2975376
2977617
3000551
3000763
3003426
3004394
3005165
3005763
3006664
3007742
3008432
3009785
3010517
3012228
3012375
3016021
3017116
3018043
3021941
3024593
3024774
3025950
3026578
3026680
3026985
3027616
3028513
3029488
3030328
3030769
3031105
3032318
3032371
3033222
3033595
3034082
3034584
3035359
3035512
3036143
3036845
3037324
3037597
3037976
3038657
3039801
3040065
3040709
3042956
3043275
3045929
3045968
3047061
3047089
3049082
3049743
3050262
3051185
3051941
3052744
3054210
3056446
3065931
3082335
3083044
3101713
3104172
3105922
3106105
3107260
3107926
3108808
3109148
3110641
3111316
3115000
3117229
3119351
3127072
3129809
3130602
3131928
3132428
3133712
3150200
3150855
3150955
3151508
3153819
3155787
3164911
3166169
3168644
3172762
3176938
3179348
3179848
3180893
3181364
3182329
3182641
3184464
3187992
3189748
3193493
3194550
3194819
3195108
3222286
3224531
3229948
3231947
3232822
3233434
3233948
3235164
3235386
3236628
3241881
3245467
3246082
3246594
3247212
3250973
3252462
3253090
3253612
3254075
3254526
3255267
3255652
3256729
3257243
3257958
3264042
3267122
3269400
3273175
3278295
3279304
3281589
3282117
3282599
3300366
3301334
3310489
3311404
3313682
3314179
3315110
3316001
3316821
3316951
3317666
3321120
3323898
3324905
3325341
3325916
3326855
3326926
3327653
3328215
3329123
3330035
3330722
3331344
3333268
3334393
3335166
3348634
3355283
3366492
3367523
3368763
3368990
3371437
3372473
3374800
3376282
3384854
3396773
3397613
3403822
3405429
3408772
3411227
3412668
3414657
3415775
3417510
3419376
3420257
3421041
3422192
3423410
3425357
3431688
3433517
3433708
3487035
3488854
3490226
3495592
3496742
3498184
3498548
3498937
3502012
3502763
3507816
3514963
3515935
3517106
3517267
3517778
3518274
3518827
3519468
3522484
3523956
3525307
3525795
3526552
3530494
3531443
3534754
3536049
3544181
3558046
3564072
3582443
3611174
3614624
3616470
3621386
3622844
3622946
3623336
3624771
3627355
3627413
3628445
3628866
3628908
3629397
3629660
3630050
3630354
3630704
3630890
3631272
3631640
3632170
3632205
3632728
3633089
3637645
3639366
3642110
3642529
3643423
3644822
3646409
3647411
3661774
3669126
3680169
3681191
3685859
3687832
3692689
3696873
3702196
3704353
3707428
3707529
3708418
3710058
3710724
3712491
3713940
3715140
3715611
3716489
3716529
3717613
3719256
3721182
3721277
3724393
3724863
3725264
3726482
3726831
3728947
3730557
3731031
