801.8485
1635.059
2218.548
3765.218
5412.84
10342.28
11429.83
12103.99
13262.85
13598.63
17726.61
18155.76
18570.91
19718.9
22366.33
24246.32
25166.89
26007.86
26536.07
27016.8
27402.49
27941.42
28618.4
35843.2
36886.62
37902.34
38642.17
39753.46
41388.09
44558.98
45294.36
47256.14
48142.23
48808.79
49905.64
72624.71
79786.5
80342.63
81092.19
83430.66
84555.28
88282.01
88282.67
89450.29
90993.74
92228.52
93120.84
94220.18
94956.14
96888.57
97830.22
98594.97
98597.54
99265.6
102646.2
103664.2
103960.3
104999.9
106601.8
110190.7
112401
113102.7
114805.3
116485.3
117007.7
117433.2
121190.1
123970.2
124935.7
125235.8
125763.3
128553.1
130902.6
150155
151303.1
151796
153168.1
156368.9
158526.3
159738.7
164297
169282.6
170356.9
175931.1
176409.1
176411.1
177215.4
179400.5
180967.7
184434.2
184923.7
185303.3
185674.9
186561.8
187279.4
188061.3
189401.9
191744.7
192320.8
193114.5
194380.4
195537.9
202866
204031
217953.4
218748.2
233024.8
233026
240062.7
240604.9
241508.2
241509.1
243266.8
243499.7
244366.2
244444.5
247102.6
249650.4
250956.9
251751.3
252944.7
254124.6
254536.3
260435.2
261674.5
262420.5
262875.6
263411.1
264021
264582.5
267955.8
270356
270877.7
271266.6
276931.4
277953.1
283465.5
302209
303705.9
304922.7
304975
305831.8
312054.3
313368.8
317713.5
318430.3
319065.9
322897.3
325724.9
327237.8
331137.9
342916.2
344146.1
363895.4
374487.9
376645.8
377132.8
377194
377989
378594.9
378945.1
381502
387412.3
388270.9
389064.9
389976.7
390463.3
391063.1
391723.4
392985.6
394300.2
399809.9
400194.7
400537.7
402623.2
403479.6
404030.8
404616.6
405340.3
410170.9
410638.8
411034.4
411914
413329.4
415312.1
416230.2
416791.2
417440.2
418166.9
422408.6
422409
422859.2
423362.4
423884.1
424763
426213.9
430274.3
430665.9
431989.7
432581.3
450222.5
450716.4
452738.1
454159.4
457152.3
458724.3
459880.6
460177.6
460753
461216.3
461860
465602.4
466394.3
468168.1
473105
475524.8
481141
482425.4
483111
483779
484389.1
487307.7
489254.5
489763.4
489806.3
490456.3
491218.3
492955.4
493301.9
494942.8
497180.5
510383.1
513770.5
516606.7
521408.3
522668.1
523306.4
524876.6
525609.5
526837.7
527190.9
533164.3
534024.5
534418.6
535208.4
536608.3
539381.9
545792.3
550329.3
553855.7
556792.5
557994.6
564883.7
566422.4
568567.6
568909.5
569936.4
570912.1
571898.5
578734.9
579313.5
579972.7
582171.9
605831.9
611739.8
612401.7
614190.6
617865.6
618299.1
618834.6
619289.6
620054.6
621270.7
621797.4
622754.4
623845.8
624402.7
626666.1
627152.5
630837.5
633747
633748.2
635009.4
635352.5
639020.1
639364.4
639585.2
640236.8
642448.3
643714.6
644551.6
645712.6
646341.2
647208.6
649556.4
678959.3
684986.5
686283.1
688351.7
689403.2
689562.6
690204.5
691655.5
692871.7
695142.7
695972
695972.5
697030.6
698483.3
699373
699374.2
704758.7
706263.4
706996.5
709327.5
710739
710740
711270.2
711659.4
713640.3
715253.9
716453.1
717871.6
725089.4
726330.4
727337.5
728235.5
731176.3
731949.4
750235.6
750901.5
753266.9
755205.2
756004.2
756607
761621.6
761909.7
762860
763888.1
765733.5
766370.2
766854.1
767045.5
768035.4
770692.9
771894.1
774842.1
776384.8
779884.4
781069.6
787006.7
787007
787650.4
788972.9
790125.5
791035.4
792428.3
792982.5
794376.7
798980.9
799577.9
800175.7
800424.3
801147.8
802314.3
820971.5
826919.2
831031.5
834623.8
835887.9
838149.9
838542.5
839090.2
843860
843861.2
845377.7
845991.3
847086.9
847899.6
847923.1
848722.8
848912.7
855294.4
856383.4
857898.7
858649.6
860687.4
860689
861602.8
862338
863294
864398.3
865338.3
865716.2
866229.1
866830.3
868292.2
870729.7
872248.1
873088.9
873924.3
875305.9
876624.6
876671.7
877176
879749.9
880354.2
881334.4
900582.4
901078.2
902735.5
903212.3
903851.4
904709.3
905465.3
906720.5
915185.4
917707.9
918350.3
921022.1
922232.8
923724
926628.9
930819.9
931420.3
932456
932922.6
933127.1
934330.6
936927.3
938203.1
943075.3
943866.3
943993.3
948978.9
980930.8
988216.1
988970.1
989541
989543.1
1000703
1002216
1003504
1004325
1008131
1008906
1009429
1010405
1010407
1011239
1014205
1014696
1015204
1015242
1016215
1017063
1017163
1021643
1022643
1022644
1023519
1026210
1029631
1030470
1031711
1052576
1053337
1053387
1054521
1054974
1056770
1062821
1067919
1076437
1077125
1079030
1080164
1080165
1082138
1083937
1091660
1097052
1097739
1098319
1098885
1099155
1099448
1101256
1108525
1125084
1126024
1128289
1131208
1133657
1134729
1135157
1135759
1138032
1145495
1148259
1148261
1149542
1151135
1151965
1152990
1155072
1156466
1157000
1157566
1161189
1161754
1162214
1163018
1168055
1169373
1171989
1172609
1173526
1173529
1178648
1200367
1200822
1201844
1202635
1202637
1203188
1203778
1204368
1207278
1207734
1208362
1208946
1210774
1211500
1212651
1213489
1214049
1217631
1219166
1219922
1221060
1222338
1223112
1223841
1224251
1224891
1225427
1226966
1226981
1227702
1228881
1231170
1231967
1232568
1233040
1234489
1236434
1238186
1238718
1239745
1240313
1240842
1241398
1243839
1244467
1244736
1245396
1245498
1246294
1246733
1247972
1248306
1248485
1249014
1249687
1252938
1254101
1258073
1259635
1271796
1282255
1283431
1285818
1287206
1287826
1294020
1300015
1303077
1305778
1305779
1306182
1306667
1307439
1308274
1308276
1309602
1310379
1310975
1318686
1320249
1321188
1322830
1326668
1327365
1330701
1350430
1351584
1361391
1361965
1362730
1363373
1363546
1363840
1366375
1367097
1368026
1372061
1372935
1373383
1373754
1373923
1374535
1375206
1376978
1377370
1377591
1378175
1380322
1386623
1388459
1389530
1392026
1396197
1397487
1401935
1414616
1415201
1415405
1416406
1431711
1435953
1437533
1437534
1438517
1440392
1440886
1441257
1441258
1441897
1444469
1454390
1455067
1456618
1457133
1458274
1459474
1459476
1460126
1461618
1462606
1464061
1464586
1465109
1466559
1468059
1471355
1471965
1479274
1479906
1481096
1481643
1482637
1500788
1501660
1502092
1505585
1506502
1508903
1509823
1513269
1516051
1518048
1519573
1522176
1527919
1533069
1534381
1538291
1539289
1542857
1543523
1544625
1544627
1550365
1554287
1568202
1573538
1575538
1576417
1578262
1578989
1579532
1579533
1581729
1582387
1584035
1586191
1586191
1589256
1589657
1590521
1590695
1592190
1592946
1593595
1593781
1594280
1595190
1595955
1597636
1598952
1599844
1601755
1601977
1603391
1609154
1609614
1610920
1611430
1612253
1616959
1616960
1617545
1618380
1619329
1621305
1622310
1625430
1625528
1627954
1629551
1630808
1650650
1654770
1656928
1657481
1661489
1662046
1662914
1663333
1663782
1664216
1665738
1666411
1667183
1668864
1669392
1669833
1670349
1676970
1680144
1681142
1681597
1682052
1682921
1684477
1684909
1688890
1693411
1699686
1700457
1701929
1703316
1724973
1725537
1725541
1726061
1726326
1726636
1727588
1735642
1736119
1737952
1741628
1742732
1743601
1744127
1744707
1745579
1747912
1748936
1749994
1751052
1755252
1757039
1757040
1757714
1758240
1761901
1762438
1763177
1764837
1771999
1772938
1777428
1781625
1782298
1783016
1783226
1800126
1801809
1802893
1806183
1808188
1811136
1811791
1812525
1813761
1817587
1819338
1819812
1820217
1820635
1821371
1822071
1822882
1822883
1823703
1832136
1838521
1839070
1839527
1839935
1840454
1842903
1843439
1843440
1846152
1849116
1854214
1869305
1877045
1877772
1878202
1878912
1878914
1879735
1881326
1882091
1882712
1884840
1886407
1897915
1898356
1898358
1899024
1904852
1907743
1908426
1908426
1909118
1913773
1914376
1915212
1917294
1918638
1919740
1920394
1920506
1923063
1930598
1931265
1932465
1933090
1950400
1953176
1955130
1955458
1956004
1956842
1957284
1957680
1959026
1961419
1962391
1962930
1963964
1965083
1969843
1970844
1971307
1972728
1973031
1974010
1975245
1978503
1978867
1979396
1981269
1982075
1985894
1986332
1987162
1987978
1988472
1989102
1990394
1991655
1995610
1999333
2000122
2002169
2002963
2004219
2005873
2006130
2007352
2016095
2036451
2036451
2037493
2037494
2041445
2042317
2043772
2044277
2045527
2046080
2048382
2049849
2051852
2053106
2055308
2055335
2062367
2064073
2067829
2068785
2069685
2069686
2070972
2071553
2072731
2074208
2079893
2080725
2081541
2081884
2102226
2104882
2105501
2105501
2106071
2106711
2107682
2108423
2109957
2110449
2111084
2112331
2112962
2114886
2115465
2117487
2125221
2130588
2131321
2131869
2132511
2135760
2136999
2140044
2144055
2146093
2146826
2147413
2148117
2148801
2150819
2153544
2163800
2166396
2182863
2183589
2185194
2193499
2195027
2195689
2196705
2200602
2201236
2201258
2202913
2210522
2210522
2211167
2215647
2216570
2217679
2219010
2220395
2221559
2222191
2222766
2223807
2224444
2225096
2227716
2227857
2229717
2233160
2253575
2254519
2255398
2256495
2257025
2257439
2259169
2260346
2261093
2261681
2262246
2263136
2263614
2264062
2264835
2265234
2266536
2269104
2270151
2271093
2272146
2272816
2274506
2276006
2276910
2278159
2285104
2286522
2286967
2287326
2287856
2289341
2294121
2294595
2295089
2295933
2296489
2296924
2298143
2299409
2299766
2301264
2306438
2307272
2307912
2330475
2333071
2333840
2334358
2334703
2334705
2336549
2337509
2339617
2341112
2342089
2346560
2347484
2349157
2351271
2352272
2352706
2353214
2353214
2353558
2355552
2356510
2357041
2357708
2359757
2360274
2360804
2361285
2361632
2362050
2362594
2362990
2364347
2368287
2368860
2369671
2373469
2376566
2377866
2379878
2381446
2403624
2407311
2408435
2408527
2412523
2414641
2415724
2416567
2417437
2418070
2420056
2421072
2427921
2428905
2429327
2429983
2430853
2433347
2434367
2436318
2437119
2437265
2437962
2441292
2445690
2448989
2449712
2481600
2482698
2483911
2483912
2488501
2490180
2491869
2492756
2494339
2496263
2505529
2506391
2507946
2510497
2512645
2513541
2514114
2514980
2515464
2516875
2518789
2519735
2520282
2520799
2521392
2528153
2529266
2531624
2551641
2552566
2553554
2558969
2563731
2564823
2565661
2567300
2567931
2570720
2576276
2577234
2578122
2578647
2579008
2579996
2580858
2581377
2581779
2582257
2582632
2584007
2584392
2585186
2585664
2589565
2591309
2592512
2593484
2594263
2595344
2596164
2597360
2598834
2600648
2604954
2633685
2634790
2640111
2640468
2641113
2641661
2642693
2643397
2643884
2645803
2649273
2650251
2650252
2650708
2651347
2655641
2658370
2659435
2660606
2661281
2661891
2663691
2663692
2666851
2667448
2668123
2669049
2670006
2670813
2671346
2671853
2672359
2676156
2677282
2677800
2678251
2678915
2679635
2680866
2681565
2703972
2705997
2706934
2714007
2718676
2719303
2720290
2721267
2723669
2727176
2727931
2728742
2730072
2731649
2732804
2734223
2735000
2740101
2742082
2743135
2745679
2746446
2747249
2747857
2750077
2753779
2756684
2784512
2786150
2789928
2789928
2794375
2795903
2796383
2798008
2798951
2799921
2805915
2806609
2807712
2809109
2810977
2813574
2816927
2818468
2823096
2823958
2824496
2829778
2852763
2853219
2856619
2859836
2865338
2866451
2867073
2868282
2870728
2871230
2871833
2873097
2875281
2878076
2879345
2879712
2880094
2883632
2884496
2885458
2888046
2889692
2893980
2894721
2897810
2898673
2899721
2923672
2929101
2929102
2929743
2938273
2940606
2943289
2943879
2943881
2947949
2949163
2949906
2952056
2956685
2958383
2959473
2964318
2965996
2969863
2975985
2976499
2977427
2980192
2981111
2981969
2982769
3002542
3003207
3013473
3024663
3037623
3038314
3039461
3040515
3041562
3042706
3049742
3056917
3072008
3072618
3086565
3089109
3090641
3093415
3093416
3094135
3094719
3095329
3096463
3097349
3098013
3099516
3101733
3104134
3105483
3106022
3106434
3106979
3107780
3108716
3110048
3112291
3113736
3115021
3115540
3116161
3116935
3119614
3122904
3123417
3123979
3124536
3126049
3126573
3132097
3132942
3132971
3153286
3153872
3154529
3155010
3155500
3156117
3157407
3160347
3161934
3163325
3166246
3166306
3167309
3167862
3168508
3168848
3169340
3169647
3170141
3170535
3171132
3174008
3175624
3177110
3178705
3182152
3183410
3186151
3187638
3188661
3189362
3190371
3191140
3191789
3198709
3201661
3212395
3212806
3219882
3220822
3227616
3233287
3236370
3237539
3240767
3248245
3248839
3252084
3259507
3259982
3260434
3261341
3263248
3264866
3266171
3267089
3267955
3272964
3273570
3280689
3280690
3281266
3282311
3282768
3308061
3317362
3321924
3324723
3325541
3329297
3330183
3339657
3340923
3341816
3344073
3345991
3346685
3347924
3351907
3366554
3371525
3388898
3389870
3393835
3395412
3396200
3397811
3401200
3402472
3403005
3413769
3417247
3422812
3423793
3426065
3427569
3429653
3430279
3431579
3432227
3432894
3455276
3461044
3462010
3466487
3475606
3479086
3481284
3482895
3484997
3484997
3486081
3486639
3487173
3490116
3492725
3506474
3520482
3529059
3538096
3538586
3540230
3541865
3542886
3543844
3550432
3558475
3558527
3559343
3560813
3563714
3573416
3574350
3574882
3574883
3576095
3603390
3612322
3615380
3616965
3617492
3618014
3618455
3619192
3620906
3623259
3624094
3625656
3626326
3626777
3628873
3631525
3632389
3633065
3635133
3637784
3639344
3641268
3642419
3645064
3659443
3660256
3683624
3686023
3689909
3692700
3700204
3700763
3701375
3701911
3704133
3709841
3710552
3711264
3712140
3713943
3715276
3716004
3717987
3719426
3720186
3720361
3720811
3720826
3721789
3722655
3723179
3727707
3728545
3731537
