4062.831
5105.997
11957.41
17662.59
27568.23
30377.07
31063.23
34350.97
35119.93
36132.86
73680.19
75373.04
76477.78
76547.83
76989.87
77463.11
82024.27
82682.4
86001.92
94556.29
99716.5
100711
101327.7
101933.8
102662.5
109757.2
114161.3
114569.5
115231.2
116119.8
116971
117576
118225.1
118717.4
119156.3
119778.5
120321.9
122575.6
123595.6
124078.4
124367.3
130036
150076.7
150434.8
150787.4
150884.2
151287
152215.4
152829.5
154284.9
217836.4
219767.4
221647.4
243944.9
245287.9
246886.6
247745.7
255273.8
277234.1
279488.9
300998.7
303657.2
305006.1
318525.2
319275.8
323475.5
327642.2
331608.7
332616.6
338355.7
348114.2
348789.6
349515.8
355699.4
375744.2
380611.7
383438.1
384584.1
387169
388016.8
388980.8
389595.4
390253.1
391699.9
392249.3
396164
396822.6
397878.5
399145.4
399732.9
402371.5
404819.5
417034.5
432650.8
451905.7
452677.9
461739.1
462515.9
466565.7
467483.1
469444.3
470014.5
473709.7
486405.2
493019.3
494372.6
499302.3
501250.2
514663.2
527215.9
530618.2
531329.8
532643
533136.3
534240.2
540023.6
543435.4
545803
548803.4
549395
560771.3
565673.2
566479.4
574967.2
575549.7
576603
578065.7
582126.5
583332.2
606278.5
606866.2
610030.8
612375.4
612446.1
614044
614748.7
616720
621261.1
627094.9
628639.8
639105.7
667511.9
668013.4
672061.6
675107.5
676284.3
677379.2
689237
689744.7
690558.5
691598.6
694056.2
696658.4
701129.3
702784.9
715911.7
716417.2
717010.7
717900.6
725658.2
784256.8
795810.1
797119
799604.6
800581.8
814666.4
818386.3
833232.5
838602.4
839015
839415.1
841247.3
842016.3
843276.1
843533.2
844632.8
845911.2
858314.3
859173.7
859851.6
860427.5
862719
863133
863779.1
864775.4
866343.8
868104.4
868549.6
869073.1
870393.3
871077.8
871393.6
872480.4
875291.6
876507.9
900197.2
909762.8
920212.2
921457.5
923711.7
924942.7
926608
934882.1
938370.3
938696.8
940332.1
940970.3
978253.5
983278
984874.8
992163.3
995054.3
995685.2
1005088
1005874
1007707
1019278
1024317
1025241
1026817
1027788
1028656
1029686
1031751
1056072
1063510
1079684
1084487
1087701
1091893
1094857
1095713
1097924
1121352
1124897
1125388
1126860
1128283
1129657
1137318
1137889
1138787
1142672
1143318
1143347
1144265
1145018
1146706
1150603
1154078
1154782
1155483
1156229
1156799
1157617
1158751
1159285
1160537
1161450
1161958
1163560
1164081
1164854
1165884
1166702
1166747
1167470
1167731
1169040
1170018
1170678
1172194
1174981
1175382
1175899
1177898
1179197
1179518
1180087
1180533
1181277
1182096
1182703
1200521
1201191
1202048
1202979
1203981
1205703
1206633
1207925
1211514
1212605
1212699
1214073
1218255
1224923
1229415
1231024
1231645
1232242
1232655
1233663
1243150
1244373
1267965
1270834
1271405
1273889
1280385
1281502
1283930
1288374
1291002
1299022
1299650
1301424
1305591
1307425
1310603
1311245
1311948
1316146
1317696
1318645
1325293
1326736
1331866
1332655
1354704
1355357
1356063
1358563
1360185
1360809
1360975
1363427
1364189
1380433
1380685
1381332
1385758
1389010
1425145
1429336
1442976
1443548
1444172
1444200
1448181
1448999
1449552
1450563
1454909
1455635
1456487
1463190
1473433
1474022
1474476
1476796
1482919
1501870
1502626
1503879
1504875
1509812
1510842
1511669
1512332
1513064
1513963
1514635
1515130
1515919
1519457
1519833
1520889
1521636
1524011
1527463
1528345
1537495
1538179
1539335
1539835
1547648
1550208
1568426
1569362
1569868
1572144
1574628
1575879
1576298
1576830
1578161
1579922
1581896
1586642
1587496
1589439
1589968
1591116
1591648
1592384
1595237
1596950
1597597
1598410
1598846
1599344
1601173
1604157
1604695
1605702
1607114
1613350
1620532
1622785
1623970
1626410
1628352
1629064
1629741
1630508
1651846
1659067
1664983
1665771
1666368
1666858
1667622
1697543
1698224
1699045
1715467
1719741
1721042
1723573
1724842
1726750
1727356
1728161
1728902
1729607
1736704
1741710
1745846
1748078
1748234
1749763
1750260
1751091
1751603
1752518
1756652
1756972
1761482
1762035
1763378
1764425
1765541
1766355
1767288
1771683
1776597
1779570
1781060
1800614
1803196
1804480
1804893
1805263
1805657
1806196
1806536
1806861
1807300
1807622
1823432
1837574
1838875
1841129
1842160
1844118
1844747
1845231
1845848
1846869
1876327
1878181
1880541
1882847
1890772
1910743
1922899
1925004
1925722
1926723
1953199
1953366
1954700
1958565
1965657
1973150
1974539
1980076
1991323
1992120
1994327
1994895
1999492
2002109
2002429
2012029
2024609
2024756
2025853
2026503
2029636
2032640
2033140
2034431
2045590
2046410
2047834
2048497
2049978
2054185
2055676
2055988
2056838
2057525
2059642
2062552
2066647
2067176
2067639
2068240
2068836
2070350
2071562
2073058
2075042
2075921
2076485
2076848
2077858
2080185
2081370
2081976
2083561
2100283
2115032
2115986
2116614
2117573
2120114
2128599
2129128
2138611
2172324
2172762
2173287
2175078
2176677
2178802
2182847
2183470
2185153
2187359
2193374
2198723
2200009
2201347
2204323
2206943
2207694
2210376
2211285
2228247
2229931
2230323
2231335
2232093
2251560
2252004
2283040
2284980
2285591
2286494
2299963
2305832
2317370
2318050
2324207
2326344
2327467
2328121
2329023
2335473
2349514
2356051
2363413
2366553
2367021
2368015
2368664
2369411
2370576
2400721
2406310
2406879
2416994
2418033
2418410
2418767
2418973
2419157
2419377
2419562
2419747
2419908
2420074
2420231
2420405
2420578
2420738
2420898
2421116
2421868
2422419
2424523
2424943
2425819
2426750
2427221
2427888
2428818
2429213
2429910
2430594
2430982
2431476
2432605
2433186
2433652
2433958
2434424
2440079
2442619
2443097
2443610
2466400
2467135
2468443
2469267
2475064
2475536
2478364
2479346
2482664
2494304
2498011
2499048
2499750
2507008
2507714
2508306
2509259
2510559
2514736
2516025
2516599
2518915
2519529
2520160
2526655
2529260
2529476
2530018
2532141
2550525
2552713
2553539
2554103
2556360
2559080
2560718
2564435
2566890
2567572
2569489
2574668
2575631
2578501
2579187
2579451
2585663
2593734
2594200
2595052
2596309
2597337
2598946
2618892
2619869
2623447
2624119
2625326
2626334
2626931
2627982
2629832
2632193
2633529
2637071
2638501
2639070
2639245
2644369
2645110
2645981
2646719
2647239
2648108
2652803
2654183
2656004
2660614
2661392
2662123
2662524
2663007
2663823
2672205
2672996
2673442
2674098
2677555
2700476
2701189
2703836
2706089
2707555
2708502
2720662
2723820
2724794
2726152
2726329
2726848
2732259
2733146
2733653
2738011
2738943
2739856
2740642
2748917
2770596
2771281
2771784
2772518
2772944
2785175
2792254
2798896
2804450
2804914
2805670
2807365
2808292
2808722
2810618
2811460
2816105
2829714
2830541
2832921
2853635
2866391
2866943
2867415
2881711
2882501
2883131
2883770
2884380
2885029
2885489
2889992
2890235
2897960
2899117
2921317
2933270
2934225
2934725
2947342
2951946
2953199
2955262
2955699
2956754
2959166
2959955
2974420
2976953
2977428
2979161
2980116
2981173
2981695
2982160
3000601
3004635
3005266
3009939
3015252
3015749
3016168
3016679
3017945
3018842
3025844
3026279
3030031
3032493
3035036
3035851
3036801
3037072
3037523
3038356
3038946
3039449
3039790
3040338
3040987
3041524
3041999
3042300
3048699
3050343
3068635
3069614
3071004
3072874
3073607
3074063
3074532
3075519
3076367
3080178
3081802
3085959
3086805
3087574
3088573
3092663
3093166
3093702
3094184
3094289
3095240
3095445
3108649
3109032
3109313
3114199
3114943
3115505
3115988
3117536
3120042
3121378
3122113
3123631
3124103
3124578
3124897
3125416
3126059
3131463
3132013
3132734
3150226
3150889
3151665
3152215
3152703
3153360
3155803
3156579
3156869
3157062
3158182
3173085
3173912
3174934
3177031
3179099
3180144
3181617
3184500
3184901
3185151
3185817
3193966
3194624
3195163
3221984
3222503
3223503
3226202
3230307
3233078
3237674
3238381
3238810
3239152
3239827
3246278
3246836
3254823
3255131
3255841
3257089
3258869
3260548
3263768
3267525
3268083
3268676
3269346
3270276
3271783
3272323
3276541
3279887
3301851
3303556
3306598
3308192
3308898
3309861
3315046
3315849
3326239
3328059
3329746
3333007
3333524
3334217
3335871
3338711
3347541
3367170
3368648
3368960
3369453
3370218
3374140
3379207
3379974
3381531
3389321
3394511
3395893
3397341
3401819
3402489
3402952
3404108
3408234
3408784
3409424
3411309
3411736
3415342
3415963
3419134
3419655
3422728
3428251
3428657
3429773
3430925
3431474
3454792
3455327
3462581
3471285
3472342
3473147
3474493
3475211
3478522
3479523
3480604
3481339
3485663
3496521
3503709
3504782
3514718
3522011
3528921
3530091
3531369
3540909
3544830
3549641
3550730
3551767
3554613
3555137
3556169
3558185
3559427
3560054
3561192
3564695
3565770
3574101
3602423
3605918
3613208
3614901
3619732
3620692
3621094
3637810
3638311
3639278
3643468
3670167
3671259
3671750
3677217
3680590
3683506
3691155
3697062
3697887
3698617
3705373
3705889
3706304
3706793
3719767
3723174
3724344
3725541
3726688
3727363
3729753
3730533
3731588
3732352
3732693
3732952
