3248.435
4200.243
4772.941
5514.356
7094.348
13136.11
14782.34
16008.35
16684.75
17617.73
19921.18
20817.09
21238.3
21877.89
22582.74
23002.55
23319.51
23905
24637.7
25516.3
26843.69
27451.9
30362.05
32255.26
34493.52
37675.82
38168.86
38951.28
39363.23
39732.54
40211.38
40709.56
41842.35
44933.76
45877.03
49950.52
50686.95
54087.1
54869.37
55607.53
56957.3
60334.37
68455.09
74114.85
74987.55
92992.04
93649.38
94171.81
94636.99
95260.67
96735.74
98024.89
98765.26
99466
99820.39
100375.1
100951.7
107363.2
107953.7
108297.3
108706.3
109363.2
124457.1
124591.9
125427.4
126562.8
127011.6
127640.5
128886.6
129314
130848.5
162720.5
164744
166646
168702.5
168870.1
169451.3
171117.4
171782.4
171882.3
172375.5
172830.2
173758.3
173956.4
174514.5
174683.4
175190.9
175983.3
176348.6
177047.2
178638.4
179523.2
183490.3
186223.2
193130.4
203889.5
205545
230077.2
230756.3
231660.8
235996.4
237373
240681.1
241270.3
243042.9
243579.5
244530.6
247307.7
248629
248866.2
249067.3
249545.1
250175.6
250528.5
251360.4
253365.4
262313.6
262714.2
264344.3
266457.2
267175.1
267790.9
270451
270744.6
271925.4
275132.7
275811
276782.6
277418.5
277708
278479.9
279467.3
280917.4
282470.6
300124.5
300689.6
301611.2
302656.6
303742.6
304262.9
304619.8
305128.7
305773.2
306760.5
313583
314388.4
315065.8
316453.4
319456.2
320012.1
320424.8
320857.1
321283.7
321665.2
322014
322498.7
326510.9
328163.1
331927.1
332416.2
334724.3
337265.5
337750.3
338705.6
339148.6
342608.2
343540.8
344297.5
350393.4
355053.8
355396.3
355816.7
356140.9
356509.4
357123.6
373795.9
377975.9
377977
384644.3
385774.4
386706.5
395599.8
403772.7
404486.8
404922.9
406218.9
407184.1
407847.7
417360.4
450075.3
450305.9
451093.5
451644.4
452341.1
454438.3
455843.2
457876.4
458780.9
459405.8
459808.7
460285.9
460744.6
461055.4
461149.5
469049.3
471673.3
482929.5
519114.6
529049.5
529346.5
529682.6
530436
538899.4
541352.7
546716.8
547323.7
547585.4
549261.1
551340.4
552415.1
554251.4
556990.6
557720.5
559606.6
560947.3
562011.3
562387.7
563515.1
563638.4
563944.6
564419.2
566295.8
566913.7
567311.6
567357.1
567684.8
567985.4
568273
575474.1
577559.2
579437
581265.4
604490.3
620054.7
631996.2
632539.4
632629.5
633167.8
635593.8
639690.3
640784.3
647003.5
672191.6
673209.7
688150.7
688990.8
690040.9
691139.4
691646.4
697561.3
699091.3
705606.5
709786.5
712818.9
713330.2
713795
714383.9
715098.8
715736.9
716319.9
717506.4
718635.3
719873.7
720494.9
720897.6
721362.2
721736.3
722262.8
722899.4
729834.6
730288.9
730706.7
731064.5
731475.5
732420.4
756480.8
757238.4
757682.3
758205.6
759448.8
760095.9
760739
761308.7
767008.4
769227.1
772822.5
776988.4
778178.7
783020.8
785458.4
791859.7
792783.4
793152.7
793500.4
793995.7
800723.3
803473.2
804330.1
805157.2
821617.8
822777.3
825920.2
826361.4
826747.6
827245.5
827999.3
833647.6
834624
836638.9
837618.3
839898.9
840317.2
842444.1
843383.9
844921.4
849067
849674.7
850192.2
850539.7
850619.4
851022.7
851346
852612.2
856822.8
857740.4
858217.4
858694.5
861281.4
862089.6
863529.7
864044.7
864519.3
864624.4
865803.4
867216.4
868331.5
870796.8
872506.2
873493.6
873852.3
874235.3
876229.2
877115.6
877878.5
878330
878413.9
879078.3
880686.2
901531.6
905637.1
906602.7
907272.6
908227.6
909085.7
911600.9
913595.4
915200.7
917793
919003.5
920116.7
921236.8
923669.8
926915.2
928160.5
929071
931503.3
932301.9
932767.2
933242.5
935420.4
940623.6
943598.3
943942.6
944601.3
945455.6
946934.9
947670.4
949335.9
968829.9
969169.5
969727.7
970174.6
970716.4
971620.9
972680.6
973170.6
973784.8
974247.1
974598
974929.7
975275.1
975638.3
976099.5
976635.4
977979.1
978775.2
978881.8
984984.3
991336.5
991884.7
996085.5
997725.2
998203.3
998382.5
999573.8
1000318
1001187
1002020
1002866
1003817
1004627
1005209
1006092
1006201
1007515
1008312
1008959
1009788
1009905
1010360
1010947
1011534
1011607
1018710
1019634
1020279
1021688
1021775
1027979
1030640
1031131
1031904
1032659
1059481
1061180
1061997
1066101
1075097
1075694
1076377
1076902
1077712
1078767
1079281
1079977
1081167
1082830
1083646
1084175
1084733
1085288
1087507
1089202
1095528
1096532
1102659
1117718
1118420
1119231
1119554
1120219
1123853
1124664
1128977
1130879
1133600
1134146
1136329
1137263
1138841
1139403
1139699
1140270
1141461
1142139
1142708
1143131
1143485
1143854
1144117
1144440
1144727
1145007
1145284
1145585
1146014
1146320
1146654
1146913
1147248
1147656
1148057
1148640
1149204
1150421
1153097
1155751
1156309
1159469
1160213
1160550
1161785
1162322
1162626
1162986
1166085
1170511
1171120
1172213
1173181
1174231
1175252
1176114
1176697
1177489
1178760
1201884
1202009
1203487
1205430
1206166
1207582
1208085
1208518
1209920
1210603
1210658
1227179
1229512
1230248
1239683
1240695
1241449
1242025
1242547
1250504
1275144
1280094
1281165
1284182
1284886
1285535
1286617
1302992
1304294
1314631
1315129
1320349
1350324
1350750
1351341
1353423
1355046
1356718
1358230
1359342
1361626
1362701
1363306
1363703
1364318
1364428
1364735
1365204
1365764
1365835
1367273
1370404
1371176
1372040
1375995
1377068
1379280
1380079
1380444
1381792
1382901
1383839
1385630
1386425
1386847
1387205
1388022
1391177
1391647
1392219
1392979
1395280
1396643
1397027
1397784
1398492
1400255
1414937
1415821
1416338
1416739
1417500
1417970
1418390
1418765
1419322
1419564
1419928
1420119
1421056
1421302
1422235
1422425
1422890
1423289
1423317
1423768
1424630
1425220
1426672
1427769
1427830
1428600
1429758
1431242
1431575
1432227
1432952
1434013
1434517
1436902
1437870
1438944
1448140
1449767
1450928
1467361
1467872
1468264
1469291
1505144
1505949
1509634
1512561
1514224
1515561
1516117
1516730
1516814
1517701
1518274
1520158
1520647
1521201
1521907
1522546
1522832
1524055
1524535
1525652
1525823
1526441
1527994
1528197
1528629
1531653
1532678
1534037
1534935
1535881
1538260
1539398
1540081
1540430
1540710
1541164
1541317
1543031
1543605
1544339
1545778
1547698
1548052
1549887
1550370
1550873
1551328
1552018
1554390
1557287
1558366
1559106
1559256
1560899
1568887
1570072
1571322
1572190
1573894
1578430
1578874
1579643
1581055
1585441
1589969
1591335
1591965
1597440
1599752
1600349
1601948
1602644
1603253
1603367
1603963
1604439
1606697
1608354
1608916
1609636
1610801
1611757
1612228
1615097
1615162
1618203
1619831
1620806
1621669
1622067
1622754
1623892
1625304
1628593
1630265
1632545
1633164
1654203
1654724
1655204
1655645
1656119
1656550
1656896
1657332
1657835
1658397
1659127
1662754
1663593
1665908
1666389
1673638
1674001
1674589
1679526
1679741
1680147
1680728
1681350
1688050
1689098
1696372
1700446
1701230
1702096
1725089
1730789
1734108
1743179
1746857
1748208
1748990
1752247
1753190
1753368
1754350
1754394
1755271
1756411
1757138
1759304
1759326
1759866
1760925
1762449
1763102
1764232
1766761
1767306
1768681
1771323
1772167
1773643
1774664
1775212
1776344
1776703
1777020
1777389
1777793
1778459
1778919
1779525
1779891
1780263
1781316
1781434
1782285
1801797
1803629
1808900
1810601
1811851
1812308
1813111
1813908
1814610
1816785
1817326
1817931
1819605
1821393
1824834
1824986
1825375
1825867
1826801
1827422
1837072
1837948
1838958
1845853
1847380
1847992
1848958
1849349
1849928
1850478
1850763
1851806
1852606
1868421
1869425
1869976
1870048
1870787
1871412
1872045
1872449
1873429
1873604
1877285
1878605
1881435
1883941
1884321
1885060
1885351
1886227
1886420
1887463
1889137
1889975
1890271
1890621
1891320
1891788
1891973
1892928
1893629
1894271
1895622
1895857
1896309
1901792
1902550
1903639
1904176
1904676
1905005
1905374
1905810
1906235
1907672
1911199
1912782
1919065
1919574
1920429
1927191
1956176
1956588
1957014
1957685
1958892
1959198
1959999
1960602
1961313
1962047
1962187
1968116
1971377
1976500
1982265
1983976
1984950
1988420
1988976
1989653
1990083
1995848
1996496
1998579
1999231
2002100
2017030
2019874
2020780
2027521
2029842
2036456
2041481
2046388
2047215
2055322
2064769
2065771
2072047
2072444
2074133
2074516
2074893
2077125
2077875
2078735
2081271
2082830
2100264
2103327
2104835
2104993
2105845
2105980
2110848
2110956
2113570
2121514
2123737
2124958
2128738
2129417
2130298
2130486
2130931
2131343
2132139
2132401
2133787
2136859
2137170
2138327
2139810
2140563
2141145
2141697
2142157
2142725
2143405
2146669
2148184
2149107
2149573
2150379
2151090
2158196
2159203
2160462
2165524
2166065
2192040
2192517
2193107
2193584
2195375
2196398
2197128
2202242
2203575
2204076
2204536
2205207
2205873
2206939
2207651
2208069
2209930
2211507
2211593
2213752
2214388
2215278
2216039
2216101
2217621
2218643
2218664
2220365
2222720
2224025
2225067
2228807
2229876
2230436
2230600
2231610
2251182
2252861
2253125
2255988
2258305
2259413
2261600
2262572
2263929
2264801
2266137
2266573
2266922
2270734
2271697
2272231
2272634
2272975
2273926
2274064
2274453
2274802
2275192
2275930
2276201
2276437
2276815
2276899
2277197
2277566
2277620
2278112
2278364
2278918
2279075
2279359
2280156
2280861
2281820
2283071
2284684
2285277
2285452
2286077
2289680
2289842
2290748
2291778
2296792
2327272
2328388
2334678
2335945
2337546
2339531
2344632
2348106
2349133
2352413
2354297
2357039
2358007
2360067
2360506
2361685
2362714
2362987
2363475
2364565
2364773
2365251
2365975
2366671
2366894
2369695
2370778
2370882
2372936
2375911
2377063
2377998
2378421
2378702
2410289
2414642
2415198
2422304
2423920
2425076
2431042
2431621
2431814
2433944
2435850
2470433
2474218
2480013
2480873
2486127
2487117
2488444
2491738
2494056
2494907
2495089
2495702
2496004
2496333
2496837
2502884
2503876
2504061
2505034
2505694
2507281
2508652
2508756
2509269
2513596
2514270
2514667
2515145
2515625
2515991
2516386
2517849
2528701
2529822
2561613
2561993
2562377
2562782
2563392
2564383
2564700
2565236
2565544
2566102
2566431
2570286
2571221
2571330
2572324
2572588
2573975
2574666
2574902
2575792
2575915
2576393
2576630
2577976
2578043
2579213
2580170
2581477
2582228
2582668
2583517
2584630
2585397
2587531
2588742
2588881
2589406
2589918
2590818
2595578
2598216
2599818
2619538
2626726
2630043
2630213
2630459
2631090
2631465
2631803
2632099
2632784
2633121
2633435
2633834
2635262
2635704
2636331
2639747
2646110
2646899
2648352
2667600
2670414
2671836
2673714
2674885
2678780
2701515
2703900
2705162
2718557
2720650
2722525
2724165
2726691
2731275
2732029
2732693
2734735
2738166
2741690
2742319
2743410
2744253
2745189
2746493
2747813
2749244
2749859
2750549
2750849
2751465
2764673
2765908
2767108
2775487
2776383
2777064
2777660
2779157
2784040
2786766
2788322
2797449
2799225
2799749
2800349
2800923
2808563
2810089
2810601
2811297
2819468
2826647
2850216
2850817
2851581
2852042
2852540
2853031
2854324
2854765
2855146
2855835
2858484
2862717
2863747
2869048
2869771
2872662
2875811
2878997
2882063
2883985
2884740
2885437
2896102
2897582
2917038
2918874
2927906
2929256
2931776
2932349
2932986
2935258
2935657
2936165
2936873
2939385
2940620
2941622
2942814
2980811
3024384
3027051
3027390
3027710
3027959
3028184
3028412
3028642
3029169
3029466
3029783
3036532
3043182
3044356
3046441
3049080
3069597
3074086
3075767
3076132
3078491
3080938
3081714
3082065
3082537
3082988
3083407
3083868
3085505
3086697
3087100
3087400
3087660
3088613
3088681
3090141
3090701
3091521
3091910
3097906
3098202
3099683
3102547
3105696
3106183
3106454
3107176
3107769
3108992
3109004
3109785
3112688
3113125
3113546
3113920
3114190
3115691
3117082
3117121
3119425
3120386
3123681
3125685
3126113
3126851
3127377
3127867
3128353
3130110
3131563
3131983
3155219
3157154
3157697
3158530
3162223
3165378
3167170
3168167
3168346
3168824
3173015
3174087
3174473
3176261
3182291
3187531
3188281
3188369
3190178
3191732
3196308
3201162
3220471
3220830
3221108
3221405
3221445
3221953
3222330
3222495
3222971
3223338
3224165
3224731
3224788
3225167
3226181
3226305
3226677
3228328
3229631
3232994
3234023
3238378
3240867
3244212
3244326
3244749
3245337
3245846
3246451
3248439
3251985
3256081
3257518
3258206
3258303
3259321
3260048
3260723
3261695
3262299
3267178
3267958
3268621
3269267
3269811
3270867
3271862
3272314
3272854
3273268
3274077
3275517
3276067
3277299
3278369
3279011
3279725
3280283
3281041
3281365
3282283
3282831
3300351
3300733
3301225
3303287
3304471
3304819
3305503
3306778
3307627
3308584
3311843
3315551
3319486
3320604
3321177
3322746
3327087
3331317
3332313
3332647
3341108
3348183
3350543
3351184
3351927
3352817
3353848
3379843
3382552
3389415
3391822
3392626
3395108
3404824
3406866
3408186
3408904
3409552
3410771
3410837
3411393
3412163
3412246
3412908
3414400
3414907
3415365
3415897
3464869
3479184
3487383
3489337
3492740
3496073
3501146
3501628
3502130
3517425
3519008
3519904
3519963
3520157
3520429
3520977
3521788
3522566
3522626
3523138
3523702
3525601
3526318
3530705
3531926
3533572
3535238
3536310
3536584
3540279
3540885
3541754
3544567
3544779
3545252
3546084
3546725
3547333
3547875
3548306
3548898
3549787
3549970
3550395
3553137
3557400
3558406
3559096
3560416
3561130
3561504
3562302
3567214
3567929
3572095
3572682
3573231
3573818
3575022
3576268
3576353
3578811
3581200
3581917
3582880
3600299
3601308
3601969
3603413
3604253
3604682
3604792
3606074
3611453
3624054
3629983
3632597
3646977
3670786
3673404
3678084
3679036
3682836
3683936
3692514
3695363
3700145
3706447
3707014
3708236
3709792
3714507
3715867
3716373
3719682
3720039
3720740
3722581
3723922
3724060
3725141
