2155.969
2699.386
3291.777
4260.244
6252.563
6779.033
7226.698
7553.719
8184.017
8701.476
9131.898
9769.633
10376.97
10863.28
11578.5
12753.04
12772.7
14221.19
14819.42
15414.57
15897.27
16602.97
16742.87
17518.75
17960.1
19100.44
19637.84
19691.37
19987.67
20700.67
21097.68
21715.53
22102
22698.22
23245.09
23682.99
24259.1
24760.32
25696.99
26786.54
28243.48
29537.46
30176.47
31115
33550.82
34235.22
35076.53
36789.15
37248.95
38256.77
39230.3
40113.45
40688.95
44268.45
47887.81
50229.49
51008.9
52377.96
52774.66
53282.86
62424.2
67852.31
68361.48
68766.12
69511.89
70237.47
71782.2
72412.48
72442.94
76642.93
78822.69
79824.7
80307.37
81268.64
81868.54
82899.85
84033.5
84912.61
86657.55
87458.35
88154.89
94716.36
99206.39
99806.78
100446.8
101194.7
101893.7
102396.6
103329.2
104563.9
106622.5
107049.5
108713.1
110373.9
112583.9
113129.2
114435.4
115065.8
115433.4
116144.6
116598.7
117509.9
118503
118503.3
119174.3
119337.6
120262.2
121021.9
121672.9
122165.9
122739.5
122746.2
123502.1
123954.2
124440.6
125016.3
125670.4
126612.2
127133.1
127689.2
127930
128076.8
128513.5
128616.9
128870.1
129216.6
129556.8
130248.7
131104.4
131196.1
131837.2
132251.6
132334.6
132712.8
133116.4
133563.2
150065.5
155910.4
158399.3
164422.7
165912.8
166410.2
167002.6
167567.7
169066.1
169985
170833.2
173350.2
173828
174285.5
174702.8
175037.1
175545.5
176393.9
177514.3
179092.4
179103.9
180321.7
181309.2
183087.4
184508.8
185309.7
196957.6
198057.3
198522.5
199446
199565.8
200071.2
200825.2
202801.8
203381.4
205930.8
213575.9
214073.4
216036.4
217179.3
218154.4
219079.7
220032
220372.1
223120.8
230600.9
231700
237309.9
241507.8
242982.3
243863
254623.6
265515.4
265932
266697.1
267511
272344.6
273187.7
276861.1
278314.9
278939.1
279833.7
280493.1
281538.8
282067.4
282833.9
301857.6
302166.7
302572.7
304474.4
305859.1
307379.8
308248.3
309729.3
311002.3
311225.6
311764.6
312197.6
312660.2
313048.4
313505.1
314140
314556.7
315031.5
315599.1
316079.6
316442.9
317003.9
317375.3
317906.6
318499.9
319163.7
319893.5
320590.1
321617.3
322011.6
322395.3
323450.5
323967.9
324537.8
325003.8
325957.3
326467
326893.7
327382.1
327531.8
327755.9
328418.3
332098.3
333204.8
334180.3
335716.8
336463.2
337132
337860.9
338811.3
339557.7
340834.1
342254.1
343719.5
347163.4
347618.5
349111.6
349942
351272.8
351760.9
352204.7
352609.6
353210.8
353622.3
354339.4
356110.6
358452.5
359373.9
364403.4
364941.4
365049.2
365766.1
365812.2
366557.5
367202.1
367717.9
368812.6
370537.6
371750
372654.3
373311.4
383244.2
384134.6
386926.2
387971.8
391324.4
391959.7
392421.8
394248.1
395027.3
395441.5
395852.3
397081.2
397798.6
398553.3
399221.5
399752.8
400260.3
400794.2
401540.6
404175.7
404527.9
406062.5
406591.9
407106.7
407579.3
407758.8
408355.2
409110.4
421523
425640.9
430587.5
430964.7
431831
431870.7
450753.5
450785.5
451439.3
451953.2
452764.1
452916.2
453418.6
453726.2
454620.8
455105
455903.1
457188.8
458339.5
460777.3
461803
462472.2
463484.4
464056.1
465327.3
465928.1
466855.2
473601.4
479618.9
480151.8
480761.1
482370.1
483226.5
483272.8
484734.1
485082.9
485609.6
486473.1
488369.8
489105.2
489801.4
490302.2
491981.2
492535
492836.1
493259.7
493825.8
494339
494907.5
495579.9
496742.4
497488.8
498775.5
500116.3
500659.2
501219.4
502085.4
506739.8
508184
513062.2
516100.5
516977.2
517767.9
518825.1
519296.9
519840.4
520595
522349.5
523756.7
524339.7
524823
525154
526161.6
526832.1
527396.2
527779.3
528229.8
528487.3
529114.1
530017.3
530602.8
531966.7
534249.2
535692.5
537557.3
539029.6
539366.4
540618.9
541446
542660.4
543672.8
544321.4
544697.3
545272.6
546939.1
548113.8
548887.2
549744.2
550160.9
550631.8
551356.2
552140.2
552916.5
553207.4
553423.9
554113.4
555295.4
556278.3
556883.4
557568.1
558167.7
561445.9
562071.2
568615.8
575475.2
578248.7
579820.7
580775.2
582868.5
600364.7
601008.3
605830.7
606890.8
609548.5
611407.4
615163.8
617093.4
617753.9
618762.3
621203.1
621334.2
621375.8
621614.3
621977.1
622720.6
623218.8
623600.4
624356.2
626249.3
626285.2
627394.2
629852.3
630804.2
631515.1
631668.8
633311.2
634197.9
635194
635984.4
636546.8
637156
637986.4
638492
638592.4
639464.8
640174.4
640772.3
641825.8
642438.6
642964.2
643467.1
644339.6
645055.2
645522.8
645918.4
646920.3
649254.3
649955.9
651349.8
652261.3
653915.2
655277.6
656941.7
658444.9
666379.1
668041.3
668841.7
674977.6
679512.6
689613.2
690947.9
691822
696942.7
698330
699160.7
705306.7
707471
713679.3
716666.8
722311.7
728433.5
750583.6
751009.8
751547.2
752153.7
752521.7
752927.4
753372.4
753855.1
754360.2
755080.2
755493.6
755947.6
756852.1
757480.3
757840.9
758799.4
759213.9
759571.1
760257
760735.7
761224.9
761520.4
762044.6
764130.3
764638
765588
766113.4
768858.3
770006.9
771139.3
771621.2
772601.5
775619.1
776644.5
779372.1
780435.7
782603.8
784637.1
790707.8
794279
794632.3
795393.8
795835.8
796382
797609.3
797857.8
798272.7
799090.3
799610.5
800329.8
800752.2
801001.2
801116.7
801529.9
801927.7
802943.9
803485.9
804224.1
812403.6
816924.7
818332.3
819465
822004.5
822922
825542.6
826385.1
834388.6
841663.8
844450
845160.7
845460.8
845581.3
849912.1
855605.8
856506.8
857401.9
857448.7
858662.7
859270.3
859300.4
859699
860071.3
863013.1
863618
864099.5
864970.8
866130.8
868192.5
868278.2
868840.5
869862.1
870110.8
870550.1
872164.1
873093.8
873671.1
874845.6
877235.8
877995.4
879139.6
879746.4
880573.2
881299.9
881821.2
882633.9
883036.2
900062.1
909257.5
909738.7
910102.2
912523.7
918878.3
919232.5
919555.1
919624.8
921096.7
922118.3
923176.7
923531.3
923994.8
924817.9
925392
926256.9
926842.2
927905.1
928567.8
929481.2
929909.2
930444.5
930929.6
931400.8
932224.7
932785.5
932937.7
933573.4
934813.9
937066.1
937679.8
937780.9
938179.2
938635.6
938869.1
939700.6
941684.1
943770.6
944279.9
944724.2
946398.1
951379.3
952595.1
953986.7
954401.2
956388.8
958240.7
960098.5
961485.4
961692.1
962255.6
963485.7
964192.4
965314.9
965361.8
968459.7
969833
974352.2
976294.5
978910.2
979887.8
988134.6
988710
989044.4
995390.2
995494
995825.7
996988
998471.5
1000296
1000386
1003098
1004128
1004287
1005285
1006297
1007568
1007757
1008155
1008856
1009535
1010294
1010966
1011817
1012513
1013085
1013802
1014348
1014869
1015516
1016386
1019564
1021968
1022198
1025561
1028288
1031473
1065216
1074199
1077398
1079671
1088648
1089038
1089463
1089987
1090606
1091349
1091845
1092739
1093451
1093988
1094319
1094732
1095057
1095359
1095795
1096266
1096789
1097274
1097801
1098250
1098283
1098692
1099114
1099534
1099881
1100246
1100785
1101185
1101548
1101962
1102999
1103898
1104540
1105807
1107326
1109947
1111652
1112233
1112910
1113644
1114292
1115186
1115612
1120673
1121141
1122641
1124312
1124947
1126438
1126912
1127348
1129103
1129598
1130197
1132769
1133930
1134634
1135273
1135597
1136089
1136923
1137392
1137432
1138161
1138767
1139486
1139569
1140261
1140841
1141422
1141895
1142340
1142931
1143690
1145059
1145195
1147366
1147582
1152998
1154529
1160980
1162134
1162463
1164671
1165422
1166099
1167442
1168889
1169907
1170667
1171574
1173104
1173998
1174644
1176261
1176775
1177031
1177701
1178585
1179092
1179667
1180206
1180975
1181620
1182175
1182813
1182870
1202521
1204964
1206240
1206747
1207530
1208786
1209635
1210330
1212080
1213088
1214478
1215978
1218178
1219433
1220591
1221379
1221461
1222057
1222692
1223620
1223994
1224669
1225423
1228395
1229043
1230073
1232921
1236007
1240633
1241022
1247797
1248972
1249452
1250765
1251525
1253109
1255625
1256658
1257483
1258940
1260178
1260606
1261236
1262712
1262798
1263785
1265174
1266374
1276788
1277698
1277930
1278711
1280940
1282140
1282341
1282850
1283370
1283965
1284277
1284547
1285042
1285281
1286796
1289645
1294890
1296943
1300617
1301249
1301465
1302002
1303417
1303474
1303788
1304148
1304751
1305606
1306068
1306509
1307248
1307858
1309034
1309413
1310044
1310398
1311431
1312171
1312233
1312723
1313390
1313448
1313893
1314074
1314246
1314316
1314778
1314779
1315245
1315937
1316614
1319154
1319859
1320446
1321535
1322046
1323120
1350074
1351082
1352117
1352731
1353038
1353600
1354645
1355140
1355683
1356162
1358189
1360174
1360182
1360486
1363318
1363692
1365018
1369062
1369272
1369699
1370165
1371013
1372224
1376230
1376583
1377282
1379418
1379550
1380481
1381473
1381672
1382657
1383549
1385280
1386143
1386810
1387392
1387687
1389259
1390186
1394053
1394270
1394790
1395471
1396866
1397451
1397604
1397941
1398700
1399420
1400085
1400626
1401139
1401609
1402285
1403235
1403995
1404599
1405158
1405629
1406380
1406933
1407520
1408991
1410160
1410715
1411436
1412737
1413069
1413848
1420500
1422408
1423999
1426614
1441007
1442201
1443246
1443925
1446090
1446474
1451235
1451820
1466863
1467004
1500442
1500862
1501218
1501226
1501717
1502057
1502508
1502793
1503021
1503974
1504075
1505097
1507621
1514574
1529403
1531183
1531496
1532685
1532847
1534238
1537474
1539452
1542505
1544266
1544843
1545338
1545840
1546369
1546929
1547356
1547568
1548075
1549693
1550200
1550558
1551452
1552022
1553469
1554182
1554231
1556402
1557998
1558997
1563190
1563265
1564061
1564747
1565673
1567254
1568539
1569534
1570165
1570454
1572941
1573261
1573542
1578400
1579095
1581530
1592672
1593718
1594300
1594619
1594862
1595783
1596215
1597264
1598481
1598835
1599012
1599477
1599867
1600586
1602046
1606589
1609832
1615119
1618497
1619257
1625007
1625617
1626070
1626146
1627118
1627518
1628055
1629005
1629812
1630256
1630883
1631233
1631520
1632003
1632253
1633079
1650675
1651186
1651720
1652518
1652975
1653718
1654109
1654462
1654786
1655099
1655468
1655931
1656108
1656486
1657157
1657616
1657814
1658511
1658928
1658982
1659369
1659646
1659895
1660184
1660310
1660466
1660693
1660939
1661212
1661584
1661935
1662236
1662603
1663041
1663612
1663796
1664394
1664795
1665201
1665845
1666325
1666788
1667166
1667630
1667768
1667965
1668345
1668819
1668836
1669326
1669696
1670195
1671149
1672008
1673067
1673279
1674005
1674616
1674760
1675444
1677435
1677731
1678764
1679507
1680227
1680635
1680998
1682825
1684841
1685003
1685299
1685953
1686417
1686722
1687112
1687568
1688659
1689734
1691111
1692674
1695643
1696546
1700330
1701542
1702228
1703015
1708210
1714398
1714930
1715442
1716131
1718690
1718923
1719379
1720206
1720977
1721546
1721713
1722500
1723825
1723943
1725485
1726254
1726759
1727302
1727985
1729769
1730280
1730923
1732024
1732663
1733504
1734018
1734608
1737687
1741752
1743146
1744868
1745771
1746159
1747838
1748513
1749308
1749935
1751716
1752395
1753282
1753986
1754707
1754801
1779854
1781601
1782084
1801659
1810325
1813214
1815495
1824420
1829129
1830455
1840529
1842696
1843278
1844318
1844943
1846247
1849660
1850355
1851239
1852029
1852574
1853120
1853888
1854771
1855224
1855638
1856084
1856804
1857459
1858112
1858552
1859017
1859123
1859936
1860623
1861065
1861693
1862322
1862535
1863908
1864723
1865616
1866554
1867043
1868276
1869302
1870064
1870774
1871160
1871345
1873027
1873648
1873747
1874290
1874783
1875388
1876179
1876906
1877899
1878752
1879373
1880127
1881133
1881748
1882677
1882959
1883436
1884381
1885171
1885702
1886179
1887030
1888139
1891798
1892301
1894919
1895777
1896498
1901761
1901862
1902463
1904766
1904805
1907161
1908826
1913543
1913931
1914770
1915655
1916374
1916873
1917845
1918686
1919717
1921724
1922203
1922420
1924223
1924404
1924755
1925052
1925707
1927097
1928248
1929658
1933392
1951342
1951865
1952108
1958061
1959238
1959939
1961878
1963028
1965126
1966290
1969901
1970437
1977354
1978490
1979728
1980676
1981805
1983409
1984294
1984918
1985430
1986592
1986712
1987417
1991880
1992814
1993668
1994256
1994321
1995510
1996434
1998505
1999432
1999479
2000282
2001646
2001809
2002587
2002791
2003921
2006275
2008914
2010750
2016102
2016837
2017460
2018138
2019188
2019882
2021077
2021963
2022003
2022582
2022940
2023431
2023816
2024302
2024989
2025504
2025754
2026144
2027554
2029158
2029527
2030746
2033014
2040338
2054232
2056201
2057012
2057505
2059578
2061141
2061316
2061861
2063673
2064336
2065703
2066083
2070296
2071021
2071887
2078381
2079604
2080549
2081209
2082720
2083467
2103844
2117339
2122806
2123136
2123599
2124976
2125532
2126223
2126919
2127969
2128464
2129239
2129806
2130284
2130595
2132396
2134174
2134326
2136153
2137140
2140210
2141042
2141646
2142379
2142608
2145055
2150531
2151017
2151589
2151672
2152269
2153051
2153901
2154751
2155956
2157870
2158796
2158903
2159678
2164213
2164425
2164839
2165608
2165705
2166697
2167339
2168124
2168459
2168956
2169719
2170041
2170735
2171187
2171606
2172267
2173039
2173739
2175097
2175356
2177985
2178479
2178845
2179527
2181549
2186064
2186733
2187384
2188815
2190817
2191853
2194145
2195286
2197321
2199615
2202697
2203034
2203915
2203915
2204382
2205077
2206031
2206729
2207230
2207717
2208354
2209093
2210010
2210318
2212460
2215976
2216532
2217794
2218693
2219146
2220244
2221667
2222107
2222134
2222586
2223288
2224002
2224425
2224720
2225290
2225668
2226333
2231955
2232414
2251826
2253809
2255011
2256905
2262271
2262490
2262848
2264344
2267868
2269932
2271006
2276820
2277241
2277887
2278518
2279862
2280771
2280964
2281450
2282172
2284001
2286201
2287065
2288609
2289411
2290370
2291001
2291211
2293217
2294753
2296417
2300696
2301062
2301660
2302338
2302753
2308499
2310248
2311298
2311697
2312240
2312712
2313355
2314926
2315127
2315894
2318074
2319993
2322188
2322638
2323203
2323929
2324809
2325604
2325762
2326355
2327022
2327407
2327775
2328324
2328460
2328606
2329048
2329543
2329904
2330515
2331318
2332174
2333120
2334175
2334609
2335152
2336198
2336458
2336932
2337050
2337743
2338556
2339049
2339710
2340127
2340865
2341471
2342911
2343053
2343673
2344141
2344644
2350817
2351803
2352019
2352928
2353427
2354650
2355150
2355216
2355550
2356360
2358738
2359492
2363489
2369679
2370206
2370752
2374449
2376194
2379278
2379678
2383041
2405735
2408204
2408787
2409921
2413421
2415068
2419218
2420056
2420704
2422822
2427189
2443779
2446295
2447033
2447545
2447856
2449294
2451521
2452346
2452681
2452750
2452932
2453117
2453451
2454437
2455438
2456103
2456953
2457262
2457285
2457794
2458831
2458941
2459347
2459817
2460562
2460898
2461249
2461734
2462219
2462710
2463502
2464530
2465358
2466018
2468432
2470667
2471255
2471810
2471867
2473156
2473502
2473893
2474673
2475975
2477315
2478066
2478583
2487598
2494000
2501728
2501969
2502387
2503435
2505054
2508158
2508699
2515324
2522913
2524733
2526642
2533170
2550407
2555671
2557197
2564134
2564640
2565264
2566133
2568279
2568745
2568953
2569880
2571759
2572718
2573390
2574287
2576827
2577654
2578376
2579025
2582806
2585920
2587351
2587851
2588548
2589214
2590117
2594424
2595170
2595609
2596559
2597713
2598416
2598416
2598727
2599309
2599868
2600253
2601151
2601229
2602046
2602526
2604063
2605735
2607132
2607714
2608222
2608738
2609979
2612178
2613155
2613208
2614129
2614943
2615423
2615861
2616465
2616810
2617321
2617377
2618219
2619481
2625050
2630199
2630691
2632725
2633117
2633517
2633807
2634534
2635118
2635454
2635800
2636558
2636878
2637708
2639172
2641548
2643017
2644040
2644573
2645264
2645645
2646028
2646123
2646315
2648584
2649412
2649651
2650055
2651555
2651964
2654064
2656086
2656476
2656538
2656951
2657563
2658019
2659176
2659779
2661061
2664738
2665150
2667134
2668028
2668829
2669451
2670245
2671221
2671689
2673699
2676373
2676422
2676490
2677296
2678927
2679541
2680206
2680847
2681974
2682612
2682890
2702633
2703438
2710490
2710890
2713948
2714513
2715614
2716785
2717276
2720323
2720647
2720940
2721395
2722848
2727758
2728562
2729765
2729807
2730684
2731120
2732141
2733943
2735313
2736360
2736901
2737821
2738515
2739042
2739657
2740449
2740936
2741437
2742101
2746978
2747999
2750704
2751465
2755002
2755989
2756852
2758957
2759012
2762940
2763549
2763953
2764095
2764519
2764815
2765411
2765863
2766197
2766522
2766891
2767223
2767545
2767829
2767875
2768195
2768434
2772354
2774353
2774657
2774978
2775494
2776242
2778163
2780338
2781035
2782929
2783472
2784900
2785249
2785373
2785544
2786829
2788163
2789313
2791997
2793022
2796610
2797279
2800786
2801672
2805321
2805981
2806620
2807562
2809473
2811698
2813397
2818168
2818655
2819157
2821354
2822186
2822472
2825031
2826196
2826571
2827255
2833004
2850568
2853311
2853542
2855942
2858269
2858954
2859942
2860702
2861291
2862553
2863001
2863364
2864695
2865433
2866214
2868223
2868625
2869046
2869255
2870273
2871806
2872573
2873321
2873737
2874257
2874771
2875183
2877167
2877714
2878821
2881359
2882005
2882419
2883243
2883629
2885477
2886440
2887352
2889177
2890175
2890513
2892183
2893243
2896864
2897459
2897658
2900575
2901347
2901926
2903205
2904027
2906044
2908211
2908607
2909117
2910542
2911939
2912288
2912865
2913653
2914092
2914473
2915131
2916093
2916587
2917465
2917599
2918539
2919280
2920328
2920933
2921704
2922203
2923090
2923741
2924399
2924737
2925235
2927638
2930657
2931541
2932498
2933153
2933702
2934008
2934432
2934776
2935230
2935748
2936162
2936197
2936879
2938523
2939586
2940515
2941669
2942910
2944739
2952703
2954687
2956754
2956899
2958380
2965100
2965883
2967065
2968164
2969963
2970078
2975095
2976520
2977902
2981266
3000541
3000965
3002906
3002925
3005292
3005458
3007960
3008774
3008774
3010322
3011646
3012196
3013081
3013952
3014154
3014976
3020095
3020593
3021226
3026925
3027614
3028212
3029856
3030813
3031143
3031488
3031730
3032347
3033031
3033583
3033971
3034395
3034736
3035429
3036322
3037423
3038394
3038810
3039362
3042129
3043506
3043705
3044180
3045939
3046200
3047530
3047968
3050392
3050856
3051442
3051917
3052699
3053223
3053499
3053697
3054305
3054836
3055284
3055336
3055633
3056024
3056190
3056672
3057019
3057227
3057577
3057979
3058708
3059060
3059407
3059870
3060475
3061217
3064680
3065407
3067496
3068131
3068628
3069116
3069774
3070570
3071111
3072951
3073681
3077950
3078061
3079183
3080917
3081708
3081784
3083512
3084406
3085418
3086061
3087426
3087927
3089187
3089188
3090454
3093186
3093744
3099969
3101037
3105144
3105565
3108796
3110871
3113286
3113893
3114038
3114500
3116771
3117307
3117981
3119222
3119928
3121202
3123861
3124660
3124709
3125319
3125932
3126442
3127115
3127377
3128067
3128607
3129244
3130084
3130850
3132047
3132451
3132868
3133314
3133772
3155625
3160909
3164036
3170999
3183390
3183910
3184602
3185201
3186741
3187583
3192623
3194326
3195170
3195515
3196011
3196401
3197175
3197536
3197700
3198113
3198952
3199764
3200785
3201276
3201906
3202545
3203287
3203294
3205834
3206655
3206800
3207397
3208203
3210309
3213219
3213878
3214155
3215088
3215609
3216386
3217563
3217937
3218241
3219229
3219729
3219838
3220243
3220523
3220646
3221345
3222184
3223116
3223570
3223947
3224505
3224910
3225236
3225278
3225620
3226187
3226667
3226974
3227599
3228909
3230585
3231285
3231438
3231868
3232129
3233236
3233808
3234753
3236133
3236887
3237625
3244511
3244967
3245732
3246771
3247960
3249074
3249941
3250460
3251381
3251735
3252227
3253268
3253836
3254483
3257031
3258006
3259569
3261803
3263436
3263793
3264509
3265418
3265841
3266514
3267039
3267857
3267936
3270326
3270570
3270818
3271324
3271383
3273138
3281972
3282302
3301762
3304310
3305152
3305714
3306494
3306505
3307238
3307401
3308263
3308527
3309380
3309872
3310378
3311464
3312051
3312650
3313079
3313169
3314102
3314759
3315066
3315680
3316501
3317158
3317838
3319191
3320153
3321025
3323933
3325803
3326393
3326996
3327452
3327664
3328042
3328815
3330355
3331096
3331973
3332639
3334065
3334837
3335751
3336572
3337698
3338115
3339887
3343676
3344834
3345642
3347220
3347682
3348271
3348693
3349257
3349264
3349760
3350786
3351483
3354914
3355703
3355749
3360374
3362580
3364084
3364828
3366750
3367430
3368150
3368646
3369245
3370473
3372108
3378904
3384550
3386424
3394543
3397400
3397924
3400014
3402499
3404922
3405756
3407131
3408293
3409147
3415519
3416168
3417057
3418245
3419071
3420569
3421193
3421731
3421835
3423370
3424173
3425913
3426931
3430154
3430409
3432968
3450146
3450365
3451074
3451712
3452124
3452548
3453041
3453987
3454437
3454933
3455324
3456929
3460780
3461323
3462178
3462797
3463204
3463602
3465589
3470777
3471930
3473109
3474559
3476089
3477505
3478578
3478781
3479508
3480943
3481792
3482870
3483633
3483722
3485136
3486479
3487288
3487951
3488729
3489842
3490684
3491673
3492072
3492399
3495839
3496249
3497075
3498558
3499224
3499727
3500103
3500539
3501568
3505636
3506993
3513469
3514858
3515560
3515868
3516254
3516819
3517258
3518641
3520202
3520935
3521260
3521799
3524063
3526028
3526493
3527682
3528538
3529012
3530077
3531318
3532137
3532137
3532717
3533210
3534015
3535190
3535961
3536476
3537057
3538257
3538887
3539172
3539608
3540248
3541003
3541683
3542334
3542910
3542995
3544301
3545382
3545882
3546721
3547591
3548847
3549988
3550441
3550667
3551209
3552265
3552706
3553129
3553860
3554740
3554933
3556147
3556880
3558513
3559582
3562939
3577208
3600911
3603156
3605451
3605972
3606865
3607505
3608373
3613245
3614630
3615185
3615302
3617437
3618052
3619763
3619925
3626735
3627628
3629574
3634188
3634471
3645931
3646772
3647476
3647625
3649115
3649576
3649751
3650170
3650589
3651017
3651448
3653602
3658654
3660091
3660428
3661253
3663647
3664449
3665708
3666798
3668867
3670088
3670956
3671248
3672141
3673401
3673796
3676417
3677056
3677232
3680881
3681215
3681809
3681819
3682178
3684904
3687369
3687905
3688503
3689027
3689589
3690160
3690497
3691218
3692404
3693262
3694626
3695358
3695881
3696467
3697135
3698934
3699375
3699715
3700246
3701297
3702542
3703221
3706117
3711815
3711900
3712277
3714379
3715723
3717373
3718288
3719168
3719996
3720395
3723384
3723798
3724764
3725898
3726242
3726820
3727500
3728202
3733606
