11838.55
13760.28
14984.53
37260.52
41009.05
42232.39
43173.39
44356.38
45646.76
46577.84
47236.51
49020.34
51277.17
71868.14
74960.33
76615.52
77892.01
81194.41
82946.32
84786.3
85717.33
86996.46
88965.19
90551.89
91874.03
92606.64
93380.98
94246.7
95458.38
96104.85
97286.13
97767.58
98376.38
99852.08
100896.6
101864.5
103640.4
105240.1
108400.3
110085.6
114144.6
122164.4
129131.2
160765
169976.9
170749.5
171687.6
172706.9
173728.2
175668.5
179651.6
181472.3
182064
182681.1
183235.7
183770.5
184346.5
184778.9
185293.9
185830
186240.8
186699
187512.3
191064.6
192174.5
194845.2
196168.8
197260.1
199125.8
201792.6
202919.8
205827.6
218631.5
220136.6
221520.1
222872.8
227195.4
240389.3
246246.2
247107.7
248163.2
249651
251489.8
252825.6
254324.8
260586.2
262218.5
263357.1
266960.2
268160.9
269259.9
271033.8
271787.6
272754.9
273577.5
274632.4
275807.6
276887.6
277936.9
278571.1
279284.5
280951.5
302664.7
310054.7
310998.4
314955.5
318087.1
319125
321434.5
322420.4
323464.3
330605.7
332233.6
333012.4
333730.5
337617.7
338291.7
340819.5
342251.4
343759.2
344730.1
346960
347824.2
348685.1
349614.3
350585.3
364201.9
364963.4
365708.3
366811
367956.9
368730.3
371302.8
372015.9
373641.2
375317.1
376138
376866.8
378075.9
378771.5
379532.7
380698.3
381735.5
384088.6
385080.3
385982.5
386843.7
389311.7
390660.7
391406.4
392004.5
392973.1
394198.7
394735.5
396062.2
401860.6
405828.6
407257.7
411622.7
414842.9
416015.2
419897.6
420759.8
422013.5
422607
423695.1
425142.5
425869.2
426555.8
431173.1
452285.1
459816.5
461096.7
461815
463352.8
469157.6
474286.7
485812.1
488251.1
490207.1
493575.3
494859.2
496009.5
500515.9
501912.4
508526.5
515004.3
516172.3
517020.9
518290
519192.1
521626.1
532408.3
534642.6
535543.9
536306.6
539145.3
540175.1
541327
542424.6
543585.9
544565.5
548499.5
550456.8
558138.1
559851.7
566823.2
568781.5
569943.9
574482.7
600637.5
603969.5
605208
605974.6
607310.8
608904.6
610841.6
612282
635240.7
638530.7
644475.8
645798
647004.5
647779.8
648696.9
666627.5
667563.3
668394.3
669391.2
670538.6
671796.4
673903.8
675963.5
676889.6
677653.7
678381.7
679112.9
680066.9
681951.6
689771.6
707683.8
713180
716738.7
721669.8
759917.5
765843.5
767353.2
768717.1
770488.5
774050.6
774885
775453.7
776100.1
776851.9
777446.8
779589
780637.4
781524.5
782264.5
782881.3
783294.3
783888.7
784688.1
785416.2
786227.5
787103.2
794347
795372.5
796375.8
797537.5
799341.1
818117.2
819571.5
820598.1
821552.5
822321.8
822854.3
824139.8
825408.9
826058.7
826811.8
828142.5
828805.8
829638.8
830600.7
831245.1
832015.5
833860.1
835089.4
836373.2
837608
838862.3
839892.8
842068.4
843082.5
844342.2
848814.4
858494.9
859504.4
866435.2
867372.8
869277
871437
874695.1
876189.6
877385
879285.5
882282.7
901902.4
902817.4
903866.6
907853.1
909298.2
910422.3
911623.6
916198.5
917803.8
920131.4
921371.3
923815
925113.9
925898.3
926825.9
929101.5
931249
932347.2
933479.3
935284.1
937439.8
938531
939756.4
940496.5
942775.8
944180.6
945656.3
947575.2
948459.6
949455.9
950669.9
952285.1
953687.9
955119.8
966018.5
966689.9
967274
968032.2
968651.2
969163.9
970583.3
971145.5
972301.6
973476.6
974792
975661.8
976778.5
977422.9
978310.5
979798.6
980899.6
981671.1
982672.8
983632
984138.4
985236.7
986079.4
990380
994785.3
997536.5
998217.6
999053.4
1000016
1008467
1009647
1012596
1014019
1018181
1019417
1020068
1021346
1023901
1025661
1030318
1031431
1050725
1053058
1055443
1056259
1058196
1065501
1066373
1067778
1069126
1070584
1071884
1073506
1074157
1074999
1075807
1076303
1076897
1077541
1078583
1079735
1080455
1081790
1082917
1084327
1092230
1095365
1117142
1118270
1119435
1122077
1123280
1125024
1126312
1127828
1128682
1131776
1133136
1139846
1141333
1142364
1143980
1147191
1150677
1153553
1155070
1156269
1157082
1160937
1162421
1163233
1165273
1167949
1171498
1172662
1175816
1178001
1180779
1182079
1183365
1202329
1203585
1205966
1209653
1210879
1211408
1212442
1213040
1214034
1214585
1215534
1216280
1217107
1217615
1218262
1218835
1219629
1220245
1220866
1221697
1222404
1222975
1223537
1224088
1224828
1226216
1227527
1228259
1229136
1231923
1238648
1239767
1240577
1241132
1241650
1242264
1242797
1243258
1243987
1245174
1245958
1246647
1249119
1252705
1253650
1254511
1255084
1256640
1267414
1270259
1272599
1273305
1274280
1275253
1277197
1278607
1284467
1288563
1290126
1291539
1292623
1303857
1306385
1310750
1312598
1316999
1319706
1320543
1321971
1322925
1325929
1328148
1329009
1350068
1354763
1356380
1357183
1357882
1358874
1359756
1369525
1370479
1371582
1372446
1373431
1374940
1375733
1377824
1380796
1382158
1382879
1384297
1386020
1386829
1387500
1388564
1389650
1390597
1391278
1392253
1395224
1398437
1415867
1416807
1419298
1420519
1422758
1424703
1427807
1429531
1431454
1432359
1433400
1434623
1436540
1437553
1438554
1439178
1439815
1440466
1440869
1441795
1442914
1444643
1446636
1447809
1449431
1450691
1451304
1453333
1454649
1455740
1458624
1459611
1460611
1464136
1469949
1473427
1476835
1479102
1503081
1504531
1507898
1508759
1510010
1510872
1511716
1512420
1513040
1513973
1514874
1517106
1518180
1519603
1524756
1527337
1528626
1529958
1531688
1532951
1534469
1535624
1541527
1542705
1546556
1559094
1567999
1569033
1570642
1571662
1573029
1574089
1575312
1581730
1582548
1584101
1585301
1588170
1589817
1591223
1592756
1594384
1595864
1599520
1600391
1601643
1602892
1604543
1605862
1606794
1608016
1609166
1610147
1611781
1612723
1613342
1613856
1614891
1616641
1618321
1619747
1621255
1622157
1624373
1625388
1626643
1629205
1630286
1631707
1657799
1660514
1664747
1667170
1703708
1705552
1707823
1709156
1715689
1721159
1725269
1726835
1728361
1729659
1731051
1732715
1733471
1734616
1736121
1737921
1738653
1739555
1740662
1741257
1742231
1743043
1743819
1756858
1758890
1760156
1760721
1761373
1762668
1763233
1764117
1764615
1765134
1765889
1766640
1767371
1767958
1768649
1769348
1769954
1770550
1771186
1771693
1772119
1772595
1773060
1773506
1774129
1774686
1775255
1776226
1776912
1777936
1780195
1782006
1801343
1803427
1804211
1808242
1811361
1812577
1816174
1817652
1827773
1830586
1832011
1835805
1837279
1838311
1839085
1840225
1841243
1841938
1843277
1844276
1845818
1846980
1848411
1850130
1854792
1865429
1866400
1867409
1868418
1869864
1870685
1872096
1893653
1894720
1895879
1897716
1899440
1902990
1905269
1916781
1918690
1924005
1926206
1929065
1953277
1955035
1955872
1957303
1958839
1962274
1963539
1965426
1966409
1967390
1969639
1970787
1972084
1973132
1973589
1974351
1975268
1980030
1987210
1990545
2001190
2002232
2016804
2017558
2018672
2028547
2029329
2053903
2055931
2061346
2062302
2067462
2070700
2071555
2073817
2075225
2077651
2079118
2080529
2081503
2101114
2103588
2104632
2105594
2107151
2109736
2111022
2114317
2115471
2116614
2118251
2119357
2121349
2122375
2124000
2127327
2128586
2129758
2130932
2132214
2133773
2146105
2170058
2172429
2173756
2174852
2175452
2176068
2176882
2177604
2178071
2178641
2179304
2180099
2180946
2181887
2203660
2205557
2207042
2208317
2223138
2224568
2225803
2226971
2228771
2251193
2252511
2255245
2257844
2258900
2259993
2261124
2263061
2264129
2265624
2267125
2268059
2283163
2288154
2290824
2293152
2297155
2322797
2325661
2326720
2327851
2329033
2329844
2330583
2331577
2332991
2334503
2335654
2338498
2340405
2341484
2343340
2345981
2347930
2349193
2350427
2352234
2353223
2354073
2355685
2356778
2357377
2358103
2358698
2359514
2366649
2377042
2379985
2401643
2408658
2419019
2424711
2429593
2432115
2435662
2463505
2464257
2465220
2466095
2466766
2467499
2468548
2469305
2469812
2470865
2471755
2473898
2474729
2475564
2476744
2477151
2477540
2477868
2478200
2478531
2478856
2479754
2498698
2500403
2513215
2527597
2557113
2558868
2560418
2564735
2567916
2569293
2569959
2570644
2572252
2574210
2577135
2578326
2579163
2580104
2581427
2582251
2582764
2583488
2584454
2584994
2586138
2589133
2589843
2590827
2592568
2593509
2594303
2595460
2596275
2597095
2597911
2622504
2623610
2627554
2629775
2631926
2633124
2635222
2638862
2639711
2640738
2641778
2642371
2643791
2644983
2648443
2649221
2650270
2651286
2652799
2654221
2657657
2659294
2660534
2661434
2662619
2665403
2666216
2667080
2667943
2668446
2669129
2669705
2670299
2670714
2671232
2672164
2673459
2674908
2676093
2710130
2719400
2721503
2769287
2774188
2777877
2789591
2791170
2793009
2811060
2811906
2812995
2814320
2815961
2816994
2818002
2819731
2821568
2823273
2824488
2827513
2830365
2831708
2832483
2833190
2850744
2851810
2852586
2853897
2857615
2859468
2913944
2916729
2938936
2939588
2940434
2941054
2941848
2943024
2944458
2945495
2949473
2950895
2954475
2955135
2957550
2958770
2959961
2962049
2980097
2980902
3017236
3025926
3027018
3054111
3055308
3057313
3058856
3060206
3061152
3063139
3064098
3065088
3067007
3068126
3069058
3070405
3072582
3089011
3089881
3091892
3093354
3094601
3102804
3104752
3106870
3151926
3153392
3154244
3155238
3160271
3161476
3162608
3164847
3167229
3173115
3174524
3175969
3177076
3178000
3179536
3180488
3181559
3182506
3183129
3183834
3184633
3186468
3188130
3190432
3198534
3199431
3223881
3241905
3244494
3245453
3246275
3247230
3247971
3249142
3249807
3251248
3253298
3254252
3254911
3257089
3258463
3261032
3262117
3268353
3274148
3275492
3279950
3310248
3311835
3313153
3316841
3317611
3318849
3319932
3321207
3322595
3329012
3337807
3339712
3370325
3387157
3399569
3405567
3406716
3407846
3409217
3421379
3425437
3426646
3429660
3430550
3431754
3433791
3453356
3454492
3455786
3457159
3457943
3459135
3461531
3463694
3464615
3466407
3468732
3470596
3471367
3472101
3473482
3474134
3475012
3475869
3476750
3477536
3478066
3478692
3479177
3479688
3480232
3480804
3481319
3482197
3483170
3483936
3484731
3490748
3494102
3495429
3500815
3516350
3517169
3518860
3520360
3521221
3522556
3525254
3533326
3535011
3578807
3580157
3605641
3606521
3612024
3613606
3615731
3667686
3668465
3669252
3671817
3672731
3673315
3676550
3680378
3683008
3685506
3694380
3696330
3706087
3707877
3712628
3714002
3715990
3716972
3718263
3719790
3720895
3721767
3722454
3724746
3732034
