9887.457
13107.33
13585.11
13987.06
14949.12
15327.91
16317.7
16624.63
17024.24
18401.06
20346.3
20813.69
21562.64
22790.72
23576.72
24352.56
24816.3
25645.5
37185.66
45188.68
45605.36
48132.99
49044.4
49865.87
51209.43
53067.56
54392.57
64273.33
64889.52
65471.36
66142.84
66574.38
67233.27
67718.67
68375.6
68842.31
69295.94
70502.49
71551.46
72886.81
73497.28
74181.66
74786.73
76102
76890.41
81421.3
83009.82
83804.41
85118.37
86702.39
88747.71
89597.14
92649.33
93318.02
97022.4
97550.79
98139.31
98620.43
99979.28
102633.4
104689.6
105142.6
109618.1
110299.9
111719
115789
117015.8
117894.6
122726.7
123541
124152.1
124874.1
125974.1
150401.5
150881.8
151887.8
153306.8
153924
158791.5
162637.2
163038.2
163582.3
164699.3
165255.4
166560.8
170538
171168.5
172364.7
185969.1
187725.6
188339
189152.6
189882.3
199731
200143.3
200550.6
200814.1
201159.6
201483.6
201851.4
205219.6
241610.6
242338.4
244496.8
244926.9
245962.4
248219
253793.7
254481.9
255232.7
256790.7
257773.4
258503
259354.8
260731.3
261550.8
262164.3
262946.7
264568.8
265838
266528
268611.2
270287.9
270672.3
271530.4
272830.5
273735.9
273831.8
274338.4
275124.4
275615.7
276179.1
278398.9
279603.4
280448.3
281438.9
302458
303284.2
304549.8
306423.4
308515.4
309156.3
310205.4
311040.9
311858.9
316748.9
318405.3
320166.4
322518.3
323165
323756
336491.6
337447.1
339718.4
340802.4
345083.8
345695.1
346227.5
346825.3
347416.6
347896.2
348334.2
348773.1
349413.9
349891.1
350479.1
351465.6
366341.4
366751.4
367158.4
367559.3
367963.8
368385.5
368964
369908.5
370450.5
375312.5
376303.6
378201.5
379906.9
381043.9
381738
382353.2
382840.8
383250.3
383797
384267.1
385617.2
385648.5
399152.4
399668.1
400776.6
401480.2
401934.9
402560.1
403631.8
403993.5
404546.1
405104.8
405572.4
405859.2
406140
406504.9
407981.7
408378.4
408694.7
408918.7
409307.4
409779.2
410418.8
411536
427681.2
428626.4
429444.3
431056.4
471752.7
480029.6
481460.3
486433.1
488350.2
489187.7
489643.3
490056.4
490798.9
491566
492239.5
492667.1
495193.4
495974.4
496467.2
498284.5
499120.5
500004.5
500815.3
501656.7
502281.9
504137.6
505452.5
512431.7
515645.4
516153.7
520195.1
520817.9
521263.7
522316.9
523669.3
524492.9
524974.3
525473.6
526087.2
527196.6
528565.4
528995.4
530250.9
530769.4
531503.3
532050.3
534022.4
534543.6
535363.7
537625.8
538408
540554.3
541226.2
541790
542979.7
543841
544624.7
545210.5
546115.2
550578.6
551305.8
555269.8
555997.7
558154.8
559971
560659.7
561037.5
561647.9
562166.5
563232.4
563686.6
564185.4
564700.2
565409.1
566437
567099
567501.8
568114.7
568564.5
569026.5
569548.4
570088.5
571186.6
576665.8
579877.4
580325.9
581469.2
641038.5
641550.7
642565.2
643182.3
643848.3
644300.5
644884.4
645618.4
646072.3
646519.5
646980
647553.6
648508.9
649149.9
649708.1
650376.9
651713.7
653478.3
654123.7
655134.4
657233.1
658240.7
659143.6
660113.5
663158.5
663793.7
665004.5
666087.4
667586
668989
669745.4
688403
689542.1
689981.2
691174.6
692389.5
693340.1
694013.1
695673.9
705400.7
707195.9
707942
709138.8
711906.1
712691.9
713206.6
713745.4
714235.1
714687.9
714955.4
715330.1
715788.2
716109.2
716403.2
716674.9
716682.1
716957.4
717291.5
717782.3
718334
718829.5
719447.3
720376
721599.1
722515.9
723285.6
723892.3
724510.4
725052.5
725768.7
726086.8
727605.7
728351.2
729075.2
733530.7
758682.8
759237.5
762769.9
763496.4
767066.1
767653.8
771190.2
777551.2
780471.4
784744.3
786581.4
789683.8
790868.8
791899.7
792602.7
793081.9
793862
794541.3
795679.3
797376.5
800413.6
801410.5
805408.3
808630.3
809155.6
810156.4
810806.1
813034.6
813887
815603.1
816083.3
816558.5
817073.2
817869.4
821088.2
829076.1
830063.6
831107.2
834403.2
835043
835543.8
836481.7
837163.7
837932.4
838847.5
846604.5
847924.6
848754.4
849455.3
853128.1
854611.4
855201
856775.3
858018.6
858453.2
861460.4
862225.9
865258.5
866151.6
867056.4
867836.2
869123.2
869641.6
870341
870941.5
871608.1
873000.6
874996.5
877443.3
878704.4
900817.9
905187.2
906143.3
906752.2
914115.1
915701
925417.8
929818.9
930778.6
931803.5
933041.8
933776.1
934764
935770.1
936378.5
937627.4
938899.1
939919
940424.6
944441
945073.3
947254.5
947529.3
949392.9
950103.4
954573
956899.2
957481.6
958142.2
961335.2
962122.4
962629
963007.4
963323.2
963676.4
964074.1
965133.5
965643.2
965963.8
966206.8
966643.6
967056.1
967548.3
967972.5
968507.4
968960
969344.7
969739.5
970312.6
970636.2
970978.6
971728.4
972478.3
973448.8
974647.4
976791.9
978093.6
982259.4
983777.3
986266.2
987068.6
988437.4
1000047
1005496
1006101
1006885
1008460
1009588
1012101
1013478
1017685
1018274
1019659
1020007
1020729
1021574
1022415
1023152
1023622
1023969
1024428
1025148
1025656
1026084
1026450
1027172
1027786
1028233
1029079
1029745
1029750
1030200
1030853
1054605
1062576
1067957
1069634
1070785
1071846
1074868
1082762
1085344
1086119
1086818
1088074
1089050
1091766
1092155
1095239
1095910
1096462
1096812
1097345
1097881
1099649
1119267
1124052
1127129
1130745
1131382
1140827
1141343
1143064
1148653
1152595
1154406
1155081
1155698
1159107
1159840
1160976
1162297
1162638
1163238
1166196
1166702
1168219
1169882
1170663
1173588
1174567
1176116
1177103
1177537
1178323
1179749
1180212
1180572
1181185
1181936
1183063
1201621
1216872
1219398
1224044
1224633
1228916
1229811
1231859
1235106
1235949
1236851
1237846
1238593
1239159
1239699
1242738
1243479
1244181
1244882
1245386
1246529
1247039
1247422
1248323
1263323
1263826
1264402
1264833
1265240
1265700
1266235
1266631
1266706
1267427
1268140
1269054
1269362
1269729
1270058
1270392
1270843
1271218
1272049
1272695
1273390
1273782
1274197
1274809
1275461
1276006
1278408
1279425
1283601
1284765
1285817
1286458
1287443
1290851
1292434
1293544
1295389
1296174
1296927
1297953
1300538
1301103
1302835
1303678
1304621
1311559
1313021
1314653
1315105
1316105
1316607
1319820
1320660
1321192
1321748
1324744
1325240
1326018
1329283
1330107
1331051
1332810
1351925
1352762
1354258
1355544
1357119
1358427
1362089
1363382
1364343
1364649
1369544
1370408
1375200
1375985
1378172
1381275
1382005
1384513
1385198
1386323
1386789
1387312
1390514
1391766
1392271
1392734
1393282
1394363
1398877
1399595
1400971
1401979
1415676
1416184
1416717
1417364
1418114
1418602
1419425
1420589
1421144
1421719
1422390
1423076
1423709
1424560
1427357
1428428
1429245
1429478
1430246
1431140
1433422
1437022
1437523
1446228
1448191
1448829
1449233
1449621
1450439
1451343
1452279
1454718
1455192
1456779
1457514
1459517
1460184
1460604
1461441
1462373
1464165
1464722
1465985
1468123
1469943
1470809
1471706
1473755
1477428
1478376
1479280
1479945
1480839
1508292
1509262
1510019
1511093
1512054
1521709
1522736
1523348
1527620
1528237
1532273
1533808
1534638
1536137
1539788
1540451
1544025
1544848
1546685
1547052
1548743
1553455
1554314
1554685
1555590
1556114
1556708
1563821
1564600
1565171
1565532
1565934
1566451
1567205
1568067
1568985
1569643
1570420
1571418
1572246
1572621
1573406
1575210
1576785
1584646
1585467
1586613
1587399
1589886
1591449
1592157
1599515
1600135
1601078
1602116
1602649
1603203
1603777
1604234
1607800
1608826
1609313
1610523
1611236
1616777
1617771
1618904
1619895
1620460
1621321
1622827
1624617
1625717
1626540
1631889
1650142
1650635
1651627
1652424
1652849
1653469
1654161
1654881
1655612
1656792
1658121
1658730
1661437
1662022
1662678
1663695
1665537
1666253
1666953
1667447
1668143
1668573
1672302
1672788
1674296
1675004
1676351
1677897
1678304
1681972
1689262
1691440
1692368
1693848
1694283
1694894
1699399
1715523
1716035
1717093
1718827
1720888
1722822
1723786
1724459
1724929
1726135
1733571
1735799
1736196
1737437
1745503
1757259
1762701
1763069
1763811
1765027
1765777
1767417
1773332
1776962
1778081
1779625
1780672
1781347
1783480
1800936
1807779
1829768
1852809
1853396
1854048
1854396
1854889
1856088
1857585
1862710
1863691
1864198
1865858
1866241
1871775
1872574
1873196
1874092
1874782
1875148
1880357
1881764
1882632
1883111
1883777
1892952
1893432
1896398
1900356
1901288
1902038
1902981
1903508
1903955
1905201
1907900
1908893
1910457
1911284
1912053
1918929
1922287
1922999
1929292
1929848
1980264
1984209
1984951
1985672
1995084
1998427
1998943
1999833
2000570
2001863
2002788
2003728
2004666
2005143
2006520
2007434
2009625
2010522
2011703
2011980
2012511
2013866
2015223
2015878
2016398
2016716
2017142
2017534
2018019
2018768
2019819
2020607
2027552
2029320
2030192
2038412
2044723
2045557
2048754
2051944
2054902
2055472
2058096
2059593
2060177
2061070
2083260
2132603
2134599
2137744
2139502
2140560
2141700
2143082
2144119
2146830
2147742
2148510
2153158
2154146
2154898
2158387
2158855
2159298
2163988
2164448
2164931
2165544
2166234
2166795
2167994
2168590
2169309
2170167
2172520
2174559
2175093
2177277
2177623
2178380
2181578
2182074
2183789
2184447
2184951
2187147
2189130
2193456
2195625
2196333
2198666
2200227
2200680
2201605
2202429
2203294
2204311
2232903
2233447
2250434
2251278
2251746
2252241
2253381
2254262
2254797
2255319
2255852
2256987
2257972
2258851
2259379
2260361
2260990
2262065
2263171
2264816
2266338
2266805
2268263
2268925
2270100
2274346
2275597
2276134
2276685
2278265
2279788
2280229
2280707
2281737
2282850
2283233
2283918
2285841
2286645
2288058
2289177
2293790
2295033
2295859
2296940
2299008
2300006
2337578
2338578
2339476
2340116
2340620
2377102
2378123
2379192
2379707
2380157
2380660
2381095
2381726
2383586
2400275
2401089
2401740
2402469
2404056
2404994
2406219
2406973
2407516
2411255
2413077
2413674
2417381
2418101
2419641
2420543
2421420
2422053
2422584
2423903
2424467
2425021
2425382
2426009
2426779
2427218
2427648
2427996
2428364
2428819
2429365
2430035
2430860
2431640
2432847
2433435
2434268
2434866
2436066
2436555
2437323
2438766
2439875
2440620
2441057
2441549
2441795
2442199
2442686
2442995
2443330
2443800
2444135
2444548
2444935
2445290
2446244
2449033
2449689
2453500
2454111
2455444
2463761
2464668
2465650
2466164
2467175
2467779
2468343
2471820
2472644
2474753
2477664
2480697
2486639
2487822
2489977
2494565
2499651
2518730
2520270
2520700
2521595
2524988
2525992
2579083
2579433
2579853
2580295
2581306
2581809
2582216
2583000
2586248
2587242
2589583
2591933
2592700
2593318
2594343
2598724
2599147
2600100
2600981
2605194
2606823
2614602
2615038
2615879
2616566
2617743
2618804
2620675
2622243
2622654
2624419
2625151
2627168
2630558
2631188
2631510
2637402
2640193
2640821
2642004
2642560
2646015
2650282
2653712
2655410
2677622
2678568
2679353
2680302
2681008
2681557
2682215
2683215
2702771
2705086
2706416
2707733
2708376
2710555
2711552
2715967
2716708
2726896
2728488
2729223
2729947
2732611
2733977
2739047
2740272
2742043
2742779
2744652
2748597
2749829
2751015
2755558
2760193
2761389
2761979
2762486
2763270
2763552
2764322
2764997
2766100
2766692
2767915
2769134
2769789
2771602
2772020
2776336
2777100
2777620
2778860
2778963
2779883
2780562
2782340
2783441
2784905
2788965
2790514
2792053
2793299
2794204
2794812
2802250
2810501
2811515
2812550
2813490
2813841
2823230
2824357
2828042
2829366
2831878
2832927
2833376
2852149
2852863
2853890
2854990
2855355
2856118
2856661
2857142
2857604
2858832
2859819
2860545
2861061
2862091
2863021
2863533
2864112
2864729
2865804
2866797
2868532
2869537
2871487
2872217
2873052
2875719
2880318
2881354
2882217
2883193
2884214
2885017
2886711
2887077
2887476
2887931
2888968
2889834
2890398
2890941
2891454
2892274
2894125
2897267
2897913
2898615
2915859
2916406
2916812
2917248
2917744
2922127
2922913
2924211
2924944
2928002
2929006
2929541
2929797
2930642
2931692
2933128
2934604
2936959
2937600
2939006
2939691
2940348
2941419
2942950
2944728
2945030
2945788
2946471
2949259
2953695
2954467
2954813
2955321
2956050
2957147
2958091
2960866
2961436
2962296
2963387
2965754
2966379
2967546
2968766
2969510
2970347
2971679
2975626
2976556
2977171
2983370
3000556
3004068
3010839
3024054
3025369
3028918
3029547
3030013
3030637
3040615
3043499
3044471
3049987
3050738
3054139
3054907
3088651
3089734
3090456
3092687
3093324
3095125
3097184
3098399
3098789
3099450
3100825
3101336
3101891
3103049
3105744
3106420
3107015
3107603
3108982
3111703
3151638
3152209
3152778
3153244
3156448
3157157
3158610
3159175
3160746
3163323
3163948
3164760
3165786
3167032
3167960
3168453
3168923
3169415
3169869
3170324
3171285
3171853
3172567
3173556
3174524
3176021
3176756
3177692
3178190
3178713
3179682
3180224
3180881
3181751
3182402
3183575
3184666
3185513
3187856
3191611
3192197
3193309
3196035
3199455
3200516
3201071
3202253
3218505
3219473
3221470
3222655
3223708
3223888
3226125
3230187
3231542
3232319
3233138
3233681
3235052
3242132
3244246
3245420
3245919
3247020
3249979
3256991
3257745
3258637
3271845
3273432
3274361
3275222
3279388
3279921
3281309
3282599
3300683
3301657
3302842
3304996
3306174
3307107
3308116
3308844
3311638
3319953
3321859
3322701
3325298
3325755
3326655
3327169
3327535
3328011
3328505
3328930
3329355
3329794
3330240
3331031
3331477
3332174
3332674
3333263
3333615
3334806
3335487
3335980
3336462
3337472
3338245
3342395
3343994
3348568
3354712
3356496
3366938
3368497
3369608
3369732
3370346
3377373
3377938
3378684
3380147
3390912
3397459
3406315
3408298
3409409
3410484
3411208
3412063
3413555
3415772
3423096
3424011
3424651
3425622
3427936
3429896
3430875
3431772
3450396
3455961
3457587
3458622
3459363
3460835
3466362
3470247
3471559
3501315
3502417
3502983
3503469
3504178
3504983
3505962
3509151
3511122
3511779
3512366
3512854
3514005
3515459
3515936
3516513
3527017
3535731
3536298
3536768
3537580
3539757
3540384
3542246
3543549
3544075
3544900
3550123
3551355
3557802
3558417
3558832
3560652
3561287
3562683
3567665
3569466
3570689
3571411
3572481
3575196
3575779
3576775
3577426
3577883
3578438
3578994
3579652
3580326
3581073
3582690
3583643
3607896
3608418
3609186
3610419
3611443
3612406
3613423
3614429
3618238
3618860
3633685
3640822
3642045
3642653
3643077
3643701
3644504
3645917
3648240
3649227
3650724
3651574
3652179
3652900
3653508
3660611
3665334
3665829
3666208
3667067
3669422
3670365
3671439
3672901
3675822
3679833
3680576
3682013
3683059
3683806
3686873
3687238
3691242
3694352
3696044
3696174
3697448
3698799
3702171
3708984
3714235
3720931
3721260
3721772
3722085
3723024
3723870
3724648
3725167
3726567
3729750
3730217
3731192
3732057
3732399
3733383
