3411.246
17612.26
20721.86
22261.06
35186.19
36834.75
66762.74
70625.66
77498.13
87665.48
109332
120424.2
123197.9
124565.9
199170.8
216040.1
222921
241846.6
260321.8
261863.2
265424.9
266218
268243.7
278020.5
335043.2
345207
347119.8
352236.6
394750.4
429929.4
455274.3
478739.6
480804.2
496667.8
520030.3
525771.2
530127.9
539521.9
542994.8
543570.4
615908.1
616830.3
622466.3
675309.6
692623.1
757654.3
806389
870485
909473.6
915032.5
916062.2
920349.6
943307.2
944600.2
948802.9
965575.3
966891.1
973115.5
982343.7
982371.1
992811.4
994097.8
996298.1
997830.1
997998.3
1006894
1010225
1013910
1015245
1018139
1018635
1020303
1021387
1032767
1079939
1080925
1088494
1093508
1100085
1101521
1116445
1116896
1117608
1120550
1123346
1124547
1128971
1129533
1130281
1131105
1168137
1204630
1216114
1240223
1245996
1252849
1258560
1259309
1260931
1268558
1270459
1271341
1274564
1275309
1276707
1276714
1282323
1282828
1283271
1283812
1284551
1285404
1288194
1294121
1294612
1295358
1297018
1297619
1303175
1304237
1304979
1306069
1306767
1312693
1319188
1324506
1325336
1325887
1328072
1328711
1329439
1330189
1332756
1350174
1351201
1356098
1356556
1357789
1358496
1360841
1361524
1362600
1364016
1365192
1365782
1366288
1368009
1368718
1369616
1371716
1373450
1374128
1375304
1377387
1380713
1381400
1382245
1383865
1387883
1388264
1389681
1390066
1391098
1392082
1396816
1400892
1409207
1413793
1415092
1415478
1416215
1418636
1419237
1419952
1421423
1424833
1425658
1426225
1426595
1427142
1427488
1427892
1431300
1431784
1432466
1433148
1433963
1451401
1457492
1459341
1460429
1461151
1467233
1467982
1468623
1469118
1469904
1470807
1472351
1472890
1473794
1474247
1476607
1477924
1478488
1478962
1479624
1480148
1481800
1482660
1501240
1503059
1504690
1505452
1506375
1506964
1510643
1511640
1513869
1514673
1515362
1516054
1525524
1526180
1527614
1528232
1530221
1531794
1532274
1532815
1533150
1533537
1533853
1535215
1535902
1536744
1538834
1541174
1541808
1542341
1543013
1543665
1544140
1545108
1545855
1547713
1548233
1549149
1551166
1552442
1556034
1563131
1565787
1566920
1568964
1571736
1572922
1573471
1574386
1574701
1575120
1575386
1575778
1576094
1577073
1577377
1577688
1577919
1578219
1578480
1578730
1578947
1579233
1579530
1579976
1580375
1581675
1582146
1582556
1582830
1583544
1584112
1584808
1585533
1586005
1586465
1587332
1588016
1588493
1589011
1590651
1591146
1591797
1597649
1599196
1600134
1600501
1602207
1605623
1606042
1606661
1607792
1611033
1611950
1621215
1622459
1623417
1624113
1624695
1625831
1626735
1627523
1628376
1629061
1629508
1630075
1631010
1631518
1632721
1664101
1666230
1667716
1669273
1670616
1671341
1672496
1673312
1674593
1678975
1679796
1681119
1682085
1686979
1690366
1690807
1691365
1693105
1697001
1697997
1699474
1703724
1707186
1709668
1713736
1714564
1715150
1715941
1716429
1717180
1717993
1718582
1719184
1720116
1720740
1721322
1721991
1722378
1722756
1723259
1723846
1724638
1725542
1726473
1727276
1727934
1729005
1729910
1732605
1733059
1735361
1735837
1736621
1737483
1744373
1748716
1749648
1764224
1765032
1765475
1766565
1774124
1774518
1775200
1775877
1800418
1804710
1805440
1807382
1808274
1809766
1810510
1811124
1811691
1812667
1813748
1814577
1815223
1815936
1816300
1816789
1817433
1817858
1818214
1818690
1823396
1823748
1824100
1824511
1828093
1829981
1830657
1831433
1835058
1835625
1836405
1836958
1837541
1838144
1838602
1839080
1839649
1841168
1841817
1842742
1843545
1848391
1849206
1849981
1850790
1851227
1852003
1852920
1866294
1866844
1867796
1868402
1868960
1869437
1869902
1870326
1871100
1872329
1872798
1873326
1874048
1874080
1874571
1875414
1876647
1877143
1877675
1878025
1878536
1880689
1896985
1897411
1897844
1903186
1904772
1907523
1908010
1908568
1909168
1909986
1910692
1911212
1911786
1912316
1913071
1913615
1914193
1915090
1915769
1916437
1917640
1954250
1954885
1955641
1956828
1957463
1960855
1961631
1962459
1963017
1963737
1964475
1965307
1965722
1966325
1966838
1967438
1975057
1975589
1976269
1976659
1977196
1979009
1979351
1979948
2001831
2002336
2002806
2002808
2003218
2003526
2004295
2004814
2005356
2006162
2013811
2014524
2015083
2015678
2016366
2016931
2017649
2018625
2019877
2020848
2021402
2021837
2025744
2026338
2026691
2027075
2027530
2028261
2028630
2029449
2030549
2031516
2036467
2037183
2037654
2038612
2039221
2039802
2043971
2044912
2045635
2046261
2047107
2047838
2049727
2050398
2051244
2051653
2052560
2054512
2055762
2056143
2056768
2057352
2062653
2066624
2067897
2070770
2071621
2072282
2072801
2073473
2078582
2080121
2080723
2082318
2082953
2083372
2083394
2100459
2100709
2100968
2101439
2101768
2102247
2106201
2112878
2121530
2122191
2122729
2123363
2123795
2124563
2125915
2126759
2129521
2131800
2132410
2133127
2139432
2141233
2142056
2142626
2143433
2144046
2144789
2147949
2153983
2154476
2156101
2157269
2162938
2163384
2163962
2164394
2165350
2166061
2167475
2168234
2173720
2174875
2175246
2175667
2176166
2176739
2177091
2178072
2179045
2179944
2181326
2181852
2183939
2186772
2187360
2187863
2188584
2190060
2190609
2191615
2192768
2195536
2196739
2197226
2197787
2198859
2199773
2201017
2202181
2205442
2206068
2207116
2207610
2208791
2210536
2217551
2219430
2219997
2222355
2223685
2227832
2229302
2230817
2231743
2232181
2232915
2233426
2264555
2268715
2270964
2277663
2281689
2282565
2287435
2288163
2288941
2292390
2294707
2295179
2295654
2302954
2304064
2309451
2314099
2315187
2316053
2341047
2344970
2345279
2346239
2346687
2347156
2347737
2348251
2348715
2349077
2350213
2351978
2357935
2358198
2358906
2359576
2360643
2365632
2366622
2367461
2373765
2402474
2404373
2416233
2418758
2419898
2426657
2426825
2433308
2434563
2438864
2440424
2450165
2464987
2465568
2466463
2471539
2477205
2490250
2490536
2492169
2494622
2496268
2498207
2499797
2500118
2500540
2502729
2506006
2516413
2517660
2525368
2526959
2529464
2553675
2561124
2566707
2575943
2577152
2578095
2578659
2583465
2584740
2588981
2592376
2594546
2596347
2599211
2600556
2601052
2615957
2619568
2620643
2622343
2624933
2625498
2626806
2629315
2630050
2632156
2632830
2635664
2636225
2645183
2652823
2653835
2658242
2660333
2661861
2663466
2664260
2665529
2668537
2671391
2674005
2678811
2679411
2682726
2683401
2703731
2708097
2711688
2715772
2716944
2717304
2723729
2726790
2727432
2729116
2730934
2733449
2734835
2736624
2737127
2737828
2745998
2747854
2748734
2750220
2751206
2753323
2770962
2772920
2775145
2776260
2776588
2777043
2778057
2779008
2780418
2781329
2781892
2785005
2785461
2785945
2788194
2789193
2789793
2790902
2791835
2795036
2796217
2797019
2799371
2799729
2807725
2808230
2809957
2814846
2815374
2815835
2816857
2817591
2818050
2818789
2819248
2819999
2868458
2869058
2870012
2870592
2871302
2871921
2872474
2872994
2873590
2874071
2875135
2876055
2876591
2877280
2888325
2892049
2894480
2904887
2905300
2910453
2910935
2912094
2916565
2917609
2920570
2921344
2929931
2930896
2932000
2932621
2933054
2933906
2934517
2942134
2943848
2944690
2945631
2947230
2948466
2949063
2962195
2963137
2963642
2964415
2964899
2965335
2965863
2966226
2968485
2969897
2970395
2973123
2974562
2975939
2977980
2978536
2979375
2980093
2981148
2981991
3001441
3003786
3006490
3007288
3008070
3008598
3009205
3010193
3011759
3013193
3018215
3020885
3025891
3026800
3028297
3030357
3035907
3037137
3040735
3041602
3045791
3047034
3047585
3047989
3049224
3050152
3058426
3067307
3068419
3070530
3071319
3074721
3075544
3077049
3085016
3086912
3087474
3088176
3098296
3100535
3102003
3102858
3104445
3107514
3109214
3110455
3112928
3113939
3115409
3117149
3130115
3153714
3154859
3157092
3166293
3167328
3169232
3169574
3176572
3184458
3185739
3192090
3194920
3195338
3197274
3202850
3202891
3213855
3217600
3218508
3225099
3226239
3229479
3230578
3231329
3232974
3234053
3235026
3235698
3237889
3238866
3241207
3247577
3252066
3253653
3255568
3256671
3307769
3310948
3322673
3324225
3339767
3341179
3349655
3350698
3352884
3355489
3356505
3362185
3363843
3370460
3373260
3382670
3383367
3385090
3389350
3390283
3390723
3405490
3406732
3409502
3415747
3417812
3418894
3420223
3425703
3426074
3427160
3427911
3430137
3430667
3431642
3461463
3463994
3467913
3468418
3470294
3476149
3482100
3484340
3487125
3490525
3493064
3494672
3495296
3495685
3496326
3496708
3497668
3498421
3498791
3499904
3500596
3521877
3522643
3523850
3525341
3527333
3528302
3528696
3528994
3529370
3530218
3530647
3535661
3538555
3541769
3542698
3543893
3545552
3546049
3554462
3555640
3556691
3567296
3568752
3570293
3576158
3580287
3582642
3618108
3618656
3633094
3634578
3634638
3642440
3655720
3693386
3693786
3694211
3695375
3696481
