3286.038
9643.506
10466.6
14605.02
15309.79
20499.91
23583.52
24517.24
26587.22
29614.37
30104.17
30358.78
30839.33
37231.08
39103.85
47712.8
50011.71
53320.03
56164.66
62788.88
70521.81
77077.38
79764.46
81478.58
84615.45
86066.77
93292.7
94870.32
100749.2
110097.3
131994.4
150348.1
185749.7
221818.7
223183.8
237046.1
250790
324203.2
341552.2
377354.1
397349.5
402216.4
421722.3
423772.5
426616.8
465801.8
466575.5
494411.3
512858.8
540899.6
551266.9
565474.8
571382.4
573971.9
606015.4
640434.3
667906.8
671943.4
678227.8
688582.4
698704.4
708917.2
724020
772156.1
776577.5
788021.5
796939.2
815632.6
834167.6
861055.1
938070.1
959018.8
980278.2
992291.8
1009265
1016193
1028042
1081784
1094955
1205184
1251556
1267861
1288230
1375087
1381335
1421249
1441889
1446470
1452436
1513682
1531462
1543941
1547537
1571880
1605279
1610074
1671837
1672373
1681164
1685917
1688759
1692897
1697369
1719540
1737204
1738075
1811162
1847514
1876323
1886952
1893502
1914921
1930530
1950981
1963539
1979320
1993343
1997407
2022959
2037460
2082595
2117164
2161969
2195665
2209359
2209653
2212579
2219332
2222182
2270126
2283986
2310139
2323316
2330624
2415659
2435095
2451788
2481009
2507887
2567684
2577469
2585948
2592419
2618787
2633134
2643286
2702995
2722381
2735372
2746707
2776717
2797614
2799354
2814182
2829447
2829549
2852689
2864695
2873307
2875354
2879096
2881555
2907190
2918498
2920290
2941582
2944949
2955993
2957902
2960810
3065420
3075625
3087936
3104719
3129879
3131788
3150806
3158048
3239415
3254517
3278241
3313015
3403725
3409608
3487443
3544464
3558717
3564271
3571368
3581603
3623970
3649494
