785.5133
7225.565
31207.88
32871.55
37911.44
72726.9
73742.96
74714.8
108686.3
113712.1
128744.4
132143.6
174445.2
181069.1
219871.2
221150.5
235369.7
239324.4
245205.3
258659.6
259290.7
261910.6
303239.7
324627
337783.7
346304.4
395162.2
407786.2
411047.8
415767.6
491928.3
515743.4
551735.1
556447.7
627429.8
704680
707090.9
730220.8
763590
775012.5
776912.4
834819.2
865892.4
871636.7
1032107
1061680
1070159
1083689
1147293
1163104
1246971
1280478
1284227
1285466
1288498
1295507
1307073
1308013
1360045
1399143
1420824
1427681
1430331
1435593
1465067
1470300
1471753
1472491
1477954
1480164
1510531
1517918
1519908
1520975
1529335
1534709
1540172
1542068
1585373
1611263
1632123
1655627
1660877
1695361
1768837
1773786
1801180
1807134
1810363
1813458
1829209
1849535
1868778
1870514
1872547
1880647
1912790
1960135
2021582
2027185
2041801
2043227
2057822
2106730
2111134
2126119
2188404
2190393
2197208
2206831
2232648
2259886
2276447
2284128
2299241
2332924
2349697
2370352
2409846
2487413
2494220
2495368
2496827
2505842
2524841
2528927
2550690
2570586
2618433
2636671
2646617
2718158
2719098
2739436
2742336
2743878
2745934
2767510
2768319
2773280
2775631
2779347
2800797
2801411
2805601
2807257
2809983
2812969
2815744
2863122
2878903
2935028
2950588
3000201
3071069
3075273
3087547
3120104
3196485
3227063
3256452
3266078
3269283
3280240
3342254
3369097
3397222
3400363
3402795
3467813
3472023
3477397
3484641
3540366
3552210
3570028
3582789
3604653
3625428
3629695
3665860
3668756
3677731
3680307
3693870
3714417
