5648.263
22287.55
26112.83
30014.35
31162.24
32052.45
32837.18
33313.15
33805.23
34407
39234.1
40458.39
46459.51
46824.58
47480.97
48913.04
49765.92
50182.29
50569.05
50924.89
51417.99
51751.26
52110.68
52203.16
52354.42
52639.64
52820.81
53086.21
53319.48
53588.46
53895.19
54184.07
54628.27
54724.35
55055.3
55329.23
55716.38
56148.22
56592.51
56956.64
59857.26
60351.5
60935.5
61580.95
62167.33
62616.12
63070.5
63865.01
64911.52
81267.03
82873.57
83886.07
86256.28
89076.19
101273.1
102660.3
109286.8
115177.9
118255.4
125251.2
127209.3
127645.4
132052.6
132901.4
152331.3
154550.2
154909.9
157213.5
167194.9
175728
176861.4
179060.2
179524.7
187741.5
188972.7
192793.5
193637.5
196071
196463
196898.1
197801.1
198794.7
199421.8
199743.2
200028.8
200514.8
200805.2
201324.9
201802.8
202268.9
202647.4
203202.6
203679.5
204120.8
204658.4
205379.4
206308.9
209358.8
210287
210665.3
211192.9
212435
213688.4
215847.9
218765.1
234432.9
254218.5
264987
265706.9
266525.8
267453.8
301588.9
302530.2
303118.3
306148.1
307465.2
308305.6
308359.4
308843.7
309617
315124.7
315747.2
316900.8
317850.7
318424
319134.9
319839.9
320179.8
321424.8
323232
323869.6
324039.7
329055.2
349389.1
349713.3
349975.7
350254.7
350542.8
350852.2
351143
351593.2
352039.8
352535.3
353393.5
353810.1
355062.9
355958.5
356500
357286
358153.9
358689.8
360448.3
361643.2
362488.6
363060.1
363552.3
364396.9
365581.9
366169.5
366907.1
378247.6
382296.1
384131.3
384739.8
386083.3
387941.2
392185.2
393588.1
393706.3
396025
397005.6
398533.7
399300.5
399894.5
400585
401326
402441.1
407316.3
414322.1
416983.4
417601.5
426056.7
453999.2
460012.3
460508.3
461242.5
461684.3
464109.4
465284.7
466130.3
467133.6
467955.9
468508.5
469700.8
470169.2
471106.6
471734.5
473205.7
473269.1
473655.2
474177.6
474879.4
475446.9
475975.4
476778.4
477419.6
478203.2
478799.9
479289.1
480322.1
481535.4
483835.8
484519.1
485812.9
486345.3
486667.9
487484.6
490044.2
501574.1
501943.1
502695.9
504023.2
504600.8
505063.4
505526.6
506211.5
507630.8
510784
512719
513799.1
515717.8
518348.2
519465.4
520622.8
523494.8
524634.2
525312.8
526014.8
526555.9
527364.4
528635.9
543957.3
544376.8
545944.4
546379.3
547330.1
548361.9
549394.9
550847.4
551651
552701.4
553311
553452.4
555025.6
555871.4
556819.6
566280.6
571961.9
572786.3
574388.2
577121.7
600166.6
603801.6
608460.1
630352.6
636929.3
637426.9
638484.5
639223.1
640126.1
641708.6
644303.3
644656.8
645548.5
648922.3
649410.3
649676
649988.7
650343.5
650671.3
650946.4
651212.6
651507.6
651927.5
652289.9
652688.4
653201.8
653962.4
658714.3
658996.5
659507.7
659958.6
660450.1
660810.2
662008.5
662755.4
663886.5
664736.3
688148.9
690195.3
699371.1
701184.1
719499.8
721161.3
721891.4
725364.3
752545.8
760928
771733.1
772710.9
773775.7
774342
775068.4
776228.3
776804
778024.4
778710.5
780423.4
782498.3
783611.4
784958.5
786223.3
791820.2
793507.2
795239.6
796040
797515.9
797849.3
798256.5
798448.1
798974.6
799483.5
799861.7
800346.2
800742.7
801080.1
801610.6
801890.7
802376.4
802878.6
803950.5
804559.6
805099
806274.3
807478
808791.3
809768.2
810573.7
812697.3
813295.4
813900
815527.5
817877.7
836491.3
836899.7
838320.5
840153.8
844227.4
847893.3
848946.5
849925.4
852593.1
854557.2
875437.9
876237.1
877788.3
881059
882065.3
883640.8
906511.6
927479.9
927813.8
928217.6
928585.6
929571.7
930940.5
932408.5
933369.2
948963.3
949225.2
949424.3
949634.7
950318
950733.3
951138.3
951565.8
951911.8
952630.3
953288.5
953704.1
954493.5
955364.1
956338.7
956829
958651.7
959265.2
959995.9
960569.6
961200.6
962336
981955.5
982451.2
982912.3
984015.9
985497.2
985924.2
985925
986527.3
986623.6
987827
988228.8
988428.3
989317.9
989757.2
992065.4
992864.3
993332.3
996418.6
1003239
1004126
1005115
1012878
1015415
1016001
1017274
1022206
1054190
1054908
1055275
1059283
1059859
1060485
1061190
1061954
1062847
1069326
1069801
1070332
1076930
1083315
1084607
1085180
1086520
1087286
1090065
1090703
1091357
1092409
1094098
1094643
1099699
1100018
1100418
1101007
1101506
1102466
1103381
1104220
1104832
1105334
1105722
1106010
1106785
1107500
1110151
1111354
1112517
1113902
1114446
1115119
1115879
1123137
1128427
1139506
1154318
1155979
1160317
1161122
1162156
1164727
1165101
1165571
1166017
1167370
1168234
1169145
1169717
1174283
1175083
1212342
1214180
1214737
1215198
1215963
1216767
1219093
1219601
1224337
1225489
1226174
1228606
1229004
1229991
1234805
1236144
1236551
1236891
1237895
1238719
1240042
1241135
1241903
1242386
1243460
1246054
1249065
1249500
1249816
1250116
1250578
1250864
1251134
1251439
1251877
1252236
1252729
1253185
1253485
1254171
1254879
1255376
1256599
1258962
1259330
1260287
1261163
1262171
1262915
1264061
1264927
1265511
1266418
1267868
1269313
1271589
1272625
1274314
1282697
1294393
1299204
1317311
1333301
1351306
1352120
1352810
1360906
1367323
1368701
1370440
1371003
1371789
1373262
1373988
1374467
1376106
1377039
1377322
1378389
1390878
1391623
1392292
1398928
1399231
1399526
1399903
1400401
1400911
1401269
1401636
1402186
1402439
1402771
1403357
1403785
1404263
1404562
1405037
1405377
1406063
1406522
1407620
1408491
1409006
1409007
1412620
1413540
1414311
1416716
1423913
1425103
1432827
1434134
1435035
1435770
1437246
1438318
1439555
1441831
1445345
1450297
1451574
1452699
1453492
1453941
1454584
1455491
1455978
1456461
1456999
1457470
1457937
1462258
1463767
1464316
1467383
1470823
1472679
1473616
1474129
1475540
1477713
1478958
1479302
1479794
1480297
1480955
1481384
1482080
1514720
1515410
1518795
1522897
1547704
1548061
1548761
1549515
1550047
1550601
1551012
1551423
1551915
1552362
1552812
1553411
1553880
1554439
1555311
1557659
1558345
1559644
1560191
1560811
1561337
1562001
1562459
1562937
1563313
1564255
1565671
1566286
1567511
1578946
1579501
1579888
1581952
1583089
1585494
1588238
1589189
1591209
1592302
1595058
1595518
1600976
1603157
1604270
1612298
1612427
1627551
1650614
1651073
1659018
1659534
1660042
1660614
1661142
1661544
1662800
1663739
1665863
1666841
1667679
1669883
1671451
1671777
1672173
1673801
1675093
1677806
1692247
1693139
1693755
1694207
1695209
1698808
1699254
1699666
1700122
1700508
1701135
1701647
1702043
1702373
1702853
1703674
1704114
1704114
1705395
1706040
1709587
1710145
1710674
1711886
1712391
1713201
1714657
1715489
1717874
1719111
1722181
1739082
1739922
1740646
1741312
1750958
1755642
1758574
1761223
1762321
1763534
1764346
1765441
1765891
1769083
1772211
1805974
1814908
1815559
1816286
1817819
1818626
1819422
1820055
1820310
1820775
1821891
1823413
1824368
1825882
1835547
1840458
1841930
1843100
1843616
1844652
1845855
1849289
1849679
1850002
1850371
1850693
1851113
1851691
1852280
1852661
1853239
1853637
1854208
1854492
1854874
1855310
1855861
1857166
1857992
1859057
1861743
1862130
1862544
1863212
1864020
1875839
1875883
1875977
1878025
1878667
1882129
1882799
1885222
1914707
1918696
1919919
1920713
1923978
1924904
1926121
1926967
1927993
1930024
1951206
1952514
1953957
1955822
1960016
1960837
1962187
1983464
1984690
1985220
1999167
1999451
1999970
2000297
2000815
2001123
2001566
2001920
2002463
2002874
2004039
2004893
2005404
2007603
2009209
2009569
2010139
2010918
2011545
2012349
2012914
2014018
2018895
2024413
2025232
2027198
2030093
2031033
2032456
2033434
2034125
2034952
2039188
2040284
2041469
2044527
2046227
2052617
2054999
2070946
2083005
2083386
2100295
2101365
2102187
2104084
2104989
2106663
2116421
2116905
2117919
2119120
2120973
2121952
2122786
2123452
2125850
2138939
2141433
2143967
2145032
2146236
2146989
2148577
2148986
2149434
2150161
2150597
2150964
2151278
2151806
2152258
2152375
2152758
2153475
2154189
2154954
2155912
2157873
2158412
2159043
2160050
2161984
2164048
2164543
2171016
2171631
2182392
2183043
2186909
2188585
2189498
2191067
2196937
2198350
2198856
2199690
2204394
2204879
2206529
2212203
2214191
2215214
2215296
2216637
2217670
2218494
2220596
2221048
2221567
2222016
2222578
2223164
2223866
2224507
2227783
2231675
2250558
2256762
2266567
2272980
2273262
2276488
2277071
2277108
2278453
2282534
2299333
2299697
2300108
2300473
2300972
2301325
2301748
2302123
2302702
2304813
2305313
2306273
2308562
2309552
2310190
2311222
2312286
2313088
2313648
2315524
2316826
2322685
2324674
2325236
2325772
2362831
2363497
2364534
2365455
2366439
2373366
2375417
2375999
2376827
2377798
2378943
2404710
2405126
2406414
2407530
2407531
2408544
2409476
2414901
2415932
2417614
2428232
2429202
2429809
2430698
2434597
2435616
2449241
2449598
2449861
2450160
2450466
2450872
2451482
2452072
2453092
2453816
2454307
2455141
2456138
2456813
2457662
2460776
2462180
2462646
2463903
2465053
2465906
2466535
2467008
2467471
2467917
2468492
2468938
2469624
2472379
2472696
2473254
2473770
2474321
2475084
2475522
2475987
2490596
2491498
2492728
2493847
2495570
2496134
2498405
2500268
2501435
2528293
2532412
2533324
2551313
2551722
2552469
2557208
2558384
2562165
2565860
2566176
2567090
2568108
2568701
2574116
2576912
2578580
2579885
2582494
2583637
2585218
2587350
2588144
2589385
2589517
2592261
2599287
2599617
2600018
2600354
2600667
2600997
2601449
2602064
2602642
2603918
2604634
2604972
2606464
2608282
2609027
2609663
2610316
2611319
2611947
2612642
2614078
2615176
2624134
2624318
2627690
2629482
2633194
2633527
2634134
2642602
2643327
2649883
2651149
2652594
2654458
2654918
2655906
2656707
2657421
2665513
2667561
2668692
2671786
2675825
2679160
2680344
2680868
2681446
2700421
2700969
2702841
2706102
2712634
2717781
2727021
2727358
2727686
2728131
2729454
2729915
2730791
2731888
2732554
2733711
2734244
2734964
2735373
2736181
2736889
2739730
2745909
2746483
2747948
2748757
2749529
2749970
2750395
2750824
2751217
2751857
2752356
2752747
2753488
2754261
2754627
2755238
2755830
2756570
2757047
2758006
2761917
2762425
2763499
2764477
2773114
2779998
2780478
2782208
2783494
2785158
2786567
2787880
2792043
2812845
2813160
2813940
2816430
2818890
2820037
2827031
2850649
2851614
2852663
2854369
2854940
2855356
2858149
2858471
2861043
2862212
2862737
2863807
2864547
2864709
2872048
2873278
2873849
2876338
2881310
2882512
2883948
2884643
2885039
2886270
2887263
2895902
2897559
2897996
2898720
2899308
2899709
2900183
2900533
2900831
2901188
2901543
2902048
2902490
2902892
2903741
2904916
2906227
2907600
2908461
2909062
2911211
2911777
2912527
2913135
2913933
2917721
2918825
2919319
2925889
2928795
2932014
2936978
2940219
2943225
2943919
2953670
2954996
2956216
2956719
2957804
2959214
2959737
2960723
2961432
2962599
2963607
2964153
2964703
3015595
3016541
3017596
3020827
3022233
3035821
3037520
3038814
3040183
3040685
3041628
3043438
3045617
3046141
3048326
3048905
3049193
3049530
3049920
3050189
3050531
3050912
3051281
3051597
3052068
3052388
3053307
3053941
3055197
3055923
3056486
3057203
3057800
3058606
3060690
3061571
3062318
3063581
3064354
3068665
3076013
3076893
3081767
3082181
3088401
3088744
3092169
3094534
3095032
3110802
3111921
3112940
3115441
3116771
3117517
3118043
3118864
3125374
3127124
3127655
3128681
3129225
3130724
3132442
3170079
3189075
3192755
3192802
3193466
3194220
3194952
3196586
3198078
3198420
3198818
3199363
3200143
3200597
3201131
3201858
3202377
3203144
3203775
3204957
3205424
3205891
3206796
3207322
3209757
3210768
3211208
3212297
3215268
3216417
3228749
3228749
3229314
3230940
3240539
3241884
3243463
3244801
3248106
3255476
3279040
3279916
3280676
3302420
3303272
3303879
3305316
3307278
3308172
3308701
3309696
3310564
3311072
3314419
3316672
3316718
3317857
3319031
3319412
3321979
3323318
3324057
3324814
3325254
3326513
3327378
3328883
3329810
3330339
3331854
3332252
3333120
3335241
3335970
3338536
3339147
3343799
3344474
3344630
3348970
3349411
3349798
3350097
3350609
3350878
3351184
3351640
3352054
3352635
3353143
3353517
3353994
3355821
3360488
3361481
3361921
3362917
3364829
3379000
3382161
3389112
3389857
3403080
3410079
3411602
3413346
3416147
3417145
3429828
3430300
3432974
3433360
3451572
3453108
3454708
3458831
3463923
3465194
3465695
3466269
3466826
3467716
3470545
3471196
3472506
3473352
3478193
3479142
3482158
3484502
3485705
3486302
3486769
3488213
3489820
3491918
3493312
3494379
3499217
3499500
3499797
3500028
3500479
3500889
3501436
3502048
3502639
3503092
3503883
3504320
3504639
3507170
3507739
3508267
3509052
3510492
3511414
3511908
3512935
3513809
3514432
3516226
3517351
3519308
3534553
3535685
3539418
3544317
3545198
3545688
3546410
3547922
3551174
3551629
3552521
3555286
3558338
3560575
3561296
3562783
3564801
3565790
3566865
3571834
3572550
3574198
3579218
3580350
3582386
3583333
3605295
3606208
3607291
3607940
3608774
3611834
3612658
3616740
3618231
3619514
3620367
3624878
3626404
3627398
3630097
3631605
3632249
3636900
3639543
3640478
3641461
3643067
3644647
3648997
3649445
3649924
3650294
3650691
3651117
3651586
3652184
3652670
3653125
3653603
3654458
3657314
3658678
3659211
3659252
3659696
3660312
3660900
3661335
3663397
3665343
3665930
3674665
3677443
3678175
3680926
3681784
3693188
3709789
3711595
3712146
3712660
3713102
3713804
3719954
3721754
3722394
3723341
3724572
3728479
3733602
