7617.138
25242.47
42688.78
45053.46
46299.09
48381.36
49458.28
50946.88
71301.13
71589.94
72796.31
75056.64
75698.72
76116.8
76740.72
77731.06
84085.34
84471.77
85542.54
86161.63
86807.47
88134.03
89386.73
91003.38
92114.75
94467.59
95397.32
96831.15
98171.27
102015.8
103024.6
105863.6
107778.5
111995.1
113425.4
118118.6
126925.6
170135.4
217097.6
225220.3
240428
243060.7
244496.3
277547.4
279378.3
302329.7
303537.8
304234
305588
307051.1
309009.7
311722.7
312384.5
314042.8
315846.9
327296.5
342257.8
346275.9
348814
349306.6
349670.4
350480.4
351173.7
372382.9
373434.8
376711.3
385195
386360.6
386925.6
390553.4
390982.4
391316.5
392006.2
393084.6
396382.4
404004.7
406092.8
409305.9
409844.5
410514.2
411065.2
412856.5
414593.2
415441.1
500864
504007.4
528033.7
528498.7
528880.9
529742.9
530578.5
530888.1
531247.2
531695.4
535379.9
537506.1
547573.7
548218.6
548807.1
549316.4
549818.8
550305.3
560665.3
562355
563500.6
570350.5
571422
572191.8
578374.6
601193.7
650518.9
651390.9
656098.9
665431.4
666770.3
670400.7
682581.2
683345
684506.8
685483.3
718373.8
719391.7
720073.3
722479.2
727987.5
730627.8
732008.3
732698.9
733652
753020.2
753897.6
754990.5
761655.8
762011.3
762694.5
764713.4
765727.5
768103.5
769522.7
770441.8
770550.7
771704.1
772555.7
779988.3
780756.2
783466.3
793932.8
800366.2
802964.3
805790.5
825807
830833
831186.5
832487.5
845669.5
846919
848367.4
848701.1
849147
849679.6
850127.6
850866.3
851909.4
853639.2
864534.7
865374
867565.7
905648.7
923575.7
924132.7
940323.9
945772
947522.5
949981.4
950546.8
951896.9
968104.2
973885.3
979551.2
981753.2
982183.4
1003093
1015380
1020431
1056552
1058461
1075879
1099992
1113026
1163377
1211100
1246069
1251116
1254536
1269560
1270627
1287824
1289975
1291094
1320955
1324657
1325401
1327324
1327996
1328584
1332641
1352880
1353303
1353843
1354534
1358199
1367771
1377267
1378129
1387476
1388119
1388501
1388923
1390686
1403595
1405184
1433252
1433888
1435288
1437796
1446334
1446741
1448620
1449132
1451138
1458647
1462929
1464839
1467262
1507449
1527399
1534162
1544977
1545915
1555143
1564770
1566410
1598689
1599370
1602970
1603860
1612950
1679648
1766080
1888848
1892735
1989928
1991653
1998451
2009166
2010363
2013338
2019273
2024447
2027508
2127350
2145349
2182637
2195035
2201868
2202909
2204397
2252474
2252674
2261413
2262174
2263169
2265524
2266006
2271226
2275555
2277491
2281126
2291363
2301112
2302225
2302798
2303749
2312040
2426024
2428377
2431979
2440730
2450024
2451412
2451901
2453139
2454764
2470461
2478525
2495645
2602272
2630888
2648216
2653635
2703309
2705393
2705706
2706659
2707659
2708157
2708424
2708994
2710459
2716461
2745386
2776270
2777133
2777728
2788388
2799976
2803016
2879640
2893777
2896526
2898892
2901071
2903581
2907580
2909994
2946909
2948878
2952083
2954299
2957071
2960147
2977217
3102095
3102530
3168510
3310180
3331288
3341484
3343012
3357871
3360117
3366990
3411258
3426948
3481106
3492690
3493841
3495431
3504246
3562696
3576817
3578614
3657855
3664565
3684084
