1853.536
2298.843
2809.288
3503.506
4884.078
7155.048
13344.08
13434.93
14000.71
16067.53
16934.33
18005.38
21602.62
26198.28
38148.84
38672.45
40183.64
41513.63
42529.69
42979.92
43600.2
45118.94
46618.32
47073.35
47549.68
47986.25
48699.23
49176.16
49638.98
50231.34
50635.45
51221.71
51917.91
52532.01
52952.61
53369.54
53727.27
54278.15
55103.46
55531.53
56327.59
57253.67
58299.16
60222.16
70250.92
70955.19
71861.56
81997.65
93546.7
94602.05
94849.63
96162.3
96992.96
97901.77
99182.4
100815.6
101696.1
102568.9
106035.4
106808.7
107452.1
108039.8
108860.9
112582.3
113119.8
113732.4
117492.5
120697.7
122124.7
123797.4
124391.6
127992.5
128813
130074.6
131113.2
152408.3
152901.6
154187.8
154797.2
156933.1
158027.3
158722.5
160705.1
161699.4
162921.7
163523.6
164994.3
167498.1
168602
169496.9
169680.7
171232.4
171930.2
172667.6
173557.6
174904.6
179831.2
181200
182119.9
182585.5
183330.2
188358.9
189458
195382.8
197151.2
199461.7
200839.5
201965.9
202888.9
204290.9
205421.4
206495
208564.3
215529.8
224764.8
227251.3
229609
230450.2
230987.3
234674.8
236662.7
237340.9
237870.5
239689.1
241273.7
241765.4
242448.5
244581.9
246428.8
249512.6
250305.1
251962.4
252669.3
253746.8
255056.4
255558.5
256066.6
257182.3
257895.9
258857.7
260463.4
261127
263708
263990.7
266194.5
271188.8
273238.5
274985.1
275852.9
280669.6
281908.1
282732.5
300110.5
306258.2
308093.8
309898.4
310771.6
312172.1
313162.9
314067.6
315495.8
317073.5
318370.2
318888.4
319495.6
320684.4
324933.6
325670.6
326284.1
326737.2
327179.5
327586.6
328146.3
328664.6
329920.7
331289.6
338490.7
340164.5
344499.3
346438.6
350615.2
351049.6
352038.6
353678
354588.1
355075.6
356824.1
362642.8
364720.5
365679.8
366235.7
367787.6
367979.7
369323.8
370057.4
370609.2
370999.7
381401.8
382329.3
383312.1
384623.3
385941.9
387444.1
391469.6
391986
394271.2
395349.2
396230.7
397489.5
397865.7
398324.2
398859.5
403077.7
403744.6
404365
405424.2
405816.3
407851.1
408694.5
410920.8
412150.2
413430.5
414457
414903.2
422062.9
429125.1
450051.8
452775.2
454378.2
455225.2
456997.4
457948.3
470771
471828.3
472606.4
473241.8
474782
475372.1
478669.2
479328.3
480645.6
484398.6
484890.1
485457.7
486063.8
486551.4
488418.3
493246.8
495545.8
496949
497385.6
497534.5
498510.7
499212.9
499875
500459.3
501364.8
501968.4
502358.7
503407.6
512912.3
514079.3
514638
517906.9
518373.1
518945.6
534569.9
535930.4
536523.8
537133.9
538138.1
539703.9
541338.4
547334.3
547756.5
548747.9
549696.8
550377.9
555614.5
556382.7
561315.8
562580.4
563393.8
564711.5
565335.5
566061.8
566868.7
572500.5
574909.3
575368.2
576724.8
577387.2
580754.9
582299.6
582827
600150.1
601030.2
602125.8
602967.2
605379.5
606337.4
607877.2
608492.7
609339.6
610425.7
611186.7
611978.7
613826.9
614421.9
614806.4
616784.1
617566.7
618383
618693
619186.3
619517.9
620573.4
620688.2
621803.7
623351.5
623886.9
624349.1
625188.7
630706.9
640465.4
641584.2
650303
650964.4
651450.4
652001.8
655416.3
657222
664864.4
665779.9
666381.3
667651.5
668459.7
669878.6
670369.1
670836
671571.6
672205.3
673055.9
673951.7
674268.1
675311.3
680028.7
681199.3
681806.8
689717.3
690833.4
693806.9
699218.1
699725.5
700334.1
702016.6
702856.3
704038.3
709263.4
714677.6
715136.7
715553.6
716103.6
716458
716885.5
717879
718073.4
721657.2
722374.8
723375.9
724384.3
728208.7
728670
729670
731094.7
731790.5
732273.3
733044.2
750275
755564.9
757113.1
758062.7
758565.1
760997.8
762005.3
764851.5
766481.4
766992
767953.1
768741.2
774755
774879.6
775931.3
776849.7
778469.6
779810.7
780318
780918.7
781745.4
782642.1
783273.1
783782
784107
784555.7
787450.4
789916.3
790096.1
790873.1
791727.2
795379
796785.2
800483.7
800891.9
801418.9
802322.1
802820.2
803885.1
804277.1
806806.6
808781.4
810184.1
810786.7
818185.2
818853.6
819610.5
820669.1
820951.2
821398.7
822144.8
823327.4
823860.6
824307.4
824738.2
825249.4
826172.8
827369.2
837886.3
838438
839345.5
840448.2
841174.8
842526.8
842827.3
842899.1
843605.2
844463.9
845314.6
846773.4
846806.3
847743.3
848026.2
848457.8
849343.9
853137.4
853748.9
854323
854927.1
855494
856685.6
857347.2
858564.1
859184.2
859679.4
866913.8
875372.1
876029.8
876393.7
876911.7
878590.7
879375.5
880925
882366.9
906549.1
908006
909254
909628.5
909722.8
910456.3
912804
913529
914527.4
915151.6
916276.8
916875
917305.7
917362.3
917750.8
918383.9
919358.9
920416.7
920991.4
921937.8
922871
925828.1
927135.3
929257.7
929842.4
930167.6
934344.7
934981
935623.4
936290.8
937512.4
939172.9
940111.3
940726.4
941371.7
944437.7
945246.7
945985.5
946641
947712.9
949919.6
951431.9
952004.2
953393.5
953796.8
954727.5
956012.3
963513.6
964231.3
964758.7
965475.4
965914.2
966481.3
967261.2
967865
968231.7
968988.3
969725.7
970368.8
970939.5
972737.3
974364.9
983344.4
985963.3
988623.4
989882.8
990742.7
991382.7
994801.9
995305.1
1001982
1002658
1004653
1005721
1006397
1007650
1008075
1008974
1010697
1014915
1016552
1018927
1026897
1050664
1052509
1053164
1053479
1053998
1054639
1055288
1056832
1057348
1058908
1059449
1059817
1060225
1061215
1062237
1062700
1063130
1068601
1070175
1071025
1077903
1079155
1080814
1081558
1082119
1082865
1083224
1083808
1084532
1089451
1101572
1101943
1102431
1103258
1105337
1106680
1106810
1108662
1111540
1112723
1119970
1120343
1120840
1121278
1121708
1122073
1122619
1123345
1124081
1125716
1127580
1128059
1130110
1130789
1132753
1132886
1133998
1137730
1138726
1139607
1140197
1140506
1141862
1142216
1143157
1143578
1144424
1144526
1147003
1147746
1148216
1149480
1149671
1150515
1151085
1151686
1152628
1153291
1154220
1154821
1155231
1155890
1157616
1157920
1158508
1159646
1159700
1160906
1162362
1162809
1163302
1163666
1164057
1164565
1165163
1165935
1169615
1170028
1170767
1175384
1181244
1181642
1182717
1200225
1201797
1202196
1202613
1202967
1203709
1204998
1205688
1206280
1208655
1223565
1224615
1246583
1249293
1249693
1250927
1251572
1252104
1252527
1252973
1253584
1254206
1265569
1266441
1267264
1267925
1272293
1274649
1275543
1276023
1276760
1277438
1277957
1278425
1279116
1293996
1294058
1294716
1295391
1296222
1296776
1297031
1297473
1298037
1298402
1299695
1300336
1300623
1301526
1306822
1307361
1308430
1309566
1310076
1310498
1311230
1313578
1313891
1314208
1314744
1315726
1316171
1316935
1328326
1332087
1332429
1333147
1354811
1355726
1356091
1357160
1357773
1359464
1364910
1365401
1366107
1366579
1367049
1367582
1368260
1368709
1369191
1369765
1370373
1371458
1372225
1379515
1380755
1381200
1382220
1383185
1400517
1400955
1402081
1402763
1418945
1420224
1422379
1422980
1423706
1424330
1425970
1426834
1427363
1427422
1427903
1443244
1450916
1451526
1452556
1453379
1454122
1454854
1455743
1456447
1456885
1457968
1459737
1460511
1461117
1461892
1462892
1464198
1465187
1466104
1467113
1467763
1470421
1471151
1471730
1472208
1472839
1473211
1474033
1474950
1476039
1477003
1477428
1477802
1478460
1479446
1480732
1481783
1501745
1502432
1503212
1504056
1504970
1505902
1508368
1512980
1513033
1516398
1516562
1519887
1521139
1521899
1525512
1525925
1527426
1528332
1529424
1529979
1530431
1532310
1534128
1535889
1537454
1538392
1541479
1545991
1546381
1546932
1547085
1549051
1549853
1550168
1551018
1552418
1553024
1553692
1555128
1557004
1557805
1566682
1567508
1568463
1569839
1570332
1571022
1571363
1573917
1574521
1576787
1577769
1578418
1582881
1583514
1584143
1585136
1590704
1591500
1608322
1609570
1609651
1610068
1611831
1612727
1614936
1616875
1617766
1619244
1619715
1620824
1622346
1625405
1631637
1650186
1651514
1652223
1652784
1659210
1667842
1670365
1671027
1674021
1679927
1694879
1696412
1698169
1698893
1700134
1700675
1701529
1702145
1702950
1703339
1704007
1706462
1710747
1711999
1713160
1714073
1714857
1715856
1716416
1717731
1718535
1721402
1722108
1723079
1723754
1724384
1725205
1725629
1731387
1731768
1732758
1733459
1734257
1734714
1735460
1736022
1736996
1737470
1742202
1742699
1743522
1744451
1745349
1750121
1750751
1753052
1764794
1765209
1768800
1769553
1770518
1771146
1773875
1775878
1776241
1776989
1777519
1777760
1778049
1778325
1778349
1778642
1778906
1779221
1779569
1779885
1780354
1780794
1781137
1781582
1781935
1782231
1782650
1783228
1783504
1806445
1806972
1808094
1810437
1812501
1813480
1815226
1816212
1819194
1820163
1820851
1821395
1824310
1825631
1826585
1827054
1827814
1829203
1830432
1831645
1832141
1834002
1836320
1852141
1852702
1853307
1854399
1860443
1864052
1864566
1873363
1878517
1879700
1880397
1880978
1881414
1882688
1883064
1884046
1885022
1885386
1885961
1887160
1887592
1888597
1889272
1889738
1890384
1891727
1892539
1893034
1894819
1895276
1896928
1897414
1897956
1898487
1899029
1901189
1903406
1904169
1905505
1909359
1909875
1910950
1911685
1912197
1912599
1913655
1914301
1914696
1915763
1916049
1916470
1916773
1917351
1918260
1918644
1918929
1919297
1919638
1920072
1920584
1920967
1921626
1922013
1922516
1922779
1923042
1923533
1923838
1924184
1924437
1925067
1925519
1926184
1926756
1958811
1959805
1961029
1963487
1964607
1965978
1966705
1967287
1968362
1969008
1970044
1970640
1971469
1972098
1972689
1973295
1974066
1974725
1975078
1976150
1977403
1977763
1978637
1986311
1987287
1988345
1989011
1989686
1993064
1993733
1995150
1998938
1999342
1999927
2001422
2004671
2005756
2006169
2015237
2018568
2019178
2019746
2020758
2021152
2023321
2024269
2025255
2027393
2030312
2030830
2032206
2035574
2036215
2040829
2041281
2045093
2047534
2048127
2048650
2050453
2051869
2052422
2052498
2054250
2055234
2058014
2061911
2062502
2063481
2064772
2068238
2069367
2070558
2071682
2073170
2073826
2075299
2076623
2077469
2078694
2079327
2104413
2104860
2105941
2106541
2107559
2111008
2112356
2112938
2114122
2117450
2119183
2119746
2120207
2120772
2121260
2122634
2123466
2123859
2124391
2124960
2125505
2127498
2128988
2129486
2130037
2131473
2143501
2144373
2145043
2145075
2145504
2149584
2149849
2150289
2150888
2151433
2152640
2152652
2155226
2156310
2156310
2156999
2169412
2170359
2171423
2172462
2173405
2174222
2175296
2176813
2177785
2180618
2193554
2194272
2194718
2195518
2196434
2197650
2198974
2202451
2202854
2203240
2206272
2207775
2208517
2208977
2209693
2210809
2214214
2215745
2216701
2230328
2230751
2231286
2232169
2250465
2251318
2251824
2252524
2253127
2277309
2277731
2278077
2278574
2279921
2280699
2281210
2281764
2282459
2283090
2283641
2284248
2284895
2286600
2287107
2287804
2288589
2290572
2293103
2293747
2294477
2296667
2297616
2298656
2299320
2301538
2302083
2302845
2303539
2308826
2309429
2310665
2311280
2314044
2314834
2318661
2320346
2321321
2321999
2322557
2323357
2324317
2324388
2327549
2328402
2332191
2334501
2335950
2336363
2340833
2341880
2343375
2345135
2345987
2367207
2367258
2367911
2368440
2369695
2370360
2371721
2374310
2374873
2375331
2376207
2402276
2405431
2411324
2412409
2412918
2413273
2414200
2415016
2415705
2416190
2416587
2417625
2417992
2419126
2419867
2421214
2422584
2438006
2440615
2441358
2445542
2446214
2446964
2447718
2449334
2450230
2450935
2451277
2451799
2452114
2452608
2453259
2454313
2457045
2457717
2465515
2465993
2466549
2469046
2469468
2470426
2471196
2473130
2475995
2478271
2479378
2480289
2481280
2483234
2483644
2485454
2486421
2486879
2487332
2487510
2487963
2488957
2489602
2490322
2492759
2504862
2512568
2513383
2517014
2519697
2520673
2522807
2524201
2526149
2527175
2530422
2531193
2550400
2552328
2553337
2558170
2558731
2559379
2560158
2560774
2561576
2562168
2563645
2567984
2568125
2568850
2570262
2575218
2581702
2582082
2582767
2583704
2584475
2585002
2585550
2586299
2588776
2589738
2590467
2590966
2592272
2593755
2596008
2599890
2600473
2601296
2601817
2602603
2603057
2604402
2611383
2614160
2617643
2618080
2619008
2619598
2620953
2622886
2623948
2624099
2624859
2628130
2628774
2635857
2636887
2641962
2642485
2642924
2643508
2644409
2644966
2645532
2646229
2646864
2647698
2648366
2649771
2650447
2651264
2651658
2652334
2653331
2653492
2654259
2655008
2656120
2656651
2657161
2657534
2658091
2658800
2659818
2667335
2669471
2670123
2672669
2681937
2682483
2682979
2701853
2702437
2703095
2703805
2704424
2705392
2707286
2708327
2709928
2716497
2717278
2717730
2718503
2719476
2719737
2720383
2720906
2721467
2722460
2723675
2723948
2724531
2725061
2725955
2728898
2730110
2730640
2731212
2732285
2733851
2734551
2735321
2736444
2742290
2746107
2748515
2749693
2750324
2750809
2751206
2751900
2752761
2753482
2754067
2771132
2799021
2800720
2801811
2802301
2803849
2807285
2811198
2811555
2811999
2812459
2813734
2814520
2815274
2816076
2817018
2817452
2817980
2818770
2819261
2819851
2820750
2829928
2830178
2831125
2831510
2851311
2851854
2856147
2856752
2857345
2857501
2858350
2858768
2859861
2860796
2861259
2861467
2862217
2862592
2863224
2865456
2865952
2869068
2869410
2869859
2870796
2871191
2879639
2880943
2881962
2882668
2883671
2883897
2884678
2885336
2886216
2897070
2898058
2899015
2899401
2900861
2901805
2902535
2903337
2903954
2905039
2927309
2928344
2936349
2938370
2939014
2941350
2941835
2942885
2944191
2945400
2945940
2949384
2956355
2966903
2968784
2969633
2969945
2970473
2970918
2971382
2971880
2972211
2972592
2972952
2973854
2974277
2974767
2975488
2976181
2976729
2977269
2977601
2977930
2978462
2978776
2979141
2979512
2979855
2980157
2980548
2980861
2981195
2981614
2981954
2982353
2982998
3006308
3007062
3010164
3010996
3012825
3014303
3016684
3023701
3027848
3028419
3028937
3029475
3030139
3031076
3031461
3031841
3032310
3032753
3033277
3034003
3035389
3035802
3037031
3038281
3038324
3040409
3040946
3041698
3044970
3045412
3046464
3047628
3049029
3050421
3051040
3051915
3052195
3052737
3053214
3062535
3069180
3073180
3073765
3075675
3083515
3090725
3092425
3094890
3095898
3096521
3097319
3097819
3098543
3104975
3106636
3106637
3107164
3108577
3114058
3115416
3115988
3117323
3117831
3121605
3122316
3122882
3124168
3125317
3126678
3150971
3151620
3159948
3161439
3162167
3162669
3172111
3173048
3173524
3173810
3176799
3178120
3178424
3179294
3179673
3182636
3183221
3186779
3187471
3187925
3199338
3200089
3200740
3201604
3202398
3203308
3204563
3210163
3214688
3221614
3222153
3222423
3223085
3223415
3238148
3239369
3240325
3241283
3241988
3242544
3243258
3243413
3243955
3244572
3247327
3249088
3250072
3251522
3254439
3255161
3260230
3260923
3261344
3261783
3262457
3263158
3263864
3264592
3265315
3266389
3267068
3268510
3273709
3274523
3276035
3304154
3304716
3305175
3305657
3306827
3307758
3309284
3309937
3310461
3310917
3311227
3311996
3312900
3313433
3313677
3314213
3317925
3318981
3319418
3322220
3323476
3324677
3329559
3330515
3332058
3332518
3333367
3333930
3335161
3337080
3337758
3338860
3343340
3344631
3345368
3346310
3347615
3348161
3348162
3349363
3350030
3351427
3352447
3354035
3356886
3357541
3366636
3367485
3367969
3368749
3369696
3370427
3370765
3371085
3371769
3372305
3382943
3385707
3387666
3387828
3389374
3396547
3397920
3399551
3401987
3403657
3404494
3404796
3405368
3410881
3411455
3411929
3412003
3413437
3413526
3414866
3415940
3416881
3417479
3418050
3418669
3419228
3419966
3420445
3421131
3421602
3421948
3422284
3422612
3423008
3423380
3423957
3424530
3425262
3426239
3426614
3427220
3427967
3432783
3452960
3453672
3454615
3455597
3456191
3456793
3460482
3460978
3461462
3462538
3463283
3465349
3465785
3466283
3468716
3469391
3469715
3470102
3482040
3488433
3491174
3492989
3493973
3494764
3494765
3499473
3500075
3500525
3501268
3501839
3502669
3503645
3505013
3506870
3508306
3511562
3514346
3516362
3517027
3520805
3523180
3524861
3531692
3532119
3539563
3540897
3543193
3545319
3546472
3547842
3548488
3548865
3549574
3551212
3554564
3557304
3559971
3561885
3562462
3563132
3563833
3564764
3569632
3570790
3571289
3571673
3572059
3572732
3573217
3573891
3601428
3601821
3602238
3603048
3604804
3606063
3606621
3608329
3610926
3611686
3621701
3622382
3622877
3623336
3623955
3628964
3629270
3629422
3630673
3634797
3638111
3638577
3640484
3641919
3643673
3644412
3645114
3645859
3646423
3647189
3647983
3648683
3650667
3651219
3651649
3652462
3655527
3656208
3656909
3656971
3668172
3669702
3670671
3671259
3671880
3672742
3673656
3673983
3674483
3676094
3676961
3677524
3678507
3682210
3682833
3683887
3684624
3685277
3686950
3687955
3688345
3688976
3691320
3691485
3692563
3692789
3696170
3708454
3708844
3709297
3709713
3710072
3710780
3711196
3711684
3712315
3712316
3712962
3713034
3713418
3714062
3714489
3716099
3716657
3717138
3717684
3717742
3718473
3720153
3726581
3729675
3731639
