225.9162
1996.968
2389.386
2802.126
2862.565
5409.658
6719.346
7809.977
9499.659
10829.29
10900.42
11787.02
12232.72
12463.5
13089.48
13222.87
13912.28
22060.91
22696.64
24651.15
25167.21
25699.42
27103.81
27881.31
27890.14
35369.26
35843.19
36725.56
37635.2
38418.34
39276.72
39828.02
41329.79
43287.02
44180.82
45107.52
49289.14
50195.45
50798.73
51357.71
52086.62
53018.56
53396.08
54551.36
58539.51
59789.49
61981.95
62636.3
64902.24
65258.49
66518.49
67413.75
68893.35
70723.2
71641.41
73647.49
74543.41
76343.74
78652.73
79263.03
80399.53
84554.35
85728.75
86811.39
91217.58
93122.04
94630.24
95536.48
95927.46
96335.62
96495.12
97117.25
97828.99
98427.99
98558.58
99911.66
99970.85
100617.3
101058.8
101833.1
103193.1
103209.8
103887.3
105819.6
106163.4
109908.9
109956.8
109958.5
111173.5
115777.6
117695.9
118016.3
118662.9
118712.4
119437.5
120903.5
122354.3
123525.9
133330.9
150964.6
152316
153842.2
154670.8
155418.7
156570
157631.9
159003.8
161363.1
161433.6
163211.1
163260.6
164100.3
166423.1
166981
167724.4
168782.2
169420.5
174247.8
176454.2
177682.2
177751.2
178660.1
179165.6
179398
179893.8
180685.1
183145.7
183299.7
183753.2
184434.4
186396.2
187655.8
188437.7
190157.1
192195.6
194380.6
194720.3
196343
200998.6
201989.8
205212.1
208083.6
208705
209408.2
210915
213224.6
213442.3
213872.9
214750.7
214950.5
216456.7
216491.9
218413.1
219282.1
222308.6
223841.1
225803.4
228110.6
229047.8
229204.3
229451.6
230161.6
232098
233130
233604.5
234128.3
235883
236864.6
240057.5
240601
241482
242516.5
243469.6
243962.7
244663.5
244851.7
245468.5
248457.2
253625.2
256210.8
256630.8
257340.6
259056
260112.1
260198.2
260433.4
260703.9
260758.3
261670.6
262707.5
263239.1
263303.6
264421.7
264850.6
265116.8
265414.3
265538.6
265677.7
266963.8
270457.3
273318.5
274076.2
274637.4
280433.3
282258.5
300322.4
301459.3
304924.5
307012.3
307486.4
307816.2
308030.4
309798.1
309898.4
309944.8
310270.5
310536
311309.3
311772.5
312967.5
313367.4
314398.5
315826.6
318117.5
318429
319113.6
321386.7
322724.3
323393.7
324167.1
324619.4
325469.7
326847.4
327648.5
329146.2
332546.5
335510
337941.8
338767.1
339223.4
342239.3
342917.4
344321.3
345605.5
346481.6
348405.2
350257.9
352174.4
357683.9
358846.3
359182.6
359532.3
361081.3
361180.6
361967.2
362301.9
364264.9
364899.9
366714.7
367184.1
368949.3
369317
369768.4
370195.1
376035
378071.2
379740
381972.2
382248.8
384247.7
387410.9
387462.5
388450.5
389100.8
389243.1
389425.6
389975.3
391059.7
391952.5
392984.1
395990.2
397314.2
400785.8
400948.3
401757.7
403414.5
403559.8
404580.8
405234.2
405335.6
405879.3
407012.3
408493.2
410771.7
416026.2
416480.9
416787.6
417185.6
420999.8
424079.6
424347.7
424939.7
427001
427511.7
429884.5
432455.7
433273.1
450735.5
450767.5
451036.6
454439.5
455926.1
458177.7
458719.7
459128.7
459720.6
460355.5
462563.1
467639.5
472531.5
473279.6
478016.2
482250.6
483038.5
485319.1
485600.7
486035.3
486572.6
487258
487259.5
489762.2
490670.1
492850.9
492951.7
496574.6
498432.2
499622.3
500197.4
500243.5
503454.1
503480.5
504342.3
505155.4
505350.4
506010.8
506232.1
509729.5
510885.4
513471.9
517382
517901.5
520137.7
521467.7
522045.1
522970.3
525216.7
529986.5
530518.4
532193.3
534415.5
535722.4
536606.7
536816.4
538026.7
538821.2
540749.6
541543.7
541997.7
548679.6
548778.3
550200.8
550752.5
556791.2
557622.9
557633.1
558384
558883
559712.7
560461.1
560500.5
560528.3
561129.5
563030.7
564061.6
564245.2
564788.5
565524.1
565958.6
567006.3
568276.4
573865.9
576068.9
576265.1
577838.5
579992
581485.3
582671.9
600376.4
604376.4
605238.8
605923.6
607169.1
607834.6
610643.6
611528.8
613012
613912.3
614705.3
615006.6
615421.6
615869.2
617139.2
617264
619286.5
620179.5
621062.6
623488.5
624481.5
626584.3
632000.5
632775.1
632794.6
633369.6
634158
634586.6
634819.2
640231.7
641640.1
641965.9
642091.5
642432.8
642848.7
643254.8
644788.5
646953.4
647848.8
648237.7
648530.3
649107.3
649785.1
651192.7
651532
652989.5
657288.6
657528.9
658718.7
660246.8
660692.8
661606.5
661685
662218.3
664133
664201.3
664969.7
665743.3
666963.2
667760.8
668358.4
674017.8
677354.8
678653.4
680351
682893.4
688350.3
688620.4
689401.1
689822
690017.7
690114.4
690434.1
690506.4
691615.7
691768.8
691980.1
692575.8
693146.5
698015.3
698210.5
698485.9
698778.3
699193.7
700448.9
701795.4
702425.5
704754.8
706726
706995.4
707559.1
708630.6
709969.8
716991.8
718789
725089
725160.2
729734.7
730468.2
732744
733319.5
750524.4
751255.8
751449.5
753965.7
756111.8
756224.4
756852.4
757467.6
758025.9
758374
758993.3
759140.7
759925.7
761041.5
761085.3
761168.8
761429.5
762278.1
762723.6
765291.8
766521.3
766852.4
767542.3
768349.6
768458.8
769185.6
769990.2
772089.6
775743.5
776385
776583.6
776825.8
777576.6
778125.7
779596.6
780676.3
780994.1
781761.6
782610.3
783972.3
785108.5
785177.6
791009
798040.2
800482.9
800788.4
804462.1
809764.1
811123
811906.9
811966
812732.3
814885.5
815127.2
817047.1
817958.4
818330.1
822623.2
823492.5
825240.3
826835.3
827498
828458.1
830777
834619.5
836769
838540.2
839500.7
841408.9
841886.4
842475
843523.7
844745.6
844982.5
845135.1
845987
847392.1
847928.4
848722
850528
855685
856170.3
856575.6
858004.9
858699.9
859404.4
861228.4
864394.5
865075.6
865565.7
867938
869258.6
870057.6
871859.3
872402
873923.4
874679.5
875314.2
875937.8
876253.6
877025.1
878207.8
879150.1
879540.6
879595
902125.3
913952.3
914968.6
915903.4
919228.9
922024.7
925969.4
928372.8
929034.8
929876.3
932218.6
936157
939346.3
940064.2
940671.6
941749.5
942020.5
942365.2
943464.2
945515.6
947128.2
949318.8
949329.3
952264.1
954081.4
955593.5
957273.3
958591
959790.9
964720
965444.8
965980.3
967811.2
968277.5
968832.3
970218.4
977953
981615.6
982428.4
983396.7
983874.5
985668.2
985733.7
985739.8
986399.4
986828.7
986988.7
987972.6
988297.5
988420.4
989660.2
997513.5
998591.2
998734.1
1000338
1001080
1002102
1002215
1002631
1004537
1006758
1009251
1011045
1013369
1014775
1015244
1016214
1016537
1018298
1018598
1020353
1023949
1025936
1027840
1028402
1030270
1031444
1051658
1052429
1052478
1052900
1053310
1054228
1054972
1056381
1060136
1062539
1062951
1066388
1067710
1068858
1069103
1069339
1076846
1078085
1083705
1083936
1084722
1087426
1089145
1090295
1091656
1095287
1095521
1096391
1097258
1097828
1103345
1103413
1104683
1105698
1106288
1106674
1106842
1107831
1108888
1109140
1109504
1110889
1111624
1111632
1111963
1114195
1116001
1117583
1117720
1118867
1119705
1120375
1120509
1120652
1120884
1122060
1125416
1126828
1127738
1128106
1129729
1131229
1132109
1132655
1132904
1133523
1135757
1136421
1136946
1137777
1138714
1142066
1143120
1144619
1145107
1146266
1146732
1155283
1156464
1156805
1156997
1157404
1158743
1158818
1161753
1163515
1163919
1166693
1168278
1170189
1171636
1171989
1172192
1173888
1179697
1180940
1181499
1182860
1200736
1200900
1201723
1201842
1202469
1203775
1204650
1205375
1205621
1209965
1210543
1210602
1211850
1212023
1212618
1213705
1214045
1214220
1218557
1221164
1221494
1222480
1223056
1223828
1224180
1224899
1226102
1227471
1227511
1229837
1231635
1233339
1235433
1235930
1236432
1236652
1238091
1239135
1239897
1239946
1242366
1243890
1244026
1244383
1244816
1245175
1245561
1247779
1250375
1251587
1252121
1254504
1255535
1256141
1256483
1256593
1258146
1259945
1260838
1262516
1263205
1263686
1265058
1265530
1266218
1266738
1267185
1267553
1267940
1268063
1269824
1270890
1272412
1272449
1272717
1273435
1274607
1281850
1282251
1282464
1283429
1284338
1284746
1287823
1292256
1292574
1293439
1296340
1296768
1297273
1298009
1298653
1299482
1302256
1302901
1303018
1303920
1306179
1306690
1309598
1311140
1312014
1312794
1314008
1316189
1316779
1316963
1316996
1318197
1318391
1319273
1319284
1320831
1323390
1324731
1325478
1326163
1327687
1330333
1330355
1331994
1351413
1351582
1352088
1353176
1353826
1354149
1354599
1354766
1357811
1360158
1361962
1362420
1363015
1365063
1365722
1366963
1367358
1367819
1368357
1368835
1368869
1369405
1369887
1370778
1371079
1375684
1376467
1377943
1378328
1378816
1378905
1379364
1380188
1380285
1380571
1382281
1383067
1383638
1384059
1386619
1387754
1387965
1392023
1392071
1392783
1393811
1394801
1395303
1396300
1397485
1399228
1399878
1400194
1401543
1401582
1401933
1403432
1403478
1404854
1405467
1406487
1407061
1407072
1407098
1407712
1408764
1409335
1410378
1411032
1411253
1411807
1411897
1412597
1412711
1413279
1414612
1415200
1418532
1420628
1421185
1421680
1421872
1422839
1424466
1425258
1425774
1426405
1427320
1428234
1429105
1429240
1429742
1431751
1432186
1432777
1433331
1434008
1435855
1435952
1436263
1437247
1439230
1439748
1440479
1446078
1447882
1447999
1448345
1448551
1448576
1448787
1449167
1449806
1450188
1450485
1452862
1453487
1455064
1456303
1456929
1461421
1461616
1463873
1465106
1465121
1466821
1467303
1468059
1474720
1478946
1479383
1480262
1481449
1482633
1500685
1501298
1501357
1501659
1502092
1502906
1504475
1506587
1507690
1510378
1510815
1511485
1512484
1513710
1513908
1514380
1515486
1516133
1517452
1517514
1518567
1520773
1522939
1523217
1523642
1524160
1524189
1524730
1524753
1525251
1525512
1525641
1527041
1529613
1531064
1531141
1531655
1532051
1532712
1532864
1533067
1534674
1537581
1537819
1543521
1543801
1544299
1544920
1547562
1547791
1547901
1548742
1548812
1551159
1552796
1553043
1558075
1560712
1561428
1563915
1566946
1567449
1567855
1568586
1568711
1569524
1569787
1570373
1570717
1571394
1572737
1572869
1573898
1575538
1576413
1577112
1580863
1581016
1584030
1585068
1587795
1588499
1589309
1590646
1592599
1592943
1595188
1597468
1597496
1599018
1599842
1600557
1603870
1604079
1606008
1606584
1608462
1609153
1610918
1611150
1615508
1616636
1617243
1617758
1618570
1620173
1621952
1623121
1623959
1629549
1630235
1631182
1656925
1657753
1658416
1659490
1659984
1660838
1662294
1662804
1665030
1665735
1666800
1667636
1668176
1668757
1668863
1670176
1670580
1670846
1673055
1673655
1675256
1675323
1675582
1682134
1682919
1683477
1684356
1685124
1686456
1688888
1689356
1691624
1692155
1694623
1696231
1697030
1697737
1698216
1702090
1702768
1704586
1705312
1712852
1713082
1713653
1716416
1716548
1718382
1718676
1719187
1720597
1724099
1724597
1725288
1725492
1725876
1725981
1728172
1728177
1729840
1731606
1732135
1732611
1733081
1734128
1735295
1738028
1740084
1741904
1742459
1747911
1748275
1748702
1749587
1749711
1751254
1751417
1752374
1753776
1754356
1755113
1755432
1756109
1756552
1757713
1758239
1760356
1761107
1763175
1764835
1765269
1765648
1766932
1768175
1769605
1770407
1772657
1773711
1774102
1774391
1774794
1775515
1778987
1779723
1779812
1780252
1781555
1782085
1782148
1782296
1783563
1800120
1801114
1801183
1802893
1804493
1806018
1806137
1806180
1808186
1809108
1809755
1811136
1813759
1813961
1814580
1817100
1817704
1818200
1822266
1822812
1823701
1825008
1826659
1827796
1829333
1829766
1830512
1831346
1831509
1831770
1837742
1839524
1839707
1841992
1844681
1846149
1848037
1848591
1848874
1850285
1850553
1851376
1853852
1854096
1854393
1854715
1855303
1856370
1856726
1857830
1858535
1859230
1860357
1861410
1861926
1863223
1863753
1868629
1869304
1870024
1870874
1870884
1876019
1876667
1877281
1877768
1878198
1879302
1882088
1885885
1886115
1886406
1886719
1886787
1887272
1888182
1891032
1891663
1891950
1892693
1892940
1894293
1897912
1900343
1901234
1901938
1903395
1906315
1906788
1908087
1909008
1909117
1909579
1912511
1912912
1915048
1916558
1917291
1918767
1919909
1920808
1921301
1921787
1922359
1922997
1923438
1924814
1924835
1925714
1926002
1926528
1927157
1927241
1928022
1928226
1928344
1928859
1929534
1930129
1930928
1931262
1933405
1952825
1953175
1956001
1963849
1972049
1972725
1979394
1979497
1980513
1981023
1981203
1981270
1981655
1983856
1984440
1984862
1985425
1987584
1987976
1988546
1989421
1989579
1992153
1992592
1992685
1995197
1996621
2000955
2003344
2003453
2004888
2007531
2007684
2007914
2011470
2011899
2013156
2013813
2014945
2017092
2018236
2019462
2019676
2020411
2020818
2021986
2023972
2030519
2032237
2033160
2033346
2037212
2038477
2039103
2040071
2040296
2040851
2041505
2042184
2042590
2042718
2043431
2045021
2045327
2046128
2047136
2048077
2049566
2050542
2051623
2053015
2053122
2054157
2054182
2059190
2060817
2064070
2064725
2065326
2065845
2066046
2067824
2068781
2068828
2069891
2070767
2073257
2079661
2080446
2080763
2082894
2100178
2100649
2101942
2102348
2103404
2104285
2106072
2107332
2107679
2107842
2108307
2108773
2109371
2110722
2111434
2111727
2113105
2113437
2114607
2115506
2117484
2120819
2121238
2125586
2125641
2125853
2128197
2129092
2132195
2132983
2135171
2137602
2139642
2140042
2140232
2140982
2144540
2145786
2146370
2147020
2147319
2148007
2148359
2148834
2149299
2154032
2154760
2157027
2158545
2158652
2159622
2160074
2160269
2163150
2163934
2163979
2165439
2165894
2166729
2166976
2169767
2171488
2172317
2172997
2174809
2175336
2176347
2176538
2178564
2179024
2179945
2180316
2182677
2182987
2183587
2183655
2184376
2185209
2185988
2189214
2191732
2192725
2195697
2196703
2199871
2200600
2200766
2201232
2201392
2202341
2202673
2204286
2207138
2209058
2210108
2211415
2214374
2215645
2217565
2219137
2222191
2224264
2228062
2230352
2232688
2253344
2254517
2255220
2255394
2255602
2255977
2257023
2257586
2260244
2261921
2262894
2263860
2266236
2266589
2267202
2267824
2269033
2269999
2272053
2272167
2272289
2272670
2273152
2275582
2276721
2278157
2280700
2282314
2284014
2284015
2284734
2285083
2285909
2286148
2287623
2289042
2289374
2291591
2291905
2292809
2293940
2294119
2295931
2296353
2299864
2300573
2303760
2305302
2305831
2306987
2307273
2307511
2308195
2308267
2308920
2310840
2311983
2312599
2313980
2316079
2316688
2318088
2319498
2320081
2320211
2320653
2323255
2324385
2324972
2326499
2327295
2328798
2329893
2330473
2330506
2333141
2333838
2335467
2336326
2337743
2338467
2339774
2341111
2343692
2344516
2345635
2346157
2347480
2347680
2348468
2349336
2349764
2351868
2353555
2354640
2354713
2355381
2356651
2357005
2357141
2358411
2360013
2360028
2362951
2362989
2365256
2365691
2366727
2367448
2367495
2368502
2373131
2373467
2375874
2377386
2380108
2380607
2381110
2381443
2400344
2401125
2401885
2403776
2404457
2405257
2405959
2406599
2406635
2407311
2409194
2410781
2412451
2413725
2414435
2414596
2417436
2418415
2420076
2421106
2421533
2422009
2422636
2423434
2424776
2425669
2426795
2428515
2430085
2432917
2434528
2437533
2439011
2441140
2441657
2443938
2444041
2447417
2448027
2448690
2450729
2451680
2452114
2453279
2453824
2454196
2454540
2454678
2455072
2455650
2457714
2459391
2459421
2459926
2462207
2462374
2463696
2465785
2466018
2468215
2468502
2468737
2470466
2470958
2471669
2473650
2474117
2474673
2478018
2479007
2479413
2480671
2481597
2482886
2483357
2483366
2484299
2484802
2486021
2486189
2488425
2489280
2489631
2490177
2490547
2490574
2492047
2492474
2493256
2493984
2494528
2497760
2503734
2505148
2508171
2508749
2509466
2509555
2511020
2511883
2512167
2512644
2514522
2514977
2515484
2516871
2518276
2518788
2518808
2521539
2521597
2521940
2523729
2523749
2525352
2526216
2527116
2528095
2528149
2528466
2528563
2528619
2529584
2531496
2532323
2532844
2551133
2552076
2557111
2558257
2558860
2559267
2562694
2562855
2563246
2563727
2564128
2565115
2566417
2567930
2569046
2569710
2570383
2570790
2571323
2571499
2571515
2572221
2573027
2573620
2576272
2577316
2577375
2578531
2579719
2579951
2580200
2581194
2583188
2583642
2584178
2584423
2584932
2585662
2589485
2590816
2591941
2592510
2593482
2593507
2594337
2595108
2595266
2598837
2598975
2601650
2602273
2602744
2605229
2605980
2606115
2606710
2608236
2608824
2609298
2611214
2611578
2611646
2613434
2613875
2614846
2617391
2618180
2618518
2619712
2620249
2621949
2622347
2625072
2625982
2627224
2627885
2629257
2633625
2634787
2635267
2635289
2636933
2638782
2639283
2641660
2643880
2644402
2645800
2646054
2647914
2648118
2648656
2650948
2652826
2652943
2653480
2653762
2653931
2654176
2654307
2654447
2654698
2654996
2655102
2655431
2655723
2655765
2656146
2657175
2658715
2659122
2659452
2659851
2660342
2661279
2661516
2662411
2663332
2663658
2664339
2665245
2665868
2665905
2666112
2666906
2667550
2668589
2670445
2671849
2671904
2674881
2676153
2678214
2679423
2679974
2683018
2703512
2707799
2707839
2708540
2709157
2709459
2710802
2712071
2712796
2714004
2714902
2715819
2716714
2717809
2721910
2724694
2725328
2725390
2725715
2725983
2726302
2727173
2727384
2727930
2730033
2730067
2731523
2732124
2732460
2733503
2735952
2738025
2738181
2738293
2740098
2740159
2740255
2740925
2741499
2741728
2742507
2742746
2743133
2743991
2744407
2745722
2746425
2747247
2747379
2747856
2749028
2750076
2750170
2750971
2751263
2752885
2752901
2753521
2753714
2754807
2754996
2755404
2757162
2757966
2758424
2759178
2759183
2760382
2761325
2764451
2764898
2765553
2765699
2767751
2767868
2769393
2770715
2771175
2772576
2773062
2774064
2774433
2775286
2775329
2776672
2781429
2781766
2783198
2783341
2784508
2790085
2790328
2791135
2795831
2796115
2796911
2797408
2797470
2799219
2799843
2800248
2801083
2803309
2804679
2806381
2806541
2806968
2806994
2807132
2809572
2810045
2811187
2811618
2811784
2819274
2820310
2820476
2822396
2823490
2824004
2825180
2826657
2828906
2829354
2829949
2851701
2854085
2856601
2856641
2857226
2858546
2859058
2859444
2859693
2860140
2862249
2864346
2865337
2867222
2868413
2869688
2871995
2873094
2873395
2874541
2880618
2881575
2884383
2885684
2885742
2886589
2886669
2887274
2887970
2888440
2889796
2892352
2892463
2893977
2894117
2894797
2895168
2895935
2898671
2900250
2902558
2902755
2903895
2904965
2904987
2908529
2909309
2910508
2911794
2912138
2912388
2915780
2916813
2917801
2918446
2919486
2925022
2925048
2925615
2925688
2929669
2929925
2930358
2931469
2932346
2935619
2936341
2938269
2942672
2944612
2945400
2949195
2949905
2950129
2951031
2952495
2953877
2954884
2955468
2958050
2958806
2958892
2959054
2959469
2959535
2959676
2959829
2960341
2960945
2961171
2961594
2962197
2963646
2965242
2965349
2965802
2966602
2966964
2967532
2967916
2969859
2973196
2973910
2974191
2975028
2975324
2975982
2977972
2978704
2980525
2981660
2982288
2983021
2983552
3004688
3005763
3006451
3010005
3013252
3015635
3017370
3018056
3018929
3019090
3019356
3019735
3019833
3020599
3020953
3021335
3022727
3024321
3026314
3027010
3027588
3028151
3028823
3028919
3031241
3031294
3033239
3040357
3041080
3045251
3048071
3054168
3057901
3061434
3061463
3061921
3062022
3063763
3064260
3066709
3067116
3068220
3070825
3072616
3073914
3074165
3074916
3075100
3076110
3077059
3077180
3080824
3081543
3082219
3082865
3084606
3084896
3087485
3088084
3088967
3089106
3090481
3091442
3092384
3093225
3093541
3094593
3094715
3095279
3095329
3096283
3096460
3097501
3098132
3098685
3099237
3099726
3100824
3103488
3103578
3104553
3105986
3108713
3109296
3109705
3110047
3111267
3111618
3112279
3112871
3113555
3113734
3114285
3115018
3115980
3116515
3117362
3118970
3121685
3121794
3122874
3130369
3130920
3130962
3132322
3153622
3153870
3155191
3155498
3156994
3159599
3160838
3161933
3162131
3167150
3167251
3167308
3167674
3168512
3170140
3171335
3173081
3173961
3174496
3176647
3177959
3178027
3182893
3184542
3187639
3190234
3190525
3191403
3193159
3193417
3197529
3198022
3198424
3198921
3199436
3199590
3200537
3200580
3201118
3201768
3204999
3206098
3207154
3208676
3209596
3210059
3210376
3210508
3210884
3212369
3213850
3214945
3215815
3218227
3221947
3222661
3223274
3223876
3224500
3225262
3225859
3234962
3235900
3239244
3243056
3243693
3244572
3246958
3247077
3248241
3250437
3251259
3252083
3252678
3256621
3256981
3257891
3258723
3261146
3262139
3262845
3263323
3267440
3269931
3270595
3273042
3274060
3275176
3275690
3276136
3276903
3277567
3277772
3278044
3278277
3279861
3282042
3282463
3282537
3283252
3300637
3301128
3301639
3302733
3303220
3303405
3308443
3311590
3313588
3316066
3316243
3317017
3317821
3318224
3318890
3320501
3320689
3322936
3323512
3323895
3324438
3326599
3326801
3329487
3332104
3337264
3338265
3338421
3338894
3346164
3346681
3347087
3348758
3348832
3351535
3351905
3354733
3357922
3359225
3360382
3364363
3366085
3368286
3369533
3374645
3374940
3375389
3376497
3383848
3385725
3385996
3386637
3386854
3387512
3388365
3389018
3389866
3389928
3390635
3391520
3391644
3395866
3396196
3397398
3399095
3403004
3404006
3404812
3405559
3406757
3411005
3411129
3411680
3412593
3413863
3416881
3417406
3420064
3420973
3421976
3423048
3424807
3425060
3425323
3425902
3426062
3426499
3426604
3426637
3427398
3427496
3430070
3430267
3430938
3431529
3451983
3452623
3452871
3453262
3454471
3455235
3455273
3455828
3457071
3460289
3462086
3468865
3471387
3473819
3479082
3482221
3483689
3484755
3486199
3488072
3490536
3493058
3496693
3497378
3498169
3501022
3502074
3503539
3504245
3504700
3505231
3505452
3505902
3506401
3507152
3507497
3508184
3509205
3509818
3510753
3512402
3515404
3516154
3516248
3519288
3521082
3522713
3524587
3525062
3525571
3526076
3526899
3527439
3528096
3530842
3531289
3531795
3531823
3532661
3532750
3535964
3538010
3538094
3538583
3538619
3540724
3543491
3547480
3548075
3549508
3550427
3550462
3553492
3554506
3555207
3555800
3556343
3557947
3558384
3558924
3559340
3559571
3560810
3561847
3565279
3565830
3569457
3569627
3570295
3570817
3574054
3574145
3574818
3575027
3575453
3576112
3576285
3576414
3576834
3577338
3577817
3600118
3600235
3600799
3601814
3602117
3602830
3603668
3605138
3612320
3615063
3616442
3618013
3624502
3627496
3628063
3628604
3629947
3630307
3630969
3631523
3633063
3633882
3636628
3637566
3641863
3642941
3643796
3644441
3644730
3645008
3648425
3650832
3653165
3655108
3657311
3657680
3657970
3658622
3658982
3659293
3659861
3660412
3660974
3661504
3661935
3664937
3665711
3666858
3668735
3669331
3669502
3669993
3670161
3670722
3673108
3674622
3676759
3678961
3679044
3679596
3680087
3681132
3682633
3683622
3685056
3690462
3691732
3692098
3692306
3692600
3692698
3693073
3693357
3694089
3694150
3694909
3695986
3696284
3697507
3698234
3700201
3700759
3701154
3702775
3705796
3706106
3709164
3709476
3709837
3710462
3710803
3713411
3713940
3714042
3714403
3714798
3716448
3717032
3718629
3719365
3725497
3725548
3726851
3727359
3727627
3727704
3727910
3729888
3730390
3731749
3732894
3733430
3733728
