40953.97
41740.51
44757.41
46140.28
46712.4
49125.99
73090.52
85205.34
86754.19
95839.9
117651.8
118356.8
119967.3
121102.6
122759.8
123776.6
129497.8
228612.4
229491.3
232545.3
235338
246857.5
275031.7
302452.3
303558.8
304768.9
305696.2
310497.6
315826.4
331508.5
343227.9
379179.1
386628.5
389845.4
390718.8
392861.7
394356.6
395158.2
396845.2
399043.2
409788.7
411289.7
422808.9
459444
460502.5
462658.7
469416.7
478340.1
482966.6
483570.2
484552.1
487457.1
547852.4
549170.4
550268.7
553396
554480.4
555843.3
556961.7
558366
568349.5
571186.4
572290.8
607911
609088.9
611147.1
636838
638852.7
641316.7
670490.1
675784.4
680780.5
681786
683387.6
685272.1
699911.3
705169.5
707817.2
722735.2
725872.1
751058.7
752117.6
774781.6
776841
777834.4
779027.3
782996.9
785857.2
793346.5
795888.2
820160.4
822600.5
829538.1
834289.6
836428
848995.7
865461.7
874685.1
927810.6
931264.3
972206.1
981132.6
984887.8
985966.2
987737.7
1009129
1025370
1029381
1053154
1062579
1064257
1077101
1078376
1083571
1088612
1122590
1127098
1217394
1235295
1240329
1242866
1266131
1267259
1271964
1272961
1285019
1368829
1369901
1372755
1378284
1397364
1436888
1438396
1440570
1443826
1444885
1460019
1463133
1465457
1470078
1502043
1506051
1517901
1541234
1567818
1573718
1577702
1579162
1582892
1592709
1618517
1650746
1658095
1660196
1665011
1666539
1674054
1681388
1689724
1691370
1698508
1716592
1720005
1733103
1740098
1743864
1745094
1751271
1754754
1764862
1843477
1877612
1883614
1885441
1913498
1927291
1975960
1977181
1980576
2023130
2027776
2031910
2032920
2035916
2040185
2046733
2049027
2050252
2052588
2101705
2106713
2109927
2122686
2194064
2198116
2206607
2207331
2216870
2219318
2252789
2269240
2318589
2320395
2335801
2362659
2364538
2370571
2404252
2420008
2436817
2468037
2478617
2479261
2499109
2500152
2552111
2554991
2564631
2617300
2624087
2629754
2635053
2635917
2636873
2638475
2645907
2652967
2665214
2669112
2669965
2670805
2675464
2678584
2721390
2725481
2730828
2732449
2743441
2744890
2772006
2773096
2774895
2781657
2784050
2792948
2815678
2825791
2826368
2827748
2854660
2855258
2863505
2865870
2867201
2880731
2887742
2923177
2957757
2962364
2971256
3024779
3045275
3047240
3067442
3084662
3090509
3103231
3106292
3113200
3150912
3170156
3250301
3266180
3267786
3300241
3301483
3315561
3323465
3324324
3331301
3336470
3343598
3372829
3382330
3387096
3403438
3415491
3452912
3463338
3471380
3475884
3481552
3486301
3495050
3496565
3498191
3538889
3574986
3575884
3635616
3683147
3690968
3696185
3710043
3711547
3718310
3720024
3724958
