6926.386
16567.98
19051.73
92473.77
128432.4
129888
157112.5
253624.9
315199.5
320085
350437.7
393761.8
451475.9
470232.2
487986.8
501157.1
525925.7
554579.2
559540.1
564004
566150.3
582615.6
720972.3
721608.7
732929.4
770320.9
847200.3
902339.1
911661.7
948979.8
990644.6
1013665
1015958
1027277
1051567
1069102
1077124
1126392
1132905
1134230
1147528
1205863
1215128
1230296
1246320
1257326
1264005
1301912
1305097
1314771
1326668
1328327
1357182
1360158
1360852
1364226
1367582
1371079
1371457
1383206
1393172
1422549
1454094
1548013
1569625
1614056
1620633
1622819
1667965
1685371
1694624
1719846
1766933
1780503
1810478
1818348
1851479
1880431
1973978
1995521
2028639
2042184
2042931
2047388
2051199
2081185
2082541
2083132
2122112
2125994
2128783
2129418
2133740
2150210
2184105
2184722
2212430
2222115
2224958
2255964
2257818
2264419
2284201
2288912
2298800
2335312
2335980
2349977
2351869
2358589
2360522
2404558
2406533
2409194
2423435
2435107
2446801
2448140
2459753
2482231
2482698
2498754
2499691
2504724
2511607
2512210
2532845
2552075
2554928
2583158
2599918
2637862
2638407
2639282
2657795
2663057
2664340
2664884
2665529
2711415
2737389
2745038
2749028
2788456
2791814
2793839
2795227
2803483
2810405
2825755
2829226
2830533
2830686
2861471
2897235
2929002
2948391
2950712
2957748
2968025
2975394
2978975
3004199
3006732
3011960
3017789
3025391
3034548
3036900
3041080
3054135
3069570
3083950
3088375
3092601
3094134
3098687
3150563
3150972
3151415
3173524
3181733
3182635
3183860
3202535
3232492
3240129
3247301
3247748
3250016
3253955
3256011
3257428
3263839
3274498
3307270
3328847
3329737
3330800
3338878
3342519
3342967
3382029
3382973
3383876
3394473
3395514
3396719
3397398
3408492
3409271
3409893
3415687
3418541
3428123
3428778
3429203
3453188
3458276
3459136
3460075
3483602
3492205
3493349
3493925
3497252
3498478
3531085
3532892
3533727
3549774
3555752
3557305
3561367
3563213
3571263
3572127
3572653
3573924
3575656
3576607
3577265
3600215
3600699
3602642
3604114
3616293
3619804
3624698
3643281
3674563
3684498
3685293
3686618
3687336
3702566
3702969
3703369
3708670
3714753
3719933
3721289
3732576
3733728
