438.2066
998.0794
1542.488
2747.942
3501.455
8359.572
10633.42
11541.49
12244.39
12971.85
13332.48
13943.85
14550.14
15425.58
16754.16
17977.01
19021.69
20151.03
21189.36
46732.46
48475.04
49355.18
50157.37
52586.82
63461.87
64063.71
64525.44
65361.44
66339.58
67357.14
68243.24
69381.74
70204.64
70825.76
71763.31
72515.88
73041.07
74787.03
75574.53
76627.07
77615.44
78260.29
78842.29
79273.96
79912.61
81629.77
82413.49
83118.3
83938.99
84750.28
85215.63
85800.92
86260.14
88539.59
89222.31
89643.36
90311.37
91411.1
92246.14
92717.44
93442.06
93901.4
94869.79
95851.96
96897.74
98034.14
99128.07
99678.67
100151.6
101260.7
102247.7
102988.4
103581.7
105373.4
105875.5
106422.5
106947.6
107919.2
110242.5
112040
113992.3
117300
121159
121830
122638.4
125207
125786.6
126567
127664.5
128524
129888.1
130710.6
131314.8
132417.5
153313.3
153935.7
157681.4
171515.9
173462
178289.4
180856.5
181407.3
181614.2
182326.7
183065.7
184495.4
186193.1
187333.9
187988.4
188771.5
188882.8
190096.3
191762
192246.5
192952.3
193889.2
194157.1
194355.4
196145.1
197712.8
199614.5
200723.2
204457.3
205812.3
212507.5
214906
216336.5
217049
217939.6
218355.6
219705.7
221318.4
222257.4
223599.1
225223.4
226264.3
226889
228598.5
229606.3
230825.7
232474
233487.3
233666.6
234164.7
236510.9
239898.8
248249.3
260049.6
267460
268910.2
270737.9
272499.1
274610.4
276860.1
278524
279933.8
308476.2
312789.2
313447.2
314974.3
316099.1
317300.3
318379.7
318919.2
319963.3
320611.8
321407.6
322049.3
322514.6
323817
337082.7
345528.8
347198
348627
348983.4
349255.3
350410.6
365388.7
366489.1
367493.7
367997.6
368645.5
369613.7
370853.3
371497.8
372313.8
376756.6
379134.5
380398.2
381925.3
382529
383235.2
383823.7
385283.5
385387.1
386024.8
386453.3
387242.2
387808.1
388590.1
389181.7
390367.1
392271.2
396272.8
397842.3
400989.8
404956.2
406545.4
407487.5
408282.5
416553.8
428630.4
430471.3
431168.1
431474.1
451478.7
452416.6
453269.2
454002
456043.9
458291.7
461066.7
462654.4
463941
465093.7
471039.8
483433.8
500446.5
502798.5
503836.2
505128.8
506671.3
507932
509552.1
523275.1
524326.6
525083.7
527928.9
529809.3
550488.8
562602.2
563989.2
571349
572339.6
573254.6
574617
575180.5
575717.2
600859.8
601503.7
602504.3
603676.3
604497.2
605628.4
606437.2
607654.3
608593.3
609555
610452.9
611043.8
612774.4
613594.8
614769.9
615298
616032.2
618163.2
618986.2
620353.8
621117.7
622709.6
623896.8
625471.5
631006.5
634649.3
639126.3
641220.3
642633.6
643189.4
643927.2
644513.6
645364
646181.6
647893.4
648455.2
650244.4
650939
651716.3
653422
654403.1
655852.5
656892.1
657717.2
658554.3
659375
660327.5
662199.6
662931.6
663793.3
664800.1
665773
666349
666789.7
667431
667999
668915.9
669497.9
670929.7
671630.8
672260.3
673550.5
674318.7
676017.3
677685
678505
679155.6
680575.5
681547.6
683137.6
684284
684973
688073.2
689167.1
690509.3
691159.2
691926.3
693183.4
694456.7
696705.3
697324.3
698606.5
699739.3
701706.1
702421.3
704503.7
705781.4
706331.8
707605.5
708688.4
709301.4
711239.5
712232.3
713394.5
717185.7
717539.7
721619
722410.9
723084.2
723783
724631
725236.9
725902.4
726779.3
727514.4
728454.2
729121
730322.7
731596.7
732456.6
733222
750238.6
751349.2
751839.6
754193.3
754499.7
754973.6
755634.9
757542.4
758132.4
759392.3
760997.9
762361.1
763931.6
765752.7
767846.5
773793.2
777887.7
780881.7
782798.4
783859.3
784734.4
785579.9
786049.8
787316.1
787999.1
791073.3
793726.2
796550.5
798435.4
799641.7
800723.9
816641.8
820489.4
820598.9
820994.9
821710.5
821775.5
823961.8
824909
828104.2
829129.8
830472.7
833099.9
835614.6
836641.3
841676.8
842085.4
845503.3
849895.2
851283.3
853045.7
853566.2
855426.8
856727.6
857538.2
858231.4
859155.6
860500.1
861388.7
862798.6
863874.3
865350.9
866242.9
866918.7
870033.5
870922.4
874728.2
877914.3
879568.3
880452.1
882163.5
882956.3
883372.8
900251.3
901311.6
902998.3
903587.7
905456.5
907214.4
908393.3
909303.4
913387.9
913679.4
915771.3
917428.8
919678.9
919848.7
920393.1
920702.4
921209.5
923110.8
924149.2
925386.6
925874.2
927113.9
928000.5
928830.5
929627.6
930718
932042.8
932660.4
933453.2
936665.2
938398.5
939219.6
940106.6
940938.7
942226.8
946444.3
947428.4
948631.7
949992.7
968178.9
969270.7
969980.9
970474.2
971254.8
972042.8
973183.6
977974
979244.3
979279.8
979872.9
980590.5
981379.8
983497
984490.7
985811.6
987457.3
989158.2
989875.5
990649.8
992208.7
993184.8
993748
994200.5
994998.7
996058.1
996809.4
997547.2
999155.8
1000063
1001243
1002106
1003491
1004963
1006027
1006972
1007754
1008806
1009440
1010795
1012686
1017526
1018787
1020676
1022095
1022956
1023885
1024744
1026101
1026820
1027539
1028194
1030025
1032344
1050723
1051516
1052606
1056659
1056836
1059579
1061268
1062905
1063719
1064567
1066505
1066692
1067308
1067682
1068305
1069064
1070354
1072538
1072994
1074334
1075357
1075375
1076299
1076839
1077602
1078383
1079120
1079741
1080636
1082959
1084272
1085277
1086520
1087826
1089450
1091002
1094491
1098226
1098963
1100092
1100292
1122860
1124702
1128361
1129384
1135081
1135865
1138022
1139054
1141632
1142306
1143269
1144328
1145503
1148101
1150455
1153403
1156694
1157448
1160783
1163297
1163511
1163824
1164829
1165008
1166235
1167021
1167996
1172033
1174049
1174988
1176279
1177388
1178779
1180236
1180641
1205169
1213241
1215606
1226017
1228881
1229809
1231421
1232579
1233609
1234018
1236953
1238293
1239337
1240820
1241809
1244066
1245001
1246673
1247157
1248862
1249304
1252335
1253285
1255518
1256898
1257956
1259123
1260105
1261058
1261672
1263695
1264139
1264634
1265146
1265628
1266163
1266961
1271704
1272966
1274359
1276726
1296442
1297927
1298606
1299182
1299682
1300471
1301577
1302589
1304459
1305774
1306843
1307789
1309061
1311411
1317735
1318825
1320767
1321520
1326326
1327752
1329842
1332687
1350235
1351565
1351944
1353510
1354379
1355458
1356479
1357152
1358924
1359669
1361579
1362377
1363358
1364061
1365153
1366206
1366794
1367364
1368322
1369756
1371326
1372564
1373898
1388892
1391706
1392464
1394136
1395134
1395808
1397201
1398115
1399922
1403357
1421899
1424123
1424592
1442233
1447636
1449217
1449918
1450610
1451886
1452586
1453772
1455518
1456753
1457382
1458039
1459792
1460807
1462367
1463193
1463930
1464756
1466709
1467546
1468436
1469515
1470135
1470741
1471351
1473482
1474183
1502198
1503149
1504538
1505700
1507895
1509470
1511167
1511686
1514835
1516004
1516820
1518198
1520402
1522391
1523080
1525354
1526183
1527582
1529260
1534288
1536390
1537603
1538694
1539676
1540485
1541470
1549162
1549943
1551215
1552376
1553055
1554856
1555275
1556054
1557085
1558548
1559125
1562338
1563821
1564466
1564912
1565363
1565811
1566337
1567238
1568185
1568890
1571381
1572434
1574582
1575732
1579293
1580112
1581520
1582191
1583628
1584473
1585419
1586630
1587236
1588458
1589427
1594397
1595219
1596198
1597533
1598312
1615666
1616116
1617143
1617297
1619828
1621238
1621956
1624116
1624959
1626328
1626461
1628349
1629599
1630508
1631903
1652997
1654610
1655323
1656435
1657538
1658476
1659198
1660245
1660940
1661315
1661980
1662629
1664075
1664802
1666661
1668850
1669479
1671416
1672278
1673150
1673940
1674629
1675789
1676771
1677474
1678484
1681673
1683108
1684027
1687485
1688092
1696084
1696663
1697990
1698582
1698896
1699585
1700667
1719508
1720535
1722543
1723411
1724236
1727144
1727254
1731955
1732926
1733490
1733997
1735126
1735693
1736633
1737813
1739484
1741945
1743009
1747148
1766291
1767427
1772077
1773033
1775096
1775750
1776447
1777484
1779362
1782629
1801885
1803141
1804082
1805256
1806311
1807692
1809479
1809767
1810422
1812819
1818993
1820209
1828200
1833549
1835779
1835832
1836341
1837393
1839170
1839731
1840340
1841690
1843110
1846142
1848174
1848901
1849621
1855401
1864771
1865574
1867180
1867787
1868548
1870242
1871319
1872012
1872613
1873530
1874231
1875326
1875587
1875895
1877265
1877838
1878324
1879083
1880413
1881004
1881508
1881890
1882377
1883561
1884379
1885100
1885686
1886191
1886956
1887507
1888492
1889155
1889812
1890724
1891315
1892266
1893099
1893758
1894405
1895149
1895719
1896337
1897140
1898199
1898892
1899466
1900414
1901066
1901960
1902573
1903261
1904442
1904925
1905106
1905656
1905798
1906402
1907598
1908924
1910136
1914452
1915147
1918781
1919795
1922149
1923597
1924427
1925088
1925873
1927469
1928128
1928676
1929306
1929855
1930463
1931119
1931833
1951176
1955566
1956309
1957401
1958560
1959522
1960460
1961033
1962083
1963925
1964512
1965426
1965988
1967133
1969364
1969940
1970954
1971590
1972161
1972896
1973562
1974334
1975272
1976027
1976594
1977393
1978013
1978410
1980318
1981190
1981750
1982625
1983418
1984607
1986182
1986239
1988699
1992199
1993613
1995987
1998550
1999037
2000859
2001668
2006859
2013491
2014560
2014985
2015620
2016293
2017139
2018449
2019421
2019946
2022324
2023311
2024520
2025574
2026855
2028116
2029125
2030538
2031511
2032105
2034891
2036145
2038588
2039274
2040068
2041249
2042488
2042656
2043798
2044751
2045773
2046928
2047694
2049170
2050785
2052660
2053098
2054614
2055530
2056896
2058632
2060029
2060802
2061603
2062129
2062914
2065493
2068174
2070266
2072365
2073720
2075278
2076905
2077811
2078932
2079789
2081419
2082370
2082965
2101567
2106090
2107100
2108031
2108581
2109508
2110072
2110647
2111993
2113060
2114044
2115125
2116283
2117550
2118717
2119603
2120986
2121887
2123023
2124488
2125285
2125759
2126853
2129121
2131110
2132326
2133615
2134793
2135861
2136365
2137165
2137943
2138948
2140062
2140607
2141158
2141716
2142411
2144423
2146038
2146931
2147740
2149164
2149992
2160086
2161656
2164161
2165363
2166071
2166577
2167674
2168609
2169896
2173692
2174676
2175818
2177097
2178165
2179082
2181182
2182941
2184404
2185293
2186324
2187349
2188323
2189527
2190280
2191061
2192743
2193700
2195045
2195666
2197132
2199468
2204024
2205678
2207828
2208591
2209733
2213335
2215089
2216331
2217244
2217754
2221067
2221744
2223036
2228200
2231743
2251303
2252199
2253644
2255033
2255563
2256173
2257448
2257999
2259309
2260669
2266634
2270858
2277041
2285449
2286714
2287676
2288491
2289084
2289940
2294212
2296103
2296992
2299026
2311571
2313172
2314121
2314748
2315401
2315981
2316603
2317940
2319295
2320241
2320936
2322628
2325733
2327896
2328856
2329968
2332626
2334440
2335725
2336476
2338131
2339198
2341184
2345147
2346166
2347698
2349355
2350587
2351509
2353083
2355146
2356555
2357304
2358603
2360568
2362247
2380130
2380869
2410247
2411568
2413467
2414306
2415493
2416102
2416721
2422930
2424473
2426640
2428422
2429742
2430935
2432259
2433328
2433773
2434795
2435510
2436092
2437597
2438458
2439278
2443908
2445273
2446345
2450556
2452293
2459406
2464319
2465090
2465700
2466233
2467275
2468523
2469563
2470676
2471648
2473420
2474283
2474952
2475485
2475970
2476641
2477745
2478613
2479318
2480519
2481685
2481860
2482248
2483052
2483959
2485450
2486198
2486830
2488114
2489423
2490053
2490769
2491727
2495258
2496477
2497404
2498123
2499464
2503000
2504037
2505540
2506368
2507337
2508861
2510129
2510737
2512006
2514259
2515599
2517219
2517971
2519065
2520227
2521651
2523328
2525472
2526513
2527466
2529045
2530878
2532077
2550254
2553716
2554606
2556587
2558309
2560366
2560873
2561383
2562224
2562777
2563652
2565157
2565993
2566459
2566983
2567806
2568368
2568909
2569922
2588905
2590729
2599447
2600461
2622362
2622847
2623669
2624314
2624914
2625607
2627553
2628567
2629348
2630158
2631299
2632673
2633411
2634910
2635439
2636443
2638468
2639061
2639593
2640536
2641044
2641569
2642087
2642911
2644286
2644990
2650017
2661353
2662100
2665665
2666687
2668108
2670420
2671002
2672891
2673969
2676929
2678326
2679306
2680420
2682122
2700579
2702148
2703574
2705823
2706345
2707060
2708255
2709913
2710637
2712578
2713998
2716332
2717037
2717902
2723779
2725353
2728069
2729920
2731224
2739798
2743087
2748758
2749429
2766638
2767453
2767915
2770425
2771611
2790926
2863383
2864178
2864928
2866150
2867547
2869477
2873978
2874807
2875719
2876590
2877547
2878530
2880077
2882235
2883060
2883527
2884100
2884837
2885671
2888198
2888808
2890301
2891072
2891810
2892568
2893061
2893396
2893979
2894556
2895723
2896786
2898029
2900307
2901794
2904235
2905314
2910527
2913384
2914160
2914811
2915283
2916004
2916600
2917137
2917569
2918398
2919292
2920515
2921167
2921906
2922572
2923402
2924330
2924843
2925778
2927559
2929101
2930092
2932192
2933078
2935167
2935980
2936730
2937295
2938232
2939042
2940655
2941446
2942792
2943383
2944174
2944978
2945983
2948349
2949334
2950377
2951282
2952288
2953537
2954615
2956130
2956665
2957266
2957729
2958210
2959252
2960723
2961674
2962595
2963239
2964055
2964809
2966241
2969519
2971764
2973691
2975561
2977783
2978695
2979327
2980083
2981003
2981780
3000427
3001159
3003272
3004263
3007228
3009625
3010473
3015432
3016407
3018972
3020187
3022082
3023053
3024477
3035058
3036154
3037221
3044754
3048999
3064873
3065672
3066554
3068057
3070438
3072832
3073350
3074115
3075260
3076120
3077034
3077961
3079038
3079820
3082102
3083169
3084343
3085164
3085834
3086426
3087541
3088447
3089880
3092158
3092986
3096026
3099999
3101302
3102038
3105591
3107975
3108897
3110544
3111816
3112650
3113746
3114302
3115120
3115218
3115705
3116180
3117081
3118007
3118703
3119668
3121032
3122372
3123254
3123809
3124299
3124882
3126409
3126933
3127401
3128124
3130133
3131390
3151972
3152677
3153993
3155937
3156609
3158084
3159072
3159715
3160388
3161328
3162265
3165061
3166226
3167079
3167865
3169345
3170273
3171476
3173644
3174378
3175057
3175834
3176482
3177480
3178486
3179872
3180850
3181664
3183020
3184992
3185753
3186371
3188973
3215676
3216396
3217450
3219351
3221863
3223384
3224693
3225519
3226945
3228039
3229045
3229889
3230551
3232193
3232860
3233984
3234928
3236261
3236894
3237505
3237959
3238936
3240775
3242211
3244343
3245366
3246676
3247882
3249317
3250831
3251569
3252426
3254234
3255618
3257115
3258145
3259105
3261147
3262947
3263583
3264362
3265362
3266008
3266705
3267825
3269490
3270226
3271606
3272778
3274173
3276445
3277466
3278014
3278794
3279956
3280501
3281268
3301050
3302217
3304201
3304986
3305625
3306336
3308211
3308977
3309907
3311050
3311816
3312955
3313692
3314273
3314858
3315655
3316985
3317550
3317821
3318307
3319919
3320988
3325118
3327555
3330201
3331748
3333691
3334762
3335391
3336825
3337640
3338353
3363503
3364167
3365267
3366916
3368294
3369652
3370744
3372318
3373841
3375169
3379302
3382878
3383890
3384769
3385396
3386651
3388397
3400946
3401999
3403948
3404603
3405567
3406321
3407232
3475293
3483884
3484843
3486913
3487967
3490159
3491385
3499801
3501615
3504196
3505194
3506231
3507717
3509480
3510000
3511158
3515043
3517191
3518224
3519991
3520707
3521177
3521907
3522005
3522561
3523369
3524103
3524946
3525782
3526682
3527240
3527792
3528244
3529152
3532600
3534228
3535774
3536864
3538457
3541808
3543108
3544205
3546152
3546736
3547352
3547765
3548725
3549309
3549798
3550372
3552876
3554202
3554931
3556006
3557350
3557879
3558687
3559090
3559514
3559889
3560399
3560905
3561325
3561890
3562668
3563262
3563948
3565010
3566070
3566896
3570168
3570656
3572432
3573116
3576070
3579136
3600401
3602955
3603475
3604254
3607003
3609478
3612943
3614729
3615541
3616637
3617593
3621027
3622148
3623030
3625917
3627336
3627672
3633222
3638674
3640572
3641302
3642057
3643573
3645096
3646068
3649684
3663316
3664061
3664601
3665435
3666518
3667341
3668534
3669497
3684974
3686472
3700088
3702497
3704145
3706599
3707549
3709072
3711032
3711887
3713129
3714191
3715644
3718191
3719467
3719494
3719980
3720904
3722695
3723397
3724300
3725447
3727803
3729353
3730242
3731696
3732807
