1700.209
2217.156
3380.526
20762.73
22021.91
28256.62
34398.22
35717.78
41830.58
42711.36
46588.13
49032.07
50039.41
72993.49
74346.78
96744.1
97991.18
99554.15
101198.5
107214.7
108675.4
110921.2
114883.1
115751.2
121089.3
122040.8
122907
123961.3
124613.5
126551
127707.2
130259.1
131797.7
150716.1
151407.5
152493.3
154114.8
161041.5
163828.5
165395.7
167354.1
169926.9
170870.5
172696.6
176856.1
179703
180917.7
184745.9
216962.5
219865
239866.7
241157.3
243322.9
244263.1
246178.3
249098.1
250163.7
255056.5
274129.9
301367.8
308680.7
309932.7
317036.1
320950.9
322734.7
332165.5
333997.6
335182.1
336587.5
338404.9
339531.8
344707
345510.3
347069.1
348388.5
368759.1
370314.9
372094.3
374040.1
376392.4
377487.3
385389.5
396773.2
397948
399239
401138.5
402485.5
407458.8
413449.8
417369.5
420687.4
421694
423111.5
424017.7
428182
429546.9
430754.5
456194
460496.5
463235.2
465220
466951.8
470678.2
471330
472098.3
472654.1
474331.3
475598.5
517288.6
518441.8
519161.5
520757.5
521360.6
522269.6
524721.9
526419.7
527473
528685.3
530211.2
531152.3
532802.7
534235.5
537315.4
542496.4
544450
545859.7
550132.5
551988.7
553136.3
553962.6
554827.9
555649.9
558422.8
560047.8
567277.7
569325.3
572269.4
574506.5
577714.8
580489.5
581549
604565.7
609898.5
614715.1
621759.8
630518.5
631261.4
671953.2
673112.3
676463.1
677454
684085.2
686819
688135.2
690947.8
694280.4
698788.7
705156.7
706366.3
709667.8
714626.5
715953.4
718518.4
727089.3
728736.4
729894.1
758345.2
759614.8
781958.9
784105.6
788404.1
792505.7
794642.9
798000.9
818445.7
819504
820391.2
821354
823333.2
826099.6
828806.9
832294.5
833194.8
833984.9
834975.6
835711.4
836496.2
838190
840782.2
841430.9
841803.8
842281.1
842820.3
843275.7
845256.6
848368.8
849336.5
850111
852448.8
853608.4
854982.7
863799.7
865387.5
866149.1
869283.5
873976.7
875618.3
878330.2
879851.5
880897.5
901416.3
902236.8
902871.6
903438.2
904825.4
918642
922680.1
930722.3
931697.2
934990.1
936332.3
939236.2
942149.5
943275.6
946019.5
969130
971209.7
972546.6
979591.5
983242
984860.5
995024.3
1054145
1055949
1060225
1064695
1065265
1078465
1079566
1088179
1089500
1090766
1091488
1120559
1123173
1152230
1157580
1158457
1159423
1172611
1175304
1179474
1180777
1206069
1210863
1215739
1217201
1219821
1221901
1224152
1230021
1236468
1237980
1238677
1246420
1247603
1273459
1274179
1276091
1278168
1279689
1281174
1282238
1298626
1301624
1304230
1305850
1315729
1318309
1326468
1357038
1358517
1362360
1366829
1368003
1368851
1369607
1373472
1373844
1374203
1375015
1378316
1380316
1382751
1384876
1387712
1391233
1417701
1418621
1424611
1426483
1428702
1433055
1437236
1438361
1439286
1441053
1441680
1442792
1449141
1450214
1451346
1453641
1467809
1481929
1502242
1507656
1508696
1509257
1510848
1512175
1514971
1530752
1543628
1545361
1546632
1567647
1568994
1571803
1572429
1574679
1575346
1580658
1585522
1591312
1592120
1597340
1598863
1599471
1600316
1601395
1606705
1610356
1617408
1618024
1618763
1619711
1621529
1622575
1623296
1624585
1625323
1629329
1631862
1650280
1653296
1655223
1658482
1670279
1674408
1675579
1684738
1689069
1690805
1691993
1694005
1695214
1696940
1722636
1732664
1738679
1741213
1742819
1747382
1753711
1755043
1757123
1762876
1770643
1802793
1813301
1821954
1826402
1830609
1834521
1840464
1842199
1843246
1847303
1873992
1878727
1899409
1901279
1902033
1902875
1903531
1904326
1905096
1912861
1913986
1919898
1922181
1923143
1926827
1927519
1928703
1957945
1962534
1963757
2019559
2021263
2023023
2024202
2025283
2032422
2039268
2040141
2041646
2042555
2064186
2065744
2066738
2117462
2119770
2141666
2142792
2146280
2169492
2171016
2180225
2181226
2183556
2188276
2191571
2192415
2195163
2216578
2226622
2251482
2253383
2272659
2280753
2282412
2289661
2290624
2291350
2292183
2293469
2328917
2354269
2382722
2400449
2403685
2404177
2405400
2406388
2409834
2411017
2412999
2413881
2422329
2423246
2424050
2435774
2437828
2440273
2443747
2468135
2470328
2473526
2474465
2480176
2483358
2484824
2486525
2487976
2496282
2501048
2502032
2504672
2507353
2508391
2510465
2512098
2513500
2521676
2523825
2526868
2532248
2554324
2556537
2558464
2569247
2572629
2577757
2578724
2579429
2582264
2582861
2584293
2584745
2585275
2585751
2587098
2587867
2590033
2593778
2595051
2599164
2616739
2617351
2618554
2619595
2621836
2622516
2623963
2627685
2630200
2631406
2632629
2637857
2644946
2647803
2656627
2662299
2663541
2667920
2673056
2675091
2678672
2680972
2700393
2703081
2722009
2725061
2727181
2728746
2739157
2742044
2743113
2746112
2768140
2769552
2771747
2772355
2773137
2774300
2775334
2777978
2779535
2781377
2782856
2783394
2784857
2785638
2787957
2789218
2797201
2799119
2802246
2802813
2803406
2810611
2811838
2812933
2817332
2822616
2823706
2824597
2825193
2832058
2850849
2851613
2853484
2924767
2937413
2940679
2942570
2946313
2950387
2956750
2958127
2962130
2964030
2967902
2970972
2974013
2975255
2976413
3002554
3031797
3032853
3066114
3078728
3085730
3088702
3097239
3100131
3102850
3105075
3107044
3108559
3109717
3116792
3131196
3151196
3153606
3157008
3157929
3160795
3161765
3183183
3183922
3187329
3189611
3190357
3195149
3195915
3196812
3216968
3218667
3221210
3221928
3223185
3229199
3240175
3241906
3244370
3260578
3263366
3266537
3267650
3277043
3278970
3307870
3317451
3319367
3320647
3331288
3334977
3340600
3342425
3343001
3343675
3344161
3345837
3346788
3369506
3378612
3384681
3386381
3399977
3401772
3406188
3409949
3413276
3467867
3468994
3472396
3476215
3478190
3478915
3480597
3486875
3493565
3495950
3520467
3527192
3535686
3536481
3542860
3544358
3551682
3564284
3566831
3573463
3574744
3577747
3602061
3611948
3612899
3617877
3626561
3641164
3643727
3644970
3670316
3691009
3701137
3705297
3708658
3709877
3713676
3724969
3726770
3729438
