5052.118
5977.159
18270.69
32275.17
37697.75
38742.32
40800.56
41765.06
42122.53
42619.85
43785.79
45103.43
47294.37
47952.69
50044.03
50556.75
51238.5
56071.31
60648.76
73338.89
77310.72
78082.06
79896.1
88141.55
89018.07
89332.25
89673.71
90010.21
90291.87
90647.9
90953.93
91250.21
91528.76
92047.12
92367.58
92787.2
93637.62
94246.95
94868.39
95346.96
97072.13
101342.3
153639.1
154994
172288.7
179564.6
180805.2
181465.9
188366.2
189422.7
192544.6
197815.6
205596.6
225349
242084.3
242438.5
244675.2
249152.1
254485.6
256927.9
257635.2
259023.3
259557.4
260258.4
264749.8
265831.8
266628
271690.1
279581.5
311695.2
312540.8
315986
316661.1
317131.1
317966.9
322315.8
324366.5
326432.5
327273.9
327837
328189
334922.4
342624.3
344201.5
344636.7
345163.5
345677.3
346399.1
351923.5
354168.1
355618.5
366382.8
375305.7
376033.7
376392.4
376839.8
387762.1
388307.7
388714.9
389122.2
391198.8
393900.5
396412.9
398548.7
401904.5
403401.1
410599.1
414304.1
419073.1
421842.4
431959.4
455815.1
459417
463024.5
463666.4
466590.8
468619.3
472317.7
472666.9
474169
474558.3
480346.7
480864.7
481518.3
484090.6
490220.9
496889.7
500119
500978
502162.2
505172.8
507130.8
531368.8
537830.8
539068.8
541000.1
546794
547566.2
558286
558862.4
559414.2
573360.5
574182.8
600642.1
603640
606824.1
610005.2
613210
623579.3
625710.2
626612.5
627732.8
629384.1
630157.4
631013.6
640313.3
641073.4
641601.8
643503.4
644798.8
646036.3
647178.1
651649.2
660499.3
665936.2
667254
669135.9
670086.3
671040.4
675999.8
679531.1
686078.3
696995
699370.2
701334.6
702912.1
703479.1
705239.4
705917.8
718399.2
728465.2
731742.4
732768.9
750672.3
755964.4
756551.4
759758.6
760317
760790.9
761172
762634.8
769100.3
769209.1
769998.1
770434.3
771365.4
772411.9
772965.7
774055.1
775683
777323.2
777997
780444.6
793990.4
794473
795103.2
796564.2
797489.7
808375.4
812641.9
813010.9
813718.5
813969.1
814594.4
815044.2
815237.9
815466.1
816398.9
819082.9
829033.2
842560.7
845443.2
846558.4
849745
859808.7
860221.8
860589.8
861511.6
869859
871680.4
874081.7
874925.1
876945.6
877573.1
877976.8
881615.5
903095.8
908174
908882.9
912953.4
926645.8
927614.6
928078
928922.1
930359.6
948226.8
952064.4
957624
965707.7
966523.9
966941.2
967789.3
968216.8
968676.3
969109.2
970646.7
972465.3
972961.2
974186.8
974542.3
975593.1
976425.7
982407.4
983311.2
983651.2
986391.3
986641.7
986893.3
987874
989222.8
994633.9
995267.4
996077.1
997058.7
997461
998509.1
999945.4
1000349
1001021
1001569
1021777
1054345
1055012
1055867
1060341
1065974
1067276
1076577
1088899
1089516
1091159
1092045
1100679
1109443
1113737
1114266
1116044
1116888
1119638
1126370
1137591
1138771
1139096
1139552
1140270
1155233
1155980
1157361
1163889
1168708
1178132
1200466
1201279
1202523
1204207
1206019
1206618
1207088
1207472
1215017
1215886
1216466
1225694
1226541
1228934
1230157
1230586
1231062
1231900
1232623
1232822
1233041
1233683
1233864
1234147
1234885
1235319
1235553
1237186
1237802
1243020
1244129
1246581
1259830
1262912
1264744
1277728
1284227
1295687
1296603
1297722
1298395
1299000
1313990
1318231
1321543
1353050
1354384
1354616
1356637
1359550
1359712
1362647
1366155
1371205
1373270
1374362
1378268
1382272
1391035
1391595
1395740
1395897
1396633
1398695
1398801
1399074
1399725
1402600
1403968
1409757
1410636
1414258
1417430
1426089
1427345
1430615
1432165
1438841
1443320
1444984
1462760
1463475
1464932
1468245
1468810
1476235
1479388
1481576
1483623
1500159
1500793
1501235
1501715
1508981
1511062
1512600
1513915
1518932
1526837
1529296
1530578
1531266
1531915
1542448
1542897
1545552
1547571
1548886
1551967
1552723
1559751
1561406
1561910
1562377
1563162
1563415
1563615
1563839
1564123
1564326
1564618
1565362
1565635
1565962
1566303
1566598
1566954
1573011
1584628
1592722
1593613
1594377
1598883
1608709
1611066
1612359
1622686
1623762
1625040
1632860
1658906
1669986
1670661
1671503
1675100
1675588
1676950
1683985
1684541
1684793
1685842
1686947
1687721
1688200
1692689
1695460
1699003
1699698
1700957
1701220
1702356
1702995
1704857
1705577
1720353
1721173
1725325
1729827
1730841
1733216
1733851
1735926
1744244
1744829
1746657
1746835
1747582
1748965
1752782
1753286
1754187
1755787
1757217
1759497
1761670
1763968
1768467
1775819
1814437
1815670
1819091
1819755
1820785
1829366
1829710
1832268
1834145
1843668
1844519
1868678
1869269
1870466
1874668
1878235
1882035
1882720
1883528
1885106
1885780
1890903
1897377
1897834
1899388
1900674
1901559
1902766
1913552
1914081
1915680
1919011
1919495
1919991
1926761
1927651
1950930
1951723
1952375
1954202
1954805
1956339
1957736
1958205
1959644
1960262
1960680
1963953
1964692
1967927
1973366
1974998
1978927
1986340
1987967
1994264
1997616
1998766
2003705
2005095
2006106
2006414
2007019
2009027
2009688
2017090
2019333
2027473
2029070
2029682
2030582
2030979
2031350
2031884
2032517
2033171
2037138
2041265
2041960
2047446
2048367
2049187
2050523
2051476
2058268
2062171
2063268
2064390
2065388
2066106
2066716
2072337
2072855
2074158
2078571
2078907
2079644
2081222
2082659
2100493
2108219
2109830
2127654
2128568
2129126
2131332
2139935
2140472
2141073
2144402
2144976
2145452
2145965
2152983
2153317
2154885
2166215
2169882
2173758
2174225
2175896
2176363
2176809
2177215
2178214
2178900
2179774
2180198
2180726
2183502
2184011
2186149
2187962
2191774
2194045
2196829
2199957
2208153
2208751
2210252
2210754
2211717
2214699
2215105
2215547
2216271
2216471
2217411
2218545
2218963
2226068
2227133
2230181
2253625
2256352
2263789
2265478
2272994
2273872
2276936
2279054
2280681
2286250
2289695
2292145
2294058
2294748
2295216
2296114
2296873
2297212
2297846
2298096
2298457
2298779
2299558
2300007
2300329
2300830
2302661
2304742
2322406
2339446
2346519
2347829
2348981
2354822
2362151
2363850
2370572
2375942
2379711
2413295
2426376
2430082
2438772
2439033
2440186
2441743
2441995
2442633
2446697
2450572
2453526
2457881
2464643
2474567
2475967
2478962
2480296
2481767
2482303
2484490
2486008
2490960
2507738
2511991
2516841
2521576
2524161
2527643
2563854
2565321
2566533
2570380
2571298
2582985
2583807
2592684
2599518
2605672
2605889
2608540
2626379
2626985
2627401
2631168
2632616
2635189
2644506
2645033
2645744
2650220
2651153
2653794
2657170
2658424
2660444
2660883
2660900
2664300
2665378
2682108
2682572
2701081
2711268
2711745
2713167
2732725
2734497
2735566
2737725
2739937
2740469
2744096
2744953
2746239
2749123
2749883
2750678
2757378
2760433
2761534
2762177
2762515
2764983
2765409
2767163
2767640
2768380
2769144
2769573
2771936
2779891
2780720
2783368
2790950
2793246
2793882
2794443
2807550
2811335
2811836
2819291
2827613
2829975
2854146
2856382
2862542
2865388
2865983
2867583
2867839
2871636
2872736
2874235
2879622
2883869
2884998
2885929
2886431
2887636
2897649
2898338
2901316
2901786
2911956
2919617
2924372
2937464
2939302
2939538
2941291
2944153
2945296
2947453
2949024
2949783
2955174
2956478
2958928
2960153
2960674
2967650
2968605
2969144
2969620
2971582
2973791
2974878
2975734
2976347
2976923
2978730
2979828
2980735
2981163
2981661
2982053
2982637
3000226
3002806
3003813
3004495
3005392
3005955
3011724
3012927
3015132
3015464
3019285
3022391
3023884
3025271
3037099
3044752
3045472
3051416
3052309
3064082
3064707
3065266
3066169
3068624
3073673
3076120
3076735
3083151
3084329
3084564
3085135
3085763
3086464
3086988
3087322
3090638
3093147
3093907
3094391
3095553
3096742
3097214
3097559
3098024
3098970
3099546
3101150
3102554
3102965
3103674
3103949
3104149
3104638
3105609
3105789
3106381
3106548
3106956
3107349
3107783
3108741
3109602
3110608
3115711
3123415
3125805
3153988
3162462
3167425
3171115
3171792
3174324
3175268
3176528
3181233
3184415
3185113
3185939
3186637
3189462
3190341
3191559
3201329
3203230
3203938
3205410
3207185
3210036
3213056
3213889
3215712
3216230
3222550
3223274
3225894
3229687
3235450
3236066
3237604
3238383
3240669
3241909
3242913
3243845
3246921
3249188
3258485
3258934
3259829
3260212
3262780
3263384
3264507
3265527
3274527
3308364
3308773
3321699
3325254
3328151
3334747
3338354
3338839
3339117
3340068
3342806
3343978
3345136
3345800
3347578
3349523
3353984
3354539
3359327
3368321
3369048
3370962
3373593
3377644
3378211
3379129
3379660
3382638
3382981
3383574
3384710
3384993
3386275
3387708
3390312
3391789
3392154
3392868
3393348
3393835
3396500
3398888
3399308
3399718
3401003
3406319
3408362
3409934
3410682
3410985
3413436
3416026
3418448
3433214
3453518
3454650
3455718
3465418
3465966
3467854
3470133
3470584
3478476
3479171
3484271
3491886
3492825
3495746
3505477
3520193
3521278
3522063
3527872
3528540
3530142
3536313
3544841
3550235
3550733
3552859
3553773
3554987
3556926
3557421
3565892
3569827
3572708
3574403
3575359
3576081
3577478
3582364
3582776
3583100
3583357
3583726
3600426
3601465
3601810
3602554
3603247
3603453
3604572
3605411
3606415
3606892
3607573
3610516
3610797
3612152
3614435
3615023
3615274
3615719
3616987
3617455
3618973
3620712
3621373
3623267
3624943
3625647
3628069
3629299
3640998
3642026
3644229
3647963
3651619
3652899
3656795
3657305
3657770
3658372
3658830
3659469
3659893
3661333
3661818
3662282
3662715
3663280
3665385
3665877
3666554
3667172
3667375
3667626
3668553
3668956
3670159
3670436
3670744
3672055
3673491
3673611
3674410
3676981
3678015
3681670
3694194
3695630
3695659
3697960
3698280
3698938
3701090
3703263
3704614
3705376
3705792
3708436
3709561
3711115
3711605
3712450
3715915
3721738
3722642
3726081
