285.1714
1625.064
2587.843
3033.003
7223.096
8209.078
8621.197
9280.39
10837.34
11928.13
12630.65
13895.2
14482.05
15624.56
16314.79
22324.61
22550
22681.14
23268.66
23759.98
24745.08
25349.51
26867.47
27378.46
28797.19
29452.75
29801.98
29985.97
30975.02
31645.27
32125.32
32489.14
32611.61
33793.4
35212.78
35909.14
37339.79
37437.81
39705.07
43825.65
45642.42
45794.32
46907.02
47196.04
48417.58
48610.67
49065.58
49292.99
49633.26
50028.62
51960.18
53128.14
57899.85
58082.3
58835.77
64211.37
66498.05
66773.08
66992.91
67543.51
68410.33
68601.75
68812.6
69364.01
69630.71
70322.09
70562.45
72175.37
73748.45
74377.81
75124.5
75689.24
75707.89
76309.04
76665.3
76712.6
77294.95
77720.77
77846.23
78778.86
79499.8
80313.3
81058.07
81884.74
83191.74
83538.67
83960.58
84380.68
84784.45
85131.4
85624.49
86989.32
87169.59
87841.37
88767.38
88903.84
89351.36
90999.26
91777.29
92527.26
92908.75
93321.2
96705.49
97384.38
99906.34
99976.48
100873
103671.8
103752
104488.8
105031.3
105280.4
105864.1
107332.8
108875.8
111545.1
112427.7
112514.8
114419.6
114459.8
114813.3
117018.6
117964.9
118040
119011.5
119769.2
119983.1
120968.3
121877.1
122342.4
122752.2
122892.9
123527.7
124209.5
124307.4
126961.2
127918.2
128189.9
128571.6
131108.2
131821.8
132712.2
133667.8
150835.1
151688.8
152882.8
154707.9
158756.1
159333.1
160316.5
160528
160961.6
162069.3
163886.8
163976.5
164399.1
165752.1
166058
166414.5
168109.4
168628.4
169150.3
169454.3
169489.5
169646.6
170023.9
170125.4
171489.9
176480.8
179053.3
180133.7
181958.4
182662.7
185023.5
186231.7
186821.6
187547.1
188454
188752.7
189964.9
192012.4
192032.6
193098.7
194331.6
194441.1
196498.9
199014.7
199449.9
200705.4
201186.8
202059.5
202659.7
203141.1
203750.6
206254
207710.8
211098.1
213661.2
215286.7
215308.5
216688.7
216723.6
217337
217806.8
219473.6
219905.9
220433.9
220624.9
220935.7
221771.8
222251.5
223398.5
223551.2
224092.8
224130
224191.9
224668.3
224692.1
225085.4
225907.4
226219.7
226812.1
227449.8
227675.6
229185.6
229687.3
230499.4
231035.9
232054.8
233459.3
236241
236689.7
238221.5
239655.3
241053.7
241884.9
242318.7
243004.7
243433.4
244222.5
244831.1
245960.8
246528.9
248660.9
250189.5
253030.2
253165.5
253194.3
253667
253727.5
253745.5
256772.9
258195.7
261351.9
261787.9
261865.2
262317.7
262715.8
263063.9
263450.8
264424.9
265827.6
265909.3
266330.8
266911.3
267440.4
267689.4
269546.2
270216.4
270521.3
270852.6
270892.7
271583
271843.7
272337.4
274186.9
275670.7
281906.6
283813.4
300386.4
301179.8
301235.7
302244.3
302802.7
304599.7
305963.8
308950
310498.9
310675.1
312136.7
313726.1
314237.7
316934.5
317066.5
317660.5
317714.1
317970.6
318633.7
325687.5
327327.7
328455.1
329100.2
329448
330935.9
331537.4
331839.9
332074.3
332197.9
338117.7
338745.5
341122
343516.6
346817.6
347569.1
350397.7
350855.3
351412.2
352615.8
353118.7
353747.5
355324.9
360564.4
360846
362554.2
363072.2
365439.8
365864.6
366595.6
366964.5
367348.1
368180.7
369409.5
369641.2
371303.7
372114.7
372556.9
373762.8
375436.6
377758.4
380201.1
380253.4
380988.5
381237.4
387829.5
388142.1
391880.2
393058.9
394264.8
394790.4
395395.4
397933.7
400019.8
401247.8
402121.4
402244.1
403003.2
403572.3
404060.1
404109.2
405294.2
406440.3
406648.9
407751.4
408610.9
410084.2
410196.3
410951.5
411054.6
411262.6
411484.6
411824.7
412215.4
412508
412657.9
412917.4
414843.7
415878.6
417771.4
418808.8
419185.5
420146.7
420348.7
420617.8
421417.3
421494
422153.9
422237.7
424536.1
425424.7
426217
426386
427194.8
428621
429160.4
429540.8
429712.2
431963.1
453124.5
455388.5
455485
458261.9
458929.4
465124.2
466100.6
466591.9
467346.9
467391
471625.8
477795.9
479855.2
485503.2
486970
487859.3
488854
489239.7
490871
491548.7
496102.3
497913.6
499518.2
500225.2
500912.1
500972.1
501003.2
501783.9
503266.3
504293.8
505348.4
506422.7
507008.8
509520.8
510117.4
510611.2
511182
511524.3
511817.2
512410.6
512952.6
516198.1
517663.9
517931.2
518041.5
518540.8
518824.5
519744.8
519831.3
520089.2
520128.4
520478.2
520694.5
520733.3
521633.2
521961.4
523296.7
524642
525349.2
525885.5
528018.1
530442.9
532992.5
534677.9
537640.9
540328.7
541654.3
543895.4
544449.9
545081.7
545536.7
545915.6
548768.7
549331.6
550822.1
550946.6
551388.1
552002.9
552551.1
552678.9
553247
553528.2
554771.5
556461.9
558320.9
558985
559451.3
560499.4
561379
564554.4
566596.2
570551
570942.9
571858.9
571929.6
573063.1
575492.1
576655.9
577500.4
578996.8
580444.8
581708.3
601156
601577.9
602233
602412.8
603072.7
606929.8
609913.9
611344.9
611410.4
611628
614035.7
617718.5
618314.5
618895.8
618935.9
619416.3
619432.2
619605.5
620562
620648.3
620844.7
621380.8
621467
622114.3
622207.7
623385.9
623755.7
628500.7
628613.1
630165.5
630868.4
630950.1
631324.5
632136.7
632148.8
632499.6
632931.1
632962.3
633234
633782.5
633817.1
634378.5
635016.2
635766.3
637489.8
640089.1
640360.4
640693.1
642220.5
645699.7
647577.8
648159.4
649133.2
652060.3
653098.5
655686.6
655920.2
657565.8
659239.1
660244.6
661673.7
664542.9
665601.2
666589.5
666758.6
667820.8
668981.5
669207.9
669816.9
670360.8
671642.4
672049.4
673524.8
673906.1
674310
674368
674523.9
675022.4
677019.5
677396.7
678936
679480.2
684663.5
685198.2
685790
686236.2
686601.6
688861.5
689351.3
690549.6
690613.8
691285.1
692467.5
693764.4
695096.8
697557.6
703062.7
709687
710903.6
711246.1
711428.2
711783.7
715060
716127.6
717916.2
720220.9
720400.8
723037.5
723744.1
724736.1
725883.5
726658.3
727971.5
728002.8
730145.9
731885
732540.6
732759.2
750262.3
757492.7
759581.7
759718.3
762657
763795.4
764386.4
765052.1
769905.9
776381.2
776557.6
778200.1
779371.7
779537.7
780249.8
782504.5
783261
784110.6
784809.1
786015.4
787652.9
793011.7
793768.8
793854.5
794697
796348.7
796828.8
796926.1
797638.1
798035.2
798406.2
799735.7
803250.1
803543.4
806026.8
806395.2
807131.1
808422.1
814835.9
815241.8
815253.5
816096.4
816499.9
817184
817840.6
818410.8
819255.6
819626.4
819875.3
820396.9
823218
823987.9
825366.8
825795.8
825869.2
826615.2
826964.5
827494.1
827521.6
828917.1
829711.4
831120
831546.1
832178.7
832830.7
833331.6
833601.6
833783.9
834433.5
835150.6
836413.7
837055.2
837295.7
837305.1
837623.4
841284.7
841615.1
846195.5
847129.9
848943.6
856953.9
862800.6
863164.6
863386.5
863996.2
868339.3
869601
871547.4
871679.5
875432.9
878389.8
880460.7
881463.8
881570.2
882104.8
883091.8
900121.1
901625.8
901957.1
903793.1
904616.7
905026.6
905470.9
906238.6
906360.9
906989.6
909750.7
909879.7
910495.5
912290.7
916050.2
917132.5
917446.1
919565
922740.5
923413.7
923839.6
924572.6
924795.4
925248.2
926921.7
927260.3
927592
928197.8
928855.1
931385.6
932898.4
934807.5
935145.7
935936.3
935971.8
936455
936473.8
937374.8
937833
938873.6
939742.7
939912.5
940741.8
940951.1
943656.3
945238.9
945347.4
945722.7
946112
948992.6
949343.1
954921.7
955681.7
968245.5
968343.9
969186.4
971193.6
971572.8
975567.1
977369.8
977717.3
978438.3
979637.6
979913.1
984112.3
984577.4
984898.4
985454.9
988210.8
989466
990519.8
990978.3
991373.2
992166.8
998767.9
999997.4
1001110
1004962
1005126
1007137
1008300
1009069
1009678
1009867
1011767
1015611
1016126
1016749
1018017
1018953
1019752
1019997
1022237
1023463
1025492
1028291
1028828
1029708
1030629
1031316
1032963
1050355
1050726
1050805
1051979
1052491
1052786
1052970
1053467
1054078
1054592
1054929
1055626
1056426
1056943
1057231
1057524
1058347
1058396
1059057
1059896
1060194
1061103
1061563
1061918
1062448
1065986
1066443
1067044
1069875
1082389
1082915
1083566
1086333
1087593
1087965
1088341
1088727
1089670
1090310
1091743
1091853
1092398
1096330
1097585
1100678
1100888
1101490
1105243
1110070
1110142
1110657
1110938
1111490
1111568
1113225
1114899
1115761
1116400
1117151
1117816
1118274
1118434
1118771
1118843
1119223
1120663
1121908
1123820
1124232
1124256
1124994
1125592
1126670
1129000
1129627
1130411
1131212
1132041
1133377
1133992
1136335
1137343
1137906
1138715
1139086
1142310
1143320
1143472
1145579
1146247
1147878
1152249
1154690
1158638
1159417
1159472
1160917
1161805
1162124
1163341
1173138
1176603
1177232
1178432
1179871
1180086
1181041
1182025
1183193
1201085
1201923
1202759
1207477
1208667
1209005
1210264
1211130
1214012
1214876
1216010
1216561
1218147
1219925
1220047
1220855
1221821
1223857
1226129
1227565
1229756
1230349
1230489
1230660
1232632
1234531
1235256
1236726
1236947
1238882
1239759
1241320
1241784
1242421
1245940
1248137
1249187
1250071
1252521
1253444
1254287
1255853
1258102
1258380
1258438
1261022
1261318
1263297
1263445
1264969
1266560
1268853
1269500
1270092
1276526
1276980
1277689
1277915
1279023
1279071
1279678
1281055
1281904
1283690
1288229
1288679
1289921
1290745
1290936
1291278
1291951
1294091
1294594
1296114
1299692
1300286
1300593
1301375
1302022
1302279
1303247
1303915
1304040
1304528
1306532
1307363
1309739
1311282
1312168
1314253
1315970
1317198
1317397
1320338
1321997
1322104
1323365
1324394
1324497
1326003
1327068
1331450
1332484
1350752
1350785
1352264
1352684
1357453
1359183
1359962
1360706
1361360
1362837
1362983
1365533
1366429
1367521
1367768
1369494
1369662
1369836
1370981
1372130
1375777
1377091
1378693
1380497
1380813
1381019
1381633
1384799
1385367
1385469
1386285
1388017
1388505
1388773
1389499
1390525
1391369
1391714
1392461
1393386
1394414
1401661
1402244
1403141
1403672
1408096
1409673
1412720
1413883
1417374
1419550
1420460
1421981
1423793
1426816
1427209
1428009
1430012
1430611
1431428
1431490
1432726
1436436
1437192
1437880
1439652
1439901
1440209
1442349
1443430
1445038
1447698
1448945
1449238
1449979
1454614
1460760
1460803
1462353
1464048
1467328
1471208
1472449
1473137
1474376
1475577
1476169
1476627
1477091
1477554
1477965
1478407
1478575
1479230
1479435
1480365
1480478
1482640
1500519
1502789
1507297
1507669
1507991
1508476
1509760
1509998
1511250
1513694
1514157
1518565
1519423
1522560
1526867
1527059
1532593
1533114
1533674
1534460
1534494
1534808
1535600
1536042
1536820
1537216
1537565
1537603
1538356
1538566
1538734
1539587
1539690
1539783
1543691
1544485
1546188
1547078
1548809
1548858
1550477
1553615
1554282
1555510
1557595
1562935
1563121
1564208
1568779
1569700
1570365
1576057
1576353
1578977
1579326
1581316
1581418
1584632
1587136
1587869
1588515
1589666
1591837
1594855
1597118
1597533
1598798
1603285
1608133
1611836
1612156
1613086
1614233
1615912
1619824
1622774
1624120
1624562
1625829
1630070
1633206
1651156
1654672
1657909
1665144
1666302
1667088
1667142
1667976
1672002
1674445
1675551
1679088
1680161
1683799
1685672
1686517
1687652
1688789
1690484
1694416
1696863
1697752
1698506
1698790
1699636
1699757
1700693
1701165
1701796
1702112
1706565
1707473
1709953
1711124
1712181
1715652
1717637
1719025
1723133
1727815
1732014
1734426
1735328
1735676
1738689
1740934
1741294
1741426
1743194
1743447
1743930
1746298
1747400
1748819
1749934
1750444
1751145
1751327
1751391
1751812
1752434
1752936
1753385
1753687
1757739
1759971
1762099
1763477
1763926
1767094
1769542
1770198
1771877
1772965
1774319
1774622
1775464
1776365
1777502
1778596
1778997
1780188
1780964
1802098
1807466
1808422
1810356
1810491
1812284
1829052
1829611
1829677
1830746
1834351
1836021
1836212
1837270
1840717
1844259
1845634
1845962
1849141
1849143
1850799
1851052
1851511
1853589
1854436
1855106
1856215
1857988
1859380
1860889
1860957
1862442
1863384
1865919
1866567
1868950
1869540
1869837
1870260
1870843
1871684
1872743
1873012
1873698
1874290
1874968
1875373
1875994
1876046
1879921
1882393
1883002
1884866
1886598
1888768
1888995
1889641
1892613
1892643
1893152
1893407
1895232
1896021
1896940
1897512
1897657
1903663
1904889
1904889
1905374
1905480
1906323
1912036
1912759
1913189
1913224
1914993
1915115
1915543
1916224
1917635
1919756
1919875
1920401
1921345
1921854
1922243
1922925
1923948
1924238
1925100
1925993
1927203
1928232
1929379
1930299
1930385
1950445
1951043
1951677
1952520
1952917
1953477
1954273
1955198
1955655
1956780
1957257
1958319
1960021
1960128
1964192
1967746
1968505
1968766
1969390
1970263
1970675
1971070
1971944
1972297
1972829
1973064
1973607
1976414
1976925
1977270
1978426
1979628
1980893
1982470
1982796
1983657
1984511
1985636
1985658
1985761
1986437
1986921
1987567
1987811
1988230
1988687
1989764
1990047
1990253
1990678
1991284
1991622
1992805
1993294
1993720
1999225
2001114
2003241
2005469
2006372
2007009
2007206
2008646
2012653
2015131
2017585
2017623
2018375
2018816
2019186
2020419
2021149
2021870
2021963
2022489
2023292
2023309
2024212
2024260
2024862
2025550
2026515
2027014
2028526
2029241
2031587
2034112
2034542
2035930
2036435
2036603
2037815
2038314
2042161
2045371
2045759
2046315
2047220
2047818
2048574
2050433
2051718
2052630
2053018
2054872
2055410
2056038
2056947
2058122
2058762
2059927
2061027
2062075
2062650
2063632
2064162
2064920
2065903
2068240
2074691
2076083
2076360
2078793
2079695
2080097
2080417
2081032
2083399
2100378
2101954
2102866
2103237
2103388
2104434
2105358
2106576
2107688
2107745
2108532
2109476
2110833
2111548
2112493
2112904
2113537
2114246
2115034
2115902
2117743
2118007
2118381
2118521
2119211
2120429
2120916
2121265
2122991
2124140
2124244
2125847
2126096
2128260
2130080
2131072
2133833
2134134
2134381
2134584
2137540
2138788
2139087
2140014
2141825
2144744
2147679
2149674
2150731
2151126
2152561
2153715
2154188
2155118
2155650
2156006
2157150
2158125
2159247
2160758
2160921
2161381
2162002
2162081
2163058
2163058
2163852
2163915
2165097
2166194
2167784
2168520
2170449
2170578
2171647
2173245
2174086
2174471
2174559
2175117
2175714
2176612
2178380
2179063
2179629
2179970
2180167
2180889
2181278
2181486
2182189
2182861
2183631
2184125
2184705
2185700
2187951
2188718
2189753
2190146
2190729
2190824
2192829
2192889
2193004
2193459
2194355
2194952
2195537
2199569
2201094
2201471
2202051
2203383
2203856
2204629
2206357
2208651
2209503
2209795
2210866
2211468
2211665
2212944
2218321
2219015
2221557
2222569
2223353
2224355
2225219
2226168
2227717
2229582
2230123
2231955
2251231
2251395
2252871
2253368
2257204
2257508
2258592
2259538
2259777
2260104
2260817
2261406
2263487
2263889
2265913
2267150
2267919
2269749
2270778
2271037
2275116
2275642
2279357
2279749
2280578
2280930
2283976
2285551
2286378
2286614
2287396
2289328
2290075
2292661
2294092
2297138
2299968
2300988
2301050
2301814
2305722
2306244
2306810
2307102
2308002
2308834
2311902
2311987
2312728
2313272
2313593
2314879
2315097
2316533
2316908
2318059
2321706
2321774
2322428
2323080
2324310
2325588
2326587
2327948
2328272
2328795
2331145
2333916
2335178
2337525
2338502
2342459
2342721
2342908
2343604
2344801
2346718
2347733
2349321
2351691
2353987
2356407
2360251
2361515
2362144
2365724
2368815
2369539
2370227
2370244
2371890
2374396
2376779
2377435
2378933
2380739
2381386
2382081
2401693
2402121
2402996
2403126
2404296
2404800
2404944
2409506
2409789
2410585
2413356
2413587
2414479
2415025
2415299
2415616
2415736
2416867
2417043
2417627
2418701
2418859
2421612
2422938
2425669
2427091
2427575
2427731
2428489
2430470
2430540
2431157
2431209
2431824
2431979
2432310
2432320
2432582
2433146
2434043
2435164
2435271
2435819
2436850
2437293
2443667
2446272
2447317
2447860
2448117
2448469
2448533
2450656
2454126
2454834
2456031
2456140
2456547
2457007
2460621
2460723
2464684
2465498
2466708
2472713
2477055
2479695
2480398
2480830
2481488
2485993
2486736
2488300
2489098
2489753
2490935
2494227
2497067
2498398
2498612
2498837
2502988
2507588
2509714
2510785
2511883
2512487
2512741
2516278
2517103
2517441
2518368
2520859
2521544
2521600
2522172
2522402
2523086
2523570
2525435
2526408
2528754
2529493
2530955
2533039
2533553
2564160
2568639
2569939
2569993
2570516
2571149
2571328
2571850
2571995
2572765
2573103
2574811
2575452
2576047
2577430
2578281
2578298
2579529
2579627
2580526
2580937
2584207
2586325
2586353
2586999
2587999
2594392
2596427
2601965
2605429
2606428
2606579
2607042
2607149
2607171
2608607
2610811
2611123
2611545
2612509
2613973
2615155
2617149
2618272
2618627
2619479
2619673
2620917
2621951
2622282
2625643
2627761
2628474
2629007
2630049
2635520
2636576
2637846
2638482
2639483
2643350
2645211
2647189
2648435
2649059
2650410
2653199
2653448
2653767
2654624
2654979
2655327
2655515
2656416
2657834
2658643
2664767
2666451
2671386
2673049
2676691
2677092
2677708
2679807
2680578
2701630
2704188
2705672
2706316
2707007
2709179
2709663
2712876
2713587
2723239
2723439
2726103
2726795
2728392
2728893
2729942
2731119
2731694
2732786
2733044
2735843
2736314
2736598
2737801
2738789
2740738
2745136
2745493
2745843
2747175
2747929
2749782
2752751
2755394
2755858
2756765
2757004
2757756
2757790
2758084
2758425
2759240
2760125
2760454
2760591
2761090
2761783
2763510
2764329
2765893
2768665
2768883
2769744
2770201
2772487
2773285
2774250
2775489
2775594
2775669
2775892
2776038
2776365
2776487
2776808
2779467
2779750
2781239
2782138
2784551
2787136
2788000
2788813
2789559
2790405
2794461
2794931
2795758
2796868
2797866
2798295
2799057
2799510
2800618
2802458
2803672
2806412
2809981
2809985
2810665
2812383
2812384
2813024
2813251
2813535
2814257
2818205
2819167
2820006
2820579
2821504
2821642
2824625
2825863
2826432
2828862
2829187
2830814
2831861
2831896
2851032
2851105
2852848
2852875
2854603
2855777
2858366
2858494
2859292
2859439
2860499
2862160
2863923
2864614
2864997
2869654
2872138
2873392
2874042
2874648
2875127
2877014
2879035
2879172
2879924
2881840
2882872
2889809
2891548
2892403
2892563
2892683
2892939
2895682
2896706
2897229
2898059
2898866
2901073
2903090
2903276
2905020
2907258
2908309
2909514
2910710
2912206
2912799
2913862
2917467
2918829
2919149
2920768
2920951
2920975
2921452
2921677
2922507
2923297
2923607
2924087
2924234
2924876
2925234
2925574
2927338
2927697
2927905
2928093
2928539
2929114
2930305
2932772
2935354
2938613
2941800
2943744
2945051
2948681
2949307
2951413
2953288
2955253
2956039
2956151
2957052
2958904
2959604
2960720
2960818
2961321
2961816
2962494
2963861
2968525
2969055
2969972
2970778
2970898
2971853
2972033
2972486
2972486
2974079
2977607
2978298
2982125
2982365
2983796
3001062
3001566
3001723
3002691
3005541
3006582
3007267
3007705
3008212
3008674
3009360
3009826
3009966
3010403
3010991
3011310
3011692
3011748
3011996
3012380
3012419
3012967
3013619
3013852
3014620
3015017
3015495
3015719
3020069
3026832
3027002
3027559
3028019
3030058
3032333
3036442
3038134
3040441
3041208
3041597
3041912
3042851
3046211
3046514
3048353
3049200
3051910
3052806
3052845
3055218
3057393
3057879
3058276
3059574
3059795
3060875
3061503
3063158
3066214
3066226
3067173
3068100
3068413
3069600
3070545
3071193
3071254
3071834
3072234
3072463
3073266
3073504
3074075
3075566
3075960
3076065
3077048
3078487
3080043
3080561
3080741
3081230
3082591
3082632
3083961
3086017
3086421
3088369
3090578
3091357
3093936
3095013
3096168
3097344
3097705
3098085
3098749
3099342
3100156
3100839
3105654
3106310
3106931
3108369
3109292
3110069
3110573
3110843
3111474
3112379
3112965
3114713
3115657
3122804
3124980
3125079
3125842
3126415
3126775
3127142
3127835
3128426
3162025
3163199
3164566
3165535
3166160
3168033
3168142
3169696
3171295
3171624
3171951
3172733
3173263
3174454
3174881
3175191
3176796
3177382
3177844
3178459
3179042
3180129
3180166
3181616
3181653
3182286
3183000
3184322
3185504
3185715
3187671
3188258
3188660
3190740
3193896
3194045
3198424
3201544
3201683
3202468
3203424
3204580
3205469
3206796
3207510
3208660
3208766
3209436
3210798
3211466
3211592
3212473
3215292
3216420
3217576
3218233
3219152
3220355
3221950
3222580
3222591
3223983
3224418
3224722
3225519
3226891
3227734
3228787
3229561
3230144
3234193
3235099
3236362
3237168
3237353
3238275
3238326
3239326
3241920
3242291
3247193
3247516
3247765
3248189
3248690
3248779
3249239
3249284
3250255
3250368
3251985
3252044
3254023
3254983
3257254
3260175
3260438
3261795
3262223
3263389
3264539
3264856
3265250
3267222
3267847
3268397
3268900
3269727
3270854
3271651
3273142
3274385
3275381
3275620
3276832
3281416
3281826
3282118
3300708
3306887
3306887
3307232
3307554
3307930
3308007
3308273
3308759
3309179
3309556
3310806
3312461
3312924
3314610
3315034
3318439
3319274
3321663
3329395
3331312
3333074
3334456
3334968
3335600
3336405
3337808
3339488
3341404
3342979
3343665
3348128
3349086
3349585
3351878
3353235
3353638
3354005
3356632
3357842
3358279
3358557
3358786
3359349
3359901
3359999
3361230
3361621
3361998
3362426
3363350
3363460
3364249
3364346
3365102
3365130
3365804
3366698
3367186
3367753
3368379
3369244
3370346
3370841
3371195
3372057
3372794
3373603
3375842
3376612
3377886
3378250
3382776
3385939
3385962
3387767
3388611
3393551
3394597
3396075
3396283
3398045
3398950
3399454
3401076
3401629
3402141
3404543
3405138
3406276
3406383
3406978
3407933
3415298
3417862
3419918
3420124
3420677
3421612
3422155
3422541
3423455
3424770
3427955
3428379
3430388
3431115
3431769
3433449
3450662
3451146
3451825
3452544
3454447
3456989
3459834
3462137
3462505
3462987
3464365
3465351
3476093
3482972
3486464
3487552
3489679
3489692
3492127
3492983
3493395
3493797
3495556
3496839
3497466
3498831
3498852
3498941
3499893
3502161
3506233
3506599
3506612
3506750
3506984
3507200
3507871
3508008
3511309
3512658
3519125
3520848
3521881
3521979
3522094
3522780
3522869
3523705
3524126
3525046
3525462
3526371
3526466
3528609
3528964
3529338
3530006
3531269
3531622
3531764
3532743
3533837
3534357
3535372
3535553
3538150
3540079
3542001
3543655
3544014
3544517
3545143
3545787
3546293
3546641
3547500
3548437
3550078
3552524
3554849
3558945
3562120
3563520
3564715
3567235
3569026
3570012
3572614
3573830
3575252
3575295
3575874
3581916
3583524
3606453
3610250
3611541
3613947
3616693
3617259
3617326
3619908
3620683
3621061
3621814
3623103
3623454
3624217
3627938
3628410
3630293
3630993
3631593
3633375
3637075
3637647
3637992
3639138
3640111
3640742
3640764
3641634
3642420
3645289
3645851
3646436
3647042
3648102
3648836
3648993
3649432
3650761
3654370
3655168
3656455
3660404
3661873
3662312
3662895
3663745
3665701
3665715
3666609
3666701
3668862
3671910
3672618
3673852
3674265
3674985
3675825
3675928
3676140
3676480
3676678
3677154
3677179
3682876
3693623
3696278
3697603
3697781
3699739
3699842
3700286
3701285
3702314
3702725
3703470
3704469
3704679
3705054
3705787
3707432
3708284
3709026
3710035
3712287
3713537
3714978
3720271
3720877
3722408
3726073
3728378
3728921
3729116
3731273
