16598.43
24130.5
39525.63
46309.7
49243.73
55865.59
73839.74
94814.6
95755.15
96777.6
102903.1
118525.8
152184.5
152884.3
161373
161787.9
162875.8
165138.6
169890.4
176174.4
179419.1
181362.6
194727.5
195793.8
208341.5
232264.7
232986.3
244122.5
246028.2
246623.1
257600.8
259612
261495.7
270399.4
273433.8
326627.7
338004.3
348030.4
351437.9
356375.5
380784.5
380785
403027.1
404290.6
408536.4
411862.7
414309.5
414667
456574
457547.9
469525.8
486278
495167.6
498217.1
498931.5
504033.8
531510.4
549488.4
556610.5
560014.7
603486
628396.3
631524
659137.4
694338
694894.3
695501.6
702064.1
705305.4
725619.5
732038.3
756926.5
759101.5
763803.9
777381.3
783023.4
798033.2
839508.2
864036.7
900729.3
902386.4
909789.5
947899.9
978917.4
1000623
1008057
1010343
1055848
1057236
1083230
1089362
1100866
1108142
1112908
1113996
1115422
1129854
1142233
1148314
1153089
1166620
1174861
1209688
1214709
1220280
1223993
1253848
1257735
1258526
1270754
1273027
1286606
1297709
1302207
1317748
1323384
1324660
1332910
1354434
1364129
1374447
1376430
1378324
1382504
1388450
1389106
1390455
1392518
1393143
1402431
1412077
1412402
1432189
1438091
1438739
1446742
1453925
1462074
1500330
1527487
1539689
1542537
1547029
1582616
1591517
1621346
1657857
1659086
1673977
1679975
1686129
1688958
1701525
1704441
1715144
1739433
1759800
1761314
1766483
1768463
1772666
1774166
1779074
1781766
1781957
1782673
1801979
1813413
1818565
1820037
1820601
1865073
1888790
1913789
1921672
1960747
1961729
1972628
1975818
1977213
1984925
1989269
2034652
2050942
2052858
2061963
2078899
2100562
2102333
2110357
2118747
2131525
2132890
2177359
2230244
2262464
2264142
2281374
2281759
2288349
2296482
2297701
2302550
2302952
2322937
2330327
2340247
2346338
2358601
2359738
2376739
2420294
2424415
2435291
2456238
2458228
2492833
2500262
2507081
2511138
2522880
2533656
2560097
2561726
2564741
2565493
2567245
2571275
2573618
2574671
2578165
2585075
2588233
2591085
2591815
2597354
2602641
2604011
2629730
2643516
2653665
2671581
2675279
2728573
2745106
2794431
2797823
2806984
2812732
2831345
2860978
2862162
2862915
2872192
2874251
2874545
2890199
2927275
2934067
2938658
2946626
2966442
2979375
3001520
3002890
3004334
3021218
3028222
3032096
3045223
3051403
3054192
3065953
3105052
3112961
3118804
3150873
3179753
3185898
3215795
3236555
3272575
3274379
3276361
3279465
3300206
3322172
3339037
3339090
3340002
3347550
3354783
3370959
3375673
3399047
3405605
3407549
3423882
3431436
3431809
3454365
3456351
3459580
3471618
3495360
3539077
3601199
3615032
3616735
3626264
3628698
3658900
3679292
3684458
3713529
3714555
3719806
3727786
3729249
3731378
