2749.551
12619.82
18613.5
32313.08
56690.43
65186.16
78586.26
88357.28
90210.77
91109.08
91767.11
98761.02
99223.92
101100.2
103591.2
105797.5
108192.1
109227.4
109806.5
110783.4
111133.5
111463.9
113156.6
117137.7
118671.1
119332.9
122902.5
150666.6
151976.4
165273.7
173653.4
191694.7
191836.8
193911.1
197066.9
197580.8
215655.8
221558.9
236646.1
237171
241162.2
242503.4
243146.4
243725.4
245803.8
246130
254727.8
254994.6
261318.1
261939.7
264979.3
264995.6
269013.1
274141.5
277982.8
281206.5
300802.4
301482.1
310685.6
325835.6
328354.5
336695
349790.1
350774.7
383559.9
402066.1
419048.9
419203.7
458564.1
471947.3
475924.9
476127.5
486791
488966.1
518864.6
535472
535472.5
540689.5
545688.5
549296.9
552458.1
553408.1
562505.6
565198.6
566435
570053.6
572794.5
578170.8
600612.6
603477.3
609183.7
610920.7
617269.3
627005.8
627986.4
639713.3
640738.8
641178.8
642667.8
645911.7
647489
651050.6
651795.1
671594.5
672495.9
674901.6
677187.1
677622.1
683797.5
693355.5
694128.5
698929.2
699781.5
700151.7
700895.5
703513.8
704200.6
705618.8
707593.6
709252.2
727351.1
731988.2
732437.2
733223
753076.9
768545.3
770723.2
783909.2
784463.4
787874.1
788828.6
790204.4
812666.1
829521.6
829805.6
830402.8
831459.2
832372
845491.3
847604.9
850689.7
855631.3
871693.6
877486.7
877937.5
878429
883403.5
900662.5
906626.3
908144.7
909890.9
910406.2
911002.3
911504.7
912215.6
914097.8
919367.9
919711.2
920127.6
922032.5
930133.2
934486.9
940450.9
949705.6
974346.8
1002041
1002520
1003572
1006340
1008244
1014627
1030158
1033249
1051120
1056440
1057320
1058728
1061632
1062217
1066528
1067823
1069318
1071338
1071549
1071886
1074884
1080920
1082034
1088647
1095204
1096307
1110799
1112887
1114806
1124965
1130928
1133723
1134048
1139474
1146903
1159007
1160466
1162740
1168185
1172470
1174583
1181074
1203257
1210903
1211723
1238221
1241463
1241895
1243411
1248100
1265862
1267019
1276782
1278639
1282844
1292132
1310679
1328485
1369183
1374381
1375033
1381333
1396160
1398864
1402296
1419554
1424592
1432692
1433324
1436811
1442774
1443351
1453720
1457431
1457512
1459332
1473404
1474099
1504809
1507304
1518835
1526200
1528193
1532975
1537841
1540797
1541745
1547373
1549254
1552932
1589209
1610448
1612416
1612441
1620553
1621070
1629421
1630175
1663606
1669325
1732326
1739855
1745260
1762993
1800490
1801638
1802358
1802957
1807839
1812396
1813510
1816664
1825636
1827680
1828205
1879399
1898164
1910808
1920337
1922121
1924339
1950707
1953237
1963577
1972485
1983206
1990107
1991811
1997453
1998427
2006860
2040947
2043044
2043133
2044124
2048178
2056098
2057684
2066414
2071015
2073076
2074634
2075320
2081663
2115958
2118976
2119443
2155627
2158570
2211083
2226366
2250926
2251989
2257820
2260300
2265891
2266444
2268905
2273186
2278403
2280811
2284199
2339545
2359358
2361809
2369674
2407748
2410595
2417846
2423780
2424541
2425382
2442090
2450604
2455759
2460650
2491813
2493535
2494255
2502426
2505462
2515822
2519613
2520716
2523559
2528626
2529098
2532486
2533197
2550693
2552613
2554082
2554540
2559539
2560601
2567982
2572580
2579491
2580300
2593475
2594400
2603261
2638166
2638784
2643697
2644156
2644826
2675732
2677841
2679515
2681966
2706560
2719107
2727159
2738450
2750339
2757631
2763189
2780801
2785017
2787316
2791779
2800387
2807675
2809933
2812063
2871273
2886877
2898148
2900184
2905349
2924711
2948887
2950849
2959044
2960558
2965525
2967838
2970254
2971047
3015266
3017483
3021093
3027397
3047341
3060873
3071802
3088808
3095298
3103909
3104424
3105915
3108329
3112384
3114401
3128314
3133535
3150726
3151725
3154019
3165593
3167048
3170486
3172079
3175490
3187868
3188597
3189859
3195898
3199885
3200400
3200880
3217533
3231463
3239796
3245614
3254720
3255787
3263007
3274891
3280140
3304771
3336047
3404355
3425679
3428117
3458125
3459060
3463628
3465041
3472198
3481246
3485674
3487472
3497606
3500515
3519159
3523776
3524508
3538836
3539396
3560413
3601554
3602747
3605439
3606145
3606654
3607565
3609687
3610803
3611360
3614573
3617421
3620124
3620985
3623145
3625364
3630767
3631790
3632314
3632854
3641186
3646699
3691284
3694788
3695209
3703591
3704878
3712825
3714591
3714806
3716426
3719555
3720004
3720386
3723148
3725829
3731967
