655.2875
1707.45
2394.891
4818.696
5599.066
6451.699
7098.294
7542.543
8939.203
9418.6
10969.93
11594.29
11699.94
12064.52
13828.25
15566.77
16659.1
19725.79
20850.95
21824.7
22202.6
22978.09
24508.24
24553.43
25785.86
30502.71
32024.84
32300.84
32927.66
37257.27
38062.86
40860.56
41418.43
46620.68
48529.77
49749.17
50276.05
50695.35
51096.4
53152.05
54738.07
55071.59
55472.37
56886.42
57394.91
58051.11
58787.45
58844.72
62548.65
65287.38
65686.09
65993.82
66328.44
66642.15
67697.32
67776.82
68715.92
69532.32
70199.7
70872.86
73648.27
74328.73
74814.81
75110.46
75158.79
75889.92
76550.76
77104.18
78629.72
79163.66
79396.47
86679.34
87507.59
87612.74
89062.71
96741.46
100039.7
100675.9
101550.2
102155.5
107319.5
111722.4
112039.3
112941.5
115051.7
115657.7
115947.9
118724.1
119223.3
119757.2
121547.6
121723.9
122602.7
127170.4
131959.4
150683.8
151983.6
152598.7
153552.7
154396.8
156953.7
157437.2
157972.9
158274.9
158599.7
159420.9
159976.4
160669.3
162421.1
163074.7
164105.4
165175
167013.8
168553.8
170686.2
171289
171653.4
173574.5
174573.7
174808.5
175343.5
175996.2
176070.7
176500
177588.3
178037.3
178131.4
178702.2
179865
180014.8
180310.4
180990.7
181097.4
181736.1
183173.8
183748.4
184263.2
184676.9
184774.7
185200.6
185626.2
186624.9
186915
190567.4
191075.5
191785.6
191976.4
192517.9
193066.2
198527.7
205002.2
206015
206016.1
206977.1
209108.4
209820.9
210010.9
210359
210879.2
211541.7
211781.9
211873.4
211990.6
212449.5
212595.1
213656.2
214714.6
215048.4
215147
215695.3
216516.8
216564.9
216576.3
218156.6
218794.2
219144.5
220101.5
220154.9
220704.6
221131.6
221408.5
221835
221900.7
222358.3
222996.2
224226.3
224933.4
226737.5
227413.8
227978
228363.5
228817
232185.7
232880.7
233582.7
233910.3
234389.9
234564.5
234714.2
235109.1
235479.3
235969.3
236719.9
237911.3
237983.2
238055.7
239789.2
241567.7
242438.2
243854.4
244752
246119.2
248413.8
248432.5
248473.7
249041.9
251137.5
254105.4
255209.7
256577.7
257455.5
259421.4
259647.4
260518.7
262060.7
263785.2
264747.6
266839.1
267887.9
267979.1
268275.8
269408.2
269968.8
273121
274443.1
277082.9
279841.8
280191.2
301489.6
303168.7
303262
307826.8
308468.2
309698.5
310125.1
310720.1
311767.1
316121.7
316318.6
316413.5
316990.7
317149
317962.4
319116.9
319849.4
321409.1
322611.4
323586.6
327375.1
328178.7
329071.5
329279
329807.5
330547.8
330762.7
331367.2
331800.1
332110.8
332309.9
332361.5
332986.6
334645.4
334716.3
337710.7
338899.1
339646.3
342408.3
343556.4
344411.3
344483.7
345195
345500.7
346097
346733.3
348333.2
348531.2
349408.2
350199.9
353195.1
353656.4
355067.4
357118.9
358061.8
358648.4
361733.9
362714.9
362870
363058.1
363447.3
363969.7
364311.8
366270.6
370739.8
370895.6
370917.8
375442.2
377741.8
378292.3
378561.6
379136.2
381502
381665.2
381802.9
382807.7
383022
386761.4
389802.7
390795.3
394061.9
394869.4
396293.1
397179.4
398953.6
399597.5
400776.1
403762
404604.5
404884.4
404991
406518.2
407440.8
408249.6
408646
408765.2
409106.7
409898
410406.8
410842.6
411100.6
411590.2
411741
412090.4
412750.9
413130.4
415101.6
418193.5
418575.1
419035.5
420045.4
424147.7
424996.3
425389.8
427515.5
428431
429899.7
430544.9
432028
450306.8
451191
451236.7
451847.7
451909.9
452333.1
452447.6
453007.4
453129.1
453997
454711.5
455223.2
455978.4
456663.7
459718.8
461170.3
466186
467511.3
471343.4
472447.3
475857.8
475948.5
476833.5
477797.1
479052.4
480345.9
483196.4
484309
484847.7
485571.5
486276.6
487255.6
488104.8
490256.2
490579.4
491945.3
492737.2
493658.9
494173.3
494904.7
495286.6
495845.7
499490.4
500680.4
501979.3
502927.6
503905.1
504686.6
512984.6
515625.8
515954.1
516790.5
517029.6
518286.9
518679.5
519103.3
519725.8
521071.7
521948.9
522421.4
522629.5
522656.3
523038.5
523771.4
524065.2
524466.3
526139.1
528194.6
530614.4
530940.3
531585.1
531907.7
531945.8
532978.9
533559.8
534488.9
535550.3
536033.9
536590.7
537086.6
539544.5
542542.2
543378.5
545825.8
546406.9
547930.5
548674.5
550693.7
550956.2
551598
552607.1
553263.8
553920.8
554399.1
554416.9
556552.6
557140.7
557579.8
559605.9
560901.9
562304.9
564252.7
565209
565731
566363
569663.1
570389.2
572136.4
572683.5
575164.7
575614.9
575959.8
576425.4
576748.6
576917.6
577381.6
577515.4
579796.6
580232.8
581157.5
581304.7
583561.5
600177
601357.3
601360.5
603391
603484.8
603816.9
605469.2
606156
607065.5
608285.2
610937.9
611701.2
611821.6
612615.7
613142
616623.6
618637.7
621252.7
624254.8
624291.9
626409.9
626695.3
627522.9
629607.2
630922.2
635750.8
636056.4
636513.8
639358.8
640538.8
641532
651534
653568.2
654739.8
655201.7
655941.6
656994.2
657576.5
658251.4
660286.7
661778
664493.8
664778.3
666119.4
668207.6
668598.2
669096.3
670294.3
671523.7
671963.4
672045.5
672548.1
674200.3
674257.2
675175.2
678390.5
679606.6
680736.8
681465.2
682169.3
687914.7
692137.9
693545.9
696916.9
697909.3
698194.7
698763.9
698916.8
699222
700533.4
700901.6
701042.3
704661
705684.3
706804.1
706916.5
711698.6
712236.6
712867.6
713457.4
713891.9
714363.9
716082.7
717458.6
718415.4
718452
719312.4
719662.5
722647.7
723657.6
725775.1
728383.7
729016.2
730057.9
731958.7
732329.5
733068.7
751062.5
753007.9
754357.8
755234.8
758317.7
759069.4
760358.9
760857.4
762788.3
763906.5
766361
766421.5
769182.3
769242
771211.8
775120.5
775236
775889.3
778472.5
781532.7
782066.1
782740.2
786123.4
786804.6
789230.6
790037.9
791177.5
791837.5
792262.7
792752.4
794792.6
795159.8
798292.7
799084.8
799295.8
799588.6
800441
800536.6
801062.8
802724.8
804214.5
805922.3
806460.7
809727
810172.5
810505.9
814334.6
816753.3
816823.5
818254
819248.9
819528.4
819849.1
820886.2
822484.3
822529.9
826142.2
830088.5
832748.4
833281.3
834411.2
836687.1
843327
844748.7
845885.7
847452.9
847935.9
848763.6
850070.7
851163.3
851266.8
851894.4
852097.7
852822.7
853304.1
853570.7
854038.5
854854.4
855857.1
856698.3
857286.6
857460.8
858737
859460.8
859675.9
861612.7
861944
862230.6
863330.7
864571.6
868128.7
869151.3
873178.9
873887.4
873981.7
874370.7
874505.5
875171.5
875765.7
876248.1
877461.7
879779.7
880594.7
880974.3
881585.7
901915.9
903307.4
904990.6
906940.3
906954.7
907402.1
907928.7
909665.9
914568.5
915088.3
916530.1
917577.2
918844.5
919596.9
919686.5
920446.5
921452.3
921821.3
921981
923276.1
923418.9
923467.7
923961.8
924899.9
926961.1
927643.8
928231.6
928455.6
929252.4
930720.5
931694.7
932921.2
935120.7
936401.1
937621.4
939476.4
942277
942597.9
943641.3
944029.4
944812
944885
945437.4
945719.4
946149.9
946631.6
947174.9
947867.6
948424.4
950454.1
951129.7
951862.3
952910
954232.7
954666.3
955654.2
955866.9
960482.7
960696.6
962545.4
963123.3
964107.5
966723.7
970019.3
972448.3
973961.5
974547.8
974758.6
976495.1
978153.5
978366.5
978943.6
979515.7
981551.3
982403.9
983035.2
983062.3
983613.6
984320.7
984894.6
986146.8
988076.3
988643.9
989861.6
990322.5
992038.2
992701.6
992804.4
993779.5
997161
997586.8
997971.4
999817.1
1000088
1000769
1001301
1002168
1002773
1003557
1005158
1007456
1008343
1008529
1009375
1009596
1011032
1012227
1015620
1020003
1021051
1021973
1025274
1030586
1031752
1032383
1050629
1051262
1052476
1053689
1053787
1055888
1056644
1057229
1057923
1063115
1066369
1067692
1068716
1069086
1069238
1070103
1070645
1071187
1072604
1073305
1074741
1075869
1077600
1081109
1082110
1084618
1085099
1085272
1085496
1086454
1086664
1087164
1089630
1092074
1092642
1093223
1094521
1095681
1096089
1097875
1100896
1101587
1102890
1104202
1104449
1104820
1105148
1112500
1112668
1115075
1115619
1117346
1117726
1117900
1122139
1123100
1126301
1127853
1128439
1132127
1134368
1136190
1137173
1138829
1140585
1141738
1143210
1143395
1143950
1144553
1145492
1146975
1147775
1147922
1148204
1149696
1150049
1151164
1151975
1154641
1155140
1155390
1155969
1157672
1158135
1158367
1159115
1165705
1166325
1171014
1171357
1172432
1174175
1175601
1175610
1177076
1177155
1177522
1179015
1179090
1181395
1200320
1200797
1202104
1202844
1203605
1204068
1204599
1205131
1205314
1205610
1206659
1207718
1211287
1212390
1213722
1217131
1217994
1219239
1220483
1221158
1221311
1221901
1222441
1222695
1223323
1224572
1225704
1226191
1227313
1228124
1228267
1229257
1230180
1230466
1231009
1231314
1231745
1231962
1232490
1233233
1234349
1234954
1239523
1240862
1241783
1243070
1243466
1244208
1249337
1254182
1254814
1255599
1256323
1256946
1257672
1258566
1259287
1259397
1260569
1260921
1261748
1262383
1262648
1264059
1264865
1272332
1273652
1275995
1277011
1281243
1285379
1285923
1289116
1290728
1295588
1302424
1307099
1309284
1309838
1312061
1312489
1316169
1316836
1318307
1319057
1319393
1321568
1323897
1324530
1326850
1327143
1327392
1328057
1328841
1329812
1330814
1332158
1350093
1351029
1352126
1353746
1354484
1356781
1356969
1357784
1358659
1360846
1361304
1362116
1362562
1362671
1363186
1363788
1365458
1365574
1366442
1367080
1368284
1368392
1369076
1369263
1370754
1371375
1372463
1372675
1373042
1373142
1373575
1375218
1375834
1381651
1382924
1383555
1384254
1384926
1388585
1389243
1389421
1392566
1393512
1395325
1395580
1404838
1405256
1405637
1408239
1409430
1410370
1411120
1411459
1411953
1413952
1414882
1417624
1420744
1420879
1421274
1422139
1422260
1423198
1424299
1426917
1430910
1433601
1434534
1438292
1439419
1441109
1442401
1443888
1444591
1445577
1445994
1446475
1447126
1449311
1449397
1455216
1456691
1457044
1457252
1457617
1458042
1458565
1460364
1460941
1461667
1463539
1463586
1466980
1469743
1470093
1470738
1471280
1474472
1475203
1476750
1479607
1479976
1482992
1500181
1504757
1507422
1509061
1509795
1511389
1512604
1513217
1515065
1516007
1516892
1519638
1520215
1526312
1526864
1528358
1528987
1529552
1530942
1531944
1532030
1533636
1536004
1536184
1537561
1538076
1539693
1540479
1543898
1548887
1550882
1552814
1555760
1555910
1556324
1557112
1559420
1559962
1561901
1562530
1563235
1564817
1564936
1565728
1566878
1566976
1567510
1567866
1568154
1568488
1571657
1571750
1572379
1572639
1573389
1573956
1574414
1576507
1577472
1579426
1580191
1582410
1583576
1584524
1586065
1586168
1589051
1589983
1590686
1590761
1591146
1591294
1592244
1592952
1593190
1593660
1594009
1594100
1597384
1597726
1600435
1600655
1603810
1604016
1607657
1610491
1611620
1614388
1615382
1616407
1616932
1617135
1617584
1617885
1618100
1619505
1619916
1620866
1623318
1627401
1627892
1628727
1629721
1630883
1631532
1631551
1632640
1632894
1633625
1650104
1650510
1652251
1652758
1653144
1659610
1660924
1662842
1667243
1668515
1668560
1669014
1669385
1670296
1671791
1674209
1678005
1679968
1680376
1680691
1681260
1681664
1682649
1683373
1685896
1687074
1688059
1693576
1695297
1696374
1698273
1699668
1701794
1702817
1703153
1704152
1704552
1704867
1705985
1706743
1706753
1706820
1707846
1708165
1708992
1709470
1709688
1710322
1710435
1712156
1712814
1714650
1715422
1715987
1716633
1716759
1721279
1723140
1727941
1728682
1728890
1730127
1730774
1731389
1731857
1732177
1733108
1733625
1734560
1734992
1735991
1736467
1736916
1737077
1737848
1738289
1738636
1738999
1740245
1740935
1741737
1742791
1743704
1744420
1745182
1747349
1748906
1749307
1751615
1752291
1755730
1756544
1757425
1758608
1759067
1760368
1760943
1761079
1761178
1761561
1762079
1762460
1763517
1764113
1765322
1765378
1766516
1766969
1767611
1768182
1768942
1774705
1774847
1778875
1779246
1779487
1780764
1781206
1781682
1802033
1804061
1805853
1807122
1809216
1810408
1811176
1811865
1812718
1813285
1813507
1815867
1815905
1817359
1817952
1819405
1819885
1821056
1822339
1822873
1825213
1826051
1826744
1827288
1829584
1833434
1837559
1838741
1843609
1844953
1845759
1846579
1846670
1846742
1847286
1848328
1849235
1850277
1850793
1856593
1857406
1862016
1862262
1863540
1864155
1865060
1865325
1865520
1865735
1866329
1866453
1868591
1871275
1871740
1873921
1874927
1876610
1876631
1877027
1877463
1877960
1879409
1879930
1880316
1880537
1880875
1880931
1882328
1884115
1884321
1885115
1885360
1885989
1886277
1887019
1887299
1887480
1888025
1888290
1889865
1892230
1892390
1894225
1897075
1897978
1898389
1898799
1899186
1899951
1899993
1901838
1902515
1903677
1904959
1905075
1905455
1905823
1906103
1906631
1906711
1907284
1909117
1911917
1912915
1914579
1915024
1915889
1916733
1919630
1921231
1921703
1921934
1922020
1922930
1929534
1931280
1950446
1950686
1953551
1954618
1955505
1956009
1957769
1959873
1960154
1960300
1961118
1962127
1962792
1963207
1963547
1964085
1965898
1966712
1966889
1967708
1970353
1970424
1974450
1974480
1975055
1977513
1977648
1981256
1984938
1985083
1986538
1986688
1987243
1987434
1987960
1989185
1991044
1991345
1994403
1995002
1997602
1997656
1998455
1999391
2001974
2002537
2002787
2002971
2003119
2004210
2004248
2006668
2011213
2013452
2015748
2016714
2016761
2016973
2017490
2018559
2018715
2019394
2019413
2020256
2020657
2022838
2023564
2025027
2028031
2029500
2036391
2037309
2037875
2038062
2040759
2042126
2042852
2043781
2044278
2045312
2047771
2048050
2048727
2050337
2051266
2052109
2052577
2053346
2053943
2054877
2058331
2059503
2060249
2061171
2061731
2063304
2063677
2064334
2064556
2065514
2066367
2066454
2067032
2072413
2073162
2073489
2074954
2075326
2077865
2083120
2102308
2104032
2104655
2105805
2105852
2106197
2106855
2107351
2108203
2110161
2113352
2114269
2117974
2121402
2123974
2130761
2131780
2131803
2132567
2133492
2134033
2138377
2144438
2145454
2146925
2150155
2151846
2153370
2156670
2158052
2158407
2158773
2159320
2159929
2161439
2161547
2161951
2162351
2164028
2165002
2165555
2166082
2167537
2168260
2169359
2170962
2173358
2173994
2174224
2176875
2176911
2177729
2177935
2178071
2178762
2180344
2182968
2183914
2184387
2184905
2188226
2189275
2190594
2191373
2191450
2192047
2195862
2195899
2196266
2197928
2198539
2199836
2200763
2203548
2204257
2205630
2208750
2212391
2212832
2214876
2215380
2215908
2217314
2218439
2219739
2220456
2220926
2221685
2227997
2229103
2229477
2230196
2230763
2230794
2231213
2231790
2232659
2251047
2256667
2257415
2258197
2260190
2262216
2263455
2265016
2266291
2268987
2269887
2270157
2270290
2271444
2272837
2277467
2278504
2279168
2281219
2283105
2283370
2283798
2284783
2286101
2286841
2287073
2291588
2292911
2294291
2295337
2295522
2295587
2297368
2297784
2298261
2300725
2301008
2301293
2301715
2302167
2304471
2305347
2306275
2306617
2307170
2307689
2309193
2310028
2310086
2310646
2310898
2311788
2311832
2312106
2312495
2312764
2313119
2313488
2314265
2315217
2315579
2316619
2316649
2317771
2319249
2320176
2320910
2321822
2324782
2325889
2326909
2327094
2327730
2331696
2331800
2332247
2334273
2334488
2334789
2335973
2336237
2338085
2339040
2339686
2340905
2342603
2344841
2347615
2350185
2351442
2352086
2353249
2353422
2354167
2355488
2356009
2356514
2357263
2360384
2360477
2362057
2364242
2366266
2366799
2367220
2367341
2368049
2368816
2369727
2370307
2374120
2375112
2376185
2376924
2378158
2380393
2381462
2382946
2400124
2400721
2401138
2401508
2401560
2402996
2405068
2405839
2406789
2407859
2409131
2412709
2417426
2418162
2418669
2419079
2420129
2420900
2422011
2428643
2429774
2431413
2435198
2435543
2436407
2437100
2438021
2438621
2440055
2441142
2442042
2443716
2443806
2444645
2448283
2450987
2451362
2451921
2451956
2453349
2453397
2453840
2454532
2455034
2456736
2457232
2457931
2458901
2459574
2460113
2460637
2461037
2461414
2461548
2462021
2462693
2464008
2464739
2466362
2466569
2469422
2470074
2470957
2471955
2472326
2472789
2473504
2473701
2474368
2479714
2480535
2481608
2482231
2484654
2487236
2487586
2488365
2488834
2488930
2489429
2489773
2490407
2491131
2491544
2492042
2492783
2494777
2495356
2495899
2497141
2497503
2502001
2502889
2503487
2504267
2506347
2507458
2509953
2512260
2513603
2514425
2516961
2518725
2520602
2521621
2531017
2551218
2552434
2553273
2554838
2555524
2559871
2560387
2561455
2562688
2564685
2571325
2572732
2578254
2582509
2584253
2587759
2588952
2589196
2591507
2594406
2599153
2599993
2602859
2603989
2604434
2605312
2605873
2606227
2607558
2607598
2608465
2608841
2609694
2611715
2612452
2613434
2614267
2615419
2616247
2616324
2617097
2617200
2617910
2618536
2619841
2621012
2621282
2622410
2622699
2624655
2625455
2625616
2627829
2628244
2628663
2629306
2629426
2632032
2633739
2634415
2636386
2640120
2640318
2641623
2642006
2642532
2643929
2644477
2644851
2645451
2647245
2647763
2648553
2649172
2650784
2652748
2655466
2659309
2663672
2664245
2665797
2667673
2672169
2673386
2674046
2675313
2675862
2676465
2676870
2677172
2678957
2679784
2680700
2681077
2700859
2701792
2702640
2703801
2704734
2708764
2710000
2710827
2711333
2711868
2712655
2713800
2714299
2714469
2714708
2715162
2717448
2718119
2718493
2719037
2720192
2721456
2722701
2724006
2724563
2725569
2725963
2728465
2729172
2730199
2731525
2731926
2732284
2732803
2735796
2736780
2737717
2738510
2739503
2740191
2740303
2741666
2741774
2742103
2742940
2744316
2746521
2746937
2747835
2747981
2748375
2749584
2750002
2750555
2751284
2752701
2752846
2753823
2754645
2755751
2756925
2757657
2760795
2761572
2761626
2762190
2762842
2763274
2763776
2765820
2766116
2767464
2769641
2770585
2771309
2771376
2771626
2772603
2774239
2775584
2776216
2777142
2781476
2783202
2783802
2784791
2784961
2786299
2786999
2787477
2789264
2790733
2791667
2794666
2797385
2799304
2799835
2800729
2801431
2803700
2806374
2806935
2808878
2813781
2814795
2814839
2815636
2815834
2816695
2817930
2818984
2820229
2821176
2823518
2825106
2832647
2832979
2833474
2851642
2852648
2855334
2857710
2859572
2860363
2860540
2861010
2861382
2862396
2862631
2863594
2864366
2864467
2865105
2865275
2865299
2866166
2866414
2870050
2870965
2871716
2872279
2872761
2873422
2873841
2874770
2875498
2876794
2876809
2879519
2880555
2881119
2882287
2883185
2883767
2884689
2884943
2886142
2886790
2889167
2890871
2892887
2893660
2894179
2894775
2898179
2900888
2904423
2904970
2905097
2905538
2905720
2906369
2906631
2906943
2907266
2907378
2908019
2908166
2908609
2909141
2909152
2909606
2909734
2911079
2911344
2914504
2916384
2917251
2917912
2918325
2921803
2924250
2925310
2925894
2926370
2927408
2928293
2928869
2932512
2933580
2937082
2939898
2942214
2942435
2942903
2944421
2945876
2946215
2948077
2948588
2948676
2950210
2952655
2955042
2956128
2959644
2961120
2965219
2965219
2966048
2967999
2968695
2969863
2970080
2970528
2971722
2980308
2980521
3000447
3001889
3003748
3005485
3006073
3007194
3007894
3008299
3008369
3012644
3013673
3016753
3016985
3018448
3019398
3019487
3020043
3021238
3021263
3021282
3022414
3024532
3027096
3027749
3028167
3029250
3030096
3030850
3032851
3033384
3035015
3035875
3036352
3041230
3041858
3042674
3043315
3049641
3050814
3052159
3052732
3053233
3054421
3055366
3056715
3057445
3058957
3059304
3061148
3061589
3062116
3062658
3063118
3064533
3067658
3068797
3070059
3070637
3071046
3071564
3071907
3072600
3072710
3072948
3073384
3073444
3073751
3074006
3074859
3075466
3077149
3078168
3080576
3081222
3081772
3082269
3083895
3087620
3089953
3090484
3090579
3091037
3091811
3092496
3097081
3098785
3099508
3099591
3100575
3100626
3102262
3102894
3103401
3104252
3105230
3109211
3109704
3112090
3112645
3114436
3114668
3115049
3115827
3119786
3122919
3123575
3124751
3125658
3127712
3128136
3128606
3129924
3131878
3132124
3133448
3150615
3150908
3151135
3152403
3154217
3155530
3157232
3157904
3158097
3158793
3160684
3161391
3161974
3162852
3163418
3163974
3165386
3165947
3167339
3169711
3170200
3170918
3171662
3172192
3175911
3180439
3182042
3183971
3184119
3184710
3185818
3189267
3190525
3191915
3192851
3193185
3193505
3193968
3194636
3195170
3195498
3196296
3198327
3201988
3202207
3203148
3203483
3203963
3204092
3205805
3206302
3207468
3207946
3208324
3208825
3211564
3212828
3217187
3220762
3221060
3221853
3222133
3223409
3223612
3224918
3225031
3225172
3226072
3227735
3229924
3230639
3232470
3232871
3235259
3235876
3236004
3236075
3236768
3237316
3237538
3238066
3239258
3241175
3245361
3247067
3247790
3248581
3249528
3249536
3250427
3250560
3251610
3254016
3254987
3256880
3258535
3259229
3261687
3262762
3262792
3263379
3264395
3264561
3267380
3268045
3273728
3274485
3279374
3280986
3281599
3282962
3302600
3304404
3306610
3307132
3308198
3308668
3309773
3315736
3317387
3318135
3318948
3319873
3320439
3321202
3321663
3323198
3326818
3328100
3328974
3329685
3330102
3330295
3331283
3331623
3332581
3337364
3337922
3338707
3341212
3341910
3343815
3344882
3345314
3350659
3351252
3353483
3354073
3355652
3356583
3357525
3359018
3359348
3359852
3360015
3360721
3361071
3361237
3362073
3362231
3363445
3364188
3365248
3365984
3366131
3366256
3366419
3366881
3367061
3367244
3367620
3368173
3369159
3369808
3369851
3369974
3370562
3371366
3371866
3372112
3372270
3372858
3374135
3374365
3374680
3375060
3375188
3375661
3376278
3377022
3377803
3377962
3379452
3380397
3382925
3384392
3385294
3388801
3389933
3390827
3393381
3394721
3398988
3399771
3400302
3400917
3402650
3402709
3402952
3403457
3404058
3408250
3408669
3409356
3410089
3414558
3417901
3422304
3424435
3429081
3429933
3450609
3450963
3451867
3453252
3453777
3454699
3455292
3456973
3457405
3457715
3458216
3461395
3462241
3463244
3466893
3468868
3469493
3470088
3471442
3472200
3473117
3473836
3473985
3474202
3474733
3474855
3476140
3476819
3477560
3477739
3478622
3479192
3479692
3479946
3480633
3481462
3485536
3486088
3486962
3487434
3487974
3488228
3488475
3490476
3490974
3491604
3492074
3492987
3494242
3495246
3495416
3496582
3496723
3501728
3502209
3503166
3503438
3504653
3504697
3506443
3507216
3508238
3508288
3511073
3512903
3513610
3514784
3515902
3517062
3517617
3518693
3519192
3519363
3519831
3519980
3520335
3521174
3522026
3522039
3523829
3524338
3525814
3526631
3527409
3528562
3529156
3530567
3532062
3538752
3539743
3540662
3541526
3541892
3543697
3543803
3544461
3546390
3548096
3553864
3554646
3557534
3567031
3570794
3571210
3571642
3574238
3574312
3574878
3576044
3579297
3581711
3582720
3600147
3600547
3600910
3601535
3603242
3604339
3605653
3606465
3607651
3608548
3610750
3611957
3612704
3616697
3620030
3620303
3621284
3622640
3623493
3623899
3624183
3624685
3625068
3626907
3628972
3629256
3630170
3632499
3632639
3633331
3635202
3636650
3636858
3637041
3637245
3637382
3637811
3638036
3639344
3640341
3641009
3641815
3641956
3642046
3642614
3643380
3644749
3645263
3649342
3650021
3650592
3651264
3651353
3652212
3652671
3653183
3656024
3657195
3658350
3658445
3659105
3663804
3665758
3667062
3667915
3668227
3668423
3670764
3675877
3676846
3679120
3679541
3680359
3681234
3682832
3684200
3685825
3686439
3688361
3690618
3690996
3691548
3692357
3693285
3694129
3694567
3695030
3695628
3696725
3697507
3698360
3702334
3702689
3703324
3703705
3703921
3704373
3704842
3705291
3707213
3708226
3708897
3709351
3709867
3710835
3713010
3713581
3714035
3714224
3714604
3719142
3719818
3720376
3723741
3724187
3725362
3727407
3728821
3729536
