2460.642
3093.453
3981.106
5065.92
5828.483
6618.979
7529.593
8132.7
8701.82
9421.24
9922.596
10894.86
12928.37
13666.62
14672.59
15154.25
16117.3
17018.41
17889.28
18404.93
19085.57
20189.43
21872.96
22650.1
23147.43
24409.23
26518.53
27192.35
27608.59
28151.69
29917.77
30927.31
31687.11
32575.98
33415.77
33935.3
34982.76
35930.89
38398.78
39490.13
40754.01
42377.78
42912.1
43931.13
44469.42
45063.3
45656.17
46200.16
46709.38
47423.74
48177.43
49525.98
50877.83
63705.6
64463.29
65009.13
65454.36
67066.76
67710.63
68372.01
68971.56
70041.82
70948.06
72278.51
73265.48
73904.82
74630.98
75398.65
75782.73
76496.55
77580.98
79790.81
80714.55
81585.33
82795.24
83234.44
83729.66
84605.37
85538.64
86176.69
86547.29
87058.74
87533.52
88460.39
89749.87
90647.58
91763.94
93461.96
96154.19
98033.67
99421.49
100250.7
100785.1
101747.8
103880.2
104525.3
105105.6
105702.3
107147.3
108336.1
110557
113198.6
113713.4
114767.2
115253.5
116401.4
117090.2
118059.8
120423.9
122290.4
124068.2
124709.9
125279.1
125703.2
126548
127157.7
128065.4
129952.2
130685.5
131391.9
132005.7
133042.2
150070.8
150917.6
151839.7
152968.9
153903.9
154828.7
155816.8
160275.5
161361
162135.7
163052.3
163840.9
165923.6
167369.5
168471.8
169122.1
171266.1
172449.3
173250.4
174142.5
174653.7
175048.8
175544.4
176162.3
176551.4
177414
180971.8
181784.1
182311.4
183003.5
183595.2
186152.4
187243.8
188455.1
189016.1
190334.9
190991.7
191640.4
192331.4
193854.3
194363.6
196780
198234.5
199111.2
215186.9
215945.8
216919.7
217894.3
219001.4
220277.6
220832.9
221495.9
221991.7
222487.6
223073.9
223680
224393.5
225246
225917.1
227931
229375.2
230297.4
231136.2
234383.3
236635.4
237475.2
238535.3
239739.5
240704
241409.2
246732.3
248644.9
249986.9
252276.7
253589
254406.2
255301.3
255935.9
256938.3
257798.1
258913.4
259455.1
260221.5
261319.6
263261.6
263733
265029.3
265555.8
265983.1
266449.5
267417
267682.8
268391.8
269717.4
270775
271452.8
273545.4
274203.1
274733.9
275567.8
277386.4
278571.9
279683.7
280294.9
281396.7
282239.3
300349.6
301101
302063.2
304483.3
307572.5
308500.2
309114.3
310583.2
311136.8
312051.4
314776.5
315687.1
316680.5
317231.4
317924.4
320202.5
321103.7
322639.6
327656.8
328615.9
329505
330102.2
330649.4
331570.6
332274.8
333556.6
334350
335235.4
336319.4
339106
340087.7
340641.5
341950.5
343781.2
346149.9
348290.1
349574.7
350486.4
364698.3
365314.7
365812.9
366231.8
366881.5
368820.5
369536.1
370148.3
370934.3
372471.2
374876.3
375413
375935
376695.6
377560
378788.6
380985.9
382555.6
383712.5
384598.6
385209.9
385820.4
386850.5
388875.3
389558
390251.3
390743.2
391352.9
392021.3
393086.5
393766.7
394971.7
395921.9
397047.3
397514
398508.2
399113.2
399697.4
401143.4
401869.3
404453.6
405324.1
406203.4
408249.1
409593
411266.2
413166.4
414152
415657
416613.6
417488.2
419610.2
420642.9
421517.3
423366.2
424207.1
424767.4
425437.3
426286.4
427453
428446
429040.4
430377.4
431359.9
432187.1
433070.8
452201.4
454880.5
457613.3
458515.5
461091.6
462359.2
464062.9
464552.3
464566.7
465412.4
466387.6
466821.2
467073.1
467482
468253.5
469325.4
469885
471208.2
472087.6
473682.9
475291.4
476559.2
481986
483133.4
483951.3
484842.7
487924
488609.2
489698.7
490802.8
491704.9
492829.7
493891.9
495461.3
499131.4
500122.6
501524.6
515286.6
517482.6
518237.4
520505.6
522387
523041.9
523654
524628.8
525447.4
526094.1
526913.6
528126.1
531773.2
532701.6
537669.3
538921
540302.5
542003.8
546225.7
547317.5
548164.1
549060.8
550024.7
551159.9
553436.3
556135.4
556995.4
558179.1
559126.5
572033.8
573256.5
574497.2
575365.3
577311.8
579356.7
580519.2
582625.9
603473.1
607332.7
607950.9
608594.5
609043
609497.8
610682.1
611527.3
612233.4
613852.1
614881.6
615410.5
616152.3
617126.3
618261.1
618791.2
619353.8
621656.6
622617.2
625162.3
639808.6
642628.1
644545.4
646448.8
648521.4
649625.4
650823.7
662276.8
662880.6
663859.8
664474
665403.9
666290.8
667711.6
668578.8
669575.1
670506.8
674121
699682.7
703366.3
704367
705336.7
706095.2
706971.8
707678.7
710172.8
711251.5
713958.7
716550.4
719148
720305.3
721276.3
721875
750503.7
753081.2
754400.5
755456.2
757613.9
758567.3
759109.5
759827.3
760576.5
761991.2
762724
763342.5
770172.1
771977.3
773055.9
773856.6
774742.2
775639.3
776817.7
777834.9
778573.1
781496.1
785460.2
786570.6
788017.6
789267.1
789942.3
791544.4
794292.1
794984
795624.9
796837.2
797946.3
798492.4
799240.5
799830.8
805589
813895.3
814585.5
815861.7
816986.4
817642.4
818154.2
818543.1
818974.7
819479.1
821058.6
822172
824090.4
825148.4
826212.7
851241.9
852369.5
853757.2
854705
855294.8
856024.2
860832.7
861744.3
863267.5
864081.4
864752.9
866028.2
866801.5
867612.7
868678.5
870308.7
871170.5
872966.1
873463.1
874321.2
874873
875606.8
876127.7
876590.3
877089.3
877799.1
879058.2
879731.8
881186.6
882026.8
882766.3
900050.8
900712
902184.5
903675.3
905349.3
907222.5
909373.8
910251.6
910901.5
911855.7
912749.1
914567.1
916249.3
916933.8
917802.9
919357.4
919975.5
921360.3
922081.9
923789.8
925208.2
925786.5
926674.4
929026.9
930881.8
933718.6
934973.9
936184.6
937663.6
938402.1
941775.9
942452.3
943137.5
944047.9
945659.3
946769
947384.4
948913.3
949408.3
963457.3
964629.4
965323.7
965836.9
966388.5
967158.7
967790
968267.4
969732.4
971789.9
975043.8
975652.5
976802.3
977306.3
977679
978064.7
978767.4
980785.9
981857.2
983421.5
985710.8
987577.8
989841.6
990973.2
991425.1
992338.2
993529.2
994321.5
995050.7
995879.2
996825.2
997464.7
998751.3
999754.4
1001227
1001845
1002688
1003431
1003928
1004478
1005133
1006214
1007265
1007875
1008356
1008858
1009849
1011535
1012087
1012525
1013394
1014304
1015118
1015655
1016571
1017786
1018357
1019107
1019863
1020445
1021683
1022335
1023716
1024611
1026090
1026751
1028125
1029262
1030471
1031124
1032009
1050236
1051219
1054088
1054962
1057408
1058137
1059278
1061119
1061740
1062419
1063310
1064812
1065510
1066285
1070948
1072869
1074426
1074983
1079034
1080394
1084654
1088562
1089282
1090064
1091391
1092166
1092801
1093944
1095599
1096206
1097359
1097813
1098567
1099074
1100031
1115188
1115790
1116294
1116930
1118077
1118894
1119587
1120306
1120957
1122069
1123312
1124946
1125828
1128316
1129378
1131394
1132295
1133522
1134979
1135562
1140737
1143882
1145548
1147167
1150425
1153374
1154470
1157999
1158752
1159777
1161020
1164966
1166128
1171338
1172033
1173358
1174442
1176578
1180650
1200104
1201803
1202460
1204297
1205074
1206901
1208796
1210016
1210682
1211744
1212863
1213695
1214434
1216190
1218696
1251583
1253003
1255001
1255699
1257860
1259462
1260334
1261459
1263437
1264309
1264939
1265499
1267584
1269078
1270137
1271776
1277690
1278168
1279109
1279955
1281125
1281981
1282521
1283249
1284042
1285891
1287293
1288098
1288909
1291367
1292214
1292858
1292910
1294883
1297576
1299192
1299757
1300683
1301589
1302250
1303931
1305229
1309322
1310774
1311924
1312721
1314376
1314993
1315924
1317468
1319087
1323914
1325125
1325967
1326606
1327273
1328030
1329603
1330470
1331347
1351119
1351925
1352093
1352796
1354175
1355058
1355907
1357588
1358475
1359230
1360269
1360734
1361413
1363182
1363817
1365244
1365883
1366838
1366920
1368257
1369188
1369893
1371394
1372781
1373809
1374761
1374973
1379015
1381057
1381761
1382746
1383502
1384064
1384946
1388797
1389907
1390908
1392687
1396436
1397734
1399457
1414626
1417958
1418550
1419235
1419819
1420496
1421123
1422234
1422756
1423592
1424280
1425596
1426213
1426913
1427718
1428144
1428902
1429388
1430211
1431209
1431974
1434843
1435710
1438590
1440028
1441291
1442462
1464221
1465088
1466587
1467513
1468666
1469175
1469681
1470640
1471425
1472202
1472841
1473688
1474145
1474722
1476505
1477395
1478147
1479237
1481336
1481874
1483021
1500573
1501621
1503014
1503615
1504334
1504854
1505718
1507572
1508380
1510555
1511169
1516546
1517677
1519553
1524536
1524650
1525351
1530081
1531079
1531724
1532591
1533323
1534339
1534360
1535502
1536161
1536890
1538366
1539641
1540272
1541172
1542742
1543880
1544605
1545580
1546001
1546704
1547333
1548107
1548811
1549598
1557288
1564145
1566556
1567254
1567752
1568772
1569793
1570673
1571268
1571804
1572838
1573785
1574213
1574726
1575328
1576093
1576925
1577473
1578291
1579336
1580224
1580895
1581565
1582242
1583649
1584510
1585521
1586119
1586849
1587557
1588583
1589169
1591500
1594336
1595209
1595697
1598274
1598917
1601632
1603800
1604368
1605151
1606083
1607743
1608387
1609130
1619413
1620969
1622161
1623357
1623932
1624926
1626113
1626642
1627779
1629175
1630096
1631086
1631715
1632184
1632695
1660097
1662356
1665026
1665611
1666431
1668911
1670072
1670823
1671610
1672133
1672627
1673401
1673980
1674897
1676187
1678392
1679544
1682330
1683040
1684458
1685327
1686128
1687261
1688387
1695423
1697876
1698558
1699085
1699703
1705660
1709962
1714297
1715002
1715685
1716275
1716636
1717042
1717434
1717794
1718608
1719322
1720530
1721168
1721933
1722601
1723112
1723672
1724551
1726269
1727065
1728459
1729398
1730205
1732238
1732981
1733742
1734835
1735791
1736724
1737837
1740704
1741290
1742266
1743063
1744186
1747946
1760362
1762494
1763044
1764115
1765996
1767078
1770471
1771830
1772754
1773490
1774770
1776667
1778675
1800836
1801538
1802299
1802955
1803602
1805481
1806373
1806829
1808144
1809555
1810741
1812353
1813671
1814373
1815393
1816110
1818270
1819711
1820304
1821023
1822030
1824144
1824745
1825788
1826943
1827765
1828723
1829621
1830610
1831181
1832060
1833060
1833576
1834112
1834613
1835756
1836492
1837480
1838250
1839272
1840013
1841217
1842528
1843373
1844131
1844907
1845722
1847293
1847912
1849021
1850019
1865463
1866120
1866906
1867426
1867956
1868385
1868994
1869644
1870659
1871269
1871830
1872204
1873521
1874499
1875168
1878577
1881148
1882438
1893147
1894156
1897028
1898483
1899085
1901588
1905872
1906326
1907892
1908618
1909207
1910467
1910990
1911902
1912977
1913883
1915064
1915892
1916590
1917192
1918337
1920026
1953006
1954083
1955034
1955597
1956421
1957967
1958440
1961662
1962641
1963855
1964555
1965141
1965642
1966598
1968351
1969584
1970999
1971598
1972323
1973740
1975730
2002431
2004391
2010664
2013979
2014661
2015258
2015781
2016179
2016697
2017418
2018835
2019359
2020219
2020754
2022385
2023414
2024564
2025273
2026476
2027755
2028580
2029132
2029852
2030708
2031399
2033736
2034478
2036088
2036753
2037593
2039868
2041159
2041596
2043720
2044416
2045232
2045962
2046783
2047447
2048098
2048973
2049533
2050231
2050944
2051754
2052664
2053277
2054351
2055101
2056266
2057281
2058769
2061027
2061781
2063160
2063948
2065059
2065748
2066376
2067083
2067967
2069246
2070299
2071545
2073672
2076098
2078371
2079427
2080420
2081080
2081937
2082796
2100328
2100915
2101377
2102044
2103275
2103991
2104581
2105625
2106385
2106993
2108060
2109748
2111410
2112053
2112809
2113326
2114072
2114724
2115154
2115679
2116445
2116855
2118233
2119247
2119748
2120332
2120748
2121134
2121559
2122223
2123928
2124985
2126183
2127119
2128626
2130311
2131163
2131825
2133051
2135030
2137331
2138063
2138685
2140664
2141883
2143020
2143675
2145461
2146264
2149081
2149671
2150551
2159994
2161765
2163874
2164318
2164810
2165557
2166980
2168146
2168762
2170281
2171612
2173052
2173573
2174150
2175628
2176398
2177408
2179615
2180140
2180923
2181608
2182747
2183845
2185460
2186058
2186084
2186716
2187262
2187802
2188294
2189292
2191110
2193686
2194329
2195687
2196544
2197174
2197806
2199227
2201401
2202686
2203339
2205627
2206523
2210890
2212730
2213329
2216264
2216893
2217512
2219324
2220503
2221329
2222660
2223099
2224208
2224850
2225503
2226244
2228327
2230029
2230962
2232686
2264578
2265495
2267646
2268808
2269578
2270868
2271952
2275188
2276184
2277350
2283583
2284409
2285601
2286824
2288882
2290142
2290786
2293645
2296010
2297344
2298134
2299388
2300814
2303301
2304660
2306264
2314638
2334537
2335865
2337265
2338191
2339207
2341387
2343015
2343501
2343639
2343894
2345136
2345920
2346503
2346925
2348609
2349558
2350302
2350891
2351552
2352440
2353991
2354520
2355128
2356511
2357651
2359198
2361477
2362409
2363832
2364831
2365908
2368873
2370273
2375610
2377220
2380827
2381787
2382392
2383316
2401397
2403109
2405969
2407497
2408906
2410633
2412277
2413392
2416168
2419673
2420361
2420673
2421246
2423584
2425008
2425852
2426556
2427666
2429099
2429612
2430412
2435209
2436318
2437174
2438138
2439468
2440282
2441602
2442124
2442657
2443681
2444817
2448910
2450007
2458967
2460578
2461422
2463089
2464383
2464867
2465312
2465782
2466627
2468272
2469230
2469759
2470661
2471691
2473767
2474509
2476718
2480503
2481772
2483050
2483880
2485438
2487355
2488349
2489184
2489849
2490771
2491626
2492419
2492868
2493613
2494058
2494597
2495536
2496348
2497020
2498050
2498603
2499759
2500151
2500737
2501724
2502630
2503351
2504376
2504982
2505038
2505665
2506620
2507274
2508934
2509541
2510505
2512198
2513434
2518444
2523634
2528433
2529161
2529920
2554069
2556118
2557849
2558616
2559547
2560774
2561289
2564881
2567169
2568420
2569775
2571503
2574648
2575262
2575921
2576948
2577582
2578684
2579800
2580413
2580977
2581588
2582835
2583500
2584136
2584802
2585286
2585821
2586832
2590536
2591676
2598375
2599146
2606310
2607836
2608602
2612260
2613140
2613955
2616256
2617160
2618133
2619401
2620240
2620982
2624447
2625163
2626090
2626937
2627617
2628336
2630082
2631977
2632478
2633267
2634529
2635120
2635969
2638461
2642488
2643382
2645926
2646829
2648080
2649229
2651010
2651792
2652504
2653173
2653731
2655789
2656655
2657741
2659559
2660765
2662548
2663667
2664591
2665408
2666116
2667286
2668205
2668702
2670078
2671126
2671686
2672289
2672830
2673862
2674565
2675411
2676291
2677034
2678179
2678868
2679640
2680902
2681665
2682846
2683383
2700061
2703642
2704958
2705680
2706951
2707803
2708506
2709218
2711620
2712281
2712794
2713561
2714335
2715110
2715730
2716716
2716806
2717624
2718103
2719667
2720274
2720951
2721643
2722933
2723660
2724187
2724744
2725333
2725830
2726430
2727203
2727668
2728240
2729285
2729939
2730459
2731686
2732720
2733304
2733873
2734522
2736048
2737663
2738458
2739412
2740114
2741041
2742828
2745224
2747064
2747804
2748430
2749500
2758085
2767042
2768164
2770152
2770690
2771335
2771734
2772183
2772742
2775044
2775588
2776939
2777640
2779039
2779747
2781131
2781760
2782586
2783608
2784550
2784970
2785566
2786122
2787642
2788269
2788907
2791408
2793037
2794129
2796501
2798261
2800976
2801660
2802244
2803960
2804002
2804851
2805858
2806475
2806988
2807164
2808041
2808899
2810884
2811561
2812683
2813351
2817234
2851516
2852802
2853763
2854599
2863835
2865251
2866351
2867082
2867859
2869339
2869958
2870922
2871995
2872854
2874945
2876206
2876929
2877992
2879337
2879858
2880500
2881239
2885181
2885956
2889221
2889816
2890747
2915668
2917523
2918065
2918533
2919183
2919670
2920113
2920604
2921450
2926414
2928328
2928786
2928823
2930248
2931285
2932755
2933426
2934795
2935205
2936030
2936962
2937595
2940135
2940734
2941705
2942409
2943721
2944925
2946527
2947186
2947972
2948707
2951363
2952417
2953115
2953630
2958516
2959333
2961158
2963704
2964258
2966163
2967055
2968121
2969029
2970974
2971578
2972497
2973227
2973924
2975167
2975703
2976386
2977000
2977707
3000405
3001329
3002277
3003349
3004207
3005116
3005808
3007187
3008569
3009361
3010121
3013639
3016376
3017493
3018281
3019549
3022644
3023676
3024533
3026084
3028172
3030479
3031470
3034502
3035854
3037506
3039860
3040861
3041744
3042488
3043745
3044268
3044935
3045606
3046337
3047160
3047896
3048550
3049160
3050375
3063221
3064314
3065211
3066300
3066959
3067882
3069137
3069903
3070396
3071255
3072775
3073402
3074214
3075889
3076826
3077488
3078299
3079147
3079764
3080230
3080872
3082022
3082810
3083453
3083590
3084039
3084582
3085113
3086354
3088059
3089510
3090532
3092320
3093208
3097194
3099670
3100462
3101290
3102371
3102892
3103571
3104184
3105358
3106274
3107111
3107960
3109359
3110698
3111482
3112582
3113324
3114338
3115063
3115755
3118841
3120428
3123011
3124425
3126244
3126892
3127508
3151699
3151753
3155069
3157069
3157754
3158548
3159188
3159908
3160461
3162321
3164852
3166275
3166927
3167911
3168748
3170046
3171510
3172164
3172827
3173659
3174999
3177124
3178187
3179408
3180779
3181342
3181965
3182901
3183327
3183871
3184836
3185590
3187152
3188492
3189538
3192520
3193227
3194313
3195587
3197099
3197841
3198796
3203436
3207281
3213925
3214678
3216030
3216596
3217377
3220068
3221588
3222389
3223377
3224300
3225129
3225852
3227056
3227835
3228659
3230348
3231201
3231903
3232353
3233177
3233633
3234628
3235391
3236827
3237532
3238370
3239192
3240424
3242203
3242697
3243878
3244949
3245949
3247025
3247433
3248457
3250230
3254571
3257272
3258441
3259613
3264279
3275505
3279084
3280043
3281070
3282774
3301816
3305223
3306159
3307295
3319278
3320494
3322337
3324451
3325381
3328439
3329421
3333780
3334941
3336038
3340587
3351009
3353405
3355083
3364747
3365540
3368152
3369436
3370616
3373533
3374436
3375253
3376102
3376787
3377492
3378166
3380685
3381510
3383464
3384044
3384635
3388618
3390397
3391359
3397108
3398820
3401025
3403332
3407751
3409136
3410088
3412143
3418022
3419176
3420083
3420671
3421471
3422277
3423266
3424204
3425762
3429074
3430482
3431000
3431717
3458639
3460020
3460980
3461634
3463324
3465124
3465697
3467158
3468177
3469779
3470467
3471666
3473696
3475674
3476593
3477427
3477601
3478900
3481294
3481932
3482727
3484079
3485219
3487526
3489149
3490198
3490738
3491471
3492990
3495328
3497449
3498106
3498682
3499336
3500956
3515569
3516295
3516790
3517345
3518240
3518824
3519847
3521665
3522495
3523452
3523799
3524607
3525191
3525622
3526253
3526895
3527508
3527979
3528652
3529089
3529829
3531100
3532596
3533229
3534090
3534946
3535803
3537692
3538392
3539109
3539612
3540479
3542849
3543409
3544068
3544823
3547566
3551561
3552713
3553434
3555431
3558005
3559003
3559716
3560428
3561227
3561892
3562740
3563478
3565693
3566592
3567924
3568464
3568958
3569749
3569868
3571018
3572981
3573773
3574464
3575009
3575730
3579238
3580185
3580843
3581567
3582268
3620688
3628286
3630978
3633474
3634930
3635512
3637473
3641136
3641986
3643920
3644872
3645611
3646263
3649670
3664607
3666293
3687333
3693209
3693726
3694336
3694954
3695754
3696263
3697365
3698744
3700144
3701335
3706178
