1548.307
2395.328
3232.281
5859.395
6327.336
8382.115
9232.307
9803.068
10215.89
10721.15
11070.9
11586.65
11793.06
13026.14
14272.07
15142.46
15739.59
17087.93
18005.15
20105.05
21511.37
22344.64
22667.07
24514.69
25432.36
25792.05
26032.89
26412.32
26929.74
27498.28
27883.95
31480.41
32213.81
32318
33837.12
34109.6
34367.34
34905.45
35631.55
35779.41
37250.97
38579.79
41510.62
41912.36
42302.54
42515.79
44298.71
45779.75
48270.71
49786.93
50700.51
51875.66
51988.52
52395.04
52669.54
52745.48
52980.8
54586.57
55202.92
55316.37
56737.58
58816.29
60549.19
63337.21
63755.47
65411.97
66432.92
69269.06
69342.92
69355.33
69936.36
70122.28
70158.56
71081.38
71698.93
72142.22
72675.12
74027.49
74780.39
75459.28
75832.92
77120.68
77455.38
77675.91
78690.3
79525.6
83539.33
84319.25
84768.18
85485.82
85829.19
87036.75
87721.46
88642.06
88859.49
89155.23
90145.6
90297.82
92503.95
92947.56
93526.63
94004.36
94846.85
97095.8
98038.94
98450.45
100797.5
102077.4
102390.1
103229.7
104275.4
105109.7
105944.4
105951.3
106630.6
108011.6
108040
108641.6
109720.1
109913.6
110171.5
110414.6
110842.6
110859.4
111485.4
111945.1
111961.4
112657.2
117029.2
117537.2
118211.4
120166.2
120705.3
121611.6
124654.8
125166.5
126030.5
129054.4
129059.7
130164
131482.2
131923.7
132528.4
133480
150930.2
151952.5
152909.2
154329.2
155815.1
156498.3
156872.8
156929.3
157329.4
158999.4
159567.5
160434.7
161925.2
162797.2
163365.5
163843.1
164749.6
165104.6
165772
166529.1
166674.3
167658.1
168273.5
169290.6
170011.4
170747.5
174467.3
176265.1
178201.1
178458.2
178887.3
179505.2
180548.7
181028.1
181445
181672
181904.3
182311
182325.4
182413.6
182716.7
183211.4
183268.6
183760.7
184222.2
184234.4
184838.3
184931.3
185377.5
186052.1
186352.6
186697.2
187121.6
187173.2
189626.5
191510.6
192263.8
193185.1
193491.3
198062.5
200432.9
206902.5
206989.4
208214.8
210620.3
212179.1
212492.3
212898.3
214081
216600.2
216994.7
218037
220986.7
221085.7
221388
222242.4
222552.8
223227.8
224908.8
225803.2
226935.4
227497.5
227602.3
228299.2
229133.2
231232.8
231883.8
231969.6
232660.4
235745.6
236397.7
237484.5
237799.7
237929.5
237963
238293.4
240726
241497.4
242160.6
244822.6
249566.6
250039.1
252041.9
252924.4
254068.5
258785.6
259166.3
259517.8
260221
260510.9
261134.6
261287.5
262212.6
262614.6
266219.5
267285.4
268581.1
270140.3
271484.1
274050.3
276547
277241.4
277952.1
278130.5
278400.8
279033.8
281336.9
281664.2
282261.5
282641.3
300724.3
303726.7
305000
306851.1
307432.4
308218.2
308350.7
310263.4
312821.3
313501.4
313945.6
315206.1
317021.3
321570.5
322510.7
323828.8
324276
324516.8
324605.7
325517.2
327387.4
327736.3
328099.2
328505.2
330074
330206
330545.4
330774.9
331091.1
331261.4
332169.7
332932.7
333535.5
335006.5
335177.8
336060.1
336189.7
338848.5
340179
340404.7
340955.4
342068.2
342913.7
343985.6
345588.4
347407.4
347730.5
350828.3
350933.6
352541.7
355886.9
356664.4
357031.4
357703.4
357913.9
359249.7
360984.5
364251
365417.7
368466.9
373235.4
373754.1
374311.4
374829
375146.5
376621.5
378324.1
378959.6
379100.3
379543.5
380502.4
380645
381315.7
382683.5
383533.6
384072.3
386819.5
388352.7
388625.7
389272.5
389285.8
389776.5
390103.9
390257
391209.2
391463.7
393292.2
394340.2
394813.2
397046.4
397438
398219.5
399347
400802.9
401817.9
401831.5
402160
402866.3
403228.7
405129.4
407992.4
408594.8
408753.4
409502.3
409513.7
410882
413956.5
415009
417240.4
419354.8
419729.9
420322.1
422923.7
423319.5
423476.6
424297.7
425080.5
428825.2
429620.4
430185.4
432888
432992.2
451544.7
451723.5
453333.5
453425.1
455438.4
456198
457218.1
457938.7
458544
458624.7
458661.3
460327.6
461246.6
462204.5
462582.9
463222.5
464249.2
464918.9
466265
468925.8
469043
469738.3
469844.8
470416.7
471079.7
471184.2
472667.6
478254.9
480718.5
482884.6
485676
486443.8
487592.8
490619.1
491682.7
492249
492672.8
492715.8
492852.6
493184.9
493870.9
494955
495630.9
496622.6
497587.8
498027.2
499107.2
500972.4
501575.8
504187.8
504893.8
507181.1
507398.1
508415.1
512481.9
513248.6
514725.2
516395.5
517779.1
518362.7
518538.7
518918.2
519870.4
521734.6
523086.7
524383.9
525171.3
526206.1
529627.6
531149.2
532467
533251.6
533967.8
536209.3
536621.2
536813.3
537277.1
537377.9
537933.3
538012.9
539039.4
539782.5
540734.3
540810.2
540973.6
541322
541440.3
542154.6
542638.4
542908.4
543210
543785.5
547271.1
547803.8
549108.9
549653.7
550866.9
551196.1
552703.8
553296.5
553708.4
557493.7
558234.5
558538.9
559583.4
560094
560681.7
561616
562004.5
562124.6
562616.6
564159.9
564942.4
566502.6
567578.5
568114.7
568839.5
569623.2
570303.9
570429.4
571222.4
571839.4
572811.2
573108.1
573430.5
574098.8
576009.5
576771.1
577168.1
577302.5
578105.8
578190.7
578777.1
578817.1
579253
579870.8
580462.9
580499.1
580941
581165.9
581393.9
581790.5
582181.8
600982
602276.2
603321.6
605912.2
606696.7
610431.3
610862.2
612787.7
613021.6
613409
614129.4
614434.2
615169
616090
616097.7
617075.6
617467.4
617965.3
618168.7
619141.4
619902.2
620754
621467.8
621666.3
622201.9
622894.7
623941.6
625191.4
626183.5
626477.5
626830.3
627096.6
627605.1
627751.5
628170.5
628754.8
629169.1
630020.6
630981.2
631665.1
631987.1
632583.8
634642.8
634821.2
635143.2
635701.8
636581.2
637165.1
637916.7
639560.4
640129.5
640470.9
640575
641148.7
641404.7
642263.9
644948.5
645305.2
645924.3
651987.9
653491.4
654145.5
654913.7
655559.6
656965.5
657056.3
657337.4
658768.4
662150.7
662904.6
666072.9
666765.6
667239.9
668134.8
669233.8
671022.3
672155.7
674153.7
674379.3
674776.8
674936.2
675795.9
675931.6
676456.8
677410.7
678069.1
679174.8
679351
679877.5
679967
680386.7
680468.8
682811.9
683025.5
683554.3
684612.5
685257.4
686014.4
687128.7
688296.3
688361.5
688917.8
689329.8
689622.5
689760.5
690477.5
691389.5
692116.6
693534.6
695111.5
696370.5
696873.3
697160.8
697500.6
697619.8
698230
698291.8
698957.7
699217.5
699405.1
699950.5
700444.6
700486.3
700866.1
701572.1
702684
705062.6
707537.5
708556.9
711068.6
712203
712898
713088
713096.5
713243.7
714169.7
714704
715775.5
716936
719450.4
720956.5
721434
722307.7
722485.9
722979.2
723250.4
724263.6
725355.2
725669
727538.7
729668.2
732207.4
732245.2
750607.1
750903.7
752248
753012.2
754009
755681.6
756056.6
756140.4
760818.5
761762.3
762648.8
764140.6
764857.2
765264.3
765438.2
766029.8
766504.1
768244.7
769003
769745.5
771616.7
772135
772168.2
772689.6
773396.2
774160.3
776023.8
776839.9
776883.5
778030.6
778569.7
778704.7
779296.8
779759.5
780493.5
782042.1
782089.5
782932.9
783581.4
783887.4
784774.8
784867.6
786195.2
787055.2
792772.7
794109.4
795110.6
795155.6
795834.9
795844.7
796449
797071.6
798324.8
798335.8
800082
800568.5
803579.2
804520.7
806228.5
809743.9
810695.6
810784.3
811409.1
811654.8
812741.1
813466.9
813636.3
814283.5
814869.1
821671.1
822538.7
823069.6
823924.3
824560.4
824753.5
825135.3
825735.8
825776.2
826963.4
828042.9
828324.3
828823.7
829318.4
829736.8
833837
834700.6
835108.6
835682.8
837104.2
837749.5
838408.8
838893.9
839317.2
840050.5
840235.8
840821.1
840831.7
842320.5
842792
842826.8
844348.1
845907.5
847047.2
848469.8
848709.1
852577.3
854035.9
854590.9
855110.2
855288.8
856059.6
856288.4
856524.3
856929.3
857234.1
857357.5
857441.1
861174.4
861593.1
862049.3
862608
863484.9
865442.3
869360
869693.4
870224.7
871108.3
871753.7
872106.8
872359.1
872940.9
873005.1
873602.6
874325.2
874716.7
874810.1
874949.9
875232.7
875358.2
875939.5
875984.2
875999.8
877212.4
878398.3
878529
878905.4
879675.1
879940.3
880921.2
881356
882020.2
882135.6
882401
882436.5
883775.6
900203.8
900854.5
900873.8
901631.2
902033.8
902621.8
903004.4
903687.8
904908.7
905379.8
905596.8
906854.2
907664.2
908438.5
909457.5
909656.1
910186.5
910367.7
911150.5
911388.5
911698.4
912386.2
914261.7
915282.3
916520.5
917426.9
918826.4
919792.6
920190.2
920297.9
921945.4
922594.9
922831
923036.6
923403.2
924144.9
925292.7
925535.6
925893.3
926243.1
926710.9
926830.8
927239
927657.5
927683.2
928136.4
928407.6
928917.1
929864.8
930921.7
931898.2
933757.2
934479.9
934970.4
937685.3
937706
938243.3
939239.6
940600.7
942098.3
943370.7
943734.5
943744.4
944321.5
944611.1
948353.4
948781.5
950075.9
951003.4
966008.9
967363.5
967966.2
968137.2
969689.2
970734.9
970940.5
971623.4
972447.5
973384.2
974640.5
975516.7
975845.2
976735.4
977796.2
978248.2
978663.4
978751.5
979492.7
980569.2
981242.5
981426.2
983831.9
984413.9
985735.6
987953.4
989220.4
989834.7
990148.5
992227.5
992554.5
993908.7
994978.8
996107.7
996762.5
997155.4
997705.9
998235.6
998898.6
999737.5
999744.6
1000016
1000229
1000580
1001046
1001227
1001947
1004283
1005099
1005143
1005439
1006540
1007199
1008083
1009121
1009372
1010178
1010235
1014722
1017709
1020196
1021531
1022295
1023203
1027974
1031106
1031643
1032060
1050054
1050169
1051382
1052362
1052438
1054768
1056237
1057524
1059088
1060447
1061553
1061684
1062217
1064358
1065459
1065681
1065934
1066204
1067013
1067533
1068588
1069539
1070997
1075097
1076550
1078540
1079085
1079747
1080024
1081830
1082567
1084309
1085037
1086822
1086933
1089598
1090032
1091238
1097191
1099193
1100833
1100992
1102159
1102689
1103973
1104540
1105571
1105888
1106591
1107292
1110093
1110796
1113053
1113899
1115433
1117087
1117623
1118071
1119179
1119645
1119782
1120360
1122357
1123487
1124794
1125495
1127036
1127253
1128907
1129601
1129688
1130405
1130596
1130984
1132449
1132640
1135048
1135333
1135684
1136205
1136259
1136753
1137731
1138467
1138612
1138917
1139636
1140778
1140935
1141426
1142425
1144185
1147172
1147393
1148208
1149423
1150415
1150944
1154251
1155934
1158808
1161474
1161723
1161806
1162260
1162434
1162641
1163742
1164565
1165390
1172379
1174906
1175509
1176498
1177587
1178478
1179257
1179447
1179798
1180351
1180843
1181346
1182180
1183835
1203776
1205040
1205607
1206906
1209336
1210834
1212305
1212805
1213078
1213337
1214043
1214358
1214552
1214874
1215066
1215500
1216056
1216369
1216644
1216865
1219663
1223029
1224066
1224470
1224755
1227430
1228213
1230006
1230176
1231447
1233779
1233940
1234769
1234813
1235457
1235618
1236044
1237146
1238053
1238850
1239482
1239911
1240746
1241611
1243297
1244233
1245693
1246031
1246724
1247262
1247528
1249548
1250252
1251711
1253387
1254095
1255394
1258141
1259192
1260178
1262871
1265426
1266544
1268138
1268260
1268842
1270429
1271382
1272501
1273056
1274639
1275782
1276584
1276782
1277029
1277108
1277588
1277896
1278955
1280137
1283113
1284483
1284850
1285126
1285334
1287686
1291988
1293068
1294016
1294531
1295042
1295464
1295853
1296149
1296764
1301759
1304650
1305456
1306692
1306745
1307203
1307365
1308707
1309356
1311371
1311788
1317236
1317832
1318074
1318459
1322673
1323166
1323624
1324666
1325383
1325411
1326297
1327530
1328655
1329522
1331087
1331850
1332100
1332345
1332596
1332733
1354206
1356051
1356829
1357260
1359164
1360636
1363161
1364167
1365082
1365586
1365949
1366337
1367051
1367993
1368388
1368574
1369330
1369331
1371556
1373819
1374749
1375778
1376350
1376583
1377088
1377462
1377859
1378205
1379209
1379802
1379880
1380253
1381862
1383654
1383974
1384547
1384896
1385159
1385221
1385507
1386125
1386133
1386945
1388110
1389921
1391586
1392163
1394135
1394434
1396387
1397390
1397853
1399349
1400280
1400690
1401839
1403226
1404143
1406629
1407812
1410789
1416175
1416868
1416927
1417039
1417774
1418036
1419072
1420076
1420611
1420757
1421303
1421826
1425030
1426293
1427590
1428587
1429179
1429529
1430108
1430604
1430726
1430956
1431071
1431494
1431584
1432160
1432217
1432292
1432928
1433402
1435638
1436216
1437179
1447655
1448219
1448644
1448999
1450989
1451827
1452204
1457737
1459847
1460515
1461738
1462009
1462095
1462945
1463171
1464018
1464480
1465070
1465642
1466109
1466580
1467094
1467716
1468578
1469324
1470267
1471004
1471904
1472526
1473653
1474504
1476482
1476746
1477372
1477831
1478003
1478604
1478796
1479536
1479675
1481782
1481841
1482391
1500666
1503531
1504148
1505026
1506327
1507489
1510080
1510680
1511209
1511623
1512231
1512822
1513317
1513868
1514496
1515360
1516074
1516685
1517138
1517577
1517941
1518310
1518739
1519658
1520087
1522397
1524605
1524974
1526010
1531574
1532497
1533961
1533966
1534716
1537104
1538693
1539068
1539476
1541225
1541957
1543211
1543385
1543744
1543973
1544788
1545327
1545946
1546769
1547236
1547983
1548542
1548847
1549559
1550100
1550815
1550850
1551358
1553222
1555074
1557575
1562251
1562890
1563924
1565170
1567174
1568317
1568902
1569460
1570390
1571496
1571666
1572549
1572934
1574306
1578620
1578925
1580162
1581139
1582178
1582919
1583508
1585550
1587480
1588330
1588818
1589701
1592229
1595609
1596224
1596596
1597767
1598100
1599124
1599822
1602528
1602642
1604092
1606871
1608291
1608817
1609167
1609692
1610239
1610361
1610665
1611161
1611735
1612262
1612474
1613164
1613621
1614021
1614100
1614155
1615328
1616418
1617051
1617841
1620133
1621677
1622264
1622536
1623244
1623710
1624740
1624866
1625736
1626266
1626944
1627426
1627592
1628347
1628639
1629039
1629461
1629767
1630342
1631608
1632971
1633101
1633816
1650492
1650508
1651078
1651441
1652292
1654931
1655290
1655960
1656238
1656810
1657441
1658105
1658608
1659355
1660508
1660881
1661643
1661694
1662221
1662275
1662794
1663377
1663525
1664363
1664895
1665386
1665478
1666451
1667341
1667620
1668708
1669381
1669447
1670291
1670757
1670980
1671452
1671620
1671664
1671773
1672017
1672352
1673085
1673168
1673721
1673841
1674677
1674826
1675534
1676157
1676198
1677142
1677363
1677855
1678220
1678613
1679116
1679488
1679914
1680224
1680475
1680898
1681311
1682185
1682631
1683122
1683526
1684063
1684718
1685026
1686450
1687534
1688188
1688475
1690407
1691165
1691692
1692017
1692324
1693467
1696731
1696998
1697406
1697841
1698825
1698847
1699632
1700952
1701783
1702128
1702691
1702794
1711048
1714230
1714931
1717483
1717651
1718458
1719779
1721179
1721208
1721248
1721896
1722256
1722915
1722967
1723625
1723865
1724000
1724529
1730657
1731975
1739652
1741049
1741678
1742945
1743891
1744179
1744969
1745046
1745280
1745820
1745875
1746351
1748676
1751618
1752703
1753608
1753626
1754258
1754435
1754950
1755841
1756647
1757122
1757255
1758272
1759096
1759360
1759741
1760926
1761470
1762184
1762392
1763229
1764624
1765962
1766664
1769624
1770646
1773239
1773382
1777271
1778161
1779081
1780092
1781184
1781949
1783001
1783184
1783422
1801324
1802485
1803241
1804508
1805450
1806105
1808718
1809109
1809794
1813893
1815035
1816065
1817926
1818143
1818914
1819531
1822913
1823571
1824012
1824038
1825411
1827695
1837356
1837888
1840930
1841831
1842409
1843624
1844587
1845020
1845116
1845646
1846202
1846697
1850794
1851109
1858484
1859458
1861939
1865354
1866361
1868541
1869019
1872162
1872168
1873659
1874923
1874933
1876185
1877120
1878187
1878946
1879595
1880156
1880286
1881004
1881444
1882339
1883696
1884122
1885927
1886456
1886559
1887169
1888697
1890272
1891007
1891661
1892295
1892619
1892640
1893027
1893609
1893710
1894598
1895080
1895438
1895558
1895656
1896205
1896429
1897120
1897761
1898655
1901740
1902511
1903038
1903094
1903642
1904260
1904321
1905879
1906355
1906932
1907022
1907364
1907963
1908366
1908910
1909828
1910592
1911274
1911996
1912022
1912077
1912546
1914332
1918047
1918773
1919453
1920413
1921222
1922231
1922726
1923132
1924070
1924781
1924816
1925604
1928111
1928553
1929712
1932089
1950329
1951284
1951933
1952919
1953441
1954020
1954652
1955060
1955774
1956896
1957697
1958350
1958359
1959217
1960138
1960594
1960709
1961578
1961774
1962524
1965140
1965149
1965568
1966167
1966322
1966853
1967235
1967951
1968005
1968563
1968808
1969486
1969772
1970877
1971350
1971730
1973322
1975564
1975677
1977090
1982118
1982798
1983423
1984881
1985964
1987365
1987981
1988791
1990321
1990764
1991575
1993990
1996794
1997473
1998120
1998413
1998688
1999434
1999518
2000100
2000830
2006742
2011640
2012221
2013047
2013136
2013612
2013764
2014408
2015440
2016750
2016953
2018396
2019052
2020443
2021497
2021988
2022260
2024413
2025947
2027022
2030675
2030927
2031633
2031712
2033151
2033248
2033359
2033799
2034218
2034916
2035579
2035756
2036321
2036496
2036983
2037284
2037452
2038000
2038028
2038154
2038562
2038581
2038990
2039562
2040787
2040896
2041421
2048336
2050929
2051113
2051414
2051764
2052380
2053922
2055700
2056788
2057589
2058971
2059603
2060971
2061353
2062842
2063017
2063504
2063883
2064320
2065811
2066121
2066415
2067560
2067749
2068338
2068528
2069025
2069718
2070054
2070583
2070921
2071517
2071930
2072360
2072594
2074022
2074494
2074848
2075057
2075775
2076140
2076743
2078572
2079380
2079582
2080377
2082991
2101311
2101346
2102704
2102787
2102871
2104527
2106350
2107898
2109692
2110019
2110376
2111017
2111884
2111989
2113452
2114510
2115451
2116220
2117821
2119274
2119668
2120282
2120540
2120913
2120935
2121402
2122104
2122374
2122394
2122716
2123170
2123736
2127547
2128400
2129310
2131725
2134425
2135283
2136721
2136827
2137469
2139120
2139343
2141269
2145545
2147832
2148065
2148928
2151378
2151911
2153134
2154949
2155429
2157317
2170355
2170868
2171288
2171385
2172780
2173628
2173953
2175252
2176061
2176522
2176576
2177028
2177512
2178340
2178534
2179128
2179403
2179718
2180160
2182207
2183373
2184229
2184278
2184852
2185539
2186449
2186811
2187286
2187741
2188403
2189779
2191665
2196626
2198231
2199185
2200033
2200511
2201371
2207892
2210372
2211122
2211851
2212472
2213825
2215201
2216580
2217091
2217932
2218094
2218310
2218665
2218926
2220182
2221091
2224475
2225426
2229333
2230826
2232315
2232847
2252550
2253932
2254432
2257735
2259930
2260686
2261090
2261192
2261332
2262209
2262432
2263064
2265328
2269014
2269214
2269561
2269767
2271119
2271929
2272868
2273471
2276001
2278140
2278317
2279318
2280457
2281126
2281617
2281800
2282775
2283100
2283260
2283912
2289609
2292742
2293885
2294590
2296601
2297533
2298328
2299009
2299445
2301940
2302779
2303187
2303631
2304145
2304205
2305500
2310347
2311008
2311838
2312461
2313085
2317879
2319257
2319832
2320250
2320624
2321061
2321490
2322308
2323599
2324988
2325416
2326480
2326893
2327333
2330164
2330864
2331114
2331820
2332178
2335178
2336668
2337007
2338035
2338603
2338760
2339387
2339793
2342108
2342616
2342749
2345593
2347446
2347814
2348280
2348672
2349176
2349256
2349939
2349978
2351656
2354173
2356519
2358294
2360510
2362771
2363159
2363745
2364457
2366041
2366520
2366643
2367606
2367688
2370176
2371658
2373659
2374703
2375159
2375834
2376364
2376730
2377429
2378259
2378286
2378623
2379354
2380615
2383468
2400950
2401472
2402146
2402602
2406606
2407261
2407916
2408569
2408892
2408999
2409507
2409513
2409567
2409977
2409997
2410374
2410682
2410987
2411997
2413168
2416237
2416513
2416921
2417437
2418168
2418275
2418870
2419064
2419581
2420258
2420734
2421773
2422038
2422496
2422760
2422885
2423249
2423773
2424308
2424842
2426080
2426423
2426554
2427082
2427402
2428806
2429244
2431229
2432290
2432421
2432881
2433594
2433771
2435048
2435135
2436207
2440044
2440313
2441295
2441411
2441914
2442239
2442518
2442970
2443237
2443420
2444414
2444462
2456082
2456659
2457287
2458899
2460445
2461559
2463671
2464246
2474651
2478787
2481574
2483327
2485005
2485548
2485783
2486173
2486455
2486815
2487833
2488079
2488764
2489318
2489884
2490529
2491726
2491820
2492409
2493660
2494776
2495750
2497166
2497461
2497619
2498411
2501160
2501545
2503482
2503898
2504447
2505346
2506183
2510874
2512426
2513233
2516405
2517710
2517735
2520037
2522041
2522325
2523630
2524652
2525241
2526307
2529030
2529695
2550551
2550585
2552674
2554468
2555372
2556240
2556883
2557305
2558725
2559957
2560563
2561697
2562082
2562215
2562693
2563350
2565120
2565548
2566618
2567590
2568914
2570564
2570936
2571004
2571548
2572308
2573144
2574001
2577363
2580440
2582239
2582250
2583011
2583702
2584526
2586234
2588569
2590107
2590731
2591095
2591636
2592419
2592954
2593378
2594393
2594843
2596524
2596941
2597630
2597749
2598998
2599308
2599776
2601020
2604390
2605193
2605864
2610517
2611289
2618049
2618481
2619244
2620938
2621321
2621645
2622421
2622514
2629928
2630887
2631496
2632114
2632635
2634140
2635125
2636794
2636834
2637522
2639032
2639479
2640089
2644428
2649722
2650865
2651908
2652478
2652659
2653087
2653474
2653866
2654525
2654712
2655592
2656316
2656493
2656768
2657921
2657936
2658765
2659615
2660209
2660543
2660620
2660801
2661128
2661262
2661795
2662910
2663220
2664144
2664541
2664703
2665950
2668675
2670819
2671588
2672788
2676214
2677438
2679041
2680088
2703018
2706572
2708993
2711198
2712134
2712835
2719046
2719769
2722355
2722843
2723143
2723667
2724184
2724714
2725195
2725712
2725966
2726476
2726888
2727679
2728492
2729245
2729786
2730623
2731378
2731519
2732102
2732773
2733314
2734617
2736176
2738500
2744889
2745743
2746219
2746574
2747132
2747707
2748687
2749778
2750434
2750974
2751710
2752177
2753466
2754925
2756602
2759257
2759562
2760013
2760143
2760492
2761320
2761399
2761681
2762273
2763216
2763926
2764984
2766539
2767188
2767649
2768419
2769699
2770432
2771269
2773933
2774780
2776386
2776892
2777669
2778748
2779455
2779564
2780205
2780752
2781309
2782447
2782530
2786224
2786426
2787789
2788893
2789421
2789490
2789996
2790316
2791041
2791208
2791967
2793134
2799686
2800808
2801230
2801400
2801755
2801950
2802552
2803972
2810649
2814645
2815317
2815736
2816238
2817478
2818989
2820205
2820669
2820880
2821809
2823942
2824656
2824942
2826590
2829199
2829671
2830082
2830738
2831368
2832866
2833240
2851598
2853115
2854393
2856393
2857318
2857649
2858190
2858859
2858880
2859268
2859344
2859904
2860257
2860632
2860853
2861058
2861068
2861139
2862118
2862652
2863202
2863581
2864509
2866267
2866466
2867867
2868501
2868909
2869523
2870100
2870279
2871505
2872337
2874766
2875863
2876017
2876376
2878030
2880374
2880914
2881159
2881703
2884601
2885551
2888468
2889062
2890268
2890844
2890952
2891472
2891958
2892128
2893563
2894605
2894968
2899436
2899762
2900046
2900567
2901187
2902057
2905840
2907761
2908564
2909413
2910634
2914926
2915782
2916874
2917804
2917992
2919636
2923798
2924412
2925167
2926505
2926825
2926934
2927417
2927696
2931226
2932295
2932855
2933542
2935358
2937873
2937987
2938212
2938556
2941318
2945571
2946189
2946329
2946806
2947091
2947714
2948096
2948218
2948308
2949076
2949708
2950394
2950823
2951016
2951542
2951664
2953801
2953832
2954449
2955357
2955645
2956228
2957280
2961196
2961997
2962198
2962714
2962791
2962993
2963602
2963818
2964079
2964421
2964843
2966165
2966767
2966906
2966965
2967436
2967515
2968277
2968844
2970117
2971606
2972535
2973712
2974277
2974299
2974941
2975258
2975559
2975910
2976314
2976387
2977832
2977985
2978629
2982051
2982494
2983262
3001404
3002731
3003014
3003421
3005630
3006031
3006895
3006962
3008327
3008554
3009114
3013807
3016033
3016415
3017438
3018395
3019125
3020670
3021453
3021808
3022365
3023781
3023877
3026310
3027794
3028737
3029057
3030329
3032330
3033202
3033419
3034529
3035244
3035840
3036061
3036543
3036599
3037044
3037826
3038039
3038640
3039201
3039820
3041118
3041718
3042795
3045129
3045484
3047220
3052142
3054457
3054627
3055093
3055221
3055395
3056265
3056934
3060682
3067899
3068450
3068922
3068994
3069617
3070443
3070699
3071469
3072447
3072621
3073323
3073532
3073589
3073791
3074273
3074766
3075013
3075325
3075592
3075701
3076158
3076510
3076863
3077042
3077262
3077546
3077637
3077881
3078112
3078393
3078675
3078920
3079302
3079836
3081856
3082725
3085261
3085455
3086099
3086899
3087480
3088141
3089178
3089471
3091483
3094015
3094050
3095116
3097291
3098187
3101087
3101305
3102982
3103081
3104019
3104292
3105250
3106474
3107875
3109131
3109800
3110176
3110592
3110914
3111774
3115194
3115800
3116174
3116631
3116955
3117300
3117397
3117731
3118026
3118518
3118600
3119134
3119574
3126911
3132208
3132416
3132432
3132824
3151073
3151804
3152205
3152378
3152984
3157766
3157879
3158514
3164584
3164759
3166019
3166633
3166686
3167172
3168063
3169008
3169397
3170906
3171748
3171974
3173724
3174253
3174648
3174778
3175461
3177295
3177460
3178706
3180862
3182392
3192253
3192732
3192953
3193249
3194088
3194923
3195478
3195715
3196279
3196800
3197688
3198681
3200008
3201004
3202946
3203628
3203929
3204032
3206534
3210518
3214579
3216115
3217241
3217362
3219073
3219528
3219783
3220213
3220629
3221393
3221669
3221948
3221986
3222025
3222336
3222643
3223497
3223561
3224838
3225041
3225364
3225379
3225656
3226176
3226884
3228192
3228627
3229193
3231070
3231271
3232392
3235444
3238451
3240547
3241290
3242582
3244963
3245552
3245677
3246607
3248291
3249423
3249598
3250511
3251245
3252500
3253586
3254194
3254898
3255516
3255916
3256545
3256741
3257782
3258485
3258631
3258900
3259050
3261146
3261302
3262041
3262489
3262904
3262919
3263027
3263374
3263926
3265313
3266211
3266946
3267374
3267930
3268061
3268579
3269257
3271526
3272961
3275961
3276761
3277091
3277178
3279461
3280504
3280801
3281950
3282124
3300360
3300406
3302593
3303514
3304495
3304774
3305965
3306077
3306898
3308387
3308909
3309536
3310513
3312363
3313178
3314079
3315144
3316406
3316646
3317058
3317947
3318582
3319478
3320987
3322499
3323525
3324655
3324889
3327640
3328979
3331102
3333063
3333649
3333947
3334444
3334688
3336210
3337942
3338754
3339135
3339316
3340245
3340549
3341245
3341275
3342741
3343494
3344313
3345270
3346198
3346549
3347246
3347316
3347998
3348097
3348492
3350731
3351576
3351757
3353676
3363698
3365236
3373775
3374357
3375327
3375412
3375858
3376216
3376856
3379494
3379839
3380280
3380312
3381051
3382171
3384427
3389961
3393235
3394870
3396223
3398891
3402993
3406976
3407028
3408523
3410571
3411159
3412024
3412580
3413193
3414294
3414319
3415049
3416160
3417338
3417384
3418024
3419002
3419234
3419620
3419924
3421005
3421387
3421824
3423037
3424695
3429169
3429865
3430464
3431091
3432099
3453580
3454191
3455109
3455515
3457894
3459325
3460795
3461610
3462716
3464069
3465320
3465568
3466941
3467292
3467723
3469015
3469185
3469295
3471975
3472626
3474342
3474851
3475339
3476174
3477154
3478933
3481096
3481885
3483368
3483813
3483929
3485430
3487103
3487212
3487285
3488409
3488637
3496619
3498101
3498772
3499577
3500158
3501091
3502719
3503332
3510055
3511683
3513631
3514344
3515315
3516729
3517329
3517908
3519153
3520618
3521135
3524912
3529182
3529552
3529718
3531982
3535391
3535652
3535925
3536623
3536924
3537413
3538254
3538573
3540123
3540142
3541099
3541953
3546122
3546717
3547976
3548736
3549267
3549730
3553273
3555140
3558377
3559253
3560041
3560488
3561091
3561157
3561914
3562073
3562816
3563376
3565795
3566764
3567938
3571587
3574021
3575107
3576012
3578388
3581024
3600446
3600542
3601235
3601676
3602014
3602047
3602317
3602556
3602957
3603036
3603083
3604111
3604667
3604802
3605534
3605562
3606320
3606710
3608223
3608986
3610325
3610778
3611427
3611734
3612775
3612938
3613385
3613523
3613961
3614848
3615284
3616308
3616698
3616885
3617467
3617665
3618062
3618321
3618446
3618587
3619205
3619310
3619739
3620229
3620630
3620904
3621247
3621686
3622190
3622643
3622836
3623121
3623612
3623737
3624145
3624774
3624845
3626579
3626658
3627302
3627744
3627981
3628165
3628758
3629043
3629201
3629767
3630887
3634761
3635596
3636084
3636929
3636955
3639654
3639984
3640827
3641883
3642682
3643492
3644913
3646144
3646923
3649064
3649209
3649762
3650603
3651099
3651724
3652178
3652632
3653107
3653201
3653652
3653919
3654125
3654274
3654639
3656490
3656960
3658727
3658728
3661577
3662468
3663673
3664690
3665303
3674078
3674107
3675381
3675706
3676405
3677791
3678569
3679340
3680652
3681218
3681654
3681747
3681824
3682448
3682904
3683336
3683637
3684160
3684767
3685059
3685172
3685704
3686240
3686805
3687688
3688189
3688205
3688933
3689016
3689250
3689500
3690109
3690187
3690664
3691178
3691550
3692091
3693014
3693992
3695126
3696468
3696622
3696901
3697084
3697489
3697567
3698102
3699265
3700462
3700975
3704359
3707065
3707956
3708205
3708213
3708748
3708988
3709389
3710162
3710317
3710979
3712885
3714423
3715355
3715971
3716815
3718044
3718682
3720819
3720907
3721591
3722193
3723137
3724001
3724734
3724858
3725490
3725654
3726143
3727292
3727769
3728345
3729221
3729629
3730034
3730107
3730888
