3999.473
4834.367
5350.842
5866.205
11111.91
11576.15
12730.51
14861.42
15878.47
16653.72
17749.55
19579.31
24825.98
25930.03
27144.68
29158.47
30800.1
32084.83
33517.44
36760.13
37614.4
41195.41
42194.43
46030.02
46651.65
47204.02
47573.3
51198.5
62310.57
63936.01
64515.65
64662.22
65158.82
65914.45
66395.43
68918.24
69885.27
73745.98
80754.93
98466.44
99027.58
100802.5
101222.4
102824.3
103962.9
104849.7
106003.4
126757.4
127766.8
128123.4
128631.3
129249.6
129655.2
130379.5
130777.1
131400.1
132756.4
150138.8
152200.3
154073.3
154704.7
159116.4
164242.8
165139.1
165848.5
168366.4
169539.8
170575.5
171518.1
171947.4
172566.2
173273.1
174028.1
175475.5
178762.7
179195.5
180209.2
185890.9
186812
187475.9
187859.6
188699.2
190412
191077.6
203296.3
205513.7
206055.1
207440.4
216107.2
216495.7
216833.9
217865.3
218642.1
220029.4
220399.3
220856.4
221980.9
223100.6
225705.2
226704.5
257569.4
258609.6
259338.7
263585.5
264242.6
264900.9
265597.5
266144.3
267501.6
268394.7
300401.5
301188.4
301482.5
301908.8
302727.2
303525.1
306395.6
306937.7
307968
310008.7
311167.3
311193
313118.4
314301.6
314911.2
315666.9
317185.4
318230.3
318937.8
320497.4
321639.4
322070.5
323128.2
326621
328525.6
329763.7
330546
333531.9
334112.5
334490.4
334764.2
335065.7
335347.3
335749.4
336203
336722.6
337908.5
338874.8
339414.3
339776.2
340880.1
341651
342439.1
343690.8
344587.4
345278.2
350064
350652.4
351281.8
352030
362101.4
363096.3
363458.5
364664.6
365434.8
366417.2
367105.6
367690.1
368889.6
369605.5
371131.4
375952.7
377275.7
380688.2
384346.5
385957.1
387059.7
387777.8
388621.3
389088.6
394519.3
395187.6
396661.5
397859.6
405146.1
405576.6
408731.5
410585.5
411763.7
412890.5
415467.4
416201.1
421640.9
427865
429068.7
429907.2
450636.3
451150.5
452023.4
452564.5
453850.2
454795.1
458519.9
459470
460445.1
487491.3
488232.1
490513.2
491314.7
492339.4
494497.3
495188.7
496000.2
496843.2
497705.6
498224.1
499852.3
500406.4
501652.9
502218.9
502751.7
503288.3
511777.5
514653.1
515402.9
515888.3
516258.5
521463.5
522088.6
524581.3
547655.4
548634.1
549430.8
552863.5
554337.6
555407.5
555806.8
556807.2
558013.2
558752
559703.3
560847.2
569382.5
571860.2
578996.4
580820.9
582388.2
582820.4
600056.2
612006.2
626224.1
626771.3
627285.6
628601.9
629363.9
630266.1
630646
631310.8
631966.8
633758.6
634185.1
634348.6
634843.9
635318.7
636350.5
636629.9
638769.6
639550
639986.9
640877.8
641924
642874.1
643162.9
643543.4
644522.7
645366.7
646386
647492.5
648055.6
649161.7
650712.4
651558.7
654507.4
664555.3
664985.7
665828.4
666595.6
667720.9
668867.9
669547.1
673119.9
674772.5
676475.5
681172.3
682262.5
683779.2
684528.4
685414.4
685886.5
687681.3
688541.3
689305.3
689768.5
690483.2
691345.4
691684
692122.6
693009.4
695399
705604.9
706602.7
708725.9
710912.9
711528.3
712305.6
752553.5
753959
755500.1
756450.1
757076.2
758917.5
759872.7
760609.9
761243.1
761923.8
762684.6
763339.2
764220.5
765018.8
766058.6
766737.8
768519.1
771538.2
772222.4
772904
776552.6
777306
778121
780965.1
782657.1
783263.2
783738.9
784362.7
788106.9
788741.7
790357.7
794874.6
795681.6
796887.8
802456.5
803348.2
815111
815590.4
815939.3
816539.5
817400.3
818434.6
819897.4
824244.7
827365.6
830993.5
832910.9
836239.3
836742.4
837774.9
838980.9
844720.2
848780.1
849402.1
858555.8
859094
859887.4
860348.6
860888.4
862752.3
863336.1
864100.9
864547.4
865937.5
869005.6
870007.9
870960.1
872342.4
874008.9
882661.4
900584.4
901590.9
902484.5
903351.4
904471.5
905394.2
906755.3
907692.1
908156.5
908708
942082.5
943042.4
947300.9
947823
948762.4
949352.8
949953.5
950551.6
951500.2
952920.5
955598.6
956618.4
962058.5
963141.7
964064.3
964442.4
965113.8
965663.4
966220
966882.4
968065.6
975384.6
975941.6
976463.4
977579.4
979342.4
980446.6
981642
982988.2
984020.4
984861.2
985427.2
986007.7
986795
988225.2
989701.1
990700
992130.7
992737.4
993405.9
994353.3
995111.5
995503.6
996109.2
997008
998649.5
1000050
1001174
1002394
1004662
1005107
1005825
1007819
1009428
1010671
1011120
1011477
1012235
1015080
1018072
1019437
1020107
1021011
1021762
1023719
1026423
1027371
1030476
1031569
1032285
1050473
1051351
1053547
1054355
1055575
1056886
1057662
1058294
1058821
1059408
1059942
1060880
1064774
1065497
1066188
1067521
1069068
1069885
1070969
1071655
1072975
1073465
1073870
1075342
1076143
1076767
1077539
1083008
1084179
1085120
1085729
1087008
1087644
1089813
1091041
1092094
1092900
1093547
1094217
1096287
1100987
1115564
1116748
1117382
1118072
1118487
1119550
1120025
1122325
1122809
1123280
1123819
1124560
1125279
1126371
1127358
1129574
1131108
1132557
1133042
1133907
1134619
1135437
1135950
1136504
1137216
1138064
1139354
1140087
1140932
1141929
1142287
1142819
1144282
1148862
1149409
1150565
1151573
1153528
1153911
1154590
1155238
1155876
1156523
1157554
1157965
1158561
1159116
1159709
1160382
1161509
1166723
1167216
1168306
1171650
1172882
1173293
1174006
1175529
1177448
1177879
1178320
1178695
1179330
1181075
1181803
1182502
1183173
1183714
1205850
1206969
1209515
1210547
1211049
1213325
1216624
1225485
1230662
1235275
1236330
1237546
1238668
1241055
1241632
1242861
1245110
1248513
1249573
1253187
1266595
1267290
1267875
1268971
1270686
1272627
1273509
1274217
1278175
1278990
1279753
1282687
1283721
1285137
1288437
1288995
1289542
1290827
1294915
1295485
1298794
1305393
1305971
1306875
1307724
1310110
1310617
1311086
1314625
1316270
1321068
1322159
1323607
1326334
1329753
1331418
1350787
1354329
1355261
1359258
1365087
1377471
1377978
1379011
1379597
1382076
1382413
1382986
1383487
1383865
1384213
1384669
1385041
1385757
1386331
1388416
1389214
1390161
1393610
1395533
1396557
1397213
1397832
1398177
1399401
1400685
1401113
1404211
1411651
1412982
1413870
1414179
1414541
1414899
1415282
1415821
1416309
1416669
1417739
1418355
1419022
1419731
1420170
1420782
1421293
1422308
1422902
1423880
1425694
1427397
1427879
1428899
1429606
1430421
1432746
1433645
1434229
1435233
1437613
1438073
1438759
1455451
1469143
1471074
1472987
1481316
1501319
1501682
1502197
1502803
1503329
1506390
1507523
1508600
1510276
1521125
1521867
1526247
1527146
1530256
1530657
1531176
1531674
1532153
1532618
1533033
1533314
1533683
1534629
1536526
1537101
1537653
1538761
1542056
1542408
1542855
1543238
1543922
1545086
1545919
1549095
1549845
1551793
1565752
1566187
1566546
1566992
1567983
1572824
1574686
1575134
1576636
1581295
1582580
1583318
1584249
1588682
1589426
1589896
1590410
1590795
1591156
1591573
1592126
1592710
1593358
1593830
1596585
1597380
1601411
1602231
1606360
1612102
1613447
1614308
1615371
1650100
1657813
1659797
1662181
1663072
1663986
1664491
1664904
1665316
1668933
1670821
1671954
1673202
1674321
1674744
1674940
1676513
1678405
1679561
1680294
1680913
1682209
1682962
1684108
1686221
1686821
1687405
1687762
1689006
1690189
1691383
1692050
1692757
1693241
1694104
1694712
1695082
1695560
1695954
1696496
1697272
1697728
1698130
1698493
1699172
1699575
1700410
1701275
1715660
1716272
1716884
1717553
1718281
1718847
1719532
1720084
1721085
1721922
1722443
1722639
1722843
1723884
1725701
1726191
1728232
1730223
1731452
1733099
1742936
1745453
1746479
1748842
1774706
1775061
1775759
1777112
1778211
1780728
1781317
1781806
1800224
1803476
1805667
1807645
1808377
1809147
1811716
1812454
1821290
1821899
1822957
1824526
1829128
1830210
1830669
1833182
1833705
1834369
1834756
1835857
1837373
1837966
1840431
1840843
1842100
1842845
1845631
1846312
1864823
1865441
1865790
1866369
1867578
1869159
1870453
1871450
1871457
1872540
1873520
1880312
1883413
1883734
1887053
1889574
1890190
1891648
1893122
1893897
1895004
1895539
1896059
1896750
1901082
1903336
1904938
1909788
1911396
1912046
1912487
1913632
1916199
1917769
1921141
1922106
1923873
1925198
1926222
1926837
1928662
1928905
1929912
1951853
1952639
1953189
1954101
1954703
1955351
1958058
1958763
1962564
1963198
1963935
1964635
1966947
1971026
1972539
1977357
1978004
1980729
1981500
1982209
1982746
1984832
1994653
1995261
1996002
1996597
1997690
1998689
1999519
2000550
2016636
2017415
2018070
2018553
2018660
2019267
2029203
2030212
2031981
2033552
2038759
2040181
2040727
2041652
2042366
2042875
2044867
2047008
2047945
2048865
2050001
2054481
2057059
2058124
2059584
2060906
2061362
2066321
2067650
2068562
2069132
2071279
2072562
2074576
2075650
2077898
2078660
2083234
2105358
2112310
2113058
2114674
2117291
2117865
2118756
2121514
2122546
2124061
2124660
2124861
2125543
2127085
2129700
2132299
2134025
2134700
2135201
2135730
2136807
2137710
2138164
2138846
2139451
2140425
2144784
2146850
2148020
2150770
2151895
2167441
2167822
2168160
2169030
2169563
2170416
2172720
2174087
2174680
2176247
2179407
2180322
2181015
2181404
2190325
2190809
2193497
2194329
2195083
2197660
2198339
2199200
2199982
2201979
2202463
2202867
2204065
2204753
2205379
2207793
2208984
2210468
2211362
2213550
2214056
2214909
2217467
2218186
2250435
2251955
2252662
2253113
2255538
2256518
2257346
2259468
2260374
2262372
2264217
2265384
2266367
2268104
2269715
2271146
2272669
2273617
2277073
2277922
2279176
2284958
2297020
2299260
2300635
2316455
2317028
2317924
2319518
2321022
2323315
2323718
2342005
2342665
2343408
2343898
2345286
2346808
2347349
2348616
2349308
2349876
2351128
2354701
2357887
2358615
2359213
2360093
2400404
2403955
2405172
2406570
2407315
2408711
2410333
2411203
2411989
2412704
2413127
2414013
2414807
2415266
2415852
2418266
2419289
2419946
2421758
2422589
2423118
2423757
2424193
2424660
2425123
2425956
2426802
2442942
2443915
2444390
2448951
2450693
2466143
2466639
2467050
2467937
2468847
2469634
2471331
2474228
2475639
2477464
2481891
2482468
2486123
2486728
2487266
2487749
2488233
2489043
2489742
2492826
2494002
2494826
2497767
2499829
2500268
2501054
2501609
2502510
2503234
2503720
2504940
2508636
2509392
2510524
2511664
2512967
2513998
2515505
2516407
2516987
2518364
2518992
2519080
2519591
2520491
2522619
2523278
2524132
2525252
2525734
2526350
2527129
2528060
2550479
2551229
2551965
2552140
2552431
2556044
2557178
2557765
2560214
2560914
2562643
2563335
2563846
2564434
2565376
2567809
2569558
2573444
2575116
2578728
2580638
2585577
2586000
2586626
2587996
2588941
2598224
2598891
2599495
2600865
2601765
2602435
2615921
2617505
2618467
2619586
2620223
2624559
2630325
2635463
2636419
2638071
2644363
2645741
2646699
2650275
2651497
2652283
2653023
2653922
2655646
2657070
2657938
2658683
2659546
2666201
2667019
2669170
2680722
2682020
2683028
2710061
2710882
2711446
2712077
2712417
2712779
2713217
2713577
2714022
2714931
2716674
2717563
2718296
2721415
2722257
2723437
2725900
2731513
2732251
2732828
2733608
2734465
2740866
2744640
2745184
2765962
2766755
2767252
2767621
2769129
2770988
2771681
2772243
2783458
2785189
2786961
2787827
2788859
2794455
2794862
2795211
2797607
2798490
2799215
2821783
2822695
2823674
2824090
2824674
2825193
2826410
2826872
2827291
2832251
2833150
2850336
2851346
2855137
2856066
2856675
2857961
2859174
2859624
2862748
2863571
2864111
2865789
2866703
2867150
2867633
2869636
2870207
2872996
2899013
2899689
2902273
2902621
2902908
2903302
2903780
2905357
2905816
2915199
2915798
2916608
2917943
2919498
2921273
2923267
2923523
2925017
2925971
2949929
2950787
2951375
2952021
2952675
2953241
2953818
2954668
2955969
2957377
2961698
2962712
2968205
2971603
2972839
2973252
2973773
2975526
2976498
2977357
2978138
2978897
2979270
2979709
2980176
2980818
3001905
3003054
3004007
3004748
3005688
3007027
3007658
3008298
3011307
3012590
3013034
3014428
3015055
3016048
3017507
3018127
3019692
3020720
3021836
3025222
3029465
3030670
3034215
3038055
3040289
3041762
3046360
3047193
3048321
3048863
3049453
3065512
3065896
3066205
3066653
3067843
3068691
3070226
3071310
3073042
3073583
3076341
3078780
3080237
3081199
3082188
3084647
3085733
3087967
3089289
3091078
3091898
3092880
3093460
3094181
3096929
3097758
3098414
3098789
3099859
3100982
3101829
3102835
3103999
3104677
3106995
3107664
3108325
3108789
3109590
3111749
3112859
3113900
3114238
3115166
3124383
3125154
3128137
3129552
3130029
3130711
3188485
3190320
3191115
3192630
3192934
3193426
3194969
3196371
3197741
3198094
3199634
3201878
3203022
3215584
3216057
3216643
3217068
3217570
3218827
3221425
3222637
3223743
3234303
3240739
3243274
3243694
3244238
3246882
3248291
3251871
3252344
3253355
3254676
3255362
3257720
3258552
3269653
3269978
3270665
3272138
3273520
3274127
3276254
3277100
3278382
3279182
3279984
3282192
3283382
3304718
3304829
3305963
3306385
3307774
3309620
3310299
3311053
3314919
3316222
3317282
3317812
3318392
3319094
3322959
3323828
3325629
3326273
3328473
3329989
3335226
3336291
3337005
3337690
3340208
3340651
3341090
3341717
3343171
3344864
3347222
3347999
3348785
3349354
3387114
3387515
3388854
3389765
3390998
3391617
3392203
3395829
3396377
3396668
3397585
3408448
3409023
3410177
3410887
3411601
3412605
3413157
3413608
3414039
3414370
3415138
3415799
3419854
3420541
3420918
3421969
3424236
3425060
3425919
3427994
3428699
3429490
3433224
3450798
3451088
3452428
3454204
3455130
3468983
3469543
3493370
3501367
3502188
3503086
3514478
3514845
3515173
3515690
3516420
3517824
3518334
3518807
3520126
3520804
3521367
3531103
3534281
3536146
3537289
3542298
3542919
3543450
3544363
3545121
3546369
3547036
3547852
3548265
3549051
3549751
3550353
3550746
3551105
3551494
3552056
3552427
3553157
3553512
3553915
3554354
3554933
3557584
3558676
3561359
3563018
3572205
3573107
3573584
3575837
3576761
3600078
3600992
3609590
3610479
3611733
3614549
3627893
3628331
3628834
3632033
3638853
3639703
3640264
3641966
3642552
3643019
3645916
3646713
3647693
3657261
3664074
3675879
3676497
3676821
3677974
3678830
3679643
3683259
3686522
3687572
3689680
3690485
3691966
3693504
3694136
3694445
3694822
3695738
3696278
3696744
3697400
3697943
3699614
3700883
3701458
3702211
3702673
3704228
3705718
3706707
3707644
3710779
3712188
3715834
3727428
3727920
3728497
