742.1095
5961.548
19022.13
23526.16
36652.4
45714.85
46618.95
46634.59
47261.27
47765.01
51031.38
52362.89
58543.69
59091.21
68484.52
74531.06
76054.07
79259.51
85901.89
87034.25
90289.3
93486.24
98505.13
106237.3
108194.4
109578.2
114282.4
121162.1
125608.8
126393.7
127257.4
127935.9
130533.5
132570.1
152488.5
153072.3
154122.6
155801.4
157602.3
158496.4
163013.5
164502.9
165057.3
166913.5
166971.5
168821.3
171322.3
172625.2
175856.4
176101.6
178109.4
180042.5
181630.3
186914.9
190291.6
195783.9
198343.2
199981.4
203644.4
205307.5
215639
216371.8
219136.1
220143.3
221110.6
223461.3
228117.3
228427.3
230754.5
231598.1
234825.7
243964.4
244508.3
247584.5
255331
315785.8
324750.6
327157.9
335168
335990.8
338624.3
340698.3
345363.4
348045.2
348373.7
356905.1
365082.4
365590.4
366613.2
367034.5
367706.4
368279.8
368870.4
369564.4
371460.5
371749.5
372767.4
373373.5
375441.2
382111.4
383855.3
385170.3
390171.5
392218.2
392650.2
397582.4
401699.5
403596.4
404058.9
426462.1
427697.5
430293.8
432349.6
451710.8
457534.3
462693.1
467686.6
468902.6
474871.2
476968.4
480679.5
484040.2
492611.5
521068.3
554446.6
558149.2
560071.3
562720.3
565270.4
570014.1
571554.3
576079.4
576826.1
583645.4
604651.6
611229.5
612229.4
616843
624195.5
625299.5
630241.4
630721.3
631601.2
644665.4
646249.4
647532.4
650634.3
669896.7
675415.9
676871.7
679823.3
680903.3
685775.5
691853.7
703373.4
717242.3
719004.3
729528.1
729637.4
731820.4
753253
781242.7
783973.5
787517.6
788807.2
788875.5
789694.2
790474.5
796311.2
797116.8
831746.9
833945.3
837821.1
840587.7
846064.4
853077.9
861625.5
864956.5
867641.8
869781.8
874599.5
903876.2
912096.3
919954.1
927866
929411
932129
932853.3
936557
938026.2
945250.4
946830.8
961968.2
968161.4
971347.3
985556.8
986649.4
991785.3
997504.3
1000971
1007509
1019248
1019756
1019881
1022308
1022866
1050427
1050593
1050949
1056831
1079478
1079784
1080979
1089798
1100464
1112934
1118657
1119567
1119788
1121582
1132079
1143538
1153887
1175661
1205159
1229641
1254585
1258075
1267818
1269014
1284626
1286271
1291732
1308678
1360830
1362087
1377076
1380834
1381817
1385902
1388502
1406538
1410132
1411164
1422868
1422917
1425491
1435990
1441777
1478504
1512824
1514686
1516246
1529074
1529989
1545301
1550614
1569048
1570897
1574246
1575090
1575695
1577414
1579281
1580297
1585962
1596100
1604835
1606186
1613716
1616995
1620639
1621926
1631085
1632604
1633040
1652037
1654593
1666835
1668112
1669418
1673319
1674145
1689048
1689754
1693826
1703118
1711506
1712049
1715906
1726614
1728708
1730784
1737082
1744704
1747981
1748657
1749299
1755622
1770094
1770165
1771578
1775484
1775855
1778372
1778977
1779311
1780007
1780122
1801109
1803462
1805662
1807407
1808078
1822883
1823444
1851558
1854702
1856096
1871266
1874748
1876658
1879656
1881359
1887071
1905586
1906092
1908131
1919317
1920009
1930726
1931632
1950331
1957483
1974691
1976181
1985747
1992564
1995194
2010896
2011975
2032409
2035104
2036559
2042682
2045068
2047011
2047530
2048438
2049067
2053645
2057149
2058061
2074450
2075631
2077702
2109329
2111054
2118184
2119980
2121099
2122050
2123190
2131868
2131898
2132611
2134579
2136202
2136964
2138140
2141323
2143202
2143301
2143710
2145339
2151449
2152281
2187603
2193982
2194843
2197590
2201469
2202411
2220244
2220755
2225441
2226491
2252852
2260242
2265070
2266410
2267094
2271486
2291170
2292534
2293795
2294374
2313699
2315768
2336870
2337993
2343354
2355088
2361891
2366857
2367509
2371374
2375305
2403442
2404045
2412001
2416316
2452001
2463140
2485285
2489422
2490973
2491251
2492217
2503231
2515402
2579195
2580312
2585030
2585163
2588015
2591216
2593381
2597824
2601836
2612768
2625449
2636444
2641584
2652157
2657549
2658440
2670361
2677840
2678548
2678889
2682006
2707244
2709011
2713622
2718981
2721798
2733766
2734829
2738485
2748726
2767597
2780730
2791382
2802067
2805361
2807176
2811930
2814678
2817900
2826114
2827178
2830473
2853379
2855509
2862424
2863844
2868299
2875864
2877333
2881624
2884931
2901713
2920926
2928201
2928819
2932758
2941939
2942403
2947478
2948641
2956563
2961396
2962451
2978550
2979035
3009711
3010614
3011755
3014194
3014822
3017328
3017707
3018719
3019831
3022659
3023806
3025336
3027555
3034926
3036269
3038834
3042456
3043517
3045030
3053729
3054047
3054720
3056110
3056907
3073670
3084806
3087958
3089254
3095283
3100174
3109914
3123411
3129863
3132645
3133157
3133543
3151059
3156174
3159404
3168460
3171766
3172107
3176794
3177737
3178503
3181637
3193218
3223082
3236700
3239449
3240365
3244666
3245721
3251003
3251371
3262846
3266200
3268184
3281096
3300899
3303677
3307835
3313855
3314327
3320632
3340759
3341528
3344057
3345397
3346692
3348735
3366129
3371277
3371989
3372887
3380880
3388903
3389735
3398339
3399503
3403160
3407435
3411146
3412001
3416577
3424701
3472278
3483109
3485950
3487219
3493005
3520008
3540772
3556847
3570095
3570491
3579492
3611114
3614997
3620373
3625984
3629993
3632000
3634255
3635556
3638078
3652170
3674540
3678758
3680041
3683322
3688006
3690267
3693355
3697888
3705509
3706350
3714178
3720340
3723002
