18363.07
27338.24
42648.13
50021.36
69828.74
73161.46
79414.75
94254.22
94793.5
110290
153950.8
217807.5
233924.1
233926.4
239058.2
267673.1
374206.2
375614.4
388112.5
390659.9
412336.7
420026.7
424432.1
424434.2
424988.3
426380.4
450919.9
485851.3
494379.2
560611
563821.3
600368.9
601575.3
601658.2
603244.8
668556.6
671951.7
673565.2
676001.6
676938.1
681819.8
712146
733143.7
750076.1
753655.5
757100.8
777860.3
781840.7
783753.5
819081.7
821981.3
827736.6
845974.8
847008.9
900987.6
929539.7
970816.2
979231.7
984641.9
989100.2
1025405
1068504
1071448
1090743
1093340
1127411
1140637
1152651
1236424
1241451
1242042
1243757
1272419
1283496
1286199
1321280
1361368
1362277
1375356
1375359
1381855
1443597
1449468
1460245
1466330
1500735
1519301
1543948
1589807
1604589
1614433
1652209
1652212
1659156
1665995
1675982
1679944
1691455
1727806
1730159
1738084
1765487
1864385
1880681
1891396
1917614
1926498
1930536
1954592
1962500
1965318
1980159
1993216
2024814
2024817
2026550
2035158
2040780
2044259
2048032
2156026
2209662
2217536
2221865
2230700
2255222
2297767
2334130
2339153
2342814
2361603
2402183
2412592
2412594
2436778
2492835
2550128
2575121
2625333
2661010
2672955
2673881
2679362
2741384
2742046
2746667
2746670
2752301
2781839
2805351
2814666
2828900
2852532
2872385
2878296
2881559
2882980
2891392
2924214
2924219
3041068
3051237
3086288
3088440
3104726
3109787
3117618
3226296
3327509
3331878
3340978
3342245
3380595
3407105
3433000
3433003
3457280
3487131
3555841
3557543
3566300
3607815
3609676
3621173
3629626
3645657
3684862
