104.077
837.3115
1171.982
4815.092
4990.575
5269.212
8215.471
9282.911
12115.09
12873.42
13242.27
13532.67
15326.79
15357.2
21315.92
22423.92
24282.64
25809.67
28150.37
29337.7
30126.74
31508.23
34160.2
36557.33
37380.36
38026.94
39245.47
39701.77
40235.72
40887.8
41682.39
43230.28
43934.87
44784.8
45300.63
45824.52
46206.35
46870.09
49238.51
49558.45
50849.86
51936.62
52289.85
52500.23
52745.73
53192.62
53599.67
54697.08
55717.05
56543
59213.29
59732.35
63416.35
65269.79
70906.42
71153.54
80105.99
80983.29
84198.7
85256.8
85842.42
86329.81
95419.26
96519.57
97078.46
97860.96
106980.3
111596.2
112600.6
114220.4
114723.2
115090
115380.9
117575.5
118492.1
119363.9
119988.1
122371
123313.7
124206.6
124951
125444.4
126978
127096.8
128032.5
128899.7
152208.6
154066.5
157358.9
157474
157948.9
159202.7
161036.7
162234
163359
164311.8
164862.4
165316.1
165899.3
166344.5
167179.6
168625.6
169638.6
172984.6
175111.5
177437.2
184307.6
186778.8
189800.7
190221.8
191365.1
192367.1
193025.7
195062
195817.3
197521.7
200199.2
200865.5
201467.6
202280.8
205538.5
205820.8
206071.5
206588
208590.4
209476
209866.1
210677.4
211108.6
212954.1
215801.8
216505.1
217014.1
217466
217964.4
218863
219962.8
220970.2
222417.1
224596.9
225444.8
227165.1
228029.3
228574
235226.4
239127.6
239794
242693.9
243695.4
246751.2
247545.2
247646.1
249314.1
249523.7
253212.7
253863.1
256195.5
256779.9
256856
257279.1
259205
260072.5
263051.6
265107.4
266724.2
268105
268268.3
270882.9
271238
272674.1
273087.5
273311.8
273384.7
274106.7
274325.3
274836.8
275261.4
275569.1
276272.8
276806
276924.9
277540.8
278425.4
278548.2
281612.2
283494.1
303096.7
304529.9
305879.3
306221.7
307139.7
311948.9
312551.8
313812.2
314619.3
315307.5
318493.3
324846.5
325157.5
325613.9
325903.6
330002.7
330326.6
330488.3
331814.2
332358.9
332717.5
333025.9
337525.6
338252.2
339345.6
339708.9
340465
342099.7
343556.1
344466.7
345468.1
345937.6
346736.9
347302
347777
348736.6
348842.2
349185.6
351276.9
351774.7
353819.1
354293.5
354396.2
354870
356270.3
358018.2
363831.2
365566.4
365849.7
366386.3
367100.4
368229.1
368789.1
369251.7
370887.6
371324.4
372260.3
377353.8
377776.8
380426.2
381625.5
382236.2
383021.3
384663.1
385592.1
386365.4
388176.9
389654.2
390526.6
398147.7
400466.3
401455.8
402069.9
407074.1
407301.5
409121.6
410939.8
411342
411735.3
411829.6
413452.5
419870.5
421642
423291.6
425245
427454.4
456438.9
459019.8
459164.2
459806.6
460696.3
461495.3
462184.3
463118.9
463825.2
463982.6
464448.6
464544.1
464740.5
465490
465935.5
467603.1
468721.4
468907.2
469437.1
470732.5
471828.6
473684.3
475900.5
476877
477640.4
478871.4
481357.6
483812.3
489388.8
490058.9
490762.3
491343.4
492065.3
495601.4
495732.8
496807.5
497583.4
498299.6
498424
499426.8
504815.9
507638.9
508003.7
508855.2
509491.3
515506.7
516593.9
517205.8
517337.7
518529.6
519836.6
520214.1
520805.9
521701.8
525719.1
526337.2
528278.4
529073.7
531521.3
535541.4
536723.2
538681.2
538843.6
541471.9
546830.3
547994.4
554914.7
555648.3
557014.9
557430.4
559378.4
560270.4
560870.9
564392.7
567269.8
567777.5
569449.1
571737
575981
576529.5
577528.8
579289.1
579348.1
579849.5
581571.4
581595.7
600331.1
600761.7
601069.6
601415.5
602343.8
604096.3
605810.6
606854.1
607487.3
608817.4
609952.7
610430.9
610716.3
611304.7
611607.9
612115.1
616760.5
618252.9
619387.7
622206.4
622949.2
625587.8
626690.4
628174
628839.2
629196.2
629593.3
630383.7
631268.6
631706.7
632725.8
636116.9
636820
637205.3
637425.7
638151.2
638287.7
638803
640687.6
644368.8
645302.9
646290.8
649942.9
650511.7
651212.6
651250.2
651776.3
652139.3
652748.3
660661.1
661477.2
664836.5
664929.8
665629
667226.9
672236.8
672780.5
673015.9
673468.1
675171.5
676086
676419.3
677157.5
677693.7
678539.8
685608.9
686490.8
688720
689355.6
690533.2
691328.8
691521.1
692141
692900.1
693458.3
695802.5
696297.4
697655.2
698194.7
698826
699572.9
700279.1
702596.6
703720.8
705454.9
706070
706556.5
707045.2
708767.5
709517.8
710334.4
710856.7
713106.7
713681.6
714191.4
715098.1
718679.9
719382.1
720312.4
721008.8
721199.6
722235.7
723017.5
725912.4
726377
750578.7
751349.4
751986.8
754611.5
755581
761634.7
762775
764082.2
767235.3
770358.7
772486.5
772839.3
774547.4
774839.4
775328
776131.1
776673.2
779059.3
779593.5
781167.6
783491.3
783597.3
785820.5
790374.4
790873.6
793419.6
794501.4
794567.9
798489.1
798889.8
799410
799971.4
800243.6
804855.2
808338.6
810216.4
811792.2
814391.3
814855.8
815539.6
819490.3
820485
821890.3
822292.2
823078.2
826838
827662.3
829077.9
832483.1
832940.3
835675.2
836978
837309.6
838900.1
843054.2
843072.2
851191.1
851735.4
854117.8
854640.8
855379.5
859842.4
860354.6
861882.8
862994.8
863892.9
865936.1
867258.2
868102.3
868712.1
869741.9
870068.5
870800.6
873691.3
874255.6
874846.5
876580.9
877208.4
880892.3
881802.8
882170.4
902270.2
904844.7
905703
907056.9
910936.4
911159.4
917110.6
918714.5
919671.5
922378.3
922779.6
923667.5
924314.2
924459.8
924657.3
926057.2
927081.8
929041.5
929242.4
929515.5
934263.4
935092.6
938555.2
939735
941488.7
942197
942572.2
947138.9
952929.6
953344.8
954291.5
954774.5
954981.4
956026.4
956584.8
957733.5
960581.1
961980.7
962437.6
963804.3
964056
964803
965554.9
967002
967505.7
968087.6
968166.8
968603.6
968638.8
969118.2
969267.7
969712.5
969777
970457.2
973271.7
973531.4
973813.4
974671.9
975786.2
976137.5
977207.9
980402.2
981732.7
982480.1
983984.9
984701.7
984776.1
986251.7
994418.6
995315.9
995626.7
1001074
1002841
1004333
1006637
1007220
1008057
1008769
1015580
1015874
1018095
1019160
1019291
1019957
1020349
1023087
1024257
1028112
1028771
1029103
1030652
1032005
1057420
1060283
1060867
1061526
1062848
1063320
1064238
1064730
1066100
1070006
1070439
1070711
1071006
1071113
1071789
1072171
1072416
1073154
1073493
1074161
1074915
1076966
1077600
1079653
1082214
1082876
1084037
1087367
1089194
1093746
1094258
1096852
1098476
1099543
1100285
1111047
1111793
1114434
1120023
1122758
1123537
1124121
1124938
1128761
1128940
1129814
1130444
1130835
1131186
1132566
1134087
1134569
1134808
1135431
1136286
1136923
1137305
1138006
1138726
1139260
1139784
1141407
1142199
1149432
1150546
1151017
1152427
1156178
1157636
1159662
1163496
1164510
1165451
1165922
1166482
1166997
1169706
1170540
1171794
1175390
1176085
1177584
1180458
1181995
1182514
1182957
1200086
1201650
1202801
1203518
1204472
1205152
1206113
1206526
1206578
1206962
1207647
1207735
1208090
1208214
1211899
1212402
1212858
1213071
1213565
1213623
1215661
1218085
1220262
1220925
1222169
1222686
1223358
1224084
1224685
1225243
1226538
1227120
1228930
1230777
1234327
1235179
1235835
1236376
1237128
1238128
1238806
1240796
1241906
1244213
1244889
1246127
1246351
1246668
1247047
1247688
1253614
1256394
1257104
1257812
1257897
1261331
1266832
1273954
1274449
1274609
1275088
1275792
1276423
1276908
1277465
1278872
1280383
1283550
1286544
1287591
1288284
1295786
1296389
1296986
1297665
1298000
1299944
1300190
1300902
1305156
1306276
1307251
1308400
1316791
1318367
1318810
1319969
1321041
1323255
1328934
1329884
1329955
1330765
1330986
1331869
1332802
1332921
1351574
1351695
1352067
1352554
1352946
1353381
1353849
1354138
1355642
1356184
1356558
1357562
1359021
1362052
1363050
1365710
1366849
1367252
1368297
1378000
1378358
1380141
1381365
1387772
1391906
1393739
1394989
1396558
1397183
1398578
1399677
1402619
1403421
1405508
1408122
1409066
1410922
1416508
1418152
1421150
1421670
1422129
1424847
1425676
1426336
1427113
1428280
1431463
1433270
1434131
1434728
1439598
1441850
1442857
1444488
1449001
1451839
1457045
1457553
1458261
1461563
1462078
1465437
1466040
1467109
1467123
1468038
1470491
1474098
1477140
1479337
1480018
1481439
1482328
1500462
1509095
1510885
1511665
1514597
1515991
1517563
1522311
1523726
1524813
1526756
1528880
1529325
1530034
1531033
1531433
1533023
1534101
1534266
1536242
1536484
1540471
1540802
1541371
1542082
1542552
1543730
1544568
1548455
1549432
1554387
1555484
1555864
1556197
1556771
1560781
1561100
1569439
1571519
1573656
1575075
1576831
1577717
1578685
1579565
1580143
1585119
1586032
1587277
1588410
1595325
1595863
1596928
1598330
1598910
1601127
1601698
1602445
1603402
1604227
1606726
1614269
1614957
1622866
1624933
1625880
1628927
1630178
1630631
1631178
1631807
1632922
1633101
1652715
1659104
1668370
1669792
1670551
1673838
1674701
1677932
1688736
1690070
1690156
1690600
1691182
1692108
1692971
1693347
1694359
1694731
1695069
1695405
1695950
1696680
1699041
1699933
1714976
1715694
1719400
1723956
1725806
1726123
1731521
1732394
1733986
1734478
1735202
1736463
1738707
1739170
1739810
1741490
1741894
1751118
1753658
1753976
1754953
1755992
1756690
1758310
1761682
1762677
1763306
1763949
1764653
1764968
1765626
1768293
1768717
1769228
1769842
1771479
1773646
1774194
1774619
1775300
1777232
1777648
1778516
1779063
1779752
1781933
1783176
1800470
1801412
1802173
1804861
1807147
1807547
1809327
1812140
1813681
1814088
1815644
1816904
1817911
1827310
1829145
1832305
1833128
1834388
1834856
1835502
1845210
1845941
1846467
1847757
1848240
1848989
1849574
1849880
1851073
1851823
1854637
1857570
1859172
1867774
1869412
1871069
1871779
1871914
1872448
1872606
1873102
1873704
1876687
1879420
1882308
1884173
1884656
1885195
1886708
1887624
1888589
1888967
1889697
1890567
1900554
1901508
1906223
1906936
1907624
1907874
1909010
1910310
1914450
1917304
1921681
1925642
1926176
1926885
1927437
1928186
1930380
1950987
1952331
1954018
1956076
1959220
1960617
1961594
1968192
1969921
1970751
1974314
1974994
1977614
1979382
1980374
1981919
1983764
1984073
1991194
1992151
1992269
1994262
1994904
1995445
1995975
1997903
1999365
2001003
2008146
2009399
2016389
2021754
2024871
2025834
2027103
2030905
2035777
2037225
2037946
2038449
2038566
2041519
2042160
2043086
2046747
2047112
2047774
2048466
2051029
2051358
2052877
2061309
2064387
2068556
2069680
2070657
2072112
2077213
2078638
2080128
2081696
2083383
2100460
2106163
2108156
2113152
2113940
2117711
2118613
2119382
2120323
2121345
2123523
2124456
2125551
2126682
2129663
2135782
2135960
2141488
2142217
2143345
2144025
2147375
2147507
2148531
2150506
2158213
2159256
2160345
2163165
2163451
2169526
2169917
2173702
2174947
2176344
2180409
2181210
2181492
2182570
2183074
2185439
2186494
2201023
2201831
2202365
2202492
2209328
2211154
2212737
2215259
2217072
2218186
2222876
2226796
2227589
2231326
2231856
2250546
2251281
2251987
2252762
2254484
2255020
2256944
2257578
2258180
2259648
2259861
2264522
2268557
2269238
2272125
2272551
2272965
2273372
2273776
2274566
2275544
2277759
2287303
2288281
2289199
2289783
2290170
2290634
2292034
2292645
2293181
2293844
2294899
2295895
2295916
2296714
2296714
2299282
2300748
2306926
2308047
2308891
2309448
2313382
2319232
2322420
2324855
2327831
2330636
2330956
2330986
2336761
2337334
2343721
2344388
2350451
2351521
2353246
2355043
2355514
2359626
2360795
2361464
2361743
2361770
2363774
2365536
2366511
2367047
2368206
2369053
2371306
2372193
2377936
2378544
2379077
2379571
2381767
2382501
2404493
2405338
2406060
2407285
2409069
2409807
2410413
2411082
2413598
2414689
2415784
2417566
2418234
2420046
2422649
2423126
2423846
2425106
2426222
2426706
2435777
2443482
2444000
2444887
2445043
2446348
2447953
2450343
2458234
2459095
2459733
2461523
2462239
2467162
2467634
2468128
2468588
2469104
2471810
2473833
2475802
2478617
2478691
2480678
2482221
2482945
2483277
2486242
2486483
2490871
2493315
2493706
2498437
2502992
2503919
2510546
2511280
2512075
2512772
2515243
2518455
2519199
2519735
2522161
2522728
2525868
2526905
2552463
2554793
2555893
2556697
2565504
2567187
2568346
2568828
2569300
2569720
2570177
2573198
2577811
2578997
2579754
2580683
2581378
2583670
2586780
2587692
2588171
2590489
2591123
2592334
2594186
2594926
2594981
2595746
2596929
2598319
2610439
2611312
2613646
2615154
2615466
2616112
2617549
2618477
2618857
2623121
2628763
2635954
2637181
2639345
2639807
2640212
2640796
2642608
2650654
2655346
2656940
2659571
2660525
2661525
2665146
2665725
2668329
2669728
2675202
2675276
2676102
2676835
2679592
2680531
2700656
2701537
2701992
2711163
2713996
2723236
2723560
2723777
2724499
2725260
2726676
2727491
2729075
2730679
2734283
2735227
2735784
2736235
2741601
2744481
2745211
2745526
2746704
2750659
2751621
2752655
2753307
2753924
2754612
2755140
2755282
2759696
2760128
2761212
2761923
2762182
2762487
2764659
2768041
2768546
2769050
2770241
2772939
2773562
2776977
2778253
2779154
2782175
2784752
2785773
2785902
2790469
2791718
2795648
2796962
2798780
2799084
2807677
2808081
2808624
2809887
2812685
2813216
2814613
2820768
2821468
2822327
2822792
2825033
2825601
2826483
2828484
2831516
2832036
2832543
2833072
2850301
2852489
2853288
2853857
2854417
2854921
2860207
2860661
2862106
2862993
2868891
2870803
2873077
2874984
2876500
2878078
2880332
2882024
2883639
2886844
2890676
2891367
2891546
2891990
2893001
2893440
2893918
2893991
2897703
2898306
2905165
2906535
2910813
2911436
2912852
2913432
2913917
2914568
2917299
2920364
2921072
2921594
2924066
2929226
2931924
2932523
2933012
2933365
2933936
2934565
2935031
2935325
2935926
2936841
2938759
2939812
2943201
2943818
2944311
2944868
2945351
2950591
2951884
2952618
2961668
2965072
2966165
2970801
2976426
2976892
2977465
2977948
3001046
3001730
3003568
3003942
3004525
3004876
3005217
3006037
3006454
3007093
3007511
3007763
3008127
3008830
3021581
3023322
3025129
3026104
3026693
3028080
3028895
3029732
3030123
3030140
3031947
3032735
3033122
3034290
3037079
3037534
3037971
3039844
3040495
3041195
3044485
3045115
3045201
3047464
3047730
3049376
3052223
3053973
3055826
3058357
3065490
3067377
3068110
3071564
3072682
3073348
3073595
3074195
3075645
3078071
3079213
3079847
3082377
3082573
3083400
3084867
3085359
3086554
3087194
3088119
3088156
3089924
3091728
3093846
3095720
3096709
3098590
3105920
3108495
3109699
3110013
3110427
3110984
3114061
3115139
3116238
3121503
3122585
3123092
3124403
3125275
3126283
3128635
3129208
3132322
3133104
3150209
3150786
3151404
3152775
3153449
3153932
3155070
3161914
3165403
3165616
3166476
3167555
3173140
3174441
3175754
3176467
3177179
3178481
3186824
3189406
3190994
3191483
3191513
3192784
3192973
3196400
3198001
3199096
3202108
3202892
3203290
3205196
3206543
3207077
3207855
3209078
3214715
3218748
3219700
3221060
3221791
3222424
3228209
3228669
3229038
3231472
3235489
3240068
3246118
3247384
3248186
3249493
3251117
3251842
3256591
3257925
3259107
3267243
3268803
3276407
3277228
3278238
3279885
3281096
3281436
3300597
3301275
3302924
3303602
3304325
3305183
3306714
3307036
3307252
3314244
3315737
3316249
3318892
3318989
3321756
3322757
3323979
3325907
3326460
3326807
3327349
3328146
3330740
3333144
3335984
3338417
3338965
3340659
3345921
3355792
3366816
3367774
3369622
3374942
3378038
3378767
3379784
3380205
3380858
3381606
3382732
3385709
3386480
3386696
3386923
3387342
3387474
3388241
3391704
3392147
3393464
3395347
3395896
3397216
3400231
3400711
3401058
3401499
3402313
3404568
3404974
3406925
3411327
3413088
3421206
3423806
3424221
3425107
3427027
3428018
3428783
3428967
3429634
3452304
3452764
3454240
3455901
3456273
3457185
3457756
3459465
3460233
3461496
3465277
3469981
3470990
3471766
3478021
3479456
3486649
3488422
3489000
3489830
3490094
3490770
3494084
3494678
3495685
3496653
3498077
3503039
3504400
3505023
3507868
3508851
3511859
3513446
3514054
3517871
3519122
3520934
3527186
3527504
3527878
3529301
3529824
3530291
3530763
3531117
3531719
3532517
3532715
3533171
3533568
3533628
3534102
3535362
3536952
3538792
3539923
3540584
3541169
3541789
3542123
3542655
3543025
3544108
3544876
3545566
3545979
3546350
3546683
3547355
3548058
3550877
3552218
3553470
3554151
3555642
3560342
3561299
3563097
3565803
3567202
3570344
3571242
3578971
3579115
3579259
3581361
3581742
3582134
3583148
3602530
3603325
3604066
3604605
3605643
3606123
3606474
3607154
3607728
3608612
3611358
3612837
3613677
3614828
3615991
3617081
3621149
3621716
3622127
3623647
3625461
3626907
3628073
3628599
3637145
3637696
3638758
3638902
3639738
3643653
3644321
3644814
3646823
3647800
3648272
3649402
3655956
3658633
3659835
3665090
3669005
3674833
3676144
3677484
3680782
3681394
3681842
3682866
3684728
3687346
3694922
3695939
3696828
3697341
3698093
3698960
3702400
3705623
3706900
3707463
3707756
3708308
3708830
3709378
3709721
3710422
3711614
3712415
3718983
3719348
3719854
3720182
3721569
3722519
3729186
3730069
3731997
3732265
3733193
3754947
3755384
3755812
3756221
3758339
3759092
3761161
3761770
3762236
3763649
3765550
3766889
3768984
3770989
3778373
3779090
3779953
3780579
3781107
3781506
3781996
3783798
3784479
3790304
3797391
3800716
3812735
3815529
3816095
3816778
3820102
3826307
3827424
3828652
3833947
3834815
3835212
3835831
3836640
3837422
3841473
3845304
3845795
3846658
3847208
3847644
3848027
3848692
3849356
3849853
3850404
3851583
3864693
3865500
3868170
3868272
3870699
3871811
3872346
3872830
3873678
3875262
3875790
3877477
3878107
3878558
3881393
3905258
3906605
3907088
3908920
3910083
3910986
3915643
3915695
3916579
3917009
3918026
3918264
3920138
3920522
3924113
3925206
3926338
3930275
3932265
3933005
3933687
3935186
3936260
3936899
3942246
3943416
3944553
3945327
3949174
3949303
3949893
3952847
3953133
3953741
3954281
3954571
3955016
3959170
3961841
3962632
3964508
3966052
3968408
3969020
3969570
3972578
3975418
3976342
3976839
3977395
3978083
3979041
3984038
3988508
3990508
3991119
3998231
3999445
4002571
4006820
4008511
4009723
4010412
4011221
4011846
4014442
4017114
4027493
4031208
4031583
4031615
4032063
4032637
4050579
4051143
4058031
4058674
4059651
4061473
4062321
4067822
4069412
4070922
4071790
4072594
4073469
4074341
4075976
4076719
4079721
4080265
4082214
4083941
4088708
4089925
4096094
4096687
4097020
4097352
4097630
4097950
4098434
4111592
4112176
4116308
4117453
4120572
4125654
4128540
4129386
4129866
4130237
4130533
4133069
4134053
4135382
4139055
4140011
4141160
4141692
4149106
4150495
4160141
4160661
4164056
4165826
4166602
4167542
4168492
4169029
4169542
4170520
4171264
4174442
4177843
4179078
4182177
4182763
4183141
4201419
4202238
4203934
4204833
4217611
4219884
4220683
4223590
4224469
4225281
4226428
4231120
4232496
4236414
4236495
4238651
4239441
4243434
4244744
4245116
4245541
4247142
4248116
4248565
4250130
4251425
4253162
4254707
4256030
4258332
4258706
4259099
4259478
4259883
4259938
4260359
4260914
4261415
4263232
4267681
4268718
4269208
4269723
4270693
4273114
4273667
4274280
4275597
4285350
4287814
4289321
4290959
4292487
4296421
4299820
4300274
4300996
4302003
4303260
4308853
4309651
4310081
4310982
4311724
4312132
4312172
4312952
4313916
4316893
4320132
4321060
4322494
4323069
4323949
4325024
4326050
4326628
4330142
4332986
4350806
4351691
4352309
4352528
4352714
4353885
4357769
4360850
4361269
4361644
4361957
4362265
4362535
4362890
4363722
4364255
4366387
4367186
4370460
4378483
4379419
4380622
4385015
4387697
4388372
4389832
4390342
4396045
4396623
4403275
4404173
4405015
4405067
4405875
4406957
4411261
4411867
4412523
4413261
4413558
4413943
4419815
4421285
4421506
4422220
4425244
4425982
4427441
4431001
4434049
4435291
4437457
4445115
4446622
4447198
4453485
4463797
4464503
4465988
4467139
4467631
4468795
4473006
4474521
4475017
4478550
4480149
4480793
4481684
