7591.766
8267.762
9752.353
12068.21
12867.34
14552.73
15232.69
15548.47
16094.01
16510.23
17282.75
25010.2
25993.61
27641.45
29492.58
30363.3
32898.39
33839.76
38453.46
41909.92
44106.65
48191.27
48776.28
49350.51
73005.03
73996.96
83745.29
84410.41
85739.6
88029.4
89698.19
95622.64
100583
101444.9
101863.7
102247.8
102845.1
103461.4
104015.1
104509.3
105082.1
105555.2
106036.3
107421.5
110296.9
117166.9
120558
123501.3
124788.3
125585.9
126568.2
127653.7
128502.1
130865.9
150540.4
152347.7
152841.3
154611.3
155552.2
155993.9
157611.4
161053.4
170339.3
171193.2
174915.5
175981.6
177170.3
178650.3
180174.5
187587.4
190573.6
196889.6
198244.1
221967.9
225246.2
225795
228758.6
232254.1
232546.3
232723.9
233291.2
234119.3
235097.7
235681.3
236277.9
237470.9
237815.1
239408.5
243064.3
245540.2
246778.4
247443.6
249312.1
250176
252011.3
253913.2
255790.4
256464.8
257568.3
258664.9
262449.4
263948.4
269464.6
269788.4
271261.6
272572
273928.6
274926.8
307743.7
308661.8
309249.4
309960.6
310246.5
310547.8
311293.6
311425.9
312359.6
313010.7
313286.2
318399
318760.9
319336.5
320740
322958
327457.1
327991.5
328883.5
330000.3
331418.3
331975.9
332379.4
332967.2
335595.7
339462
340770.6
353918.9
358604
376536.1
380387.5
380882.9
381421.4
382137.4
382593.2
383275.1
384083.4
384678.8
385673.8
388195.8
390021.2
391180.6
395665.6
396093.1
396815.5
397253.2
397655.8
398822.6
400846.7
410459
413976.7
415213.1
415813.5
416523.9
417345.7
418186.4
425674.4
426803.8
428366.7
428931
428963.4
430816
433227.5
459783.9
460260.4
460848.8
462837.3
463627.6
464586.5
465207.8
469252.1
469763.3
470995.4
471432.2
476760.8
479451.9
480052.5
480759
481844.6
490165.7
521320.1
522118
526819.4
532455.1
533135.7
533880.6
533949
534436.8
535341.4
540792.9
541579.7
543021
544424
547412.5
548147.7
548578
549512
551788.2
554847
556068.8
556785.4
557540.8
558835.6
559487.1
561028.2
561489.2
561959.6
564690.1
570141.1
571286.1
572210.9
572708.3
573289.7
573971.4
574463.6
575230.5
577509.1
581009.1
581570.4
582344.3
583752.3
602999.8
609639.9
610197.5
612610.8
618114.9
620164.2
625520.4
626265.9
627452.6
633304.3
635483.8
637838.7
638559.5
639153.9
640360.4
640920.4
641783.7
642312.3
647196.3
647708.9
648789
649800.8
660379.3
677716.4
680617.3
681459.6
682969
687758.1
690081.3
691219.8
692860.5
694408.6
695401.1
696526
699266.4
699445.8
700245.3
700885
705529.2
706843.7
708617.8
709370.9
709827.2
710353.8
711248.1
711799.2
712528.7
713654.3
718303.1
725070.2
729755
730421.9
731012
757767.2
758909.2
759802
760335.1
763073.1
766420.7
766983.1
767373.1
767880.1
768456.1
769435.1
769798.1
770720.3
773000.5
774327
774962.2
775810.9
776365.6
776837.3
778190.5
790350.4
792454.2
793159.4
794020.6
794620.6
796102.4
798635.1
799330.3
808781.6
827023.5
831374.6
831939.6
833132.1
834329.8
835105.4
836615.6
837355
838005.8
838402.2
839234.3
841460.2
843637.8
844465.8
845401.5
845982.5
847716.2
848769.9
849454.1
850198.2
854308.5
855120.6
855804.7
856727.5
861106.1
862694.9
865162.9
873072.3
873766.9
874392.8
874842.8
875264.5
879345.6
880419.3
900070.4
900697.9
902921.8
904430.2
905164.4
905636.5
906257.1
907494
908393.6
909350.4
911402.4
912390.2
916876.6
918604.2
927669.4
928425.8
929008.6
930301
930657.2
931033.8
933674.5
934644.6
936995
938049.5
948367.8
950212.6
976692.2
979407.7
980178
981452.7
982118.9
984814.4
985714.9
986665
987321.9
987944.9
989854.4
992863.1
993507
995284.1
996961.3
997459.4
998427.2
998980.5
1001218
1002353
1002986
1003636
1005525
1011909
1012721
1013890
1014315
1015792
1016322
1016893
1017293
1017766
1018273
1023428
1024886
1025589
1026758
1030560
1031357
1031891
1051071
1057621
1060995
1061461
1062267
1063544
1065692
1067314
1067749
1068291
1070661
1077017
1077576
1079249
1082453
1091065
1097694
1098088
1098616
1099371
1102554
1103324
1104141
1130649
1131831
1133083
1134231
1135874
1137949
1143474
1144085
1145309
1147573
1148518
1149725
1150615
1151736
1152303
1154084
1156287
1164644
1167383
1169190
1173105
1177586
1181988
1182831
1200327
1202804
1203679
1204498
1206967
1208336
1210426
1210968
1212994
1217889
1219251
1220427
1227206
1228794
1231504
1232044
1232452
1233247
1234864
1235561
1236275
1239207
1241578
1241963
1242937
1243840
1246247
1247813
1248993
1250259
1250602
1253096
1277777
1282122
1283291
1283912
1285078
1285657
1286120
1286449
1286832
1287233
1287573
1294446
1296530
1302244
1303602
1304449
1304930
1305524
1306714
1308477
1311244
1312013
1312828
1313807
1314591
1316850
1318129
1325877
1327113
1327136
1327786
1328305
1328796
1350814
1352159
1353124
1355526
1355994
1357341
1357937
1363081
1363844
1364512
1369427
1369838
1370566
1373133
1375368
1375937
1376309
1377931
1381255
1381772
1383115
1383748
1384952
1388814
1389478
1390498
1391813
1392547
1393094
1394256
1396609
1397474
1398377
1401695
1402549
1424645
1425929
1426898
1427567
1428756
1429647
1431519
1435330
1437702
1438306
1438728
1440061
1440693
1442531
1443117
1443979
1445523
1446343
1447374
1449152
1449651
1450207
1450743
1451371
1452318
1453139
1453809
1454481
1455563
1456732
1457903
1460192
1461425
1461936
1462627
1463405
1465287
1465759
1466243
1466581
1467191
1467730
1468380
1469437
1470204
1472496
1474256
1475151
1477167
1478662
1481303
1482049
1482558
1500067
1508143
1509303
1509915
1511164
1511894
1515889
1524344
1525076
1526221
1534121
1535976
1536079
1536569
1536899
1537893
1538320
1539213
1539991
1543475
1543900
1545125
1545647
1546483
1547032
1547408
1548143
1550966
1561912
1575392
1577860
1580777
1581497
1581971
1583635
1584583
1592065
1592665
1593236
1593668
1594179
1594742
1595410
1597280
1598643
1600230
1600476
1601391
1602583
1604770
1617671
1619631
1620057
1620577
1621755
1624151
1624615
1625494
1632242
1650746
1653416
1654114
1654557
1654997
1655412
1660075
1660633
1661187
1662077
1666081
1667631
1668526
1669016
1669639
1670138
1673536
1674249
1675170
1676327
1677245
1689040
1690687
1691387
1696600
1727369
1728461
1730456
1733834
1736636
1737659
1739294
1740019
1741623
1742413
1743085
1743193
1743577
1744200
1748237
1748677
1749571
1751197
1751810
1754877
1764205
1767581
1768829
1769676
1776742
1778813
1779249
1780385
1781040
1781490
1782633
1783118
1803115
1803826
1804494
1806842
1810228
1813764
1817708
1818391
1819785
1821179
1822417
1826687
1827455
1827604
1828055
1829011
1829726
1830330
1830875
1831396
1832022
1832665
1833315
1833928
1836388
1837250
1839427
1840298
1840804
1842165
1849088
1852811
1869106
1876325
1877388
1878581
1880780
1881395
1882206
1883928
1889656
1890957
1891594
1893521
1898533
1899401
1900410
1901808
1902390
1904945
1906120
1907583
1907668
1908566
1911805
1912699
1913971
1914422
1917394
1920256
1920990
1921470
1921915
1922602
1923228
1925200
1928169
1929242
1932126
1950763
1955427
1955981
1956845
1957610
1958417
1959199
1960199
1961702
1962809
1964123
1966455
1967009
1973317
1975806
1976386
1976757
1977953
1978853
1983921
1984693
1985119
1985694
1986176
1986656
1991993
1992636
1993134
1996640
1997629
1998417
2000022
2006869
2023767
2025559
2026332
2029448
2030039
2031734
2032672
2033232
2034089
2034657
2035255
2035715
2036605
2037297
2039585
2043302
2044607
2046199
2047396
2048670
2049574
2050403
2050752
2051413
2052147
2054625
2057466
2058276
2059298
2059872
2060606
2061988
2062924
2065917
2066644
2067915
2071308
2071786
2072646
2073510
2074406
2075620
2076027
2078490
2082853
2101521
2102474
2103452
2104392
2105066
2105419
2105895
2106324
2107578
2108807
2109813
2113227
2113461
2115139
2115788
2116513
2129221
2129961
2130469
2131167
2131559
2132581
2133136
2134340
2135150
2135605
2135994
2136537
2137556
2139809
2143587
2143912
2144246
2144720
2145391
2147310
2148300
2149112
2164441
2170056
2176060
2181591
2182162
2182726
2183305
2183910
2184482
2185465
2186691
2190987
2192094
2192865
2193399
2194652
2197334
2197939
2199197
2199705
2200792
2202167
2204125
2204746
2205575
2206494
2207083
2208493
2208894
2209733
2210785
2211746
2212695
2214718
2217151
2218608
2219216
2221871
2223012
2223884
2225255
2226525
2227520
2227719
2230308
2231161
2251212
2251986
2253041
2253601
2254021
2254977
2259161
2260338
2263182
2267049
2268152
2268684
2270272
2271040
2271948
2272719
2273376
2275737
2276362
2280525
2282157
2283060
2283526
2283922
2284307
2284674
2286808
2288034
2291622
2292475
2293769
2295563
2300392
2300889
2301567
2302020
2303096
2327083
2336509
2337090
2338288
2340410
2341705
2345783
2350208
2350961
2351349
2351749
2352156
2352627
2353916
2363290
2366008
2366410
2368308
2370969
2372291
2375419
2380784
2382159
2382892
2402809
2403255
2403997
2405302
2407212
2407643
2408115
2418088
2420445
2421291
2422866
2424650
2427889
2428538
2429467
2430057
2438182
2438934
2440116
2440692
2441698
2445633
2482421
2483325
2484141
2484917
2485474
2486243
2488333
2488908
2489500
2490218
2491100
2492958
2494193
2494747
2495619
2497758
2498894
2500382
2500970
2501762
2502531
2503338
2503973
2504555
2505220
2505829
2508062
2508864
2510834
2514333
2514820
2519245
2519762
2520197
2520756
2521889
2522697
2523248
2524219
2528305
2529084
2530065
2531229
2532425
2533331
2550641
2551887
2557436
2558289
2564355
2564890
2565565
2566202
2578535
2581068
2586368
2586799
2587404
2587869
2588808
2592795
2599008
2627170
2628314
2629212
2631341
2633981
2636863
2638074
2639604
2640513
2642259
2643237
2643712
2644475
2644982
2647479
2649789
2651434
2652175
2653199
2658031
2660813
2663731
2665924
2667487
2668100
2669301
2670069
2670549
2671507
2672528
2673898
2676671
2679441
2700890
2701503
2703888
2704515
2704546
2705037
2707276
2707752
2708185
2709086
2710302
2711253
2715108
2718108
2718712
2721434
2723830
2724466
2725215
2726450
2728482
2729227
2730972
2739570
2741219
2741767
2742475
2742942
2743797
2744257
2746752
2782502
2786499
2787234
2788389
2789096
2790198
2791324
2793532
2795297
2796751
2798037
2807091
2808762
2809523
2812933
2813691
2815482
2815952
2817206
2817839
2818180
2818630
2818954
2822226
2823325
2824947
2828330
2828823
2829406
2829973
2830469
2831411
2850973
2851493
2854278
2858475
2860714
2861316
2861848
2862419
2863129
2863567
2864106
2864582
2865175
2866320
2867861
2869579
2871167
2872912
2875587
2876059
2880383
2880927
2882945
2884381
2884787
2886467
2887556
2889348
2890010
2890977
2891338
2891656
2892301
2896184
2897005
2897668
2929154
2930324
2931677
2933755
2935089
2935769
2941450
2942038
2946138
2948250
2950660
2951756
2952990
2954760
2955862
2957087
2963833
2964370
2966176
2966899
2969953
2970829
2971606
2973120
2973973
2975079
2976810
2980252
2983074
2983537
3000563
3001195
3002928
3009141
3010083
3011837
3012483
3017134
3023904
3026294
3031190
3032098
3032940
3033832
3034371
3044509
3078276
3078696
3079201
3079847
3082739
3083743
3084431
3085692
3088516
3089647
3090440
3092509
3093747
3094379
3094834
3095315
3095723
3097048
3097746
3102648
3105525
3105975
3106521
3107722
3112537
3117156
3122805
3124089
3125647
3127364
3128356
3130538
3131081
3132703
3156309
3157526
3158205
3158720
3164017
3166034
3166934
3167792
3168274
3170782
3171206
3172128
3173580
3174257
3177436
3179044
3180093
3181094
3181541
3182095
3184770
3185979
3193048
3193581
3194097
3194474
3195163
3196094
3202747
3228162
3229154
3230131
3232183
3232832
3233739
3234535
3235482
3235898
3236409
3244981
3245498
3246485
3247336
3248461
3251333
3252257
3254790
3255977
3256495
3259563
3261256
3261853
3262325
3263121
3263934
3265011
3266056
3266661
3267526
3268081
3268526
3269495
3270240
3272387
3274386
3319197
3322291
3323604
3324291
3324991
3325616
3326118
3326571
3327593
3328640
3330198
3331603
3332257
3333205
3333786
3334459
3337317
3337675
3338089
3338547
3339315
3344157
3344494
3345094
3345846
3346523
3346897
3347621
3348370
3349150
3380140
3383382
3383856
3384482
3385892
3386576
3387580
3388742
3389431
3390700
3392479
3393300
3395261
3400070
3401041
3401859
3402877
3404659
3406625
3407284
3410056
3412452
3413239
3415376
3418515
3419625
3420152
3429238
3429829
3431977
3432558
3433571
3454389
3454943
3455669
3456825
3464274
3466130
3467479
3468158
3469478
3470709
3471271
3472798
3473775
3474469
3475687
3480168
3484834
3485751
3487062
3488303
3488971
3490010
3490501
3491158
3492472
3492869
3493549
3494147
3495379
3496966
3497672
3498355
3498807
3499283
3531781
3532456
3533184
3535030
3536841
3537456
3538123
3539849
3542410
3542880
3543834
3544483
3546197
3549839
3550428
3552032
3554231
3554894
3555650
3556564
3557281
3560296
3561046
3561880
3563288
3563745
3564297
3565142
3566191
3566754
3567560
3569764
3571175
3571715
3572848
3575694
3576222
3577764
3578285
3578661
3579306
3579858
3601205
3604090
3604604
3605718
3609217
3610143
3610833
3615055
3615743
3616550
3616923
3617798
3618215
3618728
3623068
3623668
3625212
3625880
3627190
3627600
3630782
3631468
3631916
3632545
3633022
3639562
3640986
3643592
3644632
3645629
3646901
3647511
3648045
3648580
3649080
3675039
3677728
3682260
3683322
3685324
3685992
3686604
3687239
3688541
3689125
3689828
3690466
3693021
3694061
3695081
3695919
3697449
3698009
3700685
3701241
3702131
3703512
3704064
3704616
3705773
3708509
3709113
3709585
3710017
3710368
3711261
3711670
3711992
3712583
3716901
3723704
3727025
3727814
3729305
3730768
3731637
3732594
3733260
