7043.464
7620.594
11959.56
12663.44
14427.19
15812.6
16350.93
17925.81
19284.19
20357.38
21941.65
22959.58
24991.23
27953.94
30960.56
31657.55
33281.42
34000.37
35327.48
35969.23
40964.73
41409.78
44422.68
45135.85
46484.81
48130.08
49912.74
51532.88
58701.69
67979.34
68562.94
69810.57
70972.17
86562.83
103110.1
104185.4
123922.7
153606.9
155382.1
166708.3
169599.2
174355.6
174713.1
175101.7
190411.3
192859.4
194526.2
218399.5
220122
221327.9
239863.7
241183
241708.4
245504.6
246789
258341.9
259389.6
262217.3
262465.4
263353.3
264662.2
274752.4
276189.4
300755.5
305994.8
307879
308510.1
310906.2
320874.7
321736.3
326966.1
348423.5
348565.2
349256.6
353464.8
354194.3
366561.7
367196.5
367742.8
368192.3
376186.3
381661.4
388227.9
388906
399180.4
412812.9
417628.2
420524.6
426538.2
426882.1
427223.2
430871.6
431576.9
432494.7
433005.8
451046.1
451812.3
452362.5
452918.4
454604.1
455160.3
455910.6
456849.6
459070.7
459089.3
460118.5
464201.3
467918.2
468995
473392.7
474133.1
474663.4
478592.1
488548.3
495030.9
496174.2
513320.8
513930.4
516376.9
521201.6
526435.4
527688.6
528433.7
528915.1
529653.6
531021.5
533996.6
536383.9
538007.7
539914.9
569155.4
577496.7
615476.1
616803.4
628528.9
631128.6
632228.8
636236.4
637366.8
640798.5
648551.9
657008
666665.9
674239.4
677008.9
677058.1
682838.3
684234.5
694892.2
703136.4
718691.2
718943.6
723659.1
724746.5
731503.3
752293.2
754183
759594.4
760781.2
761984.1
762652
766298.1
766838.5
767888.9
768444.3
769111
770035.6
772433.4
773790.3
775672.4
784664.5
785778
786301.7
788183.4
790928
791573.3
792460.2
795474.7
796164.7
796791.7
797599.5
803188.9
806125.8
807163.8
836554.8
838765.6
850824.3
851390.5
852899.3
855708.2
859695.2
878601.3
879133.3
879879.1
880366
903163.6
905612.6
907333.1
923116.4
923455.7
924863.3
925367.3
929426.2
936097.2
937820.8
941886.9
945093.9
945756.3
950271.3
970546.5
977866.8
978255.7
978318.4
992867.3
994773.4
1000529
1022977
1023870
1056181
1056616
1058221
1059033
1068718
1069668
1070281
1071047
1071532
1072888
1073787
1078723
1083702
1086681
1091936
1094005
1094848
1097779
1098814
1100873
1101039
1104060
1145242
1153251
1155366
1162992
1171156
1172037
1178550
1179197
1182735
1203020
1204742
1207363
1209448
1211796
1219749
1224824
1231382
1232440
1233551
1234793
1236436
1239166
1240473
1241337
1242417
1243355
1244949
1245440
1248216
1255686
1260049
1265111
1267531
1270839
1273196
1278739
1289011
1294588
1298348
1298359
1299841
1300868
1303205
1306204
1316572
1318517
1319271
1319345
1327369
1354311
1355600
1357092
1358762
1364630
1375492
1383470
1393872
1396817
1400906
1420187
1423493
1424135
1424438
1427025
1427037
1432046
1432347
1433333
1434827
1438068
1438848
1440426
1441274
1444450
1446731
1450881
1452456
1453641
1454298
1455051
1456057
1456668
1459067
1460174
1460898
1463181
1464237
1466179
1468532
1476346
1479783
1500172
1500656
1501970
1503389
1511164
1519682
1522598
1523573
1524426
1526029
1526813
1528942
1529758
1530443
1531513
1533954
1536393
1537978
1538382
1538774
1539560
1539872
1540519
1540851
1541497
1542818
1543807
1544405
1545391
1546484
1547613
1548073
1548618
1551654
1552344
1555392
1557324
1561904
1562701
1565613
1566103
1566545
1570478
1572605
1573361
1575051
1575475
1576677
1577705
1578254
1578600
1579402
1579963
1580874
1581677
1584247
1587093
1593449
1594083
1594624
1595291
1596069
1602174
1605714
1606544
1607881
1609545
1610183
1610520
1611189
1612277
1613671
1619814
1620673
1622610
1650785
1651212
1654074
1654627
1655283
1655738
1657610
1660847
1661271
1662488
1665119
1667872
1669170
1673583
1674460
1676376
1677426
1678185
1679210
1679534
1682324
1684211
1684759
1685901
1686710
1687462
1688062
1690095
1690777
1724257
1729248
1729512
1738981
1741314
1745521
1751978
1752888
1757673
1769463
1771057
1777229
1778055
1812039
1814263
1822602
1823644
1824261
1824890
1824994
1838312
1848193
1848370
1856468
1864229
1864787
1865519
1870720
1871204
1871633
1872789
1873624
1875630
1876362
1876999
1877884
1878594
1880558
1912812
1913609
1914234
1915197
1920580
1952603
1953607
1956377
1957099
1969492
1970487
1971199
1972017
1974718
1979152
1979667
1980607
1989879
1992095
1992944
1993480
1993952
1993987
2000183
2021298
2025631
2034412
2035427
2036590
2060210
2060860
2062682
2063408
2064489
2065023
2065486
2066421
2066843
2067323
2067921
2068659
2073280
2073864
2075648
2075648
2076329
2101261
2110570
2112571
2118838
2119809
2120391
2120572
2121239
2123370
2125458
2135105
2136049
2137165
2145903
2146109
2146646
2147458
2154065
2170132
2172294
2172812
2182447
2186567
2187342
2193875
2202019
2202714
2204609
2204787
2211491
2212312
2212800
2213556
2218753
2219378
2220041
2221033
2232490
2250442
2252392
2253599
2254250
2255143
2256531
2256898
2257356
2257506
2258158
2259028
2259918
2260907
2261701
2262219
2262757
2263504
2264226
2265553
2267157
2269611
2270256
2270310
2271235
2271945
2273735
2287566
2288136
2288960
2289829
2290450
2290874
2291307
2292051
2292546
2293115
2293627
2294340
2294894
2299146
2317421
2318137
2320024
2330349
2331126
2340808
2341668
2342552
2342759
2344889
2345908
2353650
2354451
2354872
2368332
2369166
2370797
2374564
2376988
2377624
2378133
2400131
2401497
2405542
2405875
2407029
2407790
2426365
2427446
2428780
2429567
2430760
2432300
2448929
2449758
2450181
2451555
2452727
2453943
2454534
2479677
2480008
2480413
2481162
2484625
2489244
2492947
2494475
2495094
2496182
2498247
2498757
2499193
2499627
2500345
2500998
2507658
2508087
2508482
2509009
2509743
2510439
2518422
2519197
2523669
2524043
2524480
2525642
2527963
2528492
2529031
2529693
2531450
2532235
2532903
2533298
2533733
2559122
2561145
2561882
2562625
2563491
2564001
2564665
2565644
2571962
2572912
2572948
2578735
2580687
2583021
2584014
2584530
2586151
2587175
2589705
2591748
2593928
2596050
2596628
2597395
2598141
2600644
2601325
2602012
2603183
2621231
2622489
2631607
2632324
2635096
2636058
2637331
2641770
2642564
2643603
2657265
2657297
2657778
2658454
2666046
2670936
2700388
2701214
2702453
2703657
2704460
2705573
2706258
2706777
2707592
2710223
2710649
2711188
2711731
2713272
2713679
2713897
2714310
2714704
2715263
2715710
2716109
2716514
2717003
2717677
2718316
2719382
2722773
2724810
2725566
2726202
2730433
2732389
2733570
2734617
2735190
2735825
2737379
2741510
2749396
2752848
2757628
2758803
2776280
2777164
2784394
2784905
2785829
2789574
2795838
2797928
2803085
2803735
2808177
2810371
2815715
2818017
2818854
2825792
2850227
2851457
2852217
2853000
2853406
2853857
2853868
2854428
2856391
2856862
2857871
2858221
2858790
2859570
2860217
2860604
2861231
2862827
2863403
2864237
2864848
2865934
2867326
2867873
2868541
2870078
2870606
2871313
2872138
2872267
2873299
2873819
2874859
2878116
2878871
2880076
2881418
2882348
2888238
2889137
2889976
2890944
2893483
2894576
2894918
2895333
2895934
2897239
2897603
2897932
2898386
2898876
2899169
2900011
2900490
2901035
2902066
2904504
2911457
2914865
2915769
2918036
2919731
2921053
2950268
2958386
2960457
2963240
2968135
2969345
2969853
2969968
2970908
2972040
2972605
2974049
2975955
2976821
2977727
2978313
3004515
3006630
3008213
3015197
3016578
3017126
3019030
3024642
3025140
3025957
3027633
3028224
3028909
3032196
3033469
3034227
3034935
3035507
3036827
3036864
3038116
3038892
3039497
3039641
3043371
3044540
3046127
3047112
3048796
3066330
3069739
3072629
3073907
3074785
3076317
3086298
3087719
3093763
3107121
3122063
3122710
3133031
3152644
3157856
3169893
3180025
3186975
3188444
3190255
3193888
3200690
3214422
3214873
3215277
3215914
3222271
3225620
3231530
3233431
3242514
3243329
3253668
3257281
3267552
3273508
3274176
3275564
3276632
3281052
3301697
3309416
3310157
3315841
3324190
3332615
3337723
3339008
3342182
3342780
3368397
3369747
3373697
3374681
3383709
3384315
3389233
3389797
3404372
3404967
3405641
3416464
3417809
3423925
3432253
3433673
3450635
3450915
3453426
3453617
3455614
3456241
3457129
3458054
3458638
3459500
3460306
3460961
3463184
3463880
3465339
3472640
3475444
3476252
3483752
3484108
3484726
3497685
3498385
3499168
3499728
3500076
3501627
3502518
3521341
3521765
3522230
3523360
3527168
3536091
3536811
3537481
3538147
3539147
3539747
3547524
3552417
3553551
3554116
3556389
3559460
3559861
3560124
3562794
3567471
3573361
3602085
3604228
3604546
3620183
3629790
3630307
3630877
3631643
3632159
3642821
3643731
3645270
3648592
3649242
3668150
3668341
3673383
3674406
3675396
3676248
3676967
3677695
3678749
3680006
3687648
3688531
3689072
3689494
3690183
3692211
3692855
3693676
3694001
3695379
3698106
3706610
3716629
3728997
3729436
3729998
3732554
