495.7112
1236.716
2554.452
3129.992
3810.51
4389.454
8093.804
8467.384
8875.418
9430.037
17055.6
19545.44
20054.2
20547.2
21078.29
21740.29
22206.38
22832.14
23363.84
24306.01
24731.14
25363.66
26051.9
26451.29
27467.2
28162.7
29046.31
30019.27
31249.99
32565.91
33469.68
34621.27
36500.03
37401.32
41045.33
43057.58
43570.93
45025.02
46248.36
49003.12
49879.5
50566.23
52167.83
53322.84
55271.2
56032.15
57270.79
59039.52
60274.33
65552.2
66575.18
67522.46
68064.67
68673.41
69914
70981.31
71627.46
72723.24
75256.4
76055.27
76889.78
78237.13
78774.54
79725.7
80724.12
81759.92
82873.97
85312.43
86061.56
87434.88
100166.8
104281.6
105597.4
108536.9
110157.6
111976.3
119448.3
121376.4
126192.7
131229.4
132542.4
151037.9
152219.8
181207.3
184084.7
184852.4
188553.2
191768.3
192610.2
193597.8
193928.9
194418.4
194772.3
195510.2
197925.1
198648.9
199424.7
199825.8
200274.8
216588.5
217637.3
218110.5
218729.2
220302.9
220990.8
221712.4
222475
223419.2
224220.6
240526.7
241867.2
243231.7
243764
249004
255775.2
258892.4
259629.1
260369.3
262222.3
266386.5
267040.1
267903.3
269797.6
270448.7
271139.5
272504.2
272979.1
274010.2
274637.6
275119.1
276464.1
278294.1
279593.5
280145.9
280531.9
282647.6
301754.2
302230.7
302841.8
305026.7
305735.1
306331.3
307182.8
307787.1
308826.8
309517.8
310736
312656.9
314318.8
315282.6
319443.2
319970.6
320628.8
321749.5
323028.3
323637.5
324224.9
325271.8
325841.6
326879.9
327580.7
328815.8
329625.5
330926.2
331932.5
332968.4
333568.6
333963
334600.5
338616.4
341144
341665
344055.6
345292.5
345942.6
346552.7
347421.3
368657
369737.6
372566.6
373426.5
374459.6
375244.7
376009.7
376733.6
377211.2
378655.3
379544.3
381880.6
382512.6
383708
384781.7
385493.1
387249.4
387817.8
388464.6
388938.7
390661.9
391849.6
392550.9
392891.3
393306.3
396178.4
396650.1
397743.6
400134.5
400284.6
402071.3
402553.2
403124.4
403865.4
404496
405059.8
407275.8
408542.7
409819.6
410572.3
411355.6
412876.5
414681.4
415302.2
415925.3
422325.2
427019.3
450713.4
452043.4
452668.6
453535.6
459296.8
469241.5
475452.2
480212.5
482092.1
483293.9
484285
484965.8
485484
486055.8
486402
486743.5
487744.9
489836.2
490746.4
491412.6
505150.7
507952
513723.5
514186.8
515543.4
516809.4
518047.5
520297.3
520678.3
521562.4
523334.8
525264
527623.4
528385.7
529684.7
530025.6
530447.8
530886.2
531557
532017.1
532451.4
533101.3
533437.9
534085.1
534885.6
536130.5
537647.4
538018.6
538678.5
539169.3
541832.1
542326
558669.4
559691.1
562412.8
563432.9
565053.3
565923.3
566549.8
567050.7
569170.5
569700.5
570974.9
573867.1
574383.9
577812.3
578296.4
579409.5
581178.8
582350.5
601039.8
602430.5
603480.6
608144.4
609903.5
611292.5
611843.9
616304.4
619748.4
620426.6
620943.4
622583.7
624837.4
626160.2
629169.3
629743.3
630312.2
631583.6
632300.6
633036.1
634093.9
634922.9
638697.2
639597.5
639990.2
647707.4
648392.8
650262.5
664810.3
665439.6
665965
666820.3
667698.1
668231.7
669175.6
669830.9
670490.7
672420.3
673456
674590.5
675876.9
676374.5
677036.2
677504.3
678424.9
679213.4
679829.6
680586.2
681404.2
682836.8
683626.5
685949.2
686542
687400.4
690244.8
704294.4
705106
708119.4
709132.4
710236.2
711041.8
711653.9
712151.5
719752
721497.2
723176.1
729912.5
730459.9
731774
757348.1
757896.1
758945.9
759773.4
760269.4
760988.1
761852.8
762447
762812.5
763618.4
774303.5
774889.9
775904.5
776642.6
777148.3
778065.2
781008.9
781360
783723.8
784443.9
791328.8
792759.2
796258.4
799983.1
806942.5
807729.8
808327.6
808881.8
810749.5
811726.6
812449.5
812744
835177.1
842566.2
843476.8
844260.2
845384.8
845823.4
846420.5
850205.2
851507.6
852322.5
852814.5
853289.6
857666.5
858446.1
874763.7
875389
876531.2
877148.1
877953.4
878335.1
878707.3
880386.4
881324
881701.1
883013.5
901012.5
901478.4
902350.1
903092.6
903558.4
904816.3
906238.2
907178.1
907479.5
907935.8
909200.6
910143.7
911527.2
913917.1
915884.9
916974.9
918864.1
919426.4
923491.8
924095.4
925346.1
926548.9
927246.9
927879.5
929518.1
930054.2
930743.2
931270.6
931734.9
935283.5
935772.6
936313.3
936768.3
938026.5
939788.9
940636.1
943280.9
944249.3
944892.7
945994.8
946920.4
947617.8
950168
951574.9
952150.5
966387.9
967320.6
968485
969334.3
970774.1
971641.2
972077.7
972419.6
974002.7
974965.9
977114.1
977756.3
981107.4
981801.6
984763.6
985490.3
986891.5
990487.4
993484.3
998256.4
999449.2
1000753
1001895
1003037
1004214
1006509
1006955
1008006
1008599
1009089
1011007
1011722
1014363
1021706
1027005
1028560
1029537
1031756
1032724
1051601
1052961
1053807
1054544
1055360
1055999
1056996
1057522
1058365
1083340
1088901
1090828
1095479
1096031
1100189
1115195
1116804
1117379
1117847
1118970
1121371
1122410
1123772
1124202
1126617
1134688
1135076
1135549
1136294
1140610
1142285
1148341
1149223
1150348
1155127
1159386
1180996
1181808
1183615
1201831
1202441
1203627
1204337
1204980
1205695
1207279
1208178
1210706
1212981
1214400
1220403
1220985
1222614
1223670
1225401
1229772
1232683
1236380
1237478
1238056
1240145
1242260
1245092
1245600
1246396
1249470
1250251
1250668
1251023
1251666
1252316
1255115
1255946
1264313
1264772
1265319
1267071
1267731
1268239
1268868
1274960
1275521
1279488
1280017
1294147
1294667
1295267
1296080
1296873
1297338
1298742
1303490
1304551
1305755
1306433
1307286
1308098
1309467
1309921
1310610
1311656
1312160
1312900
1317914
1319690
1326275
1326675
1327240
1331331
1333539
1353482
1353974
1355352
1358273
1358690
1359325
1360531
1361220
1361660
1362403
1363137
1363988
1364502
1364892
1365263
1366179
1366923
1367858
1368908
1369288
1369762
1374648
1376511
1377738
1378672
1379732
1380540
1381619
1382234
1382921
1384006
1384912
1389655
1392172
1395166
1395935
1396867
1399043
1403673
1416647
1417444
1418174
1420528
1420896
1425576
1427031
1427913
1429241
1431100
1474512
1515131
1515739
1516203
1516817
1517701
1518228
1519062
1519583
1520145
1521226
1521758
1522372
1523287
1534021
1534597
1537311
1538265
1539859
1541173
1543077
1544072
1545496
1546074
1546611
1547117
1551230
1552336
1553065
1553735
1554308
1555369
1555718
1556614
1560539
1578400
1579233
1579980
1580926
1581687
1583632
1586226
1586686
1587178
1589379
1590103
1590703
1591335
1592038
1592902
1594255
1607837
1608595
1609471
1612209
1615705
1616354
1617613
1627386
1631074
1631663
1633450
1650608
1651480
1652373
1656016
1657559
1658383
1658827
1659182
1659753
1660450
1661789
1664318
1665865
1666232
1666768
1667380
1667937
1668478
1668793
1669884
1670377
1671115
1671705
1672017
1672466
1672860
1673798
1674527
1675182
1675599
1675945
1676402
1679590
1680935
1681614
1684303
1694584
1695922
1697492
1698435
1698897
1699639
1702102
1713972
1714521
1715657
1716335
1717022
1718381
1740309
1740815
1741460
1744887
1746279
1747403
1748508
1755183
1757318
1757865
1758343
1759184
1767533
1768276
1769802
1776985
1777619
1781442
1811538
1815152
1815554
1826441
1828627
1833204
1837178
1841248
1842181
1842750
1844103
1844619
1845165
1846701
1847560
1848202
1848717
1849369
1851761
1852647
1856367
1857062
1864221
1864971
1865521
1877647
1892099
1903978
1905488
1905958
1906543
1906910
1907653
1908429
1908858
1910798
1911816
1912526
1913300
1927773
1929012
1929601
1930341
1930738
1932211
1933219
1956242
1964228
1964736
1966249
1967051
1967851
1968646
1969600
1970847
2001648
2003800
2004295
2004904
2006064
2006725
2007458
2008172
2009172
2009857
2010588
2011173
2011902
2023011
2023663
2024293
2025737
2026481
2028010
2028898
2029256
2029949
2030722
2031256
2031780
2032285
2032843
2033855
2034486
2034931
2035488
2037334
2037870
2039137
2040516
2041533
2042316
2043163
2044211
2044890
2045425
2046044
2046454
2046893
2047432
2047996
2048568
2048890
2049503
2049894
2050330
2051063
2051646
2052000
2052846
2054017
2054574
2055095
2057032
2057660
2058388
2058884
2060266
2060762
2061300
2061662
2062692
2065204
2066069
2067077
2073799
2078106
2078454
2081448
2100302
2101813
2103672
2104156
2105023
2105733
2106191
2107292
2108220
2112555
2113306
2113885
2115335
2115770
2116303
2117472
2117901
2118443
2118915
2119328
2119777
2120371
2120955
2123480
2124513
2125795
2139414
2140234
2141835
2142796
2143584
2144026
2144669
2145372
2146990
2147414
2150243
2150959
2151441
2151847
2152605
2154441
2158039
2168746
2170045
2170790
2179870
2180859
2182005
2182771
2184140
2185466
2208182
2209253
2213824
2214326
2214765
2216337
2229620
2230188
2230953
2231768
2232209
2232584
2232976
2233436
2250141
2252106
2252655
2253391
2253914
2254846
2256001
2257344
2259419
2260923
2284436
2285002
2285574
2287001
2288185
2289471
2290675
2291399
2292235
2295432
2297883
2298913
2299703
2300243
2303052
2303463
2304035
2328626
2329143
2329482
2330272
2331892
2333078
2334175
2336562
2339603
2340388
2341355
2341784
2342644
2343987
2346426
2347701
2348525
2349622
2352505
2353166
2353601
2354430
2357474
2358059
2359324
2360873
2361909
2362496
2362854
2365815
2368405
2369782
2370567
2373274
2373848
2375692
2376656
2378659
2379357
2400576
2401421
2402215
2402569
2402981
2403474
2403853
2404284
2404827
2405806
2407135
2408902
2409916
2410425
2410785
2411231
2412062
2414286
2414754
2415531
2416299
2416700
2419670
2420130
2420913
2423344
2431092
2431773
2436285
2437271
2437920
2439813
2440350
2441003
2441580
2442392
2444914
2445541
2446524
2446985
2447465
2448380
2449128
2449749
2454226
2465817
2466182
2466682
2467242
2468489
2469488
2469980
2470433
2471286
2472544
2473194
2487356
2487885
2488674
2489259
2490274
2512060
2513598
2514840
2515920
2518205
2520655
2521892
2522543
2523467
2524532
2528487
2589783
2590169
2590591
2592019
2594012
2595695
2596531
2597931
2598701
2599108
2599727
2600412
2601182
2601943
2603001
2603955
2606113
2619785
2620866
2621979
2622385
2646849
2647827
2650200
2651071
2651835
2653379
2653906
2656687
2657379
2657801
2658308
2659199
2660141
2661325
2661835
2662311
2662810
2663609
2680542
2681290
2682164
2682637
2700601
2701784
2704829
2705837
2706909
2707884
2708412
2709162
2715675
2728123
2728744
2730580
2731942
2732472
2733244
2734334
2752281
2752904
2753450
2754115
2755502
2756711
2760787
2765563
2773407
2773918
2774396
2775339
2776040
2776523
2777197
2778240
2785039
2785729
2786573
2787250
2788750
2789509
2790459
2791106
2796296
2831645
2832495
2852620
2853362
2853893
2854407
2854767
2855212
2855646
2856138
2856814
2857289
2857728
2857998
2858362
2859039
2859360
2859989
2860504
2862005
2862654
2863266
2868509
2870037
2874000
2874741
2877119
2877633
2878877
2879469
2880298
2883125
2885264
2886988
2887547
2888097
2889364
2903281
2903918
2904699
2905203
2906003
2906459
2907026
2912714
2913762
2914372
2915070
2915453
2915918
2916487
2917207
2917641
2918184
2919149
2920280
2921789
2922870
2923582
2936778
2942885
2943504
2944789
2945242
2945841
2946741
2947384
2950016
2950927
2951641
2952106
2952560
2953258
2953762
2954825
2955227
2955769
2956146
2956693
2957083
2957545
2959777
2960561
2961237
2961651
2962343
2968009
2969957
2971340
2972762
2975495
3000705
3001194
3009647
3010189
3011551
3012207
3013128
3016983
3018293
3018727
3019313
3021274
3025634
3026763
3027299
3028379
3029617
3030548
3031012
3046803
3047694
3049876
3050390
3051149
3056060
3057256
3058521
3063651
3064071
3064722
3065545
3066446
3069334
3069839
3072017
3072876
3074694
3075349
3078580
3081340
3082145
3083799
3084328
3086180
3086698
3088616
3089331
3089742
3092145
3092748
3093597
3094450
3096196
3096675
3097952
3100039
3104328
3104931
3110825
3113475
3114304
3114878
3115357
3116139
3116444
3117066
3117482
3117867
3119630
3120411
3121449
3125071
3126444
3127072
3131735
3133449
3150707
3151811
3156492
3158725
3183846
3186475
3194314
3197952
3199505
3199894
3200390
3200836
3201314
3201937
3215525
3216610
3217245
3218049
3219301
3220021
3221554
3222826
3227207
3227799
3238942
3239683
3241179
3241830
3252472
3254833
3255753
3256214
3259082
3259755
3260526
3260976
3261889
3265879
3268106
3270398
3276390
3300619
3301131
3301785
3302921
3304066
3304691
3305073
3305501
3306186
3307067
3307617
3309368
3310014
3311637
3312181
3312755
3314273
3315565
3316457
3317013
3317809
3323142
3328234
3329019
3330609
3331756
3333391
3335028
3338347
3338933
3341808
3342690
3344926
3366329
3366831
3367813
3368501
3369715
3370882
3372071
3373000
3373623
3375359
3376365
3381831
3382230
3384656
3390113
3393738
3396227
3397211
3423372
3423845
3424852
3429226
3429935
3430895
3431302
3432262
3432941
3433841
3455478
3456628
3459006
3460558
3463942
3465122
3466361
3468753
3474523
3476155
3477025
3477679
3481303
3482554
3493293
3494755
3496274
3496763
3497184
3497652
3498889
3502359
3504409
3505111
3511178
3511812
3512419
3514037
3515265
3515961
3516572
3517117
3517774
3520197
3528555
3529721
3530520
3531881
3544341
3545210
3545966
3549180
3550194
3553175
3609118
3609684
3610684
3654494
3655172
3655700
3657224
3657623
3659363
3659891
3660785
3662787
3663638
3664950
3666020
3666649
3667475
3668145
3670887
3671837
3674988
3675728
3676583
3678135
3678913
3679854
3680643
3681097
3681512
3682253
3682659
3683108
3683620
3683909
3684350
3684844
3685673
3687084
3690450
3701796
3702359
3702636
3703221
3704084
3704657
3705132
3705969
3706949
3707363
3707696
3708568
3708986
3709658
3710157
3711026
3711536
3712984
3713889
3714658
3715229
3715878
3717436
3718783
3719834
