2054.093
4317.216
6434.003
12845.02
16176.28
19085.7
22596.82
30564.5
30961.73
31567.81
46870.83
49666.61
50347.95
63588.18
70580.61
72420.24
76779.55
84459.11
87363.32
88684.35
89740.44
107126
111016
116276.5
117888.2
123164.1
153651.3
163967.1
170169.7
185447.8
194339.5
200538
200909.7
222453.5
236259.8
269894.8
270590.5
305888.8
310486
312253.9
320264.8
323134.5
323873.4
334563.3
335501.6
347018.9
353094.2
391228.7
391808.3
394324.7
403131.6
418971.4
424752.8
468107.8
474144.8
488348.2
493227.6
506999.2
525685
531615.5
555514.4
557564.8
561014.6
561979.9
562890.3
566840.3
567859.6
573412.4
601224.8
603681.6
604724.3
613408.2
615420.3
617843.1
618714.5
623825.1
627014
628431
631747.9
631763
633580.5
636129.4
649043.2
649841.9
650414.4
651670.7
666709.4
668115.2
668485.1
669162.2
671556.3
678063.3
679561.9
686131.1
687025.3
691433
696197.1
706600.5
724993
728252.4
730189.9
753915.1
756080
762443.8
765320.7
776238.3
781053.4
813287.9
824032.6
824533.3
826277
836919.5
841078
841854.1
846185.4
861072.3
864940
868535.9
880260.2
903136.8
916956.5
944040.9
944756.6
950989.6
951784.6
956691.6
972037.3
977718
989292.8
991210.5
992436
1006569
1007958
1014112
1025960
1028626
1030377
1052292
1058863
1062687
1063766
1064049
1082957
1088180
1096209
1102050
1106295
1124020
1124303
1129221
1138950
1178707
1180326
1180754
1201580
1202040
1203300
1204280
1206349
1207195
1220895
1222082
1222627
1223748
1225955
1227341
1241548
1263289
1274746
1278103
1291990
1299431
1299946
1300620
1304671
1313027
1316295
1320944
1331231
1331680
1354048
1355551
1364255
1365609
1373628
1374821
1376195
1380799
1388161
1388838
1390116
1391729
1392375
1400721
1405150
1419949
1420574
1453366
1454300
1461050
1517469
1522774
1541394
1543029
1549862
1550158
1550640
1551000
1552727
1557237
1577337
1578595
1585763
1597739
1618920
1625316
1626368
1669008
1679877
1685323
1695738
1715913
1718512
1730804
1730925
1731540
1733653
1742711
1761253
1778850
1781828
1803127
1821108
1824480
1824899
1827863
1835227
1847409
1851807
1864141
1887480
1890365
1915902
1923915
1932624
1974022
1986288
2009404
2016274
2020724
2038627
2039010
2054309
2054621
2069533
2070592
2070847
2071443
2079790
2081254
2101782
2110548
2115475
2116194
2118320
2122076
2125198
2130076
2136561
2146685
2147503
2152211
2153528
2166793
2172379
2173009
2177079
2178873
2179653
2184224
2192911
2198898
2208822
2209310
2210674
2212547
2214040
2225120
2226744
2227385
2228702
2228994
2253489
2256228
2263173
2277730
2286433
2289634
2306244
2308311
2324262
2329148
2332657
2351513
2355142
2361730
2365090
2376973
2378175
2379394
2380321
2425064
2425195
2435287
2442932
2444223
2466345
2471829
2477607
2489603
2490022
2514196
2514700
2532215
2560920
2562271
2564189
2601110
2608995
2614915
2615656
2633179
2634449
2638343
2646560
2660327
2662875
2701712
2704631
2707182
2732098
2735081
2741200
2768746
2769233
2774612
2788654
2802797
2816192
2821229
2851160
2852297
2855195
2858918
2868601
2896295
2897276
2913937
2933763
2939217
2950652
2956810
2957783
2958925
2972875
2973808
2974214
3001607
3038086
3051143
3055165
3068326
3071480
3075705
3090533
3094587
3097590
3101801
3103131
3109045
3122095
3152885
3158200
3158561
3168796
3173707
3176542
3178771
3184716
3214819
3217337
3226673
3237963
3238490
3238713
3267646
3277499
3277950
3279197
3304692
3306582
3307924
3313549
3314296
3327595
3329110
3339351
3344042
3356040
3365982
3369196
3373690
3384898
3387169
3392529
3393618
3464293
3466290
3487035
3499128
3501071
3506213
3506662
3546895
3552538
3552755
3577367
3602527
3626320
3627100
3655123
3656935
3666254
3677844
3685014
3687679
3691858
3692860
3704828
3706872
3707716
3709011
3714399
3716216
3717461
3718503
3728854
