368.2104
1104.404
2292.422
3501.59
5601.776
8051.216
9494.498
10792.62
11301.32
13045.75
14100.51
14118.14
14868.27
15401.4
15859.02
15892.65
16348.14
16595.86
16786.71
16984.81
17263.53
17742.57
17955.91
18356.65
18461.08
21569.54
21614.1
24313.94
26820.93
27559.8
27864.14
28853.69
28925.2
29367.1
31025.88
34030.14
34657.16
34964.18
39215.92
44666.93
50364.23
51915.89
54386.21
54695.68
54702.4
55506.46
55915.05
56242.06
56339.73
56921.85
57390.56
57489.5
58071.47
58437.49
59472.29
60241.91
63956.8
64711.85
68165.59
68239.81
68560.21
68961.68
68978.12
69424.99
70208.35
70370.66
70968.82
70993.38
72190.3
72913.54
73293.13
73804.02
75133.52
75957.22
76574.32
76998.91
78061.84
78737.19
79158.78
80502.86
81901.27
84139.84
85696.29
86015.82
86776.79
87914.42
90898.34
91615.88
92456.51
92543.65
93515.75
94624.58
95342.64
95349.02
96417.28
97127.63
98213.39
100364.6
100728.4
101079.1
101317.6
102358
103590.9
105311.4
105929.8
108143.1
108722
109436
109935.9
110134.5
111050.5
112135.2
113933.1
115902.6
117366.2
118049.7
118570.3
118867
119209.5
120005.6
120846.1
121722.4
121970.7
122651.1
122676.5
122891.8
123221
123760.7
124146.3
124589.7
125482
126489.2
128384.7
128828.1
128869
129345
129968.1
130236.9
130369.6
130994.5
150640.7
151410.6
153211.5
153978.5
154424.7
157063.5
158071.5
159081
159805.3
160644.8
162225.9
162947
163693.9
163900.2
164401.3
165141.4
169620.9
172340.2
172948.7
175935.4
177483
179156.6
179378.5
180452.6
182382.1
183145.7
184236.6
184599
188637.2
189775.9
190501.9
191346.9
193751.1
195399.6
198176.9
199664.6
200837
201775.5
203243.9
203424.5
204161.5
204889.1
205070.9
205896.3
206088
206929.5
208746.8
208751.8
208844.3
210049.8
210621.8
211645.9
212094.9
212946.8
213185.3
213330.8
213929.8
214459.5
214801.6
215321.4
216044
218320.9
219131.2
220498.6
222001
222262.6
223284.4
228955.1
229223.7
230664.9
230806.3
232268.5
234399.8
236210.8
236971.7
239820.8
240232.5
241369.1
241880.5
242182.7
243028.3
243626.6
244125.3
244708.4
245214.6
246143.2
246554.8
247295.4
250940.1
251682.8
252423.7
253048
254389.6
254526.5
255879.7
256897.8
258565.5
259534.9
260500
260844.1
261734.6
263292.7
265022.4
265573.3
267540.2
270060.7
271899.8
272705.9
273303
273993.2
275158.4
275466
276460.7
276490.5
276620.9
277076.6
280386.2
283276.1
301073.5
301351.5
301874.6
302856
304815.1
305075.3
305209.1
305699.4
308755.4
310275
310977.6
311295.6
311584.7
312000.9
312233.3
312880.3
313501.6
314497.4
315063.5
316375.2
319126.6
321625.8
322080.5
324479.5
330315.3
331404.4
333712.7
334296
335191.8
336032.9
336878.9
337332.8
338350
339609.6
339948.9
340448.6
342564.4
343724.5
345353.8
346703
349301.7
353888.8
354376.6
355416.7
355762.5
357082.8
357636.4
361420.5
363019.3
365080.4
368517.6
369033.5
369973.3
370037.8
373148.2
373684
381319.9
381839.3
383830.5
384840
385949.8
387124.8
388134.7
389684.1
394210.4
395044.8
396129.3
399831.7
401308.7
401389.8
402044.3
402765
403543.3
403596.9
405597.8
406356.2
408079
408413.3
410017.1
412609.9
414899.5
415074.7
415349.5
415692
416460
416637.8
417169.5
417512.5
418138.7
418638.6
420043.2
421325.9
421542.5
422398.8
423566.4
424427.7
425675.7
427316.9
428869.3
429788.9
429980
430845.1
431470.1
432100.5
432647.4
450888.2
451923.7
452944.1
453946.7
454660.8
454688.6
455785.3
456475.8
457101.5
458349.2
458405.9
459086.9
459767.8
460119.1
460600.7
460622.3
461665
462300.7
462367.9
463126.7
464391.5
465572.5
466409.5
467213.2
468377.5
468935.4
469041.2
470211.9
470917.2
471258.7
471568.2
472250.9
472927
473118.1
477250.7
481930.6
486175.5
489306.7
489982.6
492376
494025.2
496409.4
496451
497443.9
500535.9
502883.1
503129.1
504662.7
505204.8
505417.5
505985.6
506754.7
506816.5
507720.4
508377.5
509069.5
509238.9
509808.7
510416.3
511219.8
513507.1
519132.3
519349
520021.5
520032.3
520932.1
522133.7
522820.1
527338.5
528235.4
528966
529624.6
530470
531124.6
532080
533068.8
534061.4
534371.5
535447.7
535842
536554.9
537122.4
537920.9
542514.7
542905.6
543369
543889.1
543926.4
543948.3
544592.9
545388.1
545759.7
546271.1
547613.8
547690.3
548643.5
549484.5
550004.7
550267.7
550761.6
551742.7
552360.3
552828
553017.1
553441.1
553586.7
554476.8
555172.2
555778.4
559885.3
560736.5
562855.6
563747.6
564136.4
564549.8
565036.6
565485.1
566079.9
566122.6
573920.2
575457.1
577032.2
577179.7
578105.6
581835.7
582134.8
583163.3
601742.2
602610.7
603018.9
603424.9
603701.2
606083.8
606380.7
606569.1
607250.5
608819
609087.6
610988.9
611058.2
611685.5
611815.5
612522.6
614015.4
614553.2
615250.9
616115.7
617167.7
618231.7
619648.6
621355.4
624428.1
625051.7
626186.5
626545
627784.3
631524.7
633107
633459.8
634127.4
634406.6
643637
644511.5
645033.2
645653.4
645773
645798.9
646443.7
648236.4
649887.8
650213.2
650676.8
651769.5
653492.2
654032.4
655888.2
656352.1
657032.5
658950.2
659470.5
661733.1
663121.2
663669.3
669562.6
669666.3
669999.2
672167.1
677666.8
678403.8
678781
679591.6
680059.1
680255.9
681225.2
681718.3
683361.8
684842
687015
687238.4
687911
688356.3
689182.9
689289.5
689928.7
690111.8
690163.9
690464.6
691625.6
692430.4
693347
694021.8
695942.1
696721.7
697398
697798.6
698660.9
699172.7
703940
704681.7
704848.4
705422.5
706146.4
706616.3
706961
707688.6
708206.7
708694.2
709660.7
711840.2
712346.6
712555
713397.4
714093
714337.7
717132.2
718117.4
719101.7
720404.8
721848.3
722365.3
722543.5
722975.5
723008.7
723597.7
724295.5
725591.3
725936.7
726696.1
730310.4
731076.3
731725.3
732040
750440.9
754017.4
754246.6
756982
757558.6
757634.5
758231.1
758337.8
758819.6
761268.9
762333.4
763471.7
763733.9
764160.1
764619.8
764999.7
767438.6
767968.3
768465.4
769018.5
769560
770244.5
770672.7
770871.1
775319.3
777547.4
778154.6
778695.5
779153
782612.8
783015.4
784008.5
786529.9
787850.9
788751.1
788884.5
790468.2
792310.9
792569.3
792783.8
793096.9
793662.4
795327.7
795942.5
796545.2
797084.3
798477.6
799108.6
803701.1
804502.3
805472.7
805860.4
806556.6
806911
807515.6
807538
808142
808702.9
809423
812550.7
814440.8
815322.8
815845.3
817011.5
817503.4
818490.3
819255.4
819287.6
820961.6
821746.7
822668.6
823382.6
823582.9
824742.1
825114.9
825600.6
826584
826700.5
827707
827748
828239
829186.7
830420.6
832840.7
833047.7
835000.9
835610.5
836220.2
836480.2
837394.3
838199.8
840796.9
841368.5
841804.8
846020.8
849150.5
852100.5
854805.4
856699.5
857038.8
857436.8
859903.5
860636
862172.2
862688.7
863136.1
863266.1
863709.2
863897.3
865789.8
866623.8
867084.5
867540.9
869285.3
873020.3
873580.9
874150.5
874786.7
875322
876758.4
877634.7
877751.7
878328.6
880288.6
882536.2
900828.9
901311
902153.3
902434.2
903065.5
903463.8
903992.6
904996.3
906738.6
907844.3
908070.1
908270.2
912920
917978.3
921629.3
922244.7
922449.6
925165.2
927787.5
928832.3
929406.9
929864.6
930082.1
930551.1
930974.8
932148
932594.6
932844.9
933393.5
937611
937981.6
939188.4
942771.4
943772.4
945482.1
946420.3
946584.6
946979.8
949951.8
950174.1
950838.2
951655.7
956249.1
956713.8
957997.5
960036.9
961821.5
963267.3
964740.8
966342
969605
970251.1
970699.7
971336.8
971977.3
975269.5
975872.1
977785.1
980383.2
980711.9
981790.3
982691.7
983304.9
983667.5
984374.6
988102.5
991554.2
992279.2
992295.3
993772.7
994929.2
994991.3
996635.7
998899
999851.2
1001339
1001500
1002835
1003891
1003938
1004097
1004640
1004969
1005251
1006173
1006555
1007719
1008237
1008889
1013942
1013957
1014452
1014856
1015136
1015618
1016297
1017690
1018277
1018519
1018783
1019105
1021484
1021508
1022639
1022879
1022969
1023591
1023680
1023797
1024131
1025179
1025803
1027203
1029880
1050237
1050285
1050779
1051884
1051996
1052744
1056191
1057267
1058229
1060360
1060813
1065405
1068447
1069071
1069807
1072496
1073506
1073690
1074978
1075703
1077155
1078432
1079147
1079756
1080118
1081008
1082026
1082998
1083927
1087762
1089437
1091931
1092580
1092793
1093755
1093781
1094319
1094902
1095603
1096122
1098657
1099677
1101365
1101408
1102528
1102694
1103116
1103870
1104248
1104284
1110383
1110537
1113455
1114219
1114553
1121525
1121829
1122024
1123085
1124744
1125604
1125697
1126809
1127784
1127814
1128886
1129576
1130080
1130953
1132102
1132258
1137051
1138004
1140623
1140876
1141876
1142057
1145562
1147742
1148328
1149113
1149302
1151622
1152839
1154118
1155064
1157855
1157946
1158902
1159801
1160301
1160483
1160959
1163634
1166057
1166391
1166687
1167526
1168081
1169777
1170670
1171416
1171473
1171822
1176197
1177232
1177898
1178538
1178863
1179383
1179936
1180027
1180561
1182397
1200777
1201322
1201367
1202481
1203307
1204296
1206578
1207042
1208034
1208603
1209933
1211007
1211041
1211247
1211796
1212974
1214778
1216657
1217329
1218286
1218464
1219456
1221427
1222198
1223914
1225177
1226474
1227088
1227520
1227526
1228285
1229439
1230032
1232037
1237020
1238511
1238907
1239276
1239361
1241925
1242015
1243933
1244183
1244780
1247499
1248644
1249072
1249409
1250275
1252070
1252239
1252819
1253620
1254823
1255297
1256396
1256686
1256871
1257252
1257646
1259298
1259923
1260626
1261302
1266120
1266660
1267833
1269412
1271174
1272584
1273569
1275511
1275979
1276056
1276233
1276869
1277436
1277801
1278584
1278688
1279161
1279757
1287276
1287470
1288092
1289194
1289852
1291719
1292281
1293279
1297230
1297891
1300793
1301795
1302766
1303491
1304423
1309614
1310746
1311657
1313990
1314073
1314096
1314845
1315556
1316936
1317951
1318818
1319655
1320294
1320444
1320675
1321152
1324677
1327723
1328050
1328344
1328662
1329387
1329590
1330090
1330713
1331714
1332540
1333158
1350440
1351087
1352578
1352730
1355336
1356501
1356682
1357252
1358614
1360027
1364951
1365725
1369220
1369272
1370278
1371390
1374694
1376746
1378716
1379071
1380619
1381673
1382493
1383189
1383236
1383864
1384592
1385026
1385802
1386391
1386783
1386898
1387328
1389099
1390806
1392007
1392430
1392690
1392697
1393446
1394903
1395189
1395836
1395971
1396555
1397420
1397890
1398447
1399327
1400763
1403727
1405214
1405234
1406189
1406616
1407121
1407739
1408462
1410191
1415681
1420613
1421312
1421769
1422820
1424860
1426603
1426684
1427496
1427960
1428977
1429147
1430367
1431178
1432183
1432989
1433102
1433649
1434004
1434489
1435372
1435512
1437542
1437979
1438360
1439066
1440009
1440658
1441131
1441357
1442175
1442443
1444155
1444251
1444961
1445979
1446486
1446877
1447860
1449451
1450120
1450693
1451480
1451520
1451567
1452822
1455215
1456012
1456076
1459059
1459251
1460030
1462594
1463020
1463280
1463718
1464468
1469997
1471768
1472237
1473992
1474043
1474692
1475008
1475385
1477541
1478611
1479225
1482935
1500649
1501654
1502362
1502525
1503460
1503513
1504379
1504814
1507762
1510993
1511488
1513723
1514335
1514983
1515419
1518101
1520177
1521738
1523208
1523421
1524480
1526014
1527005
1528158
1531927
1532762
1533291
1535233
1535420
1536102
1536401
1536430
1537103
1537718
1539150
1539299
1540831
1544010
1544649
1552372
1553131
1555996
1556144
1556708
1557204
1557345
1558664
1559714
1560279
1561599
1563832
1564924
1565771
1569819
1570618
1573394
1574558
1575124
1575796
1576369
1577102
1578047
1578082
1578509
1579051
1582116
1586098
1587020
1588513
1589700
1590002
1590314
1591083
1591943
1599332
1602490
1602564
1602796
1602957
1603753
1605354
1606511
1607128
1607899
1608765
1611803
1612485
1613393
1613498
1614393
1615713
1617844
1618617
1619079
1619587
1620110
1620381
1620540
1620888
1621621
1621885
1622166
1623978
1624486
1625022
1626071
1629749
1654732
1655434
1655704
1656115
1656382
1656848
1657552
1657899
1659869
1660622
1661183
1661550
1662531
1663867
1665005
1665608
1668952
1669113
1669507
1669777
1670142
1671757
1675226
1675661
1675903
1676062
1676595
1676778
1677509
1677733
1678828
1681867
1683116
1686836
1687910
1688440
1688554
1688947
1689823
1689904
1690265
1690931
1693501
1694384
1695994
1696552
1699274
1700504
1702232
1703171
1703965
1704503
1705228
1705896
1706734
1706742
1707589
1708289
1708669
1708875
1708993
1709543
1709975
1711858
1712944
1713671
1715294
1716074
1718127
1719198
1720762
1721356
1722005
1722445
1723280
1723401
1724297
1724541
1724938
1726000
1728671
1728849
1731436
1732509
1732556
1733030
1734079
1737702
1738106
1738306
1739165
1739800
1739911
1740013
1741500
1743253
1743809
1745382
1746403
1748706
1749190
1750141
1750524
1751391
1752438
1756506
1760004
1760408
1763401
1763445
1763967
1764576
1764825
1765991
1766967
1769212
1770638
1770992
1771448
1772041
1774722
1774747
1775445
1775949
1777527
1779218
1780617
1781903
1782405
1782782
1782848
1783237
1803150
1805019
1807668
1812042
1812610
1813279
1821975
1822213
1823569
1824213
1828154
1831478
1832913
1833002
1833440
1834916
1835615
1836346
1836422
1836838
1837904
1841595
1842728
1842783
1843789
1845218
1846461
1847032
1847836
1848583
1849004
1849718
1849778
1850350
1850915
1851055
1851435
1851788
1851884
1852381
1852564
1852897
1853651
1854156
1854363
1854623
1854721
1854776
1855317
1855494
1856137
1856690
1857142
1859844
1863023
1863578
1864958
1865445
1865976
1866435
1867047
1867947
1868262
1869145
1869537
1869968
1870372
1872964
1874136
1874916
1878334
1879601
1880607
1880792
1881074
1881705
1883431
1884830
1885645
1887310
1888220
1889036
1891047
1891328
1892473
1893627
1894262
1896812
1897939
1898684
1899204
1902360
1902527
1902828
1903220
1904568
1907177
1909703
1910284
1910964
1912083
1918213
1920865
1923345
1924352
1925214
1926516
1927035
1929684
1930258
1930711
1931376
1932572
1950646
1952051
1952830
1953466
1953764
1953953
1957640
1958264
1958975
1959139
1960419
1961940
1963812
1966106
1967029
1967451
1970554
1971114
1971285
1972038
1972199
1972674
1973063
1974959
1975573
1976245
1977082
1979151
1979819
1981924
1982293
1983061
1987953
1989961
1990893
1992139
1992587
1993408
1993611
1995542
1995586
1996587
1997205
1997986
1998330
1999196
2002294
2006249
2008678
2009195
2009338
2009715
2010427
2010512
2011163
2011746
2014413
2015333
2017840
2019431
2021010
2022177
2024969
2025569
2031850
2032207
2032847
2033153
2033876
2034642
2035264
2035702
2036145
2036643
2036986
2038791
2038835
2039959
2041304
2041773
2044320
2045749
2045961
2046823
2047564
2049175
2049392
2051047
2051859
2052333
2054581
2055319
2056263
2056407
2056831
2057362
2058049
2059790
2062694
2063443
2064175
2065515
2069061
2077709
2080151
2083092
2103120
2103606
2103988
2104565
2104729
2105434
2105514
2105951
2106177
2106481
2106999
2108285
2110937
2113700
2115134
2117205
2117633
2118318
2119418
2124303
2124507
2125834
2126441
2128840
2129620
2130679
2132754
2133380
2133899
2134426
2134963
2135149
2136804
2137638
2138206
2139379
2140305
2141242
2143709
2144097
2144720
2145074
2146005
2146421
2147072
2147298
2148215
2149132
2150161
2151798
2152191
2153039
2154318
2155475
2156297
2157990
2158468
2158903
2159625
2160382
2161129
2161443
2162233
2162831
2163392
2164358
2164670
2165905
2166237
2166444
2168107
2168123
2168620
2169264
2169874
2170391
2170597
2172169
2173773
2173849
2176903
2177565
2179182
2180205
2180355
2181195
2182260
2182636
2185755
2186307
2187187
2187738
2188162
2188723
2188896
2189601
2189954
2190508
2191045
2191872
2192785
2193219
2193392
2194105
2194517
2194916
2194975
2196354
2196603
2196660
2196955
2197200
2197910
2198239
2198578
2199463
2199902
2202033
2203303
2205745
2206014
2206817
2206975
2208016
2208698
2209196
2211402
2212750
2214711
2216965
2217480
2218132
2218319
2218427
2222804
2222886
2224862
2225669
2227255
2227367
2231094
2231718
2250633
2251374
2251477
2251910
2252386
2252743
2253322
2254408
2254468
2255277
2255288
2255844
2258657
2259528
2261434
2261543
2268660
2274286
2275563
2277420
2277466
2277922
2278329
2279032
2279354
2279824
2280443
2281370
2281465
2281509
2282037
2282383
2283647
2284130
2284708
2285631
2286842
2289752
2291569
2294843
2295150
2295863
2295872
2295910
2300813
2300994
2302133
2303387
2305569
2306643
2311403
2315297
2316295
2316779
2318088
2319217
2320496
2320702
2321393
2321581
2322851
2324054
2327406
2330288
2330331
2330636
2331279
2331773
2332320
2332378
2333247
2334207
2335428
2335872
2337146
2339743
2340007
2340474
2341266
2341284
2342053
2342938
2344773
2345811
2346791
2347595
2348176
2348465
2348980
2349636
2349686
2350120
2350241
2350582
2350681
2350910
2351242
2351385
2351884
2352856
2352873
2354402
2354780
2355218
2356818
2357036
2357227
2367681
2369276
2369953
2370809
2371516
2373493
2373833
2373952
2374270
2374458
2374669
2375030
2375802
2376475
2376967
2377538
2378051
2379470
2381593
2401218
2402790
2405612
2406555
2407816
2408608
2408641
2409755
2409897
2411216
2412964
2414661
2415631
2419238
2419769
2419823
2421018
2421764
2421846
2422415
2422470
2422963
2422984
2423775
2423844
2424017
2424374
2424915
2425254
2425702
2426055
2426163
2426615
2427367
2427564
2427791
2428316
2428705
2429946
2432189
2432663
2433133
2433533
2433835
2436078
2436127
2436754
2437463
2438191
2439476
2439517
2440567
2441563
2442237
2442925
2443981
2445055
2446161
2448590
2449329
2450288
2452421
2453574
2455046
2455464
2456671
2458365
2459244
2459360
2461790
2463006
2464160
2465951
2466352
2468411
2468851
2469607
2470120
2470166
2470626
2471516
2472536
2472587
2473860
2475210
2475217
2478227
2478329
2478751
2479657
2482056
2484328
2484661
2485668
2488133
2490881
2492777
2493445
2494467
2495181
2499945
2500979
2501725
2503893
2504940
2511019
2512847
2513315
2513705
2513946
2514201
2514690
2514747
2514817
2515518
2517289
2517837
2518733
2519326
2519835
2520097
2520287
2520791
2522595
2523149
2524147
2524198
2524282
2525161
2525589
2526307
2526866
2533651
2550635
2551155
2551627
2552040
2552782
2553376
2554047
2557719
2558057
2558482
2558553
2558634
2559277
2560674
2562305
2565115
2568650
2570076
2570967
2571636
2572998
2573879
2574360
2574958
2575360
2575912
2576418
2577672
2577869
2579216
2579616
2579648
2581272
2581441
2582286
2583184
2585315
2585579
2585933
2586258
2589343
2594076
2594861
2595365
2596334
2597374
2597875
2598094
2598654
2599389
2600371
2602397
2602867
2603631
2603975
2605820
2606519
2607330
2607750
2610156
2613533
2613705
2614845
2615656
2617346
2618491
2618649
2619387
2620831
2621016
2621235
2622782
2626587
2627492
2631516
2632328
2632778
2633163
2633918
2634301
2639245
2639887
2639926
2640829
2644310
2648054
2648904
2649419
2649976
2650791
2651359
2651530
2652731
2653343
2653623
2656089
2658583
2658927
2659587
2660631
2661605
2662248
2663573
2663942
2664109
2664712
2665123
2665694
2666154
2666209
2667542
2671969
2672471
2673135
2673175
2673792
2675022
2676500
2678145
2679215
2680561
2681087
2681633
2682670
2683540
2701177
2704432
2705087
2705125
2705895
2706360
2706599
2708570
2710264
2710350
2711454
2713836
2714406
2715199
2715716
2716327
2716964
2718207
2724814
2725178
2725650
2727571
2731247
2732349
2733064
2734693
2735198
2736187
2737511
2738137
2738225
2738705
2739109
2739248
2739630
2740315
2740327
2742578
2742969
2744605
2750172
2751690
2752848
2753746
2754503
2754989
2757249
2758113
2758301
2758871
2760082
2760682
2761136
2762031
2762813
2763083
2764434
2765707
2767775
2768340
2768764
2768950
2769279
2771418
2772922
2773872
2774332
2774674
2775384
2775555
2775943
2776280
2776864
2777464
2780820
2782722
2784170
2785057
2785533
2785631
2786380
2787722
2788774
2789191
2794502
2794559
2795050
2796980
2797817
2799341
2799433
2799824
2800234
2802834
2807576
2810665
2811390
2813579
2815480
2816260
2816470
2816999
2817154
2817735
2818352
2819595
2820524
2825837
2826620
2828125
2829801
2830567
2852405
2856407
2857212
2858322
2858977
2859336
2860154
2861815
2862786
2864779
2868287
2868648
2869179
2872260
2874238
2874659
2875273
2876085
2876970
2879161
2880002
2880090
2880117
2880846
2884862
2887879
2889820
2890576
2891558
2892925
2893315
2897967
2898347
2898747
2899810
2901930
2903395
2904671
2905255
2905614
2906949
2910858
2911654
2912807
2914849
2915969
2916630
2918210
2924830
2925627
2926271
2927240
2927698
2932991
2934089
2935095
2935736
2937698
2941925
2943895
2944400
2945219
2945907
2948730
2949714
2950160
2951360
2952426
2953748
2953952
2955750
2956008
2956555
2957353
2958042
2958216
2958837
2959635
2960121
2960379
2962863
2962882
2963663
2964382
2964865
2965985
2967067
2967868
2970985
2975056
2975606
2975977
2976153
2976886
2977050
2977387
2977807
2978322
2978954
2979369
2980039
2980608
2980692
2981431
3002730
3003668
3006258
3007406
3007780
3008743
3011822
3014972
3015014
3015781
3016492
3017405
3018292
3021061
3021590
3024319
3025721
3027024
3027843
3028080
3028706
3029918
3030505
3031008
3031434
3031552
3032251
3032404
3032692
3036866
3039080
3041008
3042268
3042980
3043756
3044067
3044321
3045474
3045754
3045858
3046950
3048726
3051370
3054648
3055325
3055832
3056787
3059950
3061045
3062813
3063643
3063794
3064240
3064644
3065349
3067055
3068221
3069069
3069596
3070444
3071962
3072286
3076379
3078206
3078426
3078547
3078754
3079572
3080249
3080730
3081626
3082049
3084064
3084550
3085086
3087230
3088403
3089824
3090451
3093011
3096119
3096177
3096730
3098232
3099139
3100455
3103361
3104416
3105442
3106427
3107107
3107232
3107974
3110217
3111211
3111292
3111774
3112551
3112613
3113641
3114999
3115898
3118932
3120388
3121079
3123396
3125596
3126587
3127550
3128614
3129681
3150876
3151334
3152134
3160132
3161231
3162154
3164560
3167980
3170384
3172511
3172988
3176102
3177035
3178205
3180620
3181373
3182223
3183062
3185629
3187729
3189164
3189575
3189887
3190494
3190966
3191563
3192022
3192342
3193766
3194441
3194716
3198116
3201804
3201936
3202560
3203983
3204526
3205370
3206019
3206621
3207392
3208031
3208360
3209027
3209606
3210052
3210668
3212073
3213757
3213904
3214272
3214818
3215994
3218207
3219025
3219052
3221565
3222349
3222740
3223171
3223692
3223984
3224290
3224943
3225492
3225530
3225978
3226914
3228122
3229782
3230468
3230650
3231676
3232358
3234010
3236303
3237828
3238721
3239517
3240210
3240373
3240395
3241494
3242983
3246053
3251356
3252487
3253263
3255728
3256218
3259971
3261663
3262492
3263777
3264350
3265086
3265212
3265278
3265963
3266757
3268745
3269556
3270016
3272118
3273283
3273762
3275759
3276349
3276921
3277290
3278343
3278776
3279476
3279661
3280963
3301473
3304766
3305672
3306455
3306897
3308133
3308478
3309114
3309948
3310944
3311955
3312322
3312684
3313475
3315283
3315374
3319010
3319933
3320653
3322305
3322849
3323130
3323772
3324848
3325414
3326062
3326487
3328543
3330041
3330660
3330737
3331326
3332661
3334556
3335364
3336418
3336575
3337245
3338137
3338410
3339713
3339872
3344264
3346224
3347720
3348555
3349566
3350411
3352662
3353269
3353421
3353912
3355016
3355575
3356895
3357307
3357744
3358222
3358751
3362681
3364669
3364797
3365260
3365928
3367618
3368036
3368363
3368698
3368780
3372985
3373665
3376507
3376860
3377715
3380604
3381119
3386106
3388117
3390686
3391367
3396784
3397662
3397758
3398142
3398517
3399247
3400332
3401857
3401867
3402901
3403408
3404242
3406993
3408656
3411296
3412707
3414082
3416533
3417679
3420966
3421183
3421994
3422409
3422496
3423353
3425246
3426413
3427736
3429005
3453663
3456363
3459813
3460168
3460922
3460971
3462439
3464629
3468034
3469903
3471482
3473402
3474979
3475569
3476505
3476888
3477586
3479311
3483906
3488647
3489248
3490917
3491436
3491850
3494556
3495634
3495984
3496495
3498391
3499923
3502646
3503795
3504573
3505214
3507074
3508644
3512860
3512935
3513055
3513865
3519643
3520766
3525231
3525811
3526192
3526857
3528959
3530679
3531537
3533523
3536162
3536574
3537332
3539007
3539461
3540019
3540644
3541130
3541779
3541802
3545452
3546106
3546841
3547101
3547699
3548831
3551165
3551764
3558227
3558484
3560061
3560325
3561029
3561219
3562706
3563578
3564436
3565596
3566454
3566903
3567599
3568731
3569097
3570724
3572631
3573899
3574447
3575392
3576432
3576876
3577191
3577996
3579053
3580071
3580700
3582440
3600554
3601393
3601909
3602630
3604148
3606492
3606848
3607557
3608119
3610343
3611060
3611839
3613637
3613976
3614262
3614437
3614917
3615270
3619856
3620365
3620665
3621333
3621580
3624950
3625042
3628715
3630511
3630912
3631395
3631854
3632777
3633922
3634115
3635310
3635951
3636489
3636992
3638178
3640085
3641378
3642293
3642356
3643122
3643569
3643970
3644396
3644775
3645197
3645726
3646125
3646448
3646459
3646828
3647288
3647359
3647968
3648725
3649399
3649942
3650395
3651638
3652605
3653663
3655042
3655452
3660368
3660588
3660970
3661427
3661490
3661947
3662853
3663122
3664671
3665596
3666418
3666621
3667973
3668557
3669362
3675654
3675860
3676535
3679124
3679459
3679481
3679862
3679959
3680910
3681224
3681392
3681735
3682059
3684201
3685202
3685347
3686074
3688438
3688544
3689223
3691442
3692886
3695117
3696578
3697139
3697721
3699991
3700768
3701128
3702192
3702584
3703014
3708080
3714745
3716229
3719453
3720226
3720666
3721166
3721680
3722003
3722179
3722451
3722723
3723121
3724777
3725776
3725966
3726283
3727144
3727302
3728254
3728709
3729507
3729874
3729937
3732114
3733555
