4835.849
5962.995
6403.326
7740.341
11009.55
11193.09
12269.37
14084.36
19762.73
25048.95
44810.37
57311.08
58538.45
67327.19
71609.95
72725.82
73881.6
74714.29
75104.48
76080.62
77285.69
77774.88
79365.33
81863.43
82995.73
86234.85
86827.3
87747.47
89324.63
89947.75
98290.73
99635.73
103738.6
121307
128098.5
129000.5
129741.5
132263.2
158998.9
171662
172184.4
177709.7
180002
180715.1
181619.5
185470.4
186056.7
188077.7
188922.6
193513.3
195249.6
208067.6
220440.4
221238.4
222198.9
223072.9
226888.2
230379.3
238360.8
241158.8
241395.7
241964.3
243952.3
244937.2
252213.5
252893.9
253852.1
260892.4
265345.3
265945.1
267057.4
268528.5
270516.1
271057.5
278315.3
280691.6
281792.2
305082.2
305690.4
306599.2
316486.5
317247.6
317989
318414.2
318854.1
319332.2
328658.2
329481.4
334450.2
335457.5
336238.3
338023.6
351154.9
362717.9
366167.8
370597.2
377356.5
379392.5
379897.9
385296.6
388778.7
390619
391903.6
396462.2
397190.8
400376.7
402364
403453.4
410451.3
411806.3
412996.8
416043.6
416469.5
421201.9
421850
423042.4
426415.4
427957.7
428986.3
430092.9
431279.7
432547.2
450075.8
451300.5
451874.9
456013.2
456538.8
457719.9
458645.3
459906.8
468255.6
468953.1
470120.1
473555
482640.8
489582.5
523429.6
524205.2
525055.8
525897
526514.8
531247.6
538695.7
550786.2
551547.9
552087.3
554108.3
559505.3
562528.9
566307.1
568305.9
572570.8
574948.5
575802.4
578214.7
603965.9
604903.2
606062.4
607044.8
611163.2
617275.8
622272.4
622709.7
632184.5
632893.2
638640.3
638846
639258.7
639747.5
640230.6
641982.8
644882.2
645628.8
646412
649025.7
651770.7
653490
654871.7
655525.9
656348
659126.5
668068.5
669317.5
670085.9
672059.4
673235.2
680030.2
682680.8
684655.6
685305.4
691925.8
693425.7
694017.5
695917.7
699053.2
700498.1
711228
716331.8
717782.7
718614.7
720426.1
726343.4
726822.8
728277.5
753876.8
755081
764328.6
765841
766416.1
766975.9
773530.1
777648.2
781331.6
781917.8
782537.3
788283.4
788705.7
789221.1
790302.5
791282.9
797725.3
798561.9
799550.9
802839.6
819437.3
820059.7
820798.4
827154.8
827745.6
828257.5
830104.8
831369.2
836164
836745.2
837888.8
839834.6
840213.6
840235.6
840997.3
842179
842881.8
843583.3
845873.4
847250.2
847658.9
848056.6
848490.7
849212.5
850395.3
850925.8
851611
854933
864358.4
869877.9
873683.8
874532.1
876982.2
877748.3
880620.1
917686.8
919299.7
920474.7
928035.7
928650.9
933606.4
937195.8
938322.5
941998.1
942693.4
943167.6
943626.8
944456
944867.4
945303
946065.9
946860.6
948151.2
949803.3
950578.5
971066.8
971942.9
975110.2
976213
983477.7
989478.7
990680.4
992455.4
993346.7
997474
1003726
1006471
1008645
1010432
1010668
1013200
1014114
1015536
1017097
1019612
1022871
1024829
1026865
1058295
1059799
1064061
1065124
1065948
1067171
1074034
1081778
1082816
1083423
1083879
1084323
1084848
1093414
1093799
1096413
1097432
1098353
1098798
1118759
1119624
1124925
1128673
1129295
1129683
1132021
1146092
1147715
1151372
1152183
1153179
1162277
1162748
1163306
1163617
1164072
1164846
1165294
1166213
1167253
1170400
1171731
1175383
1176130
1176674
1177148
1177666
1178308
1181474
1205729
1211584
1213901
1214856
1215518
1216116
1228503
1229181
1230352
1231371
1232688
1235555
1236267
1237433
1237813
1238452
1238933
1240705
1241964
1242766
1243373
1244504
1246338
1257114
1268003
1269652
1272302
1273171
1274551
1275793
1281067
1282330
1283811
1284909
1291135
1297452
1318543
1350130
1351680
1352926
1355351
1356267
1356952
1357470
1359599
1360104
1360565
1362489
1363250
1364318
1365983
1368440
1372578
1377251
1378195
1379222
1380778
1384808
1387844
1388789
1395932
1398288
1399772
1408653
1413865
1415060
1417348
1418149
1418542
1421580
1422030
1422691
1423190
1423531
1423843
1424811
1425166
1427866
1428918
1431394
1433568
1433911
1438700
1439487
1452116
1453877
1454673
1457141
1461312
1461872
1462271
1462673
1463257
1472562
1473693
1475983
1481828
1482604
1502755
1507376
1518683
1519422
1520876
1523653
1524301
1525343
1537212
1542806
1550366
1551176
1551911
1552637
1557944
1558540
1559014
1559783
1560681
1561626
1571120
1574149
1574616
1582954
1585051
1586436
1587575
1595929
1597973
1600631
1606868
1608579
1610306
1611487
1612617
1615145
1615736
1622263
1623174
1625219
1626739
1627466
1628563
1650271
1651290
1653691
1654177
1654549
1654892
1655611
1656493
1656988
1658050
1659487
1660059
1660903
1661686
1664652
1665084
1665430
1665871
1666375
1666735
1667080
1667430
1667834
1668602
1670462
1672066
1672453
1672829
1673738
1674271
1674745
1675311
1675608
1676036
1676532
1677160
1677857
1678334
1679283
1680824
1689440
1689469
1697207
1718715
1722363
1723102
1723792
1726591
1727451
1727620
1728306
1734616
1738064
1739547
1740003
1740700
1742936
1743309
1743912
1764252
1765562
1801215
1806206
1806694
1808251
1814349
1815234
1821613
1822172
1822964
1823832
1825387
1835795
1836617
1837457
1842827
1843708
1844495
1846539
1848392
1850026
1855354
1856307
1858812
1860005
1869344
1870081
1870989
1871436
1872018
1872612
1873016
1873432
1874043
1874900
1876556
1877642
1878701
1879374
1879976
1880817
1881232
1882223
1888917
1892399
1893174
1893912
1894643
1896784
1904817
1905270
1905781
1907274
1907777
1908276
1909596
1914994
1916072
1917166
1918788
1931451
1932180
1950231
1951208
1952155
1953094
1955435
1956618
1957129
1958689
1975594
1981120
1981790
1982440
1982968
1983483
1984270
1984826
1984875
1985582
1986597
1987075
1987832
1988849
1990034
1991250
1991941
1993520
1995273
2001321
2002946
2003629
2004222
2005894
2009668
2021278
2022653
2023579
2024025
2024339
2024718
2025077
2025419
2025778
2027008
2027621
2029384
2029787
2030259
2032669
2033097
2033878
2036028
2037937
2039219
2042032
2048047
2051744
2053354
2054313
2064511
2072126
2073941
2109032
2110163
2116751
2117799
2118803
2119455
2120083
2120714
2121163
2121776
2122665
2128588
2131912
2140360
2140941
2141995
2143160
2148636
2155060
2168336
2169066
2170338
2171471
2184096
2188319
2190411
2196791
2198227
2200242
2201931
2207836
2208880
2211810
2215127
2218455
2218875
2221748
2224813
2225794
2227275
2229403
2230113
2231208
2231894
2232551
2233544
2252947
2254554
2256473
2257318
2258491
2260685
2262392
2263454
2268181
2269414
2272981
2274265
2275248
2281377
2287274
2306166
2315121
2317605
2318056
2318361
2318880
2320119
2322295
2323263
2324635
2325644
2326982
2328108
2329118
2331126
2331579
2332371
2334356
2335535
2336269
2337169
2338032
2340006
2340401
2341199
2341980
2343651
2344400
2347472
2349131
2350028
2351051
2351940
2354051
2355832
2356412
2357101
2358465
2361020
2365024
2366014
2367476
2381160
2381873
2405406
2409187
2410658
2415368
2417481
2418818
2422106
2430390
2430806
2431163
2431616
2432090
2432526
2433272
2433973
2434619
2435339
2437286
2438997
2445233
2448466
2449452
2450066
2460966
2461976
2470329
2470842
2471846
2472638
2474508
2477242
2478374
2478888
2480784
2481395
2481851
2483461
2494105
2495403
2496481
2497377
2508939
2515102
2515943
2517099
2520642
2521606
2522717
2528963
2529584
2533795
2550713
2563197
2563619
2564592
2565238
2567320
2567844
2568661
2569135
2569759
2570214
2570745
2574033
2576422
2577063
2577468
2578913
2580237
2586365
2587008
2587760
2588712
2589994
2591314
2592901
2593955
2594817
2595634
2596597
2597774
2598454
2599126
2599930
2601351
2603238
2604219
2604947
2605625
2606210
2616143
2620532
2621172
2621937
2623209
2626124
2627166
2628259
2629271
2629992
2630551
2632565
2633179
2634101
2636661
2638438
2638957
2639656
2640913
2644021
2645101
2653270
2653894
2654411
2654666
2654951
2655383
2656030
2665341
2666342
2667132
2667787
2668442
2668897
2669722
2671355
2672485
2672982
2676695
2680790
2681480
2700795
2704038
2705554
2706878
2717717
2718534
2719409
2723876
2724675
2727628
2727788
2729458
2732310
2733437
2735222
2737267
2740669
2742026
2746230
2752731
2754294
2755254
2756847
2757663
2763052
2763582
2764076
2764755
2771573
2776244
2780234
2787266
2789934
2796415
2802485
2805592
2808033
2808543
2811173
2812704
2824728
2827160
2828285
2829437
2830062
2830604
2831432
2857633
2858598
2867514
2868392
2869415
2870320
2872917
2873472
2874206
2874803
2875751
2876458
2880913
2883759
2884422
2885252
2886930
2889049
2896586
2901285
2917894
2919901
2922185
2923269
2927186
2928186
2928625
2929336
2930910
2931638
2932301
2934296
2935355
2938333
2940005
2942070
2943046
2945769
2949131
2949822
2950345
2951912
2959211
2959621
2959974
2960402
2960778
2961461
2971240
2975481
2976324
3000303
3002178
3004106
3009781
3011390
3012532
3013180
3014754
3019072
3021302
3022038
3022972
3023671
3024944
3029004
3029955
3032337
3033753
3034651
3035151
3035608
3038491
3040788
3041587
3042778
3044823
3045908
3046978
3047731
3048342
3048826
3049823
3050216
3050659
3051044
3051547
3052023
3055707
3058416
3060798
3062172
3064615
3065896
3077207
3077801
3078308
3080224
3081842
3087283
3091613
3092564
3094353
3094807
3096834
3098437
3100733
3109127
3114641
3115649
3123291
3125530
3126156
3129907
3131820
3153809
3155520
3156298
3157022
3157688
3160698
3161376
3161865
3163034
3165630
3166034
3166518
3167079
3168028
3168639
3169246
3169797
3170209
3170678
3172683
3178082
3185796
3186371
3186994
3193099
3193516
3194299
3195763
3196779
3199448
3225923
3229408
3248087
3248783
3258173
3258825
3259460
3260875
3262890
3266088
3267537
3272833
3273229
3274011
3274773
3275950
3276815
3278995
3279630
3280185
3280570
3281600
3282072
3282908
3300468
3301908
3303798
3307603
3313514
3315430
3315656
3316434
3323013
3323108
3323503
3324074
3324633
3325662
3326320
3326693
3327119
3328133
3328897
3329786
3330556
3332291
3333004
3333740
3341994
3343358
3348996
3355765
3356444
3357025
3357874
3359015
3362896
3366335
3367462
3371305
3373341
3374881
3377553
3379318
3380643
3381527
3382567
3383463
3385792
3386910
3387834
3388586
3388727
3392918
3394392
3395452
3396934
3397704
3399063
3406697
3407664
3408397
3408917
3409545
3409990
3410485
3411008
3411747
3413163
3414330
3416698
3419460
3420438
3420983
3421844
3423747
3425526
3426818
3427373
3428157
3428858
3455963
3458486
3459375
3471850
3472630
3473330
3474119
3474674
3475286
3482690
3500135
3522552
3523318
3524342
3525976
3526639
3527620
3528138
3528517
3534195
3537437
3539592
3540291
3541619
3542341
3542716
3543057
3543643
3545078
3545846
3548576
3549604
3550181
3550708
3554981
3556164
3556626
3557153
3561494
3568665
3569786
3570503
3571122
3571617
3572057
3575899
3576469
3577330
3578304
3579393
3601287
3601865
3603206
3614539
3615654
3616189
3616693
3617329
3617897
3619178
3621297
3623177
3624039
3625741
3633581
3638396
3638423
3638814
3639366
3651369
3652618
3653287
3655254
3655828
3656442
3660355
3677051
3677988
3687729
3688219
3688937
3689710
3690619
3691123
3692059
3693620
3694537
3695103
3699589
3703309
3704214
3705285
3706410
3707502
3708271
3709019
3710374
3712690
3713709
3722631
3724846
3727581
3728070
