14694.12
64209.74
72428.61
74999.03
76918.19
82584.2
87412.09
89203.78
90267.75
93060.88
103425
105622.5
117359.9
131089.1
165011.7
167142.1
167147.6
190004.7
244346.4
247413.1
269628.9
282258.5
307841.2
317654.9
319649.1
330388.7
337770.9
339249
348840.7
379630.7
382537.2
383382.3
403233.4
417423.3
418766.6
426037.2
426680.4
460445.1
467904.9
477932.6
478778.1
484461.1
507656.6
518049.2
522626.4
531402.7
533617.3
552152.1
555900.6
562452.7
580291.3
601037.8
607328.9
611451.2
620267.8
631213.7
634606.5
666840.5
688505.3
698466.5
700492.2
711260.5
714921.2
758936.5
760546.8
770219.1
774315.4
797911.7
811445.7
812213
820141.8
877824.3
903795.7
905747.9
906851.3
907357.6
912703.7
914904.9
950102.1
1001289
1018452
1026468
1059712
1065655
1118857
1129779
1136034
1154079
1203284
1204769
1211272
1212897
1261827
1273763
1298828
1302815
1308589
1314419
1316349
1331988
1351516
1352450
1366495
1369483
1392500
1396495
1422822
1502983
1561366
1591826
1596010
1625357
1667969
1684778
1708344
1723227
1724469
1763125
1771719
1775577
1777303
1779348
1782881
1848148
1852493
1879379
1884076
1893384
1911144
1951593
1997861
2011213
2039266
2046519
2054052
2070525
2080886
2111283
2121875
2126905
2144559
2146812
2183275
2197779
2202435
2207564
2217577
2251959
2329890
2340216
2378914
2379015
2409284
2422065
2428277
2447073
2452240
2453318
2458822
2459815
2462605
2482920
2494558
2514162
2515588
2552477
2583724
2596332
2651106
2656670
2704379
2726747
2729182
2731076
2788228
2798125
2814645
2818461
2824959
2854072
2884714
2902676
2932192
2956916
2968334
3018667
3022949
3061949
3062885
3066580
3067058
3069592
3088252
3093968
3102885
3103637
3106712
3115745
3156219
3201292
3210520
3215228
3253780
3255154
3262630
3306999
3307537
3339977
3339980
3379819
3393452
3398589
3423302
3430150
3462677
3479352
3491832
3500753
3543204
3549781
3549785
3553010
3656582
3659492
3675981
3677096
3683757
3686962
3691868
3706020
