321.8356
3254.018
4391.794
5101.87
5890.611
6438.874
6982.852
7828.034
8816.11
9106.24
10168.77
11113.36
13258.93
13915.97
14451.99
15158.33
16358.29
16989.24
17614.39
20545.52
21581.4
21764.94
21951.72
22319.95
23594.41
26921.65
27412.82
27899.83
27939.19
29830.95
30918.43
31536.2
32299.37
32972.59
33051.53
35081.87
35452.72
39447.01
40169.38
40806.68
41118.83
45201.41
50831.54
51178.3
51544.44
52251.96
53156.87
53799.9
54352.98
55039.56
56497.29
58167.73
59427.85
59807.13
61381.66
63385.88
64202.19
64923.47
68711.67
69438.31
70115.79
70938.03
71172.14
72041.97
72452.88
73068.37
73078.9
74091.24
74523.26
76629.66
79286.75
80253.23
81849.71
82584.71
85182.93
85670.79
87662.24
88442.93
89204.33
90342.7
90434.14
91793.23
91967.64
95399.18
95723.3
96462.13
96566.48
96883.83
99584.74
99951.65
100565.6
101232.9
102996.8
102997
103812.5
104702.9
105030.5
105864.7
106472.7
107271.7
108056.8
108639
110895.8
111750.1
116372.6
117774.5
118969.2
119937.9
120772
121862.6
124103.3
125042.9
126308.7
127133.9
127768.8
150353.9
150951.1
151231.3
151492.6
151534.6
152343.1
154837.8
156873.7
157395.2
158222.9
160668.1
164282
169243.3
170071.5
170555.4
171220.6
171287.3
171949.9
172806.5
174043.6
174482.7
174698.9
175365.5
175891.4
175924.2
176969.7
186285.7
187133.9
188343.8
192256.1
192708.8
198524
202307.7
202746.1
203245.4
204531.9
206412.8
213324.9
215069
215540.7
215970.9
218857.3
222429.8
223252.5
225861.7
226256
232557.6
234455.2
236350.2
236543.7
237011.6
239048.2
241855.6
243304.5
244676.3
245497
245972.5
246417.1
247776.5
249831.1
250685
250948.1
251039.5
252922.4
255044.1
256476.6
256781.9
257169.6
257436.7
260320.1
261334.7
261720.4
265209.7
265957.7
266733.8
267068.7
267699.3
268026.5
269824.3
270090.7
270488.7
276295.3
276665
277422.4
278672.3
280225.2
280811.2
281618.5
282587.8
283311.9
283433.7
300902.3
301748.6
302708
304259.4
305274.4
305891.3
306322.9
306791.2
307558.8
313048.2
315452.1
315740.7
316537.3
319540.9
321007.8
322107.9
322494.6
324468.7
324484.9
325030.1
325912.5
326502.9
326860.2
332065.1
333275
334262.3
338183
341971.9
343980
344653.9
347747.2
348476.9
350085.1
350846.9
351889.7
352857.2
353596.2
354063.2
356075.5
357087
357487.5
358084.7
365516.4
365522.5
366424.2
366457.6
367232.8
367888.1
371909.5
373533.8
374457.5
375131.7
375428.9
375929
376691.9
377014.8
377672.3
379557.2
380327
380756.5
381489.1
386575.3
387511
391414.5
392474.5
393949.1
395082.6
402238.2
402846.5
406460.6
406516.1
408403.3
409082.4
409479.2
409937.1
411063.9
411574.2
413464
414333.5
414912.7
415389.9
417018.6
418815.4
419770.6
420700.7
421950.9
423187.1
423707.8
424700.8
425058.6
425527.1
425597.9
426163.9
426727.6
426792
427183.9
429704.8
432055.3
452152.6
452748.1
454079.4
455465.1
456747.8
456960.5
457410.6
457944.4
458284.2
459122.1
460248.3
460310.1
460869.5
461273.1
461964.3
464414.3
465272.2
465748.7
466884.7
467914.9
468126.2
469068.2
469444
470916.2
472037.5
475546
476838
477729.2
478224.6
478433.5
480483.2
482510
484286.8
485928.5
485975
487274.1
492130.1
493328.7
494123.6
494768.2
495810.1
496749
497319.5
516378.1
519678
519992
526494.7
527047.5
527718.6
528557.5
529589.1
530224.2
531041.7
533841.1
534414.5
535631.9
536946.7
540686.8
544088.3
544654.9
546228.8
547011.9
547759.7
548741
549284.8
551419.6
552990.4
553520
553600.5
554017.7
555656
557195.8
557501.6
557909.3
560783.8
561214.2
564648.1
565118.7
566949.9
568610.6
569157.9
569923.8
570046.9
570391.4
571060.2
572219.5
575240
576114
576508.5
576907.1
580053.1
580353.1
580658.9
581666.9
600981
602084.9
602751
604018.1
606264.8
606410.6
609338.8
614415.4
619477.5
620861.6
621311.7
621992.1
623260.8
626178.4
627285.8
628170.4
629116.8
629894.9
630791.9
633472.8
633780.8
634765.8
635442
635442.4
636541.2
636867.8
637395.6
638373.7
639669.7
641209.4
642002.7
642596.9
643706.9
644211.6
645992.1
646529.3
646571
647353
647963.1
648889.4
649035.8
650216.5
651196.8
653444.3
654401.1
655324
658179.3
664391.3
665025
665824.4
666936.3
668018.2
668363.5
669197.2
669979.2
670382
670620.7
670622
672015.2
672209.1
672924.3
673300.5
674561.8
675355.8
676161.1
676917.8
680364.5
680944.6
682224.4
683875.4
684817.3
684864.3
687364.8
687473.4
689739.5
689814.3
690256.6
697555.8
698254.4
698651.4
699281.2
701934.1
707529.7
708385.8
708781.3
716173.3
716409.1
717034.3
717444
718175.8
720361.1
720886.7
722347.8
722389.6
725816
727948.1
728731
729689.7
733288.5
752588.4
754412.7
754961
755542.8
756481.2
756569.3
761684.2
762186.1
764466.9
766157
766706.2
767167.1
768990.1
770091.5
771989.7
773218.8
775307.2
776219.3
776941.4
777666.3
778828.8
779174.1
779573.7
780203.9
781114.9
782020.7
783162.6
783834
784712
785499.7
785789.4
786023.8
786447.9
787152.2
787969.6
789066.9
789778.4
790963.9
792112.9
792261.2
792579.9
793269.5
793508.8
794495.5
796600.4
797199.2
798357.6
798965
799482.5
800492.5
801620.4
802249
803102.9
810680.4
814276.6
816581.7
816832.5
816996.3
819218.8
822115.6
822670.4
827819.9
827928.3
829623.9
830818.4
832159.8
832476.2
834069.6
834277.1
849189.8
850807.9
851477.9
852226.7
853141
853966.8
856370
857607.9
857701.3
859353.1
861082.9
862892.6
862980.5
863583.2
864606
865358.4
867499.7
868107.7
870175.4
870202.9
870802.6
872596.9
874171
874552.8
874991.4
877200.8
877258.7
879751.8
881189.8
882145.6
900571.5
902793.2
903567.9
904297.5
904597.9
904836.1
905422.1
906059
908608.4
909377.9
910140.9
911867.9
912092
913278.8
913545.6
915372.1
916460.7
918036.9
919003
921225.4
921258.4
922007.8
924750.7
927834.4
929197.8
929982.2
938990.3
939158.4
939905.4
940365.5
940625.5
941142.7
946836.7
947980.3
948107.6
948833
949507.7
951591.1
952074.1
952709
953747.1
954275.3
954371.1
956547.7
957178.6
958630.2
958904.9
959660.2
960640.4
962587
963899.8
964817.4
965526.8
965929.9
966208.9
968360.3
969591.7
971336.5
971463
972699.3
973337.8
973552
974054
974606.3
975215.3
977095.2
979025.6
982917.1
983010.7
983917.4
984509
987114.7
987843.8
992437.2
993799.9
994058.8
994716.1
994817.4
995576.4
996196.1
997390
997609.7
999924.1
1017948
1020071
1022903
1025651
1026146
1026276
1027639
1029666
1031793
1033266
1051290
1051531
1051627
1052544
1052908
1053898
1053944
1056022
1056881
1057717
1059182
1060168
1061121
1061347
1065028
1065640
1066142
1066494
1076344
1076920
1082401
1082913
1084625
1086127
1086488
1088913
1090036
1091121
1092313
1093851
1094051
1094695
1094791
1095688
1096593
1096826
1097565
1098115
1099608
1099873
1101758
1102420
1102970
1103518
1104711
1107253
1107704
1107986
1109143
1110656
1111958
1112472
1112575
1116070
1116579
1116893
1117224
1118888
1119317
1121351
1121992
1123174
1123618
1124487
1124968
1125454
1126163
1126298
1126882
1129973
1131079
1131684
1133616
1134682
1137425
1138118
1139190
1140548
1140846
1141865
1145151
1146979
1147939
1148037
1149337
1150569
1151448
1152232
1155322
1159363
1162221
1164639
1165701
1167240
1168366
1173363
1174795
1175945
1179413
1179499
1180032
1180959
1182548
1204474
1204734
1205741
1206735
1206887
1207581
1208452
1210173
1210465
1211460
1212143
1214228
1216771
1217512
1217817
1218124
1219171
1220013
1220237
1222170
1224242
1224764
1225294
1225702
1226183
1226609
1227146
1227476
1232686
1235647
1236514
1237274
1239715
1240085
1241216
1241617
1248440
1249077
1249470
1251049
1253048
1253864
1254212
1254425
1254880
1255749
1256707
1256903
1257180
1257590
1258735
1260727
1261163
1262364
1262759
1264510
1264814
1265884
1266481
1266588
1266990
1267176
1270290
1270590
1271032
1271952
1271952
1272897
1273866
1278652
1280150
1280518
1281723
1284316
1284899
1287514
1288717
1289400
1289782
1291067
1292847
1293972
1296382
1296672
1297593
1297808
1298163
1298478
1299050
1299455
1302242
1304110
1305457
1305929
1311450
1312434
1313369
1314163
1316138
1316587
1316900
1317995
1318836
1318880
1319500
1319528
1319653
1320159
1323673
1324581
1325940
1326850
1327105
1332024
1332314
1333158
1350125
1351883
1353790
1353804
1354814
1355023
1355282
1355330
1356870
1357411
1358149
1360637
1365667
1366705
1368228
1368936
1370892
1371919
1371996
1373579
1373942
1374313
1374700
1374880
1375719
1376126
1376859
1377366
1379844
1380427
1381599
1382111
1383077
1384872
1386074
1388420
1388520
1389776
1391100
1392280
1392975
1393755
1401189
1402053
1402708
1403107
1404022
1406055
1414088
1414525
1415428
1415759
1416577
1416711
1418062
1418620
1419208
1419603
1422220
1423068
1424001
1424668
1427158
1430023
1430931
1431795
1433968
1434426
1434928
1435660
1436724
1439550
1440293
1441136
1441389
1442418
1442968
1444195
1445403
1445593
1447364
1449250
1450051
1450594
1452286
1456407
1459967
1460434
1460866
1461112
1461923
1462857
1464460
1466681
1470789
1474430
1474836
1475169
1475946
1476740
1478840
1479915
1479967
1480725
1501593
1501800
1502404
1503240
1507207
1507562
1509046
1510342
1511496
1514733
1516388
1523123
1523539
1524445
1527842
1528787
1531302
1532174
1534733
1535315
1535851
1538900
1544885
1549109
1549863
1550421
1551431
1552410
1553546
1553960
1555607
1555947
1556514
1558609
1559920
1560741
1562570
1564044
1564269
1564988
1565076
1565726
1566510
1567088
1568649
1570631
1571879
1572126
1572748
1577075
1577751
1579011
1579264
1579711
1580334
1580363
1581394
1581892
1582714
1583197
1584386
1587457
1588483
1594910
1597136
1598171
1600718
1601996
1602290
1602681
1603273
1604704
1606436
1608698
1609719
1610414
1613270
1613607
1614171
1614826
1616848
1620155
1620638
1621184
1622693
1622842
1622944
1623512
1623756
1624132
1624169
1624300
1625209
1625561
1628427
1629787
1630111
1630538
1631224
1631984
1632059
1632553
1650236
1650680
1651084
1651524
1651905
1652067
1652484
1652921
1653433
1653804
1653867
1654509
1655918
1659714
1662038
1662414
1662982
1663439
1663832
1664642
1665122
1672964
1678210
1678827
1679723
1681638
1688164
1688770
1689308
1691469
1692221
1692454
1692479
1693248
1695340
1695462
1696107
1696529
1697203
1697492
1698098
1701644
1702688
1705184
1706951
1707216
1708452
1708562
1709920
1711569
1716578
1716970
1717512
1717983
1718421
1718947
1719265
1719407
1720709
1722158
1722507
1722843
1723379
1724332
1725481
1726350
1727298
1727502
1727960
1728744
1731718
1731945
1732516
1732862
1733014
1733586
1734993
1735819
1738687
1739089
1740039
1740807
1741687
1742929
1743413
1743846
1744831
1745496
1746327
1746991
1747514
1748455
1749437
1750003
1750600
1751399
1751963
1754174
1757264
1758210
1761800
1762285
1763122
1763630
1764707
1764819
1765592
1766069
1767179
1769415
1769808
1771534
1772294
1772364
1773684
1774892
1775290
1777085
1781987
1782443
1800563
1800974
1801734
1804022
1805973
1806384
1806774
1809399
1809905
1810537
1811162
1811688
1812951
1812960
1814134
1817233
1820701
1827620
1831263
1831879
1831911
1832512
1832864
1834086
1835247
1835804
1836180
1836885
1837345
1838044
1845233
1848580
1850175
1850974
1851564
1851931
1852615
1853398
1853823
1854311
1858635
1860786
1861649
1864876
1867249
1868169
1868540
1869732
1869819
1870865
1871102
1871362
1871619
1874691
1876295
1877368
1878192
1878931
1880694
1884228
1887012
1887293
1889707
1891905
1893137
1894144
1895545
1895577
1896580
1900707
1906854
1907367
1907887
1908762
1908948
1910313
1911219
1911991
1912155
1913305
1913310
1918106
1920256
1922892
1923384
1927850
1929580
1930233
1930634
1930731
1931168
1931566
1931904
1932400
1932423
1950887
1953340
1954055
1956324
1957818
1971283
1971731
1971935
1973936
1973989
1974434
1974655
1975032
1977604
1977949
1979718
1979758
1980444
1982189
1983229
1983814
1984028
1984604
1986949
1991052
1991639
1993093
1994833
1995009
1995725
1997096
2002191
2002614
2003060
2004549
2005121
2007563
2008736
2009383
2009992
2010940
2011714
2012975
2013341
2015800
2015952
2017922
2018390
2019672
2020284
2020661
2022435
2024968
2027086
2027592
2029088
2029649
2030192
2030650
2030721
2032967
2033071
2034183
2034701
2035905
2036527
2036534
2037166
2037530
2037743
2038298
2038472
2039742
2046441
2047047
2047203
2047657
2048277
2048684
2049085
2049203
2049479
2049899
2050272
2051451
2051793
2052281
2052719
2053205
2053870
2054274
2054755
2055937
2056573
2057853
2061081
2062680
2064136
2065187
2065245
2076856
2077831
2080446
2080850
2082868
2083428
2100394
2101171
2102440
2103033
2103483
2104609
2105428
2111173
2112449
2112634
2114486
2114834
2115534
2115574
2116112
2116418
2116843
2118248
2118875
2120514
2120547
2120589
2121986
2125178
2126093
2126795
2130117
2130555
2131673
2131869
2134388
2136089
2139272
2140199
2141380
2141382
2142248
2142669
2143262
2144124
2145938
2147429
2149043
2149572
2150058
2152367
2154826
2155134
2156064
2162189
2163162
2165985
2166608
2167597
2167832
2168413
2168492
2169019
2169530
2169749
2170413
2173234
2173987
2174335
2174488
2176027
2176222
2177511
2180728
2182085
2184742
2187112
2190474
2192743
2193264
2193680
2195369
2196368
2197226
2197902
2199027
2199922
2200689
2201385
2205862
2206308
2207146
2208541
2209847
2211356
2212277
2212755
2213419
2213441
2214452
2215328
2216405
2216911
2217749
2220289
2222906
2225344
2228750
2230084
2250538
2251969
2252714
2253546
2253813
2255114
2255534
2257949
2260412
2264195
2264830
2265535
2266840
2267610
2270083
2271132
2271768
2272909
2274886
2275622
2276167
2276988
2277430
2278140
2279253
2280022
2280098
2281882
2283191
2283944
2284821
2285173
2285974
2286547
2287074
2287339
2290057
2290568
2291819
2292249
2293067
2299919
2299976
2301275
2302377
2303098
2303747
2304377
2307106
2309830
2311769
2314407
2318598
2318981
2320597
2321812
2322681
2326268
2327651
2330716
2331600
2332222
2332885
2334307
2334801
2335408
2335574
2337432
2337626
2340624
2340629
2343211
2344346
2344986
2347682
2353738
2354586
2355223
2355407
2355935
2356358
2356809
2356844
2357361
2357696
2358679
2359145
2365175
2365493
2366061
2366185
2367052
2367909
2368564
2369268
2369753
2373165
2373789
2376411
2376987
2379457
2380401
2380532
2381541
2401402
2402074
2402732
2402780
2403330
2405069
2409918
2410816
2412122
2412974
2414521
2415113
2418462
2418522
2419632
2420046
2420070
2420664
2422535
2426256
2426326
2426408
2426592
2427038
2428103
2430542
2431665
2431724
2432421
2433243
2435294
2436638
2437892
2438877
2440545
2441206
2441902
2442779
2442964
2443872
2446368
2447005
2449884
2450522
2451337
2452707
2454407
2454649
2454835
2455461
2456230
2465112
2465649
2466904
2467793
2468208
2471549
2475549
2476624
2477626
2479600
2479805
2483249
2486706
2487879
2488438
2492910
2493433
2494401
2495612
2497421
2503368
2504892
2508363
2512899
2514181
2515024
2515560
2516328
2516886
2517511
2517867
2518313
2519131
2520932
2523547
2523784
2524084
2525610
2526190
2527445
2530798
2531645
2550060
2550564
2551289
2551892
2552409
2553364
2554122
2555737
2559902
2560493
2561383
2564306
2564933
2565493
2565524
2566735
2567004
2568056
2569104
2569544
2571231
2571644
2572450
2573009
2576111
2576983
2577244
2578308
2578840
2579274
2579446
2580465
2581758
2582928
2583582
2584533
2586212
2589584
2590397
2591101
2591236
2591578
2591980
2592421
2593779
2593892
2600035
2601121
2601538
2602446
2603251
2604667
2606167
2606494
2606830
2607127
2608083
2609025
2610149
2612432
2613181
2614307
2614677
2615205
2616896
2617021
2617086
2619098
2619305
2620789
2623198
2623693
2624777
2624943
2630083
2631179
2633232
2633394
2633728
2634184
2634194
2634674
2635183
2636065
2636114
2636875
2637279
2638257
2638906
2639131
2639302
2641148
2641181
2641516
2642271
2646938
2648770
2649851
2649940
2650286
2650881
2651918
2653281
2659225
2664998
2665685
2666483
2666636
2667500
2667549
2668955
2669494
2671087
2671455
2672124
2673026
2673470
2674818
2675393
2675609
2676060
2676290
2677043
2677404
2678188
2680482
2682343
2683324
2703202
2704291
2704795
2706483
2706938
2707513
2709894
2712217
2713039
2714146
2715098
2717446
2717877
2718766
2719226
2719284
2723186
2726604
2732594
2733729
2734724
2735161
2735706
2736530
2736744
2737136
2739999
2740871
2741532
2741837
2742443
2742551
2743582
2744134
2745134
2745981
2746724
2747437
2748884
2749617
2751324
2752370
2752912
2753441
2754272
2756826
2757578
2757731
2759612
2763205
2765774
2767112
2768596
2769657
2770020
2770341
2771836
2773609
2774629
2774630
2778191
2778730
2782392
2784418
2784551
2788749
2791384
2792181
2792846
2792966
2793512
2795927
2797108
2798034
2799113
2799983
2807525
2808261
2810852
2811345
2812966
2814490
2815034
2815075
2817129
2818592
2819124
2819953
2820951
2822710
2822937
2823800
2824152
2833054
2833583
2852583
2856322
2858431
2858724
2858886
2859300
2859645
2860103
2862381
2864631
2866702
2868517
2868864
2869195
2869938
2870595
2871437
2872674
2873850
2874016
2879110
2880798
2883167
2883936
2884073
2884372
2884466
2884719
2886869
2887792
2888157
2888538
2888603
2889423
2889506
2890183
2890676
2891379
2891661
2892269
2894540
2896369
2898034
2898641
2899370
2901691
2902042
2902614
2903338
2904641
2905534
2906297
2913587
2916824
2917441
2917793
2917797
2918405
2919855
2920098
2920696
2922375
2925562
2926608
2929467
2930802
2931270
2931845
2932392
2934385
2934545
2934982
2935808
2936074
2936163
2940557
2941031
2941766
2943870
2944275
2944574
2945357
2946827
2948125
2949469
2955442
2956815
2957131
2957355
2958257
2962067
2962099
2964149
2964645
2965142
2967232
2967971
2968286
2968388
2976523
2976937
2977569
2980770
2981990
2982468
3000215
3002111
3002935
3003876
3005180
3007024
3007081
3007503
3007834
3007911
3007967
3008315
3008422
3009191
3011399
3012154
3013453
3015865
3019942
3021479
3021696
3023236
3025545
3026974
3029118
3029926
3030425
3031845
3033047
3033177
3034101
3034289
3035839
3037714
3039060
3040407
3041131
3041821
3047403
3048070
3048746
3049638
3051246
3055713
3056232
3056857
3057611
3059149
3062346
3063048
3064298
3065398
3068047
3068793
3071253
3071522
3073354
3075314
3075475
3075676
3084351
3085670
3091643
3098480
3098949
3099993
3102666
3103114
3103854
3110773
3111232
3112027
3113529
3114538
3114862
3115728
3117183
3119922
3122428
3123366
3127684
3128025
3129076
3129954
3131018
3154083
3155907
3160217
3160813
3164611
3165023
3165614
3165948
3166357
3166363
3167079
3167836
3168296
3172220
3172266
3173274
3173907
3174729
3175542
3175934
3176709
3179549
3185327
3186970
3189794
3190625
3191210
3191707
3192145
3195751
3196209
3197581
3198426
3202652
3203249
3203541
3203928
3204418
3207770
3208342
3209630
3210253
3211277
3211835
3212193
3213269
3213489
3214043
3215230
3217521
3220484
3221008
3221499
3222714
3223024
3224261
3228081
3230800
3230881
3231365
3233959
3234891
3235681
3236566
3237560
3242824
3244058
3244380
3244906
3245277
3245490
3245968
3247245
3248218
3248693
3249201
3251116
3253502
3253958
3254236
3254503
3255488
3255731
3255935
3256421
3258703
3259038
3259468
3260055
3260334
3260840
3261787
3262260
3262782
3263317
3263418
3265400
3268142
3271563
3272249
3273485
3274879
3275553
3277531
3281001
3281947
3303710
3304505
3308694
3310453
3310926
3311617
3312958
3315121
3316877
3317507
3317900
3322029
3322549
3323172
3324012
3325155
3327597
3327750
3328788
3329597
3331243
3332401
3332829
3333518
3333663
3334858
3335025
3337743
3338670
3341793
3342170
3343096
3343682
3344130
3344853
3345036
3345983
3346742
3346863
3347151
3348035
3349543
3350008
3350636
3351195
3353940
3355917
3356627
3357456
3358732
3359348
3359857
3360855
3360981
3364507
3364988
3365426
3367534
3368119
3368859
3370135
3371269
3373503
3373721
3375138
3375416
3376270
3377032
3380210
3381000
3381531
3382263
3383731
3385552
3386436
3387911
3388668
3390952
3392795
3394379
3395556
3396979
3398111
3398648
3399027
3401417
3401762
3402334
3402520
3402956
3403902
3404520
3405769
3409254
3409846
3410388
3411168
3411892
3412560
3412898
3412985
3413414
3414274
3414404
3417947
3420771
3422426
3423646
3423813
3427262
3452541
3453209
3456033
3457014
3457625
3458691
3459304
3460527
3460914
3461985
3462918
3463488
3464024
3465471
3472108
3474922
3475358
3476395
3476959
3478163
3480092
3482604
3483240
3483971
3485398
3488334
3491489
3491936
3496501
3499325
3499596
3500242
3500904
3501338
3501564
3502310
3502598
3503199
3503689
3504184
3504720
3505367
3507332
3509304
3510297
3510989
3511544
3512630
3516300
3516503
3517092
3517234
3517440
3517806
3519443
3521056
3521552
3522689
3523015
3523418
3524106
3524996
3530098
3530513
3532375
3533184
3534159
3537530
3540168
3541323
3544550
3544696
3544959
3545038
3545441
3546425
3546921
3548795
3554817
3556045
3557175
3557830
3562123
3562666
3563638
3563919
3564101
3566088
3566588
3567860
3569028
3569557
3569683
3570918
3572577
3574394
3576003
3576062
3577956
3578430
3579061
3579937
3580950
3601203
3601589
3601755
3602810
3603850
3605332
3606060
3606276
3606966
3607477
3607544
3608793
3610952
3612841
3613364
3613756
3614533
3615029
3620830
3623508
3623924
3625545
3627655
3628721
3629653
3629900
3629999
3633170
3633235
3634274
3636497
3637173
3638233
3639967
3641944
3642808
3643022
3645828
3645975
3646830
3649560
3651152
3651889
3652252
3652951
3653357
3653917
3654355
3655100
3657500
3657542
3660074
3661719
3662103
3662882
3668470
3674324
3674840
3675803
3676842
3678973
3679701
3680024
3681678
3682859
3683457
3687277
3688562
3692284
3694996
3695320
3695511
3695903
3702382
3703276
3703295
3706159
3707970
3709161
3709656
3710190
3711460
3712104
3713195
3713525
3714261
3715595
3716130
3716909
3717443
3719102
3721367
3722042
3726823
3727818
3728215
3728380
3729790
3732745
