15581.36
20607.98
21450.14
22032.94
22667.44
23521.07
24346.05
25057.27
27099.8
28360.76
29272.54
30230.81
32466.58
34796.88
37022.43
43877.68
45162.01
49589.81
68766.35
78082.88
83943.03
92788.24
95553.15
97343.14
99641.68
100514.1
101980.2
103173.6
104688.8
105752
108443.6
110318.5
114049.8
116204.9
117186.4
117889.5
158813.4
174821.9
178499.8
180423.3
181466.4
185218.3
186170.3
188161.3
190779.2
191984.9
195722.1
196781.9
197926.1
200067.3
201384.9
244344.2
246733.7
249153.3
250952.9
259558.1
263742.6
266629
270665.6
271691.7
272404.1
273642.4
276231.3
277332
310373.2
312059.4
313442.2
315328.6
317967.1
319353.9
321124.4
322809
323737.4
324780.8
325959.8
327207.5
329274.5
333845.5
334904
336057.1
337486.4
338558.1
339452.8
340823.5
341715.5
343967.2
345349.9
347201.3
347920
349146.2
350151.1
351409
367027.5
368181.5
369728.1
371862.1
373048.5
375015.7
381368.2
383685.6
385204.8
389827.6
391012.3
392473.6
395709.4
396922.9
397744.5
398502.3
399550.6
400231.1
401028.4
403316.5
404138.1
404990.9
407624.3
410444.4
411753.4
413584.4
414305.4
415713.6
416442.3
416886.7
417542.6
418071.7
418726.4
419639.9
420341.3
421024.1
425878.7
426805.4
428621.5
431184.1
450901.7
451808
454845.8
456689.1
457514.4
458375.7
459274.1
460226
461565.5
462704.6
463620.2
468824
470690.3
471994.1
474737.8
477367.6
478472.4
479255.7
481218.4
486626.2
490268.8
492443.1
493924.5
495455.3
496891.5
519680.2
520908
523713.6
524617.9
525734.8
527182.7
530014.8
533768.4
536082.6
540511.3
541532.8
542931.2
543892.4
544908
545649
546577.2
547850
548621.3
549583.5
551632.5
552911.6
554154.9
555423
556465.9
557791.2
561040.9
564772.4
566485.7
610006.1
618404.6
619579.5
623461.9
624540.8
629170.8
630679.7
632453.6
635013.5
636801.3
638552.6
642597.5
643279.5
644950.2
646224.5
647179.2
648757.4
651288.6
653425.9
654444.7
655243.7
665937.6
666480.1
667255.1
667796
668499.6
669437.2
670491.2
672718.7
676981.3
678143.4
679043.4
679973.7
681110
682530.9
686079.6
687056.4
690031.8
690949.7
691926.7
692639.1
693387.8
694299.8
695142.6
696165.9
697356.5
698753.6
699700
705695.9
708515.4
709168.4
710207.1
712563.4
720876.7
722058.5
723129.8
756303.4
757190
760584
761917.1
763156.2
769209.9
770679.7
771532.6
772604.6
773461.7
774942.3
775789.5
776596.9
777363.6
778301.3
781322.1
793341.3
818316.5
822493.5
829033.6
829934.8
845443.6
846559.1
849746
852231.7
853501.7
854365.4
855374.3
856783.7
858551.6
860222.8
866338.6
867293.3
869860.2
873109.6
874532.5
876195.4
877573.7
880902.4
882771.4
903517.3
917742.3
920905.1
922273
924297
927221.3
930331.2
949376.7
966996.5
971727.3
977540.4
978705.2
979578
993066.5
1008685
1011879
1014523
1015828
1016824
1017866
1018920
1022469
1024236
1025086
1026120
1028123
1029945
1031568
1053366
1060657
1062770
1064462
1065975
1067361
1117456
1118349
1120574
1122796
1124210
1127209
1128555
1129852
1130829
1131597
1132513
1133212
1134486
1135695
1136745
1137678
1139097
1139813
1141276
1142375
1143415
1144260
1145109
1145869
1146509
1147301
1148035
1149371
1165531
1177513
1201618
1205415
1206439
1213136
1214267
1218012
1219056
1220218
1221587
1223535
1224527
1225722
1227281
1228441
1230244
1231166
1234446
1235122
1237408
1238717
1247135
1248398
1250907
1272803
1275913
1277161
1278231
1279715
1281230
1296653
1298573
1299455
1301826
1302648
1305399
1306768
1313759
1315545
1317294
1319570
1350410
1351776
1353237
1354385
1355992
1356824
1357387
1358215
1358815
1359694
1363995
1366803
1367615
1369321
1370527
1372533
1374256
1375303
1376110
1377316
1378492
1379505
1380469
1382850
1383846
1385076
1392683
1395741
1398802
1401733
1404083
1405123
1406318
1407756
1428245
1429764
1431083
1432367
1433294
1434784
1436204
1441424
1481527
1500055
1502690
1512844
1527936
1529296
1531350
1534918
1538064
1539510
1548852
1551403
1552921
1574247
1577589
1590935
1591859
1592254
1592910
1593524
1594170
1595015
1595519
1596003
1596576
1597142
1597651
1598259
1598833
1599248
1599783
1600731
1601564
1602585
1603134
1603754
1604222
1605467
1610643
1624697
1625853
1627620
1628984
1630853
1633000
1653937
1656085
1658907
1661179
1675443
1684827
1690568
1691915
1700325
1718257
1719613
1720355
1725326
1727494
1731168
1732276
1734963
1736490
1737934
1738910
1739797
1743502
1744830
1745607
1746658
1747302
1748097
1750202
1751415
1760319
1761671
1762686
1780066
1781770
1816327
1817093
1817857
1818295
1818995
1819521
1820255
1821136
1821999
1824036
1826193
1870225
1872357
1873989
1876058
1890904
1898104
1899687
1900937
1902323
1908101
1910438
1912616
1915886
1916713
1918013
1919298
1920445
1922408
1923976
1927505
1951007
1953094
1954271
1956325
1957820
1959181
1960520
1961144
1962054
1962971
1964042
1965324
1967195
1968707
1970288
1970870
1971625
1972254
1972874
1973554
1974209
1974834
1975914
1976752
1977579
1978710
1981292
1982580
1983350
1984238
1985160
1987375
1992047
1993299
1994977
1995920
1996886
2017091
2018964
2021487
2022785
2023736
2026104
2027833
2029268
2033994
2058121
2059167
2064006
2066713
2070543
2075023
2078534
2081726
2082409
2100630
2130232
2131070
2132106
2134253
2135165
2136735
2138006
2140474
2141583
2142215
2143184
2144353
2145794
2148667
2149879
2151034
2166216
2168572
2176541
2177771
2178447
2179523
2180985
2184747
2185773
2186465
2187016
2187622
2188036
2188663
2189213
2189764
2190256
2190889
2191508
2193968
2198716
2199610
2200606
2201978
2202866
2208226
2212914
2214708
2220372
2221091
2221791
2222905
2225052
2226440
2228176
2228985
2230182
2252444
2258559
2259691
2266068
2269789
2271001
2273121
2275035
2276040
2276802
2278530
2279534
2280226
2281353
2283026
2285225
2286864
2287817
2288950
2289884
2290623
2291129
2291913
2292479
2293529
2294295
2295217
2296567
2298899
2301648
2324016
2328175
2364983
2374602
2375941
2378492
2379712
2404119
2410133
2412033
2419562
2420930
2426377
2428461
2429535
2432852
2437451
2438773
2445646
2446347
2446867
2447473
2448386
2449112
2449985
2450670
2451008
2451522
2452010
2452553
2453804
2454987
2456245
2457255
2458152
2459081
2466073
2467298
2468971
2470328
2478963
2484039
2493670
2494959
2496051
2497870
2498779
2502048
2505820
2506472
2507340
2508413
2509038
2510435
2511720
2532423
2567090
2580247
2581698
2583378
2619829
2623527
2634086
2637371
2639040
2646515
2647505
2651154
2652995
2654251
2656117
2656966
2657909
2659393
2661468
2662367
2665017
2667904
2668954
2670092
2671929
2673151
2673940
2674699
2675442
2676103
2676982
2677622
2679707
2680828
2681372
2681834
2682514
2700616
2701177
2701888
2702681
2703831
2706535
2719288
2725337
2727992
2730876
2732145
2733523
2734572
2735404
2737499
2740936
2742423
2749125
2756335
2757890
2763447
2764090
2764865
2765444
2766002
2766563
2767073
2767548
2768086
2770159
2771662
2772857
2773984
2777643
2780028
2782519
2783447
2786111
2787560
2792590
2815457
2823829
2825005
2826796
2828556
2856639
2857696
2860855
2862021
2866078
2867584
2869546
2870481
2871291
2872379
2877772
2879710
2880406
2881292
2882390
2884752
2885520
2886543
2887680
2888729
2889714
2890319
2891416
2893224
2894602
2896930
2920342
2922318
2923505
2925168
2926549
2927629
2929013
2930300
2931335
2932001
2932634
2934198
2935886
2937440
2938403
2939336
2939976
2940504
2941606
2942846
2944234
2947454
2948409
2953004
2955043
2956168
2958929
2960160
2961156
2963424
2965419
2966327
2968530
2970374
2972278
2976426
2979217
2980291
2981185
3000308
3001897
3012086
3013421
3014648
3017973
3021667
3034015
3034880
3046018
3069140
3070523
3071642
3073954
3074669
3081386
3082474
3084215
3085668
3086465
3089356
3090756
3091669
3092461
3093574
3098494
3100725
3101737
3103445
3105867
3106910
3107711
3108874
3110130
3110759
3111924
3112818
3116463
3117524
3118556
3120595
3126147
3127747
3129019
3152870
3163483
3166002
3167581
3168530
3169656
3172576
3173284
3174421
3175230
3176262
3181867
3190867
3235481
3237360
3238487
3239769
3256197
3257226
3262976
3265871
3266761
3270146
3271670
3273657
3275288
3276421
3277010
3277741
3278970
3301756
3307599
3308923
3309803
3319659
3336062
3337309
3340153
3341692
3342839
3347261
3366210
3367519
3370178
3371251
3378171
3381126
3382313
3403945
3409801
3410880
3411814
3413995
3415892
3423472
3424606
3425928
3427883
3428584
3429877
3431277
3432471
3450206
3450866
3451544
3457292
3470134
3470837
3472421
3476658
3477719
3478877
3480228
3481413
3483372
3485405
3488296
3489324
3489994
3490846
3491723
3492395
3492762
3493203
3493637
3494113
3494568
3495082
3495475
3495889
3496230
3496645
3497161
3497623
3498018
3498383
3498742
3499128
3499658
3500092
3500489
3501267
3501904
3502462
3502922
3503542
3504007
3505487
3506733
3507891
3509142
3522360
3526068
3528933
3553786
3571661
3576770
3600781
3603115
3605779
3612251
3620050
3621044
3622813
3627110
3628304
3632592
3634314
3638638
3643885
3644948
3646433
3648652
3667061
3667860
3669398
3672180
3673930
3676015
3677698
3679406
3680848
3682053
3682721
3685462
3686432
3687679
3688523
3689108
3689702
3690638
3691331
3692003
3692513
3693764
3694646
3696177
3698153
3698782
3700471
3704100
3705152
3706759
3707677
3708744
3709711
3710721
3711560
3713371
3716060
3717136
3718148
3721168
3730456
