858.2635
1455.654
2022.732
2847.067
7045.303
8137.114
9521.971
12381.79
13105
13660.58
14791
17020.38
17828.72
23982.74
24674.53
27768.9
28285.16
28640.9
29270.72
31510.05
32130.11
33635.62
34989.66
35455.37
36302.81
37287.33
40536.35
41388.88
41937.21
43215.88
46040.94
47598.49
47600.01
50328.29
51491.33
51658.74
52784.52
63143.46
75059.71
75606.06
75650.62
77359.4
77748.92
79196.88
81271.78
82807.62
84712.86
86493.55
94570.2
95256.34
97433.72
99041.89
102155.4
103627.7
103771
104110.8
104704
105155.8
106491.2
107213.3
107775.4
108528.9
117645.9
119681.8
121404.7
124639
125423.1
126390
128016.2
128943
132979.5
150353.1
152117.1
152556.8
153489.6
154942.9
161469.4
166042
166878.5
167582.7
172686.8
173192.5
173856.9
174469.8
175052.1
175669.6
176733.2
177276.4
178426.9
180374.3
181438.6
185811.2
186936.3
188520.5
190141.3
191545
192917.9
194407.2
194782.5
195969.1
196910.9
198991.6
199643.1
207868.6
219922
226551.6
235228.9
235915.2
237371.4
238783.4
239726.3
240847.7
241947.6
242875.6
245179.9
247510.7
248415.5
250570.9
251725.8
252900.8
255316.3
256616.1
257069.6
257578.9
258030.1
258732.2
260835.3
262222.7
262800.2
263324.7
263811.7
264718.6
268057.7
269992.9
273958.3
274572.1
275221.3
275704.9
275895.5
276668.2
283429.8
302449.2
302958.6
304537
306455.9
306519.9
307442.2
308046.1
308402.2
308835.3
309302.8
311413.6
316314.6
316709.8
322268.1
322661.5
323003.1
323529.9
324665.6
327318.3
329340.1
337850.8
343841.2
346194.1
349419.3
353378.2
367173
367710.8
369781.5
372263.6
375633.1
376801.5
386588.7
387575.6
388945.6
390165.7
390922.9
392053.5
392602.1
393066.4
393680.8
394249
395262.2
398828
402225.1
403612
408425.2
409324.6
411413
412903.1
413670.8
414463.6
415507
419041.2
422405.9
422739
423097.8
423353.7
423943.1
426632.2
427813.9
429262.5
430413.4
431121.6
450394.3
451030.4
452483.1
454331.2
455600.4
459673.6
460626.6
461265.8
462135.4
462685.5
463128.3
463724.3
464766.4
466805.7
467310.3
469810.1
470796.4
473506.8
478263.9
479027.9
480809.7
481093.8
482900.8
483469.2
488786.7
489420.8
491391.8
492752.5
493547.7
494133.3
495021
495441.5
496130.7
510684.8
517193
529711.4
531211.6
532513
535095.6
537000.8
537653.1
540523.8
543196.9
545370.8
548346.1
549922.7
550740.3
550863.9
551752
552590.5
555214.4
557062.5
561633
562772.7
563323.2
564684.8
567619.3
569192.7
570241.6
572310.1
574682.5
576961.1
577923.1
578839.3
580244.3
580622.1
581601.7
602201.6
603437
604158.8
605166.5
606389.6
613119.1
613957
617589.6
618125.5
618379.1
619442.4
620499.9
622947.7
623158.9
623430.3
624573
626168.6
626957.6
629968.9
632632.6
633231.9
633358.7
633904.9
635227.2
636464.8
637605.4
642192.5
645159.9
645222.7
646218
646702.7
646993.3
648235.6
670079.1
683262.8
683494.6
684283.1
686003.1
691649.6
693217.6
694270.7
697119.2
700611.3
702671.1
703079.7
703935
703936.3
705060.1
706848.9
707210.1
708121.8
709017.7
713920.1
714900.2
715880.8
717592.7
720261.9
721357.4
722318.1
725774.6
726293
727054.9
727785.1
728885.4
729969.9
730715.8
731304.5
732237.3
750889
751979.3
752770.6
753339.8
755445.3
756492.3
756914.1
759257.5
761158.4
761250.6
763478.7
763862.6
764470.1
764724.4
765483.4
766895.4
767553.4
770243.9
770550.9
771367.8
771958.4
772653.5
773359.4
774407.7
774784.5
776075.8
776981.5
777545.2
777893.7
778423.6
778942.5
779497.7
784453.5
788222.9
788384.4
791715
792199
792953.9
793415.7
796529.5
797300.9
797742.3
798445.6
799269.5
799695.6
799742.8
800503.5
802916.2
803606.4
810592.7
811488
811945.4
812322.2
813730.8
819727.6
820539.9
828674
829432.6
829958.6
830362.5
834025.3
835893.1
836557.3
836925.5
838391.6
838846.3
840299.4
840336.7
840820.3
841781.8
842413.9
844133.7
848283.1
849511.5
852441.9
853040.8
853725.6
857623
857949.2
858294
858717
859253.6
859586.9
860051.9
860570.6
862411.4
864431.2
867398.6
868316.9
869005.9
870761.2
876043.9
877656.5
879266.7
879785.7
879815.5
880285.7
880902.4
882253.9
900129
904776.3
906994
907586.7
908276.5
908700.4
908902.2
909412.4
910216
911919.5
913307.5
914355.8
916058.6
918213.1
919288
920458.2
920557.3
921371.8
921727.2
922046.9
922454.9
922492
923415.5
927227.5
931142
932103
934313.3
935208.7
939235.9
940174.1
941822.5
943509
944801.9
947872
948624.5
959458.2
966087.3
966713.4
967245.3
984162.6
993136.2
997531.5
998971.2
999920.3
1000814
1001558
1003464
1003692
1004863
1007361
1009010
1013529
1016990
1020069
1021771
1023085
1024129
1027780
1053974
1054528
1055190
1057125
1060890
1064038
1064055
1066406
1067079
1067359
1076922
1079234
1079951
1082028
1084251
1085372
1086484
1088172
1089069
1091172
1091690
1094133
1094925
1100993
1107093
1109336
1117335
1118700
1131478
1134903
1137255
1138406
1139828
1141154
1142721
1146094
1146589
1147142
1148140
1149378
1152868
1157241
1157241
1157603
1159008
1161764
1162364
1163475
1170193
1170627
1171140
1171907
1172865
1172910
1173657
1174823
1176200
1180223
1182193
1183138
1201405
1202124
1203295
1205268
1205808
1206547
1207397
1209076
1211358
1211954
1212591
1214153
1214697
1215902
1216339
1217450
1218642
1219400
1220103
1220330
1222033
1222393
1222725
1222913
1223369
1223857
1224199
1225088
1225308
1225469
1226565
1226590
1227288
1227617
1228679
1229055
1230009
1230725
1231563
1232850
1233172
1235428
1235901
1237740
1240008
1240679
1241546
1242286
1247291
1247808
1248798
1249164
1249425
1249873
1250977
1268190
1271755
1277541
1278865
1281965
1284608
1285491
1286857
1288434
1289521
1289987
1290836
1290898
1293699
1294226
1294872
1299194
1299931
1300474
1301124
1301665
1306188
1306569
1307747
1308704
1310195
1311389
1314067
1315180
1315688
1316288
1328439
1328572
1351309
1354025
1356099
1356829
1357326
1358457
1359162
1359937
1362092
1363307
1364165
1364356
1364984
1366009
1366596
1375307
1377172
1378498
1379415
1379417
1379870
1382024
1388245
1388445
1388839
1389170
1389655
1390167
1390709
1391170
1391868
1392820
1393031
1394312
1396440
1397059
1397361
1397568
1398677
1398776
1399804
1400706
1402148
1412796
1428913
1434503
1436978
1440271
1440273
1443067
1443914
1445188
1447411
1447977
1448432
1453502
1454235
1454923
1457754
1458144
1458318
1458547
1458959
1460367
1462245
1468641
1469776
1478547
1479550
1479598
1480467
1481510
1482479
1502780
1503554
1504541
1505259
1505593
1506615
1507812
1508903
1511727
1513169
1514095
1514861
1516707
1517512
1519022
1519618
1519914
1522889
1523594
1524528
1526696
1529052
1529232
1530998
1531630
1532251
1532959
1533434
1534167
1534291
1534716
1535322
1536088
1536880
1540248
1540828
1541409
1542046
1542955
1548556
1549235
1550143
1550405
1553496
1554966
1555202
1557907
1558545
1564395
1565900
1571871
1579109
1579893
1583222
1584108
1584852
1586511
1591504
1593694
1596556
1596671
1597305
1597858
1599373
1600093
1606686
1609546
1611175
1612377
1614277
1614724
1615511
1619143
1620597
1622547
1625184
1626028
1627255
1628740
1629607
1630635
1631846
1652505
1653169
1653723
1654305
1655098
1657197
1657909
1664145
1665727
1666840
1667415
1669583
1670048
1670499
1671059
1673706
1678875
1681678
1683043
1684194
1688362
1688854
1689230
1689739
1691220
1695889
1697293
1699670
1700248
1702065
1704399
1711938
1713884
1714488
1714758
1715392
1715603
1716723
1725137
1731534
1734731
1735586
1735625
1736187
1737063
1737372
1737793
1738241
1740570
1746052
1746672
1747182
1748185
1754216
1754361
1755572
1756931
1758387
1759297
1759356
1760175
1760862
1761725
1763084
1763220
1763990
1764032
1764527
1765544
1771526
1771740
1771999
1772622
1773247
1773284
1774100
1774303
1776041
1776987
1777775
1778159
1778987
1779748
1781205
1781578
1782029
1783067
1800578
1801070
1802579
1806400
1807704
1808442
1809076
1810336
1811057
1815411
1815796
1816548
1819122
1820127
1825297
1825806
1826283
1827013
1828492
1830152
1831610
1832974
1834835
1835430
1836997
1839496
1841978
1842903
1844225
1844673
1844919
1845112
1845729
1846757
1846817
1847490
1851145
1857140
1857978
1866051
1866610
1867322
1878296
1880181
1881256
1882073
1882890
1883670
1884737
1889462
1895411
1898619
1899076
1900923
1901495
1903700
1904373
1905008
1907294
1908582
1908733
1909222
1909662
1915733
1916553
1917158
1917576
1918304
1918871
1920857
1922302
1924021
1928739
1929107
1950064
1950935
1951478
1953334
1953829
1954533
1955258
1956025
1956682
1958521
1959219
1962545
1963213
1964062
1964775
1965261
1969950
1971449
1972461
1974056
1975461
1985274
1986357
1988756
1989967
1990760
1992617
1993127
1996741
1997219
1999562
1999971
2001842
2028202
2034048
2035536
2038026
2039013
2039689
2039957
2041117
2045970
2048476
2048945
2049513
2051055
2054332
2055167
2055699
2057058
2059011
2059536
2061121
2062131
2062812
2064737
2065463
2067266
2068807
2069462
2072403
2073739
2074303
2074941
2075638
2076259
2080259
2083164
2083652
2100529
2101333
2102927
2105302
2106222
2107946
2108669
2112732
2112911
2113362
2113585
2116614
2118104
2121174
2122136
2122742
2124299
2127246
2127803
2129537
2129797
2131550
2132203
2132909
2134350
2134856
2134935
2136056
2137323
2138115
2139256
2144456
2146364
2148380
2148556
2149301
2151493
2157835
2158230
2164816
2165737
2166105
2167183
2188725
2190151
2191044
2191762
2192695
2193519
2197855
2205041
2205678
2206207
2206826
2206959
2207117
2208746
2208819
2209329
2209732
2211367
2214628
2214947
2215409
2217545
2218740
2219110
2219586
2220160
2220686
2221314
2223240
2224745
2225668
2226334
2228711
2230165
2230865
2231854
2232469
2233200
2253589
2253979
2255865
2257575
2258136
2258986
2259493
2260093
2264262
2267184
2267957
2269798
2271165
2272566
2276450
2278402
2279920
2280806
2284813
2288135
2289511
2290092
2291162
2292783
2293873
2294679
2295469
2295894
2296447
2298909
2299801
2300645
2302871
2311605
2312559
2330477
2330478
2333827
2334494
2339523
2352739
2354324
2355821
2356575
2357076
2360657
2361196
2362862
2364537
2365249
2367531
2367987
2368224
2371274
2372024
2374159
2374672
2375665
2376521
2378820
2379749
2381159
2382786
2404002
2405465
2406013
2411728
2412376
2415196
2417123
2417816
2419013
2423974
2423975
2425305
2425969
2430188
2433386
2433995
2434884
2437414
2438387
2439264
2441674
2446806
2447334
2448566
2449849
2450881
2453401
2455855
2456044
2458754
2459452
2460143
2469583
2473122
2480830
2485931
2488313
2488906
2489607
2491786
2493275
2493785
2495061
2501754
2503069
2503613
2504117
2504505
2504962
2505442
2507387
2509058
2510458
2510690
2513541
2514659
2515380
2516367
2516875
2519980
2521284
2522883
2523849
2524030
2525855
2526210
2526811
2527342
2550181
2551107
2552457
2552892
2553192
2553553
2554608
2555190
2560346
2561817
2562604
2568558
2570245
2571212
2572847
2573669
2577789
2581275
2582537
2588038
2589181
2589884
2590305
2593588
2594260
2594317
2595214
2596529
2597469
2598103
2598537
2599454
2602455
2603335
2604133
2605140
2605987
2609773
2610436
2613141
2632467
2634389
2640718
2641306
2642065
2642603
2643477
2644625
2655834
2656579
2657366
2657367
2658080
2659036
2660210
2661562
2663028
2663635
2664063
2664979
2666625
2668156
2668982
2670867
2671585
2674113
2677542
2680472
2680472
2682355
2700755
2701707
2705996
2708985
2709713
2710052
2710573
2711765
2713345
2719438
2720312
2724411
2731016
2732351
2732949
2733620
2735762
2738617
2738991
2739717
2740834
2740864
2745908
2747961
2748496
2749151
2752448
2752697
2752909
2758900
2763716
2765109
2765449
2765786
2766381
2768181
2773974
2774582
2780264
2780265
2782516
2783113
2783908
2784725
2786905
2788402
2790773
2791554
2792359
2796907
2799273
2801336
2802969
2803843
2805196
2806050
2808053
2808637
2809280
2809778
2810375
2811177
2812236
2814597
2815194
2816578
2817269
2819840
2823966
2825001
2827470
2828188
2828878
2829875
2832466
2833228
2833467
2833733
2851221
2852350
2860175
2862638
2862893
2864146
2865124
2865289
2865717
2866439
2866735
2867109
2867747
2868707
2869074
2869594
2870642
2872229
2872972
2873876
2874585
2875255
2875518
2876045
2876653
2880111
2883468
2884015
2884633
2885041
2885566
2887141
2889609
2890718
2890929
2891730
2892148
2892846
2894380
2894908
2895632
2896251
2897446
2898400
2908352
2909533
2909957
2910494
2910798
2911142
2915375
2917315
2929106
2929704
2931174
2933138
2935037
2941978
2942955
2943709
2944716
2945693
2946599
2949142
2949810
2950624
2952657
2955203
2955679
2956249
2956889
2958022
2958965
2964588
2965293
2966365
2968732
2969282
2970322
2973705
2974035
2975342
2976082
2977508
2978792
2979050
2979724
2980114
2980523
2980986
2981625
2982283
3000544
3002971
3003395
3007684
3008220
3008783
3009679
3010124
3011401
3016609
3018602
3020514
3021858
3022081
3023461
3024338
3024680
3024735
3025192
3025915
3026727
3026799
3027570
3032553
3033261
3034090
3034790
3035430
3036340
3037039
3038681
3039354
3040036
3045180
3045759
3046504
3051427
3054507
3054998
3055507
3056370
3059192
3060308
3062776
3063970
3081374
3087435
3088194
3090336
3092611
3093253
3093697
3096694
3097340
3097710
3098171
3099025
3100203
3100804
3101028
3101567
3102110
3104212
3107214
3108353
3109482
3110327
3110369
3110795
3110852
3111240
3111758
3112708
3113910
3116353
3117039
3118655
3119421
3119990
3122628
3123626
3124595
3125224
3126247
3127249
3129083
3129598
3131588
3132826
3151627
3153535
3153594
3155274
3155276
3157042
3158645
3159690
3159871
3160287
3162038
3162624
3163121
3163877
3163954
3164746
3165559
3166693
3174180
3175358
3178417
3179454
3180231
3181303
3185377
3186576
3187772
3189732
3191028
3194428
3195595
3197031
3198595
3199712
3203876
3209396
3210072
3211709
3216347
3235368
3235940
3237036
3238791
3241497
3242455
3243244
3243882
3244597
3245282
3247415
3248261
3248817
3249853
3253053
3253859
3256790
3258664
3260099
3260808
3264011
3267094
3269064
3270339
3272934
3274782
3277908
3279111
3280325
3280843
3300323
3301418
3302528
3303689
3304763
3309916
3312228
3316169
3318735
3319223
3319894
3320750
3326183
3328061
3329483
3331153
3331155
3332234
3332793
3333725
3334090
3337524
3338983
3339383
3340672
3341128
3343801
3345211
3346849
3348446
3349651
3351920
3352364
3354394
3354973
3355560
3355884
3356409
3371565
3372384
3374180
3375579
3376674
3377659
3380094
3386759
3389354
3394513
3396764
3398637
3400138
3401097
3402924
3404239
3404361
3405049
3406006
3406686
3407392
3408424
3409304
3410253
3411097
3414703
3419237
3420198
3420963
3421657
3421803
3422204
3422669
3424387
3425124
3425542
3425971
3426408
3426765
3427614
3428564
3429439
3431500
3431756
3432454
3433028
3450581
3451383
3451995
3458572
3459116
3459117
3461224
3463058
3463838
3466828
3468087
3471283
3473620
3476278
3477715
3478776
3480530
3483016
3484143
3484906
3486577
3487241
3488133
3489723
3490739
3490916
3493822
3499121
3499619
3500384
3500877
3501258
3501308
3501786
3502580
3503165
3509385
3514043
3515193
3518764
3533148
3534451
3534971
3535455
3536059
3536526
3537079
3538294
3543232
3544050
3544990
3545847
3546408
3546873
3547789
3548789
3549484
3551510
3552930
3553735
3554998
3555743
3560526
3561077
3561925
3562306
3562481
3563581
3565353
3565978
3568378
3570044
3575165
3577199
3577957
3579324
3580732
3581267
3583524
3602372
3602786
3603439
3604009
3605531
3608465
3608595
3609342
3610219
3611374
3614854
3621853
3624010
3624387
3625005
3625918
3626094
3627141
3627899
3628851
3629519
3630531
3631253
3632954
3634995
3635855
3636455
3636824
3637203
3637552
3637900
3640279
3645764
3650145
3650898
3651550
3652212
3652930
3653561
3654475
3654977
3657579
3681133
3683557
3684849
3685753
3688003
3688832
3689867
3690206
3690782
3691420
3691541
3694909
3695821
3696576
3699179
3701334
3702649
3704518
3706011
3706514
3706556
3707169
3710704
3711257
3711829
3712575
3713133
3717750
3718985
3720517
3721396
3722176
3723987
3724807
3726112
3727539
3729853
3730391
3731064
3731632
3732051
3732991
