469.1095
4542.872
32006.08
32007.92
41932.69
81944.82
83702.15
104486
107983.9
112148
112559.4
113250.4
113252.9
116489.6
117667.5
117668.9
125497
125498.9
150128.4
150130.9
154999.3
159531.2
166624.8
168234.9
169366.5
182280.4
182280.9
182878.2
183676.4
184975.2
185985.5
186907
214743.8
222848.1
247441
247442.9
251314.2
270350.2
304934.8
304936.9
305966.4
307876.9
329577.6
340405.8
341034.1
342219.1
347644.3
369602.1
375469.2
375469.9
379795.5
385502.6
403603.2
403605.9
408295.5
410435.7
411860
416305.1
419157.6
456947.3
461624.1
461625.9
462292.8
468018.3
469526.3
471463.3
476410.2
477313.2
479170.7
521357.6
523117.7
531549.5
538919.4
538920.9
546027.9
548996.8
556928.3
559068.1
580418.4
607217.1
611747.3
614012.2
632319.2
632320.9
634289
636145.9
645417.2
645419.9
646790.7
676196.3
678231.8
679536.6
682806.8
682809.9
683979.6
689286.1
693331.9
695295.9
696659.9
706467.3
711658.5
715400.5
719833.8
721221.6
721221.9
722972.8
724536.9
757632.9
760620.8
761042.1
762098.2
763168.3
768607.1
774720
778442.1
778676.1
789926.6
790956.9
792085.5
794208
827190.3
837453.3
839110.4
840021.5
843860
844619.9
846285.8
847303.5
847753.8
851307.1
856485.2
857347.3
870912.4
873009.5
879112.3
881686.3
882831.5
900509.5
904240.3
905288.9
906320.7
909718.7
925644.1
926094.2
929548.2
930149.7
932592.2
935582.4
938552.4
939817.4
940429
940431.9
941268.1
943267.7
953955.8
977758.6
978709.3
981545.5
1004713
1008298
1057453
1062750
1072964
1073630
1073631
1074303
1076632
1077711
1079023
1080446
1081421
1083016
1084432
1087289
1087290
1129647
1137344
1149107
1149108
1153169
1162588
1176893
1200491
1208135
1216369
1218548
1223221
1225085
1228510
1231726
1232987
1234610
1237237
1239711
1242200
1243495
1244804
1283250
1289933
1291827
1294801
1295669
1297130
1307242
1313174
1314444
1316837
1329626
1330739
1332074
1357990
1359101
1360770
1362941
1364106
1370306
1371006
1371510
1371916
1372126
1372329
1372992
1374579
1375573
1376192
1377359
1381366
1385624
1430763
1432110
1434428
1440267
1459710
1460860
1461948
1466440
1469241
1471348
1474613
1476812
1478083
1479457
1502619
1503155
1506493
1513735
1518944
1520380
1528596
1532927
1538287
1541240
1544648
1573171
1576027
1577134
1578886
1582977
1584597
1586512
1588092
1590042
1590602
1592274
1594575
1595472
1596616
1597933
1602651
1603821
1606218
1607474
1607690
1610884
1611896
1614867
1616508
1626295
1627726
1628622
1630045
1632436
1657086
1664300
1668913
1671887
1672637
1677041
1749482
1758038
1758842
1761760
1769373
1808322
1810024
1811106
1811107
1825102
1828763
1835229
1841544
1845095
1877906
1885974
1887099
1905529
1906073
1908982
1911021
1918990
1920843
1924044
1925480
1951701
1954278
1959362
1959364
1982826
1997451
2026692
2029176
2036883
2045425
2137017
2141652
2145299
2167705
2175011
2190279
2193800
2196861
2198824
2213703
2214689
2220601
2222012
2224488
2266000
2268964
2270439
2270911
2276861
2283682
2287214
2319291
2336346
2344914
2353220
2355138
2366813
2370743
2370743
2380531
2381870
2401784
2404747
2407434
2409056
2414876
2442840
2475656
2477577
2478685
2481476
2482297
2491579
2492043
2493780
2503182
2505749
2511225
2528384
2530983
2532646
2555455
2561022
2576261
2576892
2583567
2586524
2588285
2589205
2590896
2592507
2620570
2629067
2634148
2635419
2636673
2639366
2640856
2641906
2642092
2642975
2664562
2665662
2665665
2666444
2667047
2667049
2668708
2700976
2705292
2716413
2718219
2718220
2719753
2720976
2723673
2736946
2744325
2745168
2767223
2770811
2776396
2776920
2784146
2786737
2795244
2800221
2805196
2806126
2807791
2809719
2813964
2815086
2815903
2816455
2818235
2820164
2821126
2821128
2825921
2826491
2827537
2828639
2829279
2829281
2829907
2831562
2832415
2832863
2833175
2854460
2854463
2918952
2929755
2932220
2952678
2960754
2966882
2972566
2977261
2980344
2981808
3015593
3029771
3066940
3069140
3070527
3077618
3087072
3087554
3095747
3098162
3098970
3108166
3154466
3160454
3169399
3170510
3173881
3174885
3178596
3180920
3185659
3185661
3192580
3194367
3220227
3220231
3226683
3265434
3273576
3280522
3303614
3306332
3306638
3307904
3308753
3313137
3316159
3337824
3338672
3338813
3339744
3341492
3342362
3344636
3344768
3344995
3345385
3346247
3347207
3347595
3348333
3350809
3371460
3372305
3379555
3388310
3391987
3392902
3395946
3395947
3398138
3402682
3405288
3405290
3407193
3407727
3408480
3409253
3411444
3422184
3422379
3431022
3432792
3464983
3471121
3473185
3476976
3488740
3490050
3492746
3517863
3522186
3522923
3534049
3545421
3550269
3552666
3554668
3556471
3557561
3558684
3562614
3565614
3565752
3567910
3568739
3570634
3571852
3575536
3600663
3614325
3615209
3616135
3616745
3619171
3621018
3635766
3672428
3674633
3699427
3699429
3704618
3706644
3711344
3720722
3721773
3722631
3724143
