1742.187
2273.077
2671.084
3684.624
4230.965
4398.339
4757.536
5506.383
5983.545
6109.783
7862.152
8694.761
9403.641
10135.45
10806.35
10963.94
11260.1
11522.07
11640.12
11998.5
12002.57
12293.05
12640.59
12937.18
13730.13
14760.99
15517.47
16295.64
17173.96
17538.43
18041.41
18446.89
18528.31
19107.68
19686.63
20673.94
24175.75
24620.13
25005.98
25712
27959.89
28517.97
28919.95
29420.07
29534.32
30493.14
34730.01
37537.84
37970.71
38901.68
39449.28
39809.99
39888.61
40352.28
40354.34
40708.57
40960.35
41496.6
41712.71
42248.85
42662.34
43159.87
49669.82
58601.44
60105.84
61766.81
62643.22
65149.55
65674.22
66839.72
67026.52
68028.09
68063.37
68245.67
68743.29
71412.42
71728.44
72368.79
73028.71
73423.44
73715.04
75858.24
75914.87
76848.53
77633.45
77947.76
78241.48
78756.48
79842.4
79900.64
80196.24
80568.83
80886.28
81564.07
82766.02
83457.57
84160.96
84657.42
85360.91
85677.28
86529.54
87062.77
87127.77
87512.23
87719.33
87941.23
88332.85
89995.7
90595.04
90710.85
91338.5
92534.29
95179.46
96107.43
96673.17
96687.39
97366.8
99191.88
99678.97
100224.8
100583.7
101439
105982
106120.8
106830.9
108060.2
108843.5
109559.3
110288.2
111194.5
112012
112346.5
113045.8
113170
113660
114043.2
115232.9
115285.5
117367.7
117961
118792.5
118836.6
121285.4
121888.7
122814
123213.5
126134.1
126735.7
128157.4
128582.6
128780.7
130273.2
132669.2
133024.9
150612.6
151170
151844.3
152634.4
153548.4
154794.9
156215.8
157059.1
157577.3
158410.9
158940
160004.9
160139.6
162531.7
164322.5
164695.9
165075.5
165660.7
166099.5
166256.4
167557.5
168355.7
169310.1
169744.1
170045.5
170366.5
171266.1
175190.5
175439.2
175785
176155.7
177193.3
177700.6
178047.1
179280.1
180221
180661.4
181406
181425.7
181541
183464.4
183952.2
184812.1
184872
185106.2
185333.2
188954.2
190579.4
193075.2
194273.9
195505.5
195783.6
196450.5
197629.9
198330.3
199770.7
203015.7
203757
205481.4
207889.1
208902.5
209618.2
213543.7
214027.6
217237.3
218199.9
220291.8
220903.8
221389.7
222169.7
222382.5
222985.6
226336.6
227600
229503.2
230206.4
231064.8
231439.9
232213.7
235675.6
235701.4
236249
238964
239681.4
240210.4
240408.1
240693.8
241050.7
241853.7
241978.3
243964
245221.3
246845.7
253692.9
254563.2
255039.5
255436.4
256653.1
257743.4
258497.8
258924.9
258939.8
259025.9
260183.7
260814.2
260908.2
263647.2
264045.6
264118.1
264486
265021.1
265650.6
265941.5
266050.5
266315.8
266365.7
266682.2
267268.2
268024.5
270929
271308.2
271567.6
273795.7
275646.7
276818.9
278014.3
278592.5
279159.9
301046.8
301681.1
302252
302713.1
303016.1
304725.6
304784
305452.3
306046.3
306341.5
307126.7
308419.5
308513.1
308710.8
309035.4
309448.9
309682.3
309757.8
317935.5
319401.1
320099.5
320421.5
322689.8
322886.6
323849.3
324074.9
324540
325201.6
325541.1
326844.1
327281.1
328214.5
328255.7
328763
329640.6
330122.1
330816.5
331266
331650.8
332526.2
333435.6
333446.8
333975.6
335067.6
335707.3
336486.2
337256.8
338013.4
338187.3
338460.1
339122.7
339304.5
340426.3
340710.6
341521.4
341946.7
342635
343388.7
343957.1
344779.3
345397.2
345543.2
346940
347579.7
347754.6
348365.6
348734.1
349110.5
350855.7
351461.2
351874.7
353375.7
353822.1
354437.9
356526.7
357303.2
358639.4
361187.9
361698.1
366560
367293.3
368456.6
368926.4
369335.7
369492.6
370102.7
370894
371787.3
371951.8
372521.3
373228.5
373553.4
373587.6
373957.5
374534
375200.6
375446.4
375631.6
376102.6
376759.5
377206.7
378003
379870.1
379941.6
381753.3
381768.2
384335.6
384603.5
386133.7
386222
387166.4
388417.5
388469.5
389223
389893.1
391184.9
392995.5
394119.9
397427.5
399706.6
400604.4
400830.7
401236.3
401332
401952.1
402964.2
404833.6
407400.5
407823.2
408321.9
408641.1
408983.6
409648.3
410438.9
410945.3
412075.9
412715.1
415266.5
415927.7
416694.6
417053.1
418102.8
418607.1
418723.5
420227.2
421759.7
422360.3
423898.6
424477
425313.1
425693.2
425962
426310.8
426749.3
428750.4
429660.1
430455.7
430571.2
430887.5
431374.9
431724.1
432355.8
433398.1
450054
450450.1
451733.7
453134.9
453778.8
454189.5
454280.3
454734.9
454883.6
455546.2
456396.3
457069.8
457392.3
457530.8
458086.7
459507.3
459978.4
461029.2
461601.7
462112.4
462887
465029.2
466130.5
468339.6
468989.8
470073.7
471610
472192.5
472751.9
472791.6
473076.2
474084.3
474169.6
474695.7
475087.1
476935.4
478404.7
478525.3
480750.7
481096.2
481938.2
482445.6
482987.5
483286.4
483991.5
484726.2
485054.5
487710.6
489282.4
492677.2
495864.7
496311
498026.5
498251
499661.8
501616
502104.5
503517.1
504173.9
504611.7
505195.5
505943.6
506908.7
507257.6
507652.5
508265.6
508557.2
509327.5
511590.6
512223.5
514186.7
514889.7
515594.6
515759.7
516772.2
517120.9
518117.9
519226.2
519758.6
520081.2
520724.1
520897.6
521884.5
521927
522587.1
523154.7
523693.8
523919
525595
526265.5
526530.5
526773.9
527155
528373.6
529380.1
530460.7
531079.5
532135.2
532153.5
532243.6
532717.5
533915
534571.9
535519.2
535738.1
536752.1
537134.6
538331.6
539045.7
539531.9
540123.9
542225.3
543342.3
544330.5
545033.1
546152.4
546776.5
547668.9
548386.5
548624.2
551147.6
552189.2
552352.2
553074
553088.6
553616
553929.9
554406.1
554748.7
554922.4
555251.7
555343
555883.6
555931.2
556336
556897.1
556966.5
557305
557455
559147.8
559590.3
559928.5
562122.7
564070.9
564196.4
566225.5
566312.4
566697.2
567566.5
568095.1
570160
570544.6
570764.8
570803.2
571929.7
573854.9
574719.8
575110.5
575180.9
575691.8
576426.4
577556.7
580646.6
581033.3
581493.2
582244.8
582508.3
583467.7
600071.7
600299.2
601016.5
601169.2
601319.8
603638.2
604961.4
605354.5
605909.8
606423.5
610386
611659.1
612047
612872.6
613629
614353.1
618841.6
619532.8
620362.9
624191.6
625385.4
627450.5
628580.5
629031.1
629099
629112.8
629755.1
630799.3
632683
634017.9
634452.6
636120.2
637129.6
637543.6
637911
638437.3
639221.5
639589.4
639935.8
640316.9
641317.2
641803.5
642718.1
643868.8
647577.8
647891.4
650316.6
652133.1
653723.3
654217.8
655074.3
662186.7
668996.1
669578.8
670665.4
670674.9
671113.7
671160.5
671704.5
672478.3
672564.7
672693.8
673412.5
673652.4
673956
674313.7
674631
675122.5
675821.5
677124.1
677665.9
678456.9
678653.4
678984.4
679800.1
681051
685633.8
686577.9
687121.8
692331.7
693238.7
693291.5
694364.7
695051.5
696077.8
697262.8
699711.8
699901.8
700283.8
700401.2
700840.2
701587.6
702788.1
703276.8
703994.7
704419.3
705290.6
707415.5
709010.9
709500.5
710193.4
710702.3
712646.2
713368.3
715620.1
717550
721059.3
722393.9
722539.1
724406.1
724876
725914.5
726817.6
731685.9
731877.5
732107.5
732700.2
732799.6
733168.1
733377
733494.5
750246.6
751510.2
751848.3
751989.3
752317.2
752640.2
752782.5
753168.9
753266.4
755047.6
755550.1
757205.5
758658.5
759267.5
761501.5
762012.6
763165.2
763656.6
764523.7
766472.3
767226.8
767824.6
768351.9
768837.7
769904.2
771805.8
773519.8
774495.4
775333.1
779859.5
780233.6
780726.1
781180.1
782062.3
783332
783569.9
785076.6
788346.5
788472.4
789838.5
791494
791943
795339.4
796428.8
797846.8
798734.6
799443.6
800282.8
800932.6
801411.4
801929.8
809807
810417.6
811235.5
811318.3
812531.4
815381.6
817917.4
818222.7
822434.8
822894
823274
823985.4
824053.7
824219.8
825108.8
825453
825739.4
825799.6
826944.3
827654.8
828176.3
828214.5
828825.7
829312.7
829720.3
830063.6
830552.9
830950.2
831122.5
831484.7
831717.9
831959
832179.7
833097.6
833461.7
834219.2
838266.1
838901.5
839644.3
841152.8
841638.5
841812.9
842244.6
843046.6
843460.1
843806.3
844749.5
845214.8
845434.9
846150.6
847116.8
847229.4
848856.2
851335.3
851623.4
852316.5
852815.1
855199
859612.3
860209.3
861609.4
861832.8
863901.6
867393.8
868512.3
870026.8
874652.2
876934
877758.9
877837.7
878459
879112.5
881091
900826.7
901191.6
902573.5
902923
903247.9
903289.9
903853.5
904535.8
905395.3
906365.5
907087.9
907151.7
907816.7
908203.4
909359.9
913229.1
914098
914971.4
915038.2
915874.6
916232
917144.5
918384.1
924289
926149.2
926603.5
927078.9
927578.6
928247.4
933629.2
936258.7
936915.8
937718.6
938722
939400.3
939577.1
940620.6
942778.2
943767.4
944272.8
944612.7
946499.7
947330
949031.8
949774
950723.7
953436.1
956940.3
957130.4
958646.5
964414.1
965041.8
965620.3
965783.8
966755.4
967676.2
969057.6
969488.9
970953.3
972290.4
972814.5
974038.2
974921.7
978725.6
978852.2
980879.4
983931.5
985035.1
985716.2
985915.6
986243.3
986842.5
987428.2
988735.3
990807.9
991212.3
991953.7
991955.6
992713.2
993187.6
993838
995041.6
998815.6
1000052
1000313
1002212
1002254
1002875
1003529
1004683
1008104
1008340
1008812
1009195
1010188
1010715
1010875
1011788
1012156
1012245
1012824
1012925
1013635
1017834
1019101
1019527
1019647
1019858
1020611
1021308
1022830
1023424
1023820
1024246
1024631
1025168
1025821
1026745
1026804
1027273
1028208
1029312
1030949
1031377
1031766
1031946
1032867
1033508
1033736
1050347
1050481
1050922
1051153
1051633
1051669
1052305
1052416
1054953
1055478
1055538
1056105
1056277
1056638
1056700
1057096
1057177
1057436
1057770
1058149
1058471
1058528
1058901
1059966
1060704
1061550
1061983
1062759
1063330
1063786
1064282
1064711
1065065
1065493
1065943
1066201
1066656
1069045
1069923
1070007
1071685
1073742
1076365
1079250
1080435
1080947
1081649
1081906
1082879
1083398
1084846
1085747
1086988
1087183
1088925
1091204
1092187
1094394
1095165
1096676
1097366
1098259
1099717
1103803
1103992
1105041
1108257
1109162
1111064
1117841
1119910
1121810
1122117
1122376
1122843
1123493
1123644
1126492
1128194
1129522
1130420
1130978
1131001
1132222
1133292
1133363
1133401
1133989
1134768
1140480
1145676
1146133
1147017
1147613
1148174
1150389
1150889
1151395
1153528
1154048
1154903
1156498
1157005
1159098
1161383
1162357
1162369
1162988
1163245
1164191
1164243
1164333
1169124
1169680
1170532
1170564
1171903
1172458
1173810
1174736
1175061
1175697
1176103
1177472
1178052
1178576
1179374
1181239
1182210
1183443
1200822
1201511
1201692
1201969
1202300
1204675
1208163
1209130
1210273
1212686
1214255
1215105
1215123
1215552
1215828
1216245
1216795
1217403
1217629
1218159
1219072
1219764
1221917
1222543
1223887
1224033
1225022
1225712
1226359
1226950
1227488
1228411
1229182
1230212
1230530
1230731
1230944
1231502
1231607
1232176
1232811
1234231
1235117
1235807
1236391
1237039
1237523
1237916
1237982
1238421
1238591
1238987
1239093
1239776
1239940
1240392
1241657
1241814
1242324
1246423
1246814
1247079
1248023
1248433
1248975
1248993
1249468
1249968
1250452
1251064
1252424
1260651
1264247
1268066
1269146
1271809
1273003
1273718
1274355
1275440
1276805
1277892
1277935
1278591
1278610
1279211
1280157
1280900
1282004
1282435
1285538
1285750
1286999
1287148
1287921
1290297
1290547
1291460
1295607
1296229
1296864
1297493
1297841
1298774
1300032
1300711
1302619
1304528
1304843
1305720
1310590
1313432
1315700
1320246
1322794
1324937
1325372
1326511
1328037
1328960
1330802
1331471
1350642
1350905
1351520
1351539
1352299
1354546
1355338
1355942
1356503
1357069
1357616
1358558
1359111
1360040
1360112
1360780
1361256
1361962
1362070
1363057
1363137
1363803
1364467
1365211
1366366
1366909
1367482
1367974
1368469
1368798
1369077
1369495
1370402
1370980
1371709
1372857
1373705
1373835
1374776
1374865
1375397
1376653
1377583
1378055
1378550
1379983
1380289
1380876
1381044
1381265
1381822
1382163
1385160
1385728
1386307
1386837
1387380
1387424
1388255
1388784
1389372
1389787
1389917
1390374
1392663
1393267
1394575
1397227
1397782
1398224
1398882
1399815
1400404
1400429
1401105
1401519
1402161
1402523
1402894
1403359
1404541
1406436
1411370
1412429
1413208
1415481
1417119
1418391
1419712
1419815
1420269
1420749
1420802
1421983
1422071
1422160
1422530
1422651
1422824
1423217
1423307
1423594
1423869
1424196
1424227
1424612
1424818
1425235
1425411
1426484
1428265
1433608
1436630
1437280
1438468
1438528
1439310
1440407
1442223
1444412
1445778
1446698
1447172
1447729
1448196
1448327
1448577
1450112
1450970
1451760
1452331
1452962
1457404
1462667
1463096
1463840
1464819
1469384
1471921
1473632
1475019
1475046
1475232
1478013
1478535
1479203
1480119
1504287
1505284
1506439
1507189
1508816
1510170
1510809
1511306
1511686
1513580
1516867
1518094
1518882
1519421
1520052
1521057
1522736
1523334
1523757
1524287
1525012
1526278
1527326
1531563
1533816
1534717
1535493
1536114
1536477
1536962
1538820
1540205
1540243
1540267
1541330
1543149
1545213
1545907
1547661
1550501
1551271
1552017
1552717
1556642
1556833
1557443
1563617
1564847
1565388
1565911
1566609
1567106
1567276
1568094
1570138
1570153
1571765
1572203
1572606
1572902
1573469
1574409
1577829
1578602
1580326
1581528
1581838
1582537
1584515
1588186
1588877
1589429
1589462
1590457
1593310
1599327
1600399
1603068
1603087
1604088
1604503
1605208
1605379
1605498
1605551
1606340
1607313
1608083
1608745
1609943
1610980
1611438
1612275
1612381
1614479
1614595
1615065
1615582
1616213
1616349
1617383
1617806
1620944
1621575
1621609
1622902
1623333
1623822
1623842
1624575
1626832
1628332
1629071
1650230
1650921
1651598
1654537
1654762
1661598
1662756
1663057
1663623
1664439
1664930
1665549
1668818
1669270
1670750
1673186
1673791
1674320
1675858
1682042
1682795
1683492
1684539
1684735
1685310
1686340
1687258
1687440
1689983
1690338
1690863
1692563
1695078
1696354
1697169
1699540
1700658
1702779
1704549
1708551
1708918
1710628
1711534
1714828
1718321
1720344
1720706
1721235
1722026
1722325
1723243
1723640
1723902
1724910
1725799
1726496
1726704
1727161
1727327
1727678
1727883
1728015
1728538
1729133
1730140
1730816
1731135
1732400
1733441
1736782
1737681
1737765
1739005
1739555
1740148
1740595
1740695
1741649
1742329
1743361
1744303
1746831
1747519
1747708
1748992
1749758
1750251
1750309
1750734
1752171
1752575
1753450
1754941
1758271
1758306
1760520
1761006
1761623
1762229
1763070
1763864
1764412
1765112
1765991
1766547
1767149
1767320
1767424
1767808
1768139
1768405
1769246
1769492
1770031
1770220
1770301
1772567
1773079
1773521
1773979
1774784
1774871
1777911
1778584
1779272
1779672
1780332
1781303
1781833
1782547
1783050
1800154
1801349
1802709
1803200
1804636
1805457
1806202
1806744
1807227
1807833
1808041
1808536
1811486
1815026
1815037
1816009
1819448
1819516
1820128
1821034
1823756
1825801
1827783
1834309
1835672
1836364
1836871
1837253
1837814
1838396
1839571
1839786
1840541
1840865
1841887
1848326
1848659
1849735
1851293
1851448
1857101
1857714
1858189
1863146
1867697
1868681
1869156
1869278
1870713
1871458
1873462
1873793
1874372
1875134
1875880
1876097
1876683
1877313
1878210
1879998
1881203
1881271
1882301
1883373
1885155
1888492
1889346
1890731
1891123
1892009
1892700
1894064
1894989
1895234
1895674
1896561
1897163
1897757
1897801
1898336
1898344
1898402
1898757
1899091
1899755
1900405
1903683
1904222
1904592
1905050
1905697
1905706
1906091
1906962
1907593
1908548
1908991
1909775
1909803
1910286
1910329
1910738
1911426
1914041
1915455
1915692
1916452
1917004
1918420
1919386
1919941
1920137
1920556
1921689
1921729
1922503
1922760
1923076
1923775
1923786
1925413
1926008
1926604
1926727
1926970
1927477
1927631
1927969
1928545
1929336
1929590
1931598
1950238
1950883
1951004
1951756
1952245
1952873
1953353
1954502
1956786
1959121
1960183
1964248
1964937
1965143
1970215
1970516
1970774
1972936
1973043
1973380
1973797
1973883
1974169
1975181
1976272
1976973
1977456
1977625
1977793
1978155
1978469
1978537
1978915
1979267
1979487
1979507
1979782
1979975
1980243
1980287
1981697
1983050
1983467
1983577
1984424
1984470
1985298
1985792
1985871
1986476
1986931
1987518
1989111
1989736
1991032
1991963
1991971
1992445
1992457
1992857
1993356
1993989
1994841
1998272
2013024
2016605
2019159
2020466
2021156
2022481
2022639
2024931
2029838
2031788
2033835
2034478
2034633
2035542
2036596
2037416
2037739
2039140
2039244
2040054
2040135
2040838
2041157
2041764
2041804
2042270
2042365
2043078
2045497
2045672
2046133
2050354
2054562
2058687
2060047
2061050
2062262
2067681
2070983
2071336
2072616
2073643
2074818
2075310
2075737
2078618
2078788
2079443
2079623
2080514
2100477
2101427
2103022
2103568
2104181
2104547
2104753
2105468
2107097
2107273
2107487
2109369
2111915
2113519
2114056
2114850
2115375
2115516
2119970
2121090
2123280
2126437
2127262
2127270
2127995
2128321
2129347
2131639
2132602
2136679
2137216
2139554
2139867
2140145
2142409
2142573
2142748
2144721
2145583
2146567
2147799
2148162
2148271
2148622
2148716
2148829
2149248
2149821
2149869
2149954
2150130
2150827
2152343
2153998
2154854
2155068
2157372
2158740
2162669
2163994
2165144
2165951
2166158
2166792
2167169
2167380
2167844
2168366
2168608
2169864
2170123
2170895
2172129
2172375
2174900
2177172
2179154
2179834
2181172
2181601
2183740
2184699
2185471
2185950
2186423
2187936
2189512
2190383
2190920
2191489
2192821
2193246
2193647
2194134
2194460
2194605
2194972
2196012
2196301
2198015
2202064
2202777
2202865
2204099
2206324
2206930
2207941
2209249
2209365
2210350
2211114
2212387
2213121
2213336
2214667
2215969
2216425
2217536
2218206
2218721
2219301
2220202
2220723
2222227
2224259
2226385
2226935
2227260
2227631
2228518
2229544
2233682
2250481
2250614
2257875
2258742
2258896
2261722
2262166
2267196
2268033
2269344
2270198
2272430
2272445
2272921
2273598
2274407
2275531
2275731
2276546
2277020
2278137
2278616
2280067
2280804
2281652
2282718
2284157
2284736
2291314
2291814
2293005
2293534
2293985
2294568
2295698
2296248
2297252
2297839
2298606
2302050
2302292
2305383
2306253
2306683
2309574
2314694
2315511
2322771
2323159
2325202
2326153
2326750
2327030
2328645
2328761
2329106
2330389
2331049
2331455
2332033
2332720
2334481
2338108
2339847
2340668
2343805
2345624
2346224
2348108
2348568
2348863
2349124
2349962
2350089
2350508
2352116
2352938
2353487
2354636
2356428
2357052
2357349
2357888
2358413
2358721
2359191
2359653
2360165
2360750
2360776
2363492
2363700
2364290
2364832
2365352
2366056
2367747
2368267
2368851
2372737
2375035
2375748
2376488
2378728
2379255
2380104
2380680
2381387
2400129
2402050
2402708
2402746
2403527
2404035
2404440
2405325
2406644
2407148
2407642
2407940
2409699
2410603
2412653
2413420
2414270
2416017
2416161
2416910
2417119
2417945
2420766
2421547
2421879
2422123
2422535
2422807
2423082
2423397
2423952
2423969
2425675
2426111
2428251
2428368
2430285
2430680
2431478
2431530
2431954
2432100
2432151
2433211
2433398
2434025
2435203
2439459
2440357
2441248
2441689
2442069
2442510
2442961
2443048
2443592
2444099
2447241
2447907
2448643
2449231
2449687
2453739
2454433
2459064
2459491
2459864
2460647
2461840
2462466
2464943
2465681
2467686
2467818
2469980
2471988
2476751
2479046
2479583
2479693
2479990
2480222
2480742
2482090
2483569
2486745
2487155
2488835
2493933
2494519
2498396
2498912
2499524
2501630
2502490
2504218
2504318
2505679
2506796
2507406
2508026
2508620
2509117
2509124
2509664
2510650
2511973
2512335
2516384
2518298
2518586
2518794
2519296
2522548
2522867
2523382
2523753
2524523
2525697
2525919
2526897
2527145
2527701
2527896
2528559
2529271
2532140
2533022
2533529
2550082
2550482
2550802
2555271
2557169
2558800
2559295
2559731
2560736
2561980
2562391
2563870
2564335
2564919
2565303
2566056
2567070
2567882
2568721
2569549
2570394
2570760
2572052
2572846
2573528
2576964
2578032
2578891
2579524
2582258
2582463
2583194
2584097
2584424
2584727
2585220
2585465
2585676
2586086
2586353
2586719
2586748
2587558
2587584
2588652
2590442
2591561
2592224
2592393
2595093
2595952
2597047
2597623
2599515
2600406
2603738
2604357
2606483
2611848
2612425
2613992
2615794
2616794
2618035
2619959
2623082
2623320
2624053
2628110
2630573
2634208
2636175
2636272
2637633
2638554
2639585
2640264
2641381
2642759
2642833
2643640
2645190
2645754
2647303
2648405
2648805
2649215
2650681
2651309
2651958
2652879
2653398
2654415
2654532
2655831
2656614
2658364
2659094
2659741
2660977
2661817
2662021
2663299
2663642
2664015
2664537
2665292
2666225
2666945
2667419
2668103
2669240
2670494
2673340
2674739
2675243
2676632
2678734
2679341
2680181
2680709
2681080
2683314
2703703
2703944
2704791
2706173
2707378
2707537
2708636
2709030
2709848
2711581
2711978
2712561
2712751
2713396
2713514
2713962
2717315
2719502
2720757
2722352
2723358
2723830
2726396
2726551
2727253
2728321
2729631
2731157
2731996
2732728
2732892
2733809
2734445
2735401
2736660
2736692
2737569
2738309
2738733
2739184
2739580
2740689
2740804
2742828
2742853
2743909
2744333
2746899
2748083
2748097
2752318
2752915
2753784
2754548
2755149
2755172
2755946
2756704
2756832
2757342
2757726
2758198
2759055
2760690
2762906
2764886
2767134
2771303
2774370
2777441
2777759
2778895
2779272
2779630
2779646
2780169
2781614
2782170
2783199
2783347
2783524
2784051
2784305
2784868
2785766
2786079
2788053
2788691
2789578
2790098
2792474
2793171
2794821
2795740
2796078
2796416
2796789
2797075
2797382
2797714
2797791
2801457
2802785
2804975
2805300
2805995
2806541
2806672
2806982
2807475
2808475
2809041
2809716
2810533
2810752
2810914
2813546
2814983
2815890
2817653
2818045
2818105
2819438
2819856
2820379
2820894
2821631
2823413
2824899
2824926
2827218
2827966
2831606
2850545
2851320
2852186
2852631
2853810
2858435
2859633
2860263
2861234
2862595
2864627
2865521
2866746
2867088
2867187
2867913
2868421
2869092
2869229
2869456
2869777
2871003
2871860
2871908
2872458
2873475
2873961
2874859
2877874
2878430
2878445
2878959
2879312
2879741
2880674
2880725
2881971
2884675
2884976
2885413
2885870
2886242
2887053
2887529
2887561
2887813
2888767
2892912
2895230
2896269
2897218
2897901
2898135
2898393
2898995
2899108
2899305
2899612
2900064
2901324
2901449
2901547
2902130
2902170
2902735
2902830
2904490
2904549
2907445
2908663
2911034
2911894
2912496
2912573
2912979
2914984
2924109
2924265
2925125
2926447
2926588
2931660
2932415
2935321
2938237
2939697
2940450
2941893
2944825
2947222
2947665
2948291
2949920
2950637
2951021
2951353
2951475
2952410
2952430
2954104
2954487
2955592
2955704
2956070
2958302
2958616
2959434
2960370
2960969
2961702
2963091
2963323
2963835
2963920
2964626
2965305
2966103
2966857
2967234
2968958
2969768
2971205
2971953
2972351
2973059
2974246
2974492
2974951
2975135
2975820
2977003
2978613
2980973
2981232
2981451
2982344
2983123
3003088
3004849
3005384
3005532
3006432
3006663
3007686
3008436
3008880
3009164
3009387
3010359
3011419
3011489
3012409
3012470
3012821
3013903
3014561
3015043
3015452
3016189
3016304
3017923
3019325
3019800
3020221
3021129
3021909
3022281
3022981
3024165
3024653
3024869
3025214
3025823
3026338
3027172
3029051
3029307
3031145
3031829
3031937
3032505
3032742
3033037
3033583
3034230
3034373
3035517
3035684
3036871
3041349
3041967
3042624
3042730
3043338
3047025
3048028
3048937
3049724
3050322
3052056
3057476
3058507
3060258
3060679
3060727
3061392
3062309
3063062
3064486
3070956
3071635
3071871
3072019
3072545
3074829
3075244
3076077
3076898
3077898
3079841
3080000
3080512
3081692
3081982
3083174
3083836
3084320
3085164
3085538
3085881
3086928
3087763
3095961
3096548
3097100
3097762
3099300
3099679
3100654
3100926
3101687
3102109
3102576
3103328
3104054
3104791
3111579
3118218
3119817
3120578
3123143
3125544
3126450
3127952
3129491
3133671
3150797
3151165
3151915
3152030
3152853
3154293
3154925
3157401
3159037
3159779
3160880
3161774
3162462
3163876
3164690
3164785
3165402
3165759
3166758
3166968
3167578
3167648
3168310
3169543
3170513
3171078
3172143
3172830
3174431
3179220
3186992
3189764
3190345
3190672
3191793
3192216
3192802
3193192
3195036
3197396
3197563
3198877
3200727
3203150
3204804
3205179
3205779
3206159
3207382
3207542
3208428
3208732
3209159
3209871
3210763
3211191
3211692
3212406
3213154
3213648
3217773
3218486
3226140
3232219
3234148
3234959
3237479
3238987
3240187
3240955
3241483
3241971
3245005
3245402
3246481
3247141
3247609
3247870
3247930
3249391
3249757
3252266
3253316
3255587
3260696
3262561
3263982
3265270
3268536
3270131
3271291
3272071
3272241
3273167
3274303
3274669
3276741
3277249
3277847
3278422
3280908
3281400
3282128
3282267
3282803
3282828
3283489
3301655
3302720
3304059
3304199
3304659
3305112
3307198
3308484
3308819
3309144
3309839
3310000
3310389
3311577
3313230
3314017
3314751
3314838
3315344
3316054
3316142
3317752
3318236
3320850
3321097
3321616
3322006
3322292
3322467
3322774
3323232
3323529
3324091
3324822
3325573
3327153
3328739
3331685
3331956
3332795
3332869
3334045
3334563
3335372
3335467
3336025
3337500
3338036
3338490
3338756
3338903
3340146
3340713
3340858
3341325
3342023
3342325
3342601
3342780
3343509
3343631
3343949
3344284
3344389
3344911
3345454
3345788
3346734
3347943
3348183
3352860
3354183
3359004
3359433
3361008
3364313
3368801
3369256
3371787
3372122
3372595
3373301
3374674
3376098
3376545
3377227
3377504
3377543
3377801
3378183
3378611
3379628
3380287
3381538
3381972
3383011
3383392
3385066
3385607
3385812
3388599
3389188
3389882
3389979
3392074
3392712
3393311
3393741
3394345
3394627
3394954
3395089
3395336
3395784
3395836
3396138
3396838
3397806
3398669
3400748
3401556
3402038
3403119
3404304
3405406
3407884
3408489
3408881
3409705
3409747
3410437
3411558
3412197
3412502
3413042
3413708
3414990
3416545
3417428
3417739
3418374
3419922
3420311
3420432
3420550
3421004
3421218
3422410
3423545
3426096
3426743
3427401
3428210
3429191
3429762
3430489
3430913
3432349
3450645
3451401
3451564
3452259
3452383
3453517
3453908
3453981
3454832
3458291
3459062
3459650
3460086
3463044
3464010
3465179
3465731
3465914
3466371
3466744
3468592
3468960
3469219
3469514
3470351
3471479
3472199
3472437
3472851
3473156
3473437
3473663
3474172
3474299
3474949
3475083
3475473
3479266
3482324
3482347
3483389
3486053
3487529
3488249
3489798
3490013
3490878
3495540
3495733
3496004
3496334
3496645
3496714
3497249
3497375
3497738
3501066
3503230
3504092
3510016
3511071
3511960
3515405
3518026
3519377
3519887
3524065
3525982
3527369
3529106
3529618
3531681
3532318
3532893
3537531
3538424
3538993
3539089
3540339
3540709
3541610
3542031
3545880
3546303
3547047
3547698
3550021
3550103
3551096
3552377
3552756
3553238
3553781
3554327
3555650
3555951
3556810
3557428
3557894
3558279
3559263
3559717
3559997
3562471
3563012
3563226
3563927
3565360
3565815
3566354
3566845
3567130
3567210
3567602
3568072
3568402
3569564
3570434
3572543
3572719
3572757
3573637
3573935
3574134
3574561
3575313
3576100
3576773
3578199
3579190
3579673
3580369
3581495
3581598
3582539
3582797
3601908
3602971
3603027
3603453
3603880
3604163
3604486
3604909
3607021
3608427
3609721
3610514
3611682
3612683
3613957
3614476
3615938
3616849
3617484
3619958
3620702
3622010
3622995
3623146
3623733
3623822
3624615
3625921
3630576
3630689
3631530
3632552
3632741
3633224
3633401
3634013
3634672
3635422
3637542
3637622
3639048
3640057
3641003
3641683
3641822
3642239
3642698
3644212
3645184
3647076
3649804
3651087
3652428
3654030
3657607
3660744
3664985
3667498
3668097
3672034
3673273
3673948
3676766
3679108
3679658
3679855
3680928
3681069
3681463
3682062
3682367
3682823
3683181
3683827
3684304
3684718
3685056
3685507
3685804
3686055
3686366
3686899
3686998
3688259
3688460
3689163
3691187
3691246
3692120
3692558
3692916
3693252
3693700
3694097
3695008
3695611
3695798
3696365
3697093
3697099
3697890
3698360
3698888
3699785
3701460
3702264
3702341
3702900
3703361
3703577
3703821
3704294
3704601
3706480
3707266
3708705
3709478
3709926
3710487
3711522
3713557
3713674
3714439
3714641
3714805
3715325
3715670
3717214
3718237
3720440
3721333
3721478
3721706
3722146
3722448
3722637
3722917
3723307
3723689
3724199
3724694
3724776
3725321
3725859
3726120
3726421
3726602
3727065
3727537
3727912
3728037
3728596
3729090
3729408
3729591
3730150
3731100
3731462
3732281
3733496
