7036.189
13233.01
18348.51
24239.18
36724.76
47124.57
66143.95
68174.03
69229.21
73382.93
75522.66
90775.89
99104.31
99931.92
124998.4
130304.1
151835.3
152938.3
153076
176345.7
177142.6
186849.8
192721.6
205783
230410.3
261491.5
264235.6
265213.8
266537.5
269869
274918.4
275330.4
280030.7
320818.7
326819.9
327780.2
330370.5
332889
336099.6
337130.1
365284.5
380822
394140.5
395115
395761.5
405206.7
405775.5
415567.7
422482.8
430036.9
450599.7
470576.1
471912.9
493663.1
494909.1
495535.6
525299
527211.9
535734.3
552679.9
563256.3
570549.8
616593.6
624725
637351.1
647790.8
670701.9
673995
681929.2
704504.7
726315.7
729190.5
757791.9
765826.3
767526.4
774298.1
776327
787798.9
788236.1
800267.7
829425.3
844115.1
844660
852645.8
853580.6
865154.5
927564.2
939907.3
940903.7
973338.1
976880.9
977350
996149
999830.4
1005332
1011549
1020718
1026721
1056523
1099515
1124279
1131404
1139230
1150388
1150563
1152442
1164452
1165677
1170924
1178690
1182422
1212801
1224002
1272488
1274125
1276543
1277457
1285789
1288999
1289259
1290750
1291747
1315277
1315661
1319666
1327259
1361202
1365108
1365449
1381608
1386555
1418779
1425512
1425956
1432725
1436611
1442689
1443395
1450301
1455107
1456424
1470827
1471747
1473172
1474739
1506098
1522903
1541195
1545008
1553829
1601834
1610905
1621355
1652651
1654311
1658917
1662831
1664183
1668921
1669703
1671428
1677324
1679919
1690419
1722006
1736330
1742030
1743995
1744591
1745182
1745932
1752169
1754710
1800603
1807300
1809757
1813465
1818998
1824069
1847157
1850844
1853882
1870583
1898180
1900673
1906280
1906791
1908837
1954839
1957823
1961641
1962829
1971332
1989487
1992136
2026253
2026650
2028088
2028579
2028921
2035077
2052618
2059460
2078003
2119134
2119756
2127961
2131067
2141434
2142442
2159221
2182830
2201068
2207388
2217724
2219974
2228307
2250327
2251054
2256189
2260468
2263045
2264529
2287842
2325259
2326477
2327546
2357173
2359136
2361965
2368162
2368694
2411247
2421925
2423460
2425630
2432883
2436444
2469724
2479668
2490589
2515686
2552119
2566939
2571310
2572151
2578214
2583740
2597198
2617041
2628163
2634779
2637912
2646342
2659953
2673930
2702999
2703207
2703214
2704540
2704933
2707042
2712323
2730296
2731331
2736152
2738804
2739622
2772361
2773040
2775582
2776190
2778120
2780976
2786452
2801798
2804598
2824236
2850087
2871691
2877405
2880736
2893692
2894093
2925769
2933669
2936856
2937127
2939165
2951071
2973035
2973181
3013919
3020694
3036760
3040867
3046529
3049349
3052806
3062698
3065467
3075327
3079714
3088341
3093530
3107172
3119752
3126956
3162338
3163877
3165193
3210460
3242123
3256669
3257085
3278165
3302579
3304899
3314328
3320436
3353789
3354904
3377094
3379960
3381326
3415644
3418338
3430566
3431394
3433278
3460296
3461841
3463065
3463687
3469972
3484059
3508124
3525161
3529735
3538213
3541336
3546997
3569191
3577551
3602200
3605061
3618528
3624723
3634413
3644919
3649107
3649587
3680108
3685825
