149.4913
6363.663
7430.326
8196.93
8943.477
10782.03
12110.09
13136.05
13963.27
15222.71
28538.44
29339.24
29980.39
31694.21
32641.13
34004.06
35177.98
35943.43
38016.62
38668.24
41799.27
42727.47
45983.24
48878.06
71393
72023.72
74214.6
75348.89
76234.17
78432.5
78966.5
81372.68
82063.49
83751.3
85339.51
86826.61
89285.51
98006.69
98396.01
99030.5
100301.1
101426.2
102486.5
103181.2
103683.4
108988.3
109757.6
111250.8
114600
115687
117091.1
118195.5
124387.6
125861.5
127060.1
127710.8
128490.6
130539
131131.9
132253.4
132907.7
150181.6
150489.5
150819.1
151090.4
152907.3
153513.9
153827.1
155060.7
155899.8
156169.5
156720.4
157015.5
157383.3
158128.8
158523.2
159034.5
159469.9
161552
162042.7
164489.8
165970.5
167765.1
171774.2
173803.9
175193.8
176904.5
177338.3
186662.6
190928.9
192055.5
221252
221876.7
223422.3
224412.8
225419.3
226023.2
227290
228278.8
230406.3
231718.5
248527
249340
251059.8
253457
262049.8
264107.3
271843.2
272544.8
273250.6
274122.4
274723.7
275704.6
276713.7
277144.3
277689.8
278223.6
278639.4
279278.5
279968.1
281355.7
282277.3
282735.4
283526.4
304464.7
305250.2
307405.4
318310.2
327849
329154.5
330035.5
331166.5
333626.6
336842.9
345729.6
349308
361340.3
366811.4
367292
367822
368681.1
369924.2
370735.7
371589.9
372248.7
372803.7
373259.5
373824.3
374586
375027.3
375369.7
376999.4
377487.8
378312.3
378731.9
379152.6
379554.1
379976.5
380455.9
380850.5
381237.6
381761.3
382302.8
382902.6
383208.8
383627.4
384403
385097.2
386134.8
387917.4
388309.9
388682
389441.4
390159.5
390775.7
392158.9
393134.7
394218.7
394556.7
395058.6
395851.9
398557.7
399148.7
401012.2
402973.6
406827.4
407517.2
408468.2
409098.3
411053.2
411609.1
412114.5
412705.4
413463.5
414053.7
415528.5
416433.9
417945.4
418378.6
419049
419695.7
420069.5
420628.4
421053.9
421614.8
421978.2
422496.2
422813.6
424581
426174.7
427517.4
427947.3
429386.2
452669.7
464373.5
466656.6
468295.2
470676.3
472424.5
472949.2
473789.9
475738.2
479264
479983.7
480900.5
481794.8
482532.9
482989.8
483474.1
484009.6
485777.8
487930.4
488507.8
492096.6
520930.3
521444
522194.3
522782
523310.2
524049.1
524909.3
525445.5
525976
526665.5
527748.5
529020.6
529527.6
530202.5
530939.1
531606.7
532300.2
533841.1
534756.1
535879.9
538090.1
538587.7
542081
545447.8
552917.8
554005
555118.3
555603.4
556470.7
559311.5
559974.9
560504.8
561734.5
562856.8
565360.3
566756.4
567356.7
568185.4
569395.2
571089.5
572308.7
573479.6
574464.1
579485.7
582529
610302.1
611473.7
611942.3
613103.1
613787.5
615631.6
616471.7
617157.6
617718.4
618331.6
618889.3
621626.7
622320.5
623691.9
624412.5
625884
626362.2
627870.9
630383.5
631238.6
631956.6
633126.6
634275.7
636053
638548.7
639485.8
643820.6
644976.7
645606.5
645934.3
646447.3
646954.4
647380.7
649397.4
676414.7
677495.4
678422.8
679108
679778.8
680610.7
681542.4
682375.8
683144.9
683844.6
685324.2
686724.7
691909.4
692864.5
694009.4
694653.4
696093.9
697056.9
697488.2
698004.5
698461.3
699063.6
699940.7
700496.5
702737.5
703500
705216.7
706445.3
707237.8
713213.4
714625.5
715350.6
732485.5
751026.4
752040.5
752586
753559.7
754605
756396.1
760568.6
784796.2
785576
786713.5
789156.1
789962.6
791392
792403
793199.2
794667.4
796722.7
798046.4
825574.3
826478.8
827125.6
827728.9
828770.9
834835.2
837777
838257.1
843625.3
845013.7
846649.1
850360.8
853361.7
853941.4
860230.9
861320.6
869348.3
870506.7
876080.2
878691.5
879813.1
880966.6
900186.4
900730.8
901772.3
902720
903304.7
904087.2
904656.6
905782.9
906161
906506.9
907677.2
908318.3
908968
910557.8
911144.3
912778
926813.7
928467
946250.3
947029.9
947791.7
974271.3
975023
975821.4
976497.7
977068.5
978440.9
979499.7
980137.3
980918.5
981493.2
983813.5
984612.2
985395.6
986321.9
986805.4
987512.8
988046.7
988642.8
989073.3
989588.3
990103.2
990528.9
990932.1
991747.2
997146.7
998596.7
1000994
1002723
1004298
1005029
1005640
1006326
1011424
1013457
1014624
1015109
1016351
1017221
1018116
1020308
1021281
1021852
1023456
1024280
1025191
1026539
1027683
1028353
1028844
1030356
1030850
1031813
1032456
1053918
1055696
1056280
1057311
1058564
1059100
1059493
1060271
1060772
1061290
1061711
1062133
1062982
1063254
1063890
1064203
1064533
1065043
1065390
1066843
1067343
1069765
1071275
1071793
1072250
1072768
1074556
1075354
1076319
1076917
1078024
1078478
1079520
1080447
1083337
1084695
1087059
1122864
1125123
1126361
1129512
1130151
1131483
1132750
1133461
1134105
1134984
1141388
1142229
1142848
1144959
1149058
1151224
1158976
1159786
1162016
1163379
1169976
1170851
1175961
1176627
1181098
1182131
1182811
1183373
1204076
1204982
1207618
1208330
1211951
1213362
1214187
1214959
1215435
1215908
1216288
1217608
1218751
1223763
1226364
1228765
1230143
1231405
1233839
1236740
1237789
1238349
1244944
1246169
1269494
1270314
1270747
1271662
1273165
1273876
1275640
1276564
1277869
1278947
1281539
1282271
1284681
1285972
1287560
1289155
1291389
1291943
1292683
1293772
1298393
1300595
1301850
1305220
1308435
1308976
1309387
1309914
1314280
1315122
1318584
1322058
1325592
1326128
1329191
1330294
1331434
1350252
1350888
1351495
1352359
1353293
1358645
1360322
1361261
1361948
1362962
1363462
1364047
1365076
1368161
1369115
1369889
1372012
1372560
1373003
1373317
1374149
1374434
1374881
1375270
1375860
1377756
1378286
1378763
1379862
1380364
1380929
1382247
1383024
1384118
1385271
1389014
1389516
1390744
1393534
1394512
1395237
1395722
1396275
1396720
1397268
1398413
1399373
1424763
1425469
1426456
1427314
1429273
1431306
1433621
1434896
1435918
1441330
1443843
1444754
1445409
1445935
1447768
1452816
1461713
1464725
1465496
1467305
1468714
1469442
1473055
1483012
1503372
1510290
1511816
1513742
1516232
1516675
1517020
1517722
1518002
1518715
1519789
1520080
1520493
1520910
1521204
1521938
1522600
1522989
1523294
1523613
1524051
1524392
1524741
1525482
1526877
1527822
1528484
1529445
1533379
1534922
1538482
1539114
1576161
1581243
1583710
1586838
1588313
1589130
1589954
1595175
1596338
1597733
1598644
1599238
1599565
1600084
1600542
1601530
1602377
1604770
1609990
1616967
1618427
1619501
1621759
1624163
1625631
1629123
1629767
1631661
1632506
1652401
1657568
1658385
1659749
1665680
1666764
1671369
1672122
1673395
1674249
1675070
1676067
1679704
1680312
1681071
1681750
1686474
1687119
1687740
1688354
1689524
1690921
1694311
1695307
1695750
1697669
1722611
1723339
1723834
1724781
1725425
1726847
1727504
1728203
1728843
1732627
1734004
1734882
1739203
1740688
1741585
1748484
1750114
1751707
1752485
1753391
1754565
1755359
1755941
1756513
1757387
1759585
1760989
1762592
1763957
1765449
1767907
1768849
1769387
1770114
1771059
1771618
1771998
1772905
1776833
1778241
1778653
1779050
1779497
1780628
1781172
1782065
1782329
1783217
1783520
1804892
1807894
1809985
1810488
1811419
1812324
1813248
1814005
1814834
1815411
1819709
1820565
1822806
1824115
1825668
1826461
1827104
1828845
1829960
1831373
1831692
1832327
1832819
1834803
1836082
1837187
1837767
1838456
1842759
1847740
1848288
1878199
1881133
1884203
1885282
1886712
1888067
1889425
1892517
1893424
1896152
1897782
1900154
1901275
1901879
1912990
1918916
1919766
1920735
1922137
1928981
1929935
1930585
1932359
1932848
1951174
1952672
1955449
1957234
1957876
1958466
1963197
1963748
1967087
1968202
1969586
1970538
1972208
1972973
1974548
1975623
1982564
1983447
1985306
1986508
1988336
1989330
1991078
1993757
1994479
1995320
1996922
2020635
2021205
2022179
2022734
2023360
2024009
2024459
2025635
2026896
2027541
2028297
2029142
2029685
2031049
2031537
2032103
2032678
2033412
2034601
2036801
2037883
2038928
2040895
2041727
2043440
2044914
2046122
2048688
2049158
2053866
2057895
2059210
2060053
2061106
2062091
2062888
2063392
2064135
2064979
2065740
2066497
2067121
2068038
2068567
2069192
2069489
2070329
2070638
2071217
2072074
2072428
2072849
2073603
2074395
2075875
2076555
2077993
2078900
2079614
2081602
2109953
2111378
2112673
2116811
2122969
2126124
2127206
2128834
2129150
2129655
2130532
2131778
2133111
2133932
2134434
2135168
2137574
2138173
2140938
2142360
2144279
2175210
2176069
2176643
2178950
2181757
2182650
2183877
2188651
2192565
2193214
2193982
2194488
2194937
2195401
2195927
2196621
2197288
2197612
2198017
2198438
2198843
2199121
2199456
2199866
2200244
2200617
2201057
2201536
2201943
2202470
2203884
2204751
2205291
2206713
2207196
2208585
2209733
2210198
2213476
2216727
2217459
2217925
2219007
2220841
2221515
2223152
2224620
2225162
2225802
2226405
2226829
2227438
2229074
2232569
2251884
2252485
2258838
2260574
2266372
2267855
2272775
2282668
2289000
2323155
2323885
2324718
2325505
2330833
2331932
2337462
2337976
2341267
2341931
2343299
2345514
2346159
2346909
2347600
2348809
2350129
2353579
2359349
2361158
2366479
2367191
2370165
2370807
2372161
2372750
2373570
2374573
2375978
2376507
2378764
2379655
2401998
2403717
2406629
2407693
2408785
2411824
2412870
2416802
2417695
2422653
2424459
2425072
2425636
2429711
2431173
2432603
2437512
2438510
2439620
2440571
2446141
2447293
2453127
2473346
2474104
2477138
2477611
2478485
2479677
2480270
2482188
2482694
2483351
2491682
2493558
2494578
2495171
2496440
2503559
2504694
2505272
2506425
2507347
2508431
2510753
2512385
2513793
2514349
2515257
2516956
2517988
2520400
2521300
2523570
2524034
2524697
2525399
2527054
2527682
2528309
2528809
2529914
2531288
2550538
2552053
2552645
2556133
2556546
2561658
2566706
2571715
2572192
2572936
2573666
2574159
2575447
2576199
2576846
2577793
2582496
2587681
2588363
2588851
2590828
2591415
2592134
2592538
2593748
2595080
2595685
2596391
2597623
2598198
2619219
2620592
2621074
2621690
2622055
2622321
2622631
2622938
2623229
2623540
2624140
2624544
2624938
2625303
2625768
2626071
2626369
2626958
2627348
2627985
2628391
2629160
2629540
2629876
2630660
2631353
2631892
2632344
2632727
2633664
2634107
2634889
2635908
2638204
2638905
2639306
2639952
2640842
2641294
2641696
2642272
2643385
2646573
2655844
2658591
2659495
2663139
2703599
2710961
2711594
2712290
2713619
2715914
2723734
2725248
2726224
2727033
2734843
2736697
2737715
2738237
2738693
2739410
2740681
2741147
2741512
2742361
2743109
2743737
2744481
2745804
2746341
2746874
2748900
2775607
2776609
2777338
2778085
2779046
2780615
2781280
2782275
2786003
2789893
2790761
2795558
2796811
2798013
2800165
2803993
2810898
2811628
2812566
2814485
2815172
2821898
2826083
2826963
2828365
2830709
2833107
2850749
2851871
2852327
2852982
2853812
2854702
2857031
2858152
2859783
2860775
2861421
2862694
2864349
2865570
2866212
2867006
2867993
2869418
2870011
2870628
2871145
2872741
2874102
2874916
2878190
2881232
2882372
2883131
2884751
2890738
2893478
2894406
2895048
2895563
2898669
2920351
2922414
2924701
2925300
2925990
2927806
2931046
2931446
2932265
2936865
2938908
2939552
2940942
2943208
2944005
2947183
2948511
2951423
2953484
2954480
2958855
2959494
2960061
2964848
2965497
2966701
2967641
2970187
2970593
2971029
2971492
2971953
2972354
2974810
2975512
2975989
2976421
2976865
2977494
2977889
2978516
2979615
2981273
3004268
3004838
3005978
3006425
3007446
3009904
3010602
3011716
3012204
3012759
3013290
3013800
3015423
3016752
3017486
3020391
3020987
3022325
3029338
3033199
3036966
3037642
3039820
3041084
3041630
3042021
3042550
3043976
3045098
3045727
3046622
3046994
3048249
3076001
3076686
3077933
3080333
3084027
3084739
3085950
3087437
3088946
3092155
3093176
3094216
3094694
3095291
3096097
3102280
3106462
3115454
3116247
3117055
3118602
3128676
3130622
3131438
3150774
3151454
3152861
3160594
3161247
3165462
3166113
3166926
3167993
3173415
3174252
3175047
3175645
3176899
3179675
3184764
3185459
3186435
3187201
3191339
3192471
3193118
3194686
3199026
3200127
3202047
3223397
3224058
3224508
3225054
3226091
3228623
3229594
3232279
3235351
3240086
3241129
3244610
3245780
3247025
3249848
3250666
3256114
3256765
3257527
3258428
3262547
3263659
3265736
3266895
3267693
3268900
3271013
3272417
3274512
3275859
3278454
3280186
3281983
3303903
3306173
3308157
3313617
3315835
3318033
3319152
3319601
3320691
3333680
3334695
3340547
3341240
3342187
3343639
3344769
3345395
3345850
3346632
3350679
3378162
3378783
3380450
3381425
3382483
3383232
3383952
3385944
3387387
3388766
3389561
3390721
3393686
3394538
3396741
3398033
3399738
3400596
3402635
3407287
3408424
3409693
3410320
3410979
3417944
3418383
3419208
3421097
3422618
3424100
3425563
3426216
3427217
3431324
3432100
3459671
3460816
3461669
3463904
3468571
3469887
3470287
3479013
3481293
3482030
3482558
3483346
3483862
3485768
3487326
3487927
3488871
3489916
3490943
3491674
3493073
3494024
3495476
3496491
3521315
3521737
3522233
3522720
3523102
3523555
3523876
3524204
3525297
3525748
3526206
3526692
3527212
3528174
3528773
3529507
3529894
3530446
3532289
3532778
3533393
3534141
3534686
3535096
3535706
3536500
3536947
3537360
3537903
3539365
3540526
3541743
3542386
3542809
3543648
3544099
3544763
3546564
3546993
3548405
3548956
3551690
3552756
3553344
3556560
3560454
3561579
3562828
3565731
3569118
3571574
3572303
3573795
3574464
3576134
3576882
3578086
3581408
3603086
3603817
3606385
3608454
3609156
3609687
3610204
3610709
3611093
3611680
3612463
3612815
3613310
3613622
3613974
3614362
3614740
3615502
3615826
3616177
3616951
3617936
3619691
3621248
3623589
3624751
3626748
3628309
3628865
3629690
3632360
3633497
3635397
3635944
3637076
3637726
3638452
3638881
3639368
3641157
3642052
3643777
3644354
3644863
3645664
3648351
3679844
3680343
3681250
3682374
3684636
3701201
3703550
3706657
3707243
3707950
3708711
3712033
3713886
3714461
3715290
3716234
3716657
3717356
3718606
3721620
3722228
3723091
3723946
3726405
3727107
