951.2736
1185.519
2394.132
3194.371
3947.947
4458.528
5237.759
5286.174
9410.326
10056.94
11106.08
13784.08
14645.49
15511.12
16057.05
16614.07
18372.08
18657.1
22901.39
24953.53
26194.11
36030.33
37264.8
38306.61
41865.69
42636.75
42993.73
43117.13
43444.44
43936.02
44158.65
45452.13
47240.16
47661.13
48181.99
49298.65
51339.78
51865.72
52698.78
53200.84
53597.29
53626.56
54127.09
54545.18
55300.3
55932.93
56354.83
58314.54
58863.86
59894.02
60629.13
62408.93
62769
63329.11
73771.11
73909.02
74279.59
74634.92
75504.03
75798.64
76142.55
76446.22
76509.53
76827.2
77448.76
78674.15
79708.03
81138.85
82064.82
82421.44
83043.91
85665.04
86615.19
87612.85
88403.18
88795.18
89936.12
90764.81
94047.16
94835.33
95360.47
99859.59
100542.4
101019.2
101179.9
104214.2
104891.4
105166.1
105498
107932
110315.6
112314.4
113104.6
113738.9
114285.7
114963.9
115403.3
115757
116351
116954.2
118557.8
119410.6
122320.2
122917.3
124862.2
126012.1
126628.9
126768
127606.9
128067.7
128687
129032.8
129945.6
131120.6
131973.6
156128
156914.2
159117.3
168972.4
174101.5
177599.4
180295.3
180640
180728.5
181524.1
181971.5
182407.4
183224.6
184042.6
184676.1
186914.3
190466.2
191032
192091.2
193602.1
196028.2
199265.1
201085.2
202022.1
202449.1
202923.2
203380.2
203816.3
205064
206336.3
206610.7
211782.4
212326.5
215803.9
216515.9
219201.5
221430.8
222243.6
223653.1
224326.1
234407.9
240425.9
246992.9
249753.7
253823.8
254712.8
255117.8
255651.9
256339.2
257277.3
257670.1
258595.3
259633.5
260042.1
263681.8
263757.7
268191.6
268875.3
274839.6
275856.7
276339.9
276646.6
276845.2
277614.3
279063.1
279843
280404.6
282001
307210.8
307378.1
308295.5
308920.8
309056.9
310835.9
316684.6
317250.1
317775.9
318443.5
319486.4
319860.9
324276.9
325004.2
325362.2
326324.7
326638.1
326823.9
329118.4
329822.5
330296.3
330309.4
330932.5
332676
332939
333247.3
334966.4
336294
338371.2
338718.3
339740.2
340119.1
340672.4
341579
341991.8
343650
345113.3
347189.3
347307.9
347778.1
349441.3
350499.6
351205.9
352206.7
352931.5
353345.4
354168.1
355499.9
358740.3
359385.9
360136.9
360730.3
361462.1
369763.6
370210.8
371011
372063.4
372512.7
372730
373408.2
376994.3
380887.1
381501.2
382807.6
383716.7
384440.5
389398.8
391247.5
391853
394982.1
395547.9
395745.1
399365.1
400449.9
401368.7
405662.2
407059.3
407368.3
407992
408736.8
409156.6
410165.1
417581.2
417705
420831.4
426111.7
426814.6
427822.9
428430.9
429714.3
431124.6
450306.2
450689.4
451873.1
452856.9
454584.9
455625.5
455747.3
465397.9
468577.1
469350.1
470018
470713.6
471513.9
472865.8
473739.2
474029.9
475317.7
476101
476200.5
477191.7
478409.6
479604.8
481062.8
484309.4
487236
488925.5
490086.3
491426.5
493110.7
493896.2
495159.1
495747
500580
500921.7
500953.8
501643.1
502064.1
502729.9
503435.7
504118.8
505787.8
506518.6
507041
507438
507945.9
511360
512127.2
513215
514129.1
514747.1
520526.6
522255.2
523265.9
523574.3
527166.4
527993.1
528534.8
529869.1
530540.4
530916.2
531908.9
532053.3
533560.2
538343.7
539394.7
540239.2
548643.7
549327.3
550281.1
550955.7
553490.6
557140.6
562303.9
562854.2
563182.3
563340.5
565140.6
566057.8
566869.2
567910.5
568624
568994.3
569556.7
570095.3
572324
572737.2
573990.5
575914.1
576862.1
577958.8
578148.1
579015.2
581261.5
600176.8
604267.1
604541.2
604842.4
605404.2
605599.1
605890.4
606697.5
607623.6
608558.3
608720.5
609331.3
610351.3
612859
613558.4
613619.6
618101.4
620331
621254
622223.4
623315.5
623842.4
624291.8
627522.6
628100.4
629262
632397.8
642152
642763.3
646163.1
650111.5
651141.7
651252.8
651533.9
652091.2
652405.3
652722
653543
654057.9
655709.1
656429.9
656969.9
658113.4
659781.3
661777.7
664498.1
666160.5
667387.8
668471.2
670708.5
671524.9
672592.9
672702.2
673685.3
673767.6
675753.4
677375.5
677806
678043.3
689229.3
691631
692053.6
692696.6
698764
699701.4
701903.6
711281.2
712949.8
714182.9
714364
715536.2
718641.9
719117.7
719632.1
720730.1
721319.1
722991.5
727953.4
729700.7
730029.3
731358.5
732492.3
750075.4
751239.8
752209.8
753008.9
754208.1
756749.9
758923.2
759592.3
759765.5
761237.4
764829.7
766360.7
767075.7
767539.5
769241.7
774281.4
774887.2
775323.8
776966.3
783591.8
791318.8
794056.8
795841.6
795842
796621.6
797404.8
797846.7
798292.7
800501.2
801062
801539.7
801930.9
802676.9
803231.4
803960.8
804624.9
805617.7
806919.7
807602.3
808647.2
814805.8
815336.4
816024.3
817392.6
821225.5
822126.5
829512
830032.7
832077
832549.5
833227.7
834118.7
838140.8
840051.7
844991.6
847100.2
847448.8
850306.4
851045.7
851860.1
852607.9
853239.8
853712.3
855883.7
857904
858737.4
859676.9
860266
860320.5
860981.9
861003.8
861449.6
861943.9
863331.9
864119.2
864722
865477.6
865933
866586.4
866808.3
874334.6
874372.2
874660.1
875744.2
876831.2
901044.2
901051.4
901535.1
904626.6
905489.3
907401.6
908746.5
908890.2
909714.3
910454.1
919563.2
922236.8
925427.6
926241.2
929199.7
929340.3
929786.8
930116
931353.7
933666.4
934115.3
934554.6
934772.6
941147.1
943771.8
944012.9
945110.1
947564.4
948108.6
948735.8
949644.1
950354.9
951089.3
951422.8
951862
952354
952909.3
953457.9
953956
955301.9
955800
956233.5
956670.2
957661
960832.9
961131.2
963383.6
964166.3
965126.6
966270.6
966892.1
968458.5
969462
970092.2
970560.8
970857.2
971249.8
971609.6
972140.3
972604.9
972956.6
973520.8
973863.6
974241
974597.7
974966.8
975269.1
975564.4
976104.9
976490.7
977243.1
978078.1
978921.6
980058.3
981856.9
982033.1
992812
993813.1
998814.6
1002097
1014419
1015077
1020222
1022320
1023370
1024987
1025942
1026565
1028590
1029430
1030883
1031155
1051895
1052601
1053787
1055017
1055622
1056708
1059765
1060077
1060847
1061841
1074074
1075739
1076507
1077774
1078144
1080514
1081384
1082044
1082778
1084084
1085023
1090011
1093842
1093875
1095234
1096088
1097196
1098330
1099402
1100897
1101434
1101900
1102390
1103044
1103340
1103804
1104820
1107258
1109139
1109881
1110672
1111540
1112100
1112823
1113107
1116553
1117725
1118376
1118716
1120237
1121716
1122791
1123083
1124441
1124531
1125142
1125735
1129018
1129975
1130712
1131457
1133335
1134906
1135094
1136463
1137172
1139317
1139932
1140638
1141084
1141738
1142461
1142862
1143048
1143255
1144372
1145998
1148474
1148749
1149057
1149394
1149465
1150055
1151760
1156986
1157683
1158663
1163525
1169653
1170090
1170606
1171382
1173075
1173653
1174179
1175176
1175845
1181406
1213269
1220553
1221166
1221310
1221901
1222592
1225428
1226190
1227313
1228486
1230145
1233862
1235252
1235583
1237006
1237373
1237886
1246668
1247454
1250421
1251246
1251818
1252200
1252649
1253106
1253377
1254579
1255381
1256775
1257489
1258032
1260473
1261069
1271878
1275702
1286817
1288704
1289915
1294972
1295552
1303398
1304452
1312015
1312061
1312459
1312767
1313572
1315520
1319058
1321163
1323894
1324530
1325275
1325993
1327921
1330840
1350697
1354509
1355861
1356200
1356331
1357271
1357809
1358858
1360076
1360771
1361275
1363234
1364189
1366928
1372030
1372932
1373357
1374066
1374414
1376352
1384225
1386968
1387727
1388538
1389242
1393135
1393407
1394501
1395424
1396273
1397320
1398027
1398440
1399229
1400208
1400837
1401068
1401545
1401927
1402420
1402778
1403463
1404258
1405785
1408270
1408834
1410406
1413098
1413351
1414072
1416592
1418222
1423369
1428055
1428371
1428641
1429204
1433337
1438895
1439115
1439827
1440859
1445347
1445703
1446338
1446828
1447234
1447985
1448471
1456225
1456372
1457045
1457702
1460411
1461106
1462703
1469012
1469743
1470333
1471150
1471870
1472464
1479119
1479735
1480332
1482977
1502133
1503136
1503461
1503894
1506739
1507915
1509356
1509644
1510356
1512046
1512811
1513327
1513919
1515693
1521766
1524993
1526446
1527540
1527586
1528086
1528377
1528975
1530644
1531136
1531945
1533335
1533720
1535169
1536004
1536919
1538394
1538775
1538918
1539217
1540706
1543547
1543594
1543912
1545186
1546543
1546611
1547475
1548146
1549867
1551087
1551418
1551453
1551898
1552261
1552589
1552980
1553876
1554855
1556233
1556801
1557461
1558398
1562236
1562781
1563679
1563850
1565212
1566369
1568509
1569462
1570194
1571129
1575129
1575762
1576233
1578447
1578800
1580847
1584303
1588243
1589051
1589676
1590003
1591147
1591639
1591709
1592285
1593325
1593721
1594848
1596149
1607252
1607575
1608067
1609914
1611896
1612563
1613404
1613410
1614398
1616291
1617434
1618186
1619234
1622554
1623417
1623579
1624158
1624797
1626778
1627238
1627425
1628699
1629388
1629975
1631605
1632629
1657810
1661441
1663797
1664599
1665532
1665560
1666331
1667016
1667645
1672176
1674912
1675157
1676626
1678349
1684561
1685179
1685859
1689443
1689444
1690044
1694249
1694667
1696246
1697667
1698999
1699588
1700239
1700746
1701525
1701995
1702411
1702694
1702931
1703531
1703543
1703869
1705402
1705430
1706444
1707140
1708165
1708814
1709068
1709699
1710743
1711254
1711327
1711881
1712814
1713133
1713774
1714338
1715210
1716101
1716916
1717081
1717489
1717910
1718373
1719018
1719991
1723288
1723882
1724378
1727093
1728646
1729033
1731090
1731598
1732307
1732530
1732679
1732775
1732894
1733385
1735264
1736020
1736376
1737744
1738417
1741744
1742199
1742899
1743052
1744877
1745044
1746941
1758631
1759066
1760348
1762630
1763007
1763718
1765378
1766233
1767964
1769265
1770024
1771985
1772880
1773481
1774104
1774846
1780114
1800845
1801785
1802262
1803273
1803420
1807796
1808242
1808486
1810510
1810554
1810889
1811488
1811864
1813508
1821994
1822186
1822873
1827482
1827999
1828829
1832012
1832634
1834112
1835168
1837559
1838069
1841316
1841812
1842979
1844251
1845425
1845740
1847332
1848329
1851513
1852026
1852538
1852994
1853680
1855799
1858867
1859753
1860206
1861146
1861645
1862177
1862801
1862837
1864731
1865946
1867703
1869266
1874799
1874970
1875428
1876373
1877623
1879042
1881306
1881631
1882292
1883058
1883646
1884278
1887359
1887859
1888925
1889811
1890769
1891446
1892390
1893329
1901136
1903023
1905454
1905935
1905953
1906790
1907370
1907412
1911917
1913019
1913833
1914578
1919228
1920907
1922060
1927340
1928119
1928925
1931706
1950838
1951937
1953563
1954016
1954593
1956750
1957612
1959425
1960133
1961449
1961872
1962733
1963207
1969209
1973488
1977446
1981744
1982715
1983593
1984257
1989714
1990021
1993483
1994222
1996014
1996150
1997656
2000160
2001033
2001374
2001960
2002536
2004184
2005746
2006362
2007393
2012038
2020026
2020122
2020830
2024522
2025467
2025985
2026633
2027519
2028291
2028826
2029500
2034508
2036112
2040005
2040872
2041811
2042261
2043207
2044327
2045804
2046305
2051340
2053079
2053485
2056138
2057595
2057859
2058585
2059354
2060363
2061485
2062262
2062672
2062718
2067033
2077182
2079227
2082032
2101604
2104348
2105831
2106284
2106845
2107924
2112630
2113352
2114784
2116414
2124107
2126836
2129936
2130847
2131411
2131926
2132702
2136740
2137650
2139331
2140501
2142065
2142869
2143946
2144400
2144438
2147722
2148285
2149466
2149949
2150519
2151349
2151827
2152483
2153083
2153512
2153930
2154439
2155299
2157539
2159153
2161950
2166785
2170268
2170627
2171805
2174751
2177704
2178644
2179522
2182277
2183319
2184905
2185731
2189821
2193026
2194247
2196339
2197561
2198252
2199045
2202552
2203265
2203446
2203597
2204716
2204954
2210120
2213255
2216973
2217768
2218336
2219966
2220456
2221281
2221831
2222854
2227549
2228011
2228540
2229104
2230398
2233075
2233752
2251589
2252581
2253438
2254988
2258811
2259765
2260208
2261230
2261699
2265239
2270168
2273663
2279296
2280125
2281549
2282272
2282603
2283563
2284281
2284563
2285057
2285689
2289526
2291587
2296642
2299796
2300297
2300760
2301009
2301352
2301688
2302230
2302860
2303587
2304101
2304474
2304928
2305576
2306232
2307126
2307999
2308644
2312765
2313389
2315580
2317226
2318677
2319248
2321091
2322353
2323017
2326700
2331612
2331772
2332246
2333293
2333339
2333965
2334409
2334612
2334909
2335333
2335683
2336278
2337218
2338441
2342160
2346873
2347595
2350190
2350901
2352630
2352748
2353065
2354515
2360477
2367044
2373622
2377369
2381914
2400672
2406948
2407554
2407965
2408175
2410206
2411736
2414231
2415305
2416991
2417468
2418009
2418944
2423100
2423516
2423853
2424944
2431365
2433109
2435085
2436614
2437191
2439453
2439466
2440009
2440619
2442078
2442937
2444204
2444644
2445645
2446075
2446521
2448477
2449292
2449370
2449747
2450588
2450923
2452412
2452922
2453350
2453754
2454342
2454937
2455811
2456951
2457516
2458007
2458561
2462366
2463012
2463796
2465774
2466568
2467526
2469142
2469789
2470151
2470956
2471565
2473016
2473682
2478333
2479860
2481100
2481389
2482995
2483787
2484625
2485512
2485986
2486732
2487427
2493740
2494220
2495004
2496542
2501799
2503975
2504235
2506213
2508859
2509769
2510498
2511720
2513547
2514355
2519701
2520181
2520763
2523761
2526210
2527555
2528120
2531017
2550180
2555657
2556720
2557651
2565007
2567771
2568142
2569557
2570324
2572469
2576311
2580792
2581324
2581841
2582163
2582714
2583331
2583707
2584476
2585712
2586221
2586402
2586839
2587236
2591097
2594215
2595923
2597724
2598336
2599187
2600267
2601503
2601981
2602014
2602760
2603538
2604109
2604167
2604698
2604899
2605312
2605917
2606861
2607301
2607538
2608035
2609245
2609951
2610812
2619534
2628761
2629384
2629770
2630178
2630333
2634560
2636375
2636911
2638097
2640619
2643434
2645920
2646352
2649098
2649678
2650163
2653653
2659309
2660951
2661728
2662792
2665097
2665583
2675845
2676330
2677484
2682996
2702597
2706875
2708177
2713560
2714325
2715374
2715428
2716267
2716458
2723160
2723740
2725139
2733132
2749962
2750407
2751176
2751687
2752160
2752559
2753075
2753834
2755703
2756463
2757754
2758685
2759880
2761047
2762348
2765820
2767963
2768204
2773498
2774009
2777532
2783897
2784770
2787160
2788420
2789353
2790734
2791769
2793195
2794009
2794607
2796655
2797874
2801594
2802397
2803197
2807243
2811152
2813001
2813642
2815145
2817662
2818599
2823586
2824257
2825784
2825932
2827841
2829686
2830721
2831442
2831822
2832647
2851924
2852789
2854949
2856048
2856825
2857709
2859428
2862298
2868839
2870335
2872196
2878034
2878819
2880192
2881118
2881601
2882804
2883984
2884689
2885185
2885752
2886036
2886963
2887091
2887475
2888088
2892188
2894251
2895463
2899591
2901286
2901596
2901866
2902138
2902611
2903339
2903879
2904424
2910318
2912888
2914946
2915650
2922963
2931986
2933287
2934043
2934623
2935392
2936110
2937082
2939793
2944222
2946199
2947288
2948676
2950098
2952655
2953239
2954522
2956352
2958976
2959612
2968163
2970527
2974158
3001295
3017153
3020379
3023430
3025473
3031930
3032507
3033398
3036352
3036782
3041870
3044117
3050992
3051450
3051677
3051828
3052083
3052528
3053121
3054345
3055338
3055813
3058184
3059286
3060604
3060639
3061294
3061940
3062640
3063317
3068117
3069549
3075978
3078941
3081588
3082482
3083776
3085055
3085205
3086108
3086450
3086867
3089669
3090381
3092495
3093181
3093988
3098267
3099052
3099590
3099738
3104028
3104903
3105114
3106194
3108820
3114091
3114607
3116326
3116677
3116960
3117784
3118565
3118603
3129222
3129924
3132563
3133405
3150908
3153048
3154638
3155631
3157356
3161986
3165582
3166098
3173919
3175911
3178693
3179736
3185916
3188365
3190855
3194121
3195157
3196016
3196899
3198107
3199569
3199988
3200896
3201988
3202453
3202912
3203483
3204092
3204519
3206486
3207320
3207838
3208666
3209806
3213347
3214346
3215756
3216600
3217407
3218732
3219432
3220524
3222848
3223882
3224413
3224635
3226106
3229173
3232794
3233993
3234936
3235434
3236004
3236486
3237348
3237830
3239986
3242014
3242565
3242954
3243157
3249034
3251090
3252056
3259888
3260889
3261613
3263378
3264395
3265260
3267202
3270188
3280985
3281372
3282130
3301782
3304268
3305822
3306609
3307096
3307609
3309201
3310848
3313116
3313517
3314356
3315327
3320835
3321136
3321558
3322075
3323064
3323754
3328744
3329346
3330120
3330774
3331623
3333100
3335722
3337014
3338468
3339562
3340876
3342297
3345165
3347572
3350517
3350886
3351178
3351781
3352467
3352575
3353143
3353800
3354364
3355178
3355625
3355685
3358994
3359631
3360453
3362231
3363468
3363906
3364595
3367062
3367596
3368101
3368541
3368950
3370996
3371046
3371470
3372015
3372451
3373589
3375966
3376815
3383029
3385524
3385915
3386522
3390533
3391511
3392168
3393543
3396045
3397335
3397437
3399734
3400302
3407622
3409385
3411025
3416554
3424165
3450449
3451136
3451880
3455841
3457004
3458879
3460318
3461559
3462836
3466894
3467827
3468796
3474740
3475255
3475864
3476808
3477732
3478320
3480217
3488640
3495384
3496007
3496537
3497090
3498800
3499839
3500388
3500957
3501653
3502445
3503058
3503338
3503936
3504697
3505587
3510591
3511274
3511878
3513397
3514585
3514784
3515360
3516890
3520054
3520456
3524317
3524958
3526088
3537830
3538170
3538999
3539504
3540926
3541745
3543999
3544475
3544914
3546355
3548096
3550036
3552060
3553204
3554265
3555583
3556797
3557576
3557972
3558377
3558972
3559657
3560703
3562525
3563707
3564414
3567441
3569166
3570576
3572180
3572755
3572985
3573687
3574366
3575336
3576656
3577427
3578597
3579914
3580671
3602019
3602139
3608936
3612117
3612826
3613163
3613439
3613900
3614509
3615218
3616239
3626112
3626833
3627195
3627575
3628156
3630626
3631372
3632129
3633299
3633843
3635835
3636391
3637348
3638148
3639086
3639628
3642142
3643203
3651231
3651834
3652172
3652543
3653075
3653521
3653696
3654256
3654873
3655681
3656025
3656881
3657284
3657912
3659354
3665370
3668422
3668757
3669578
3669579
3670496
3680989
3681886
3682988
3687623
3688696
3690580
3695064
3698753
3699092
3704963
3705543
3706087
3706900
3707942
3709659
3711736
3712031
3712705
3714034
3715925
3716178
3716875
3717707
3718022
3718842
3728294
3728822
3729288
3729387
3729981
3730312
