1194.592
18242.33
21935.23
53394.16
65141.25
75147.98
113464.9
152854.2
197346.9
200113.8
301645.7
304939.4
310237.9
319207.4
324201.2
324515.1
359359.4
455544.9
517672.7
530477.9
530952.4
544922.8
549591.8
555327.1
578079.6
623930.6
643959.5
731391.3
732629.2
770151.6
812834.2
829950.4
854530.2
954971.7
957838.6
966170.8
1022382
1024556
1026229
1053092
1058768
1076814
1136796
1147068
1151618
1170611
1171294
1204501
1206765
1211683
1212652
1221008
1244329
1251874
1279639
1361722
1385352
1386001
1400902
1406271
1473942
1500915
1508577
1509192
1525126
1544487
1555805
1583290
1583926
1591813
1597479
1599981
1601538
1625237
1656935
1668393
1671040
1766742
1782226
1825568
1894497
1971957
1977441
1979645
1980521
2012846
2035163
2040776
2139190
2147381
2160187
2191627
2192858
2265287
2276016
2282278
2293234
2317428
2324774
2347119
2358326
2379042
2430599
2431966
2469571
2475487
2482585
2484373
2485260
2496841
2503782
2518064
2531170
2553835
2554731
2557931
2586825
2632095
2632399
2633883
2639508
2661823
2669867
2678462
2761269
2763033
2763553
2778868
2779625
2852899
2877505
2895153
2908057
2927585
2940016
2961733
2963766
2971322
3026629
3126897
3157025
3171060
3175940
3179159
3181771
3201089
3248636
3253452
3259303
3301416
3320477
3327741
3351994
3415728
3416336
3453175
3457723
3470156
3470482
3475653
3476487
3477647
3531823
3532163
3532885
3554137
3558374
3622540
3639984
3654365
3679933
3692053
3702326
