1696.246
6428.549
7889.979
17782.57
21672.67
29032.57
30219.44
33083.02
35558.31
39235.72
40119.69
42464.9
52644.9
68551.68
69083.93
77501.41
78594.17
82553.77
84770.52
95809.59
98141.86
102853.5
104820.2
105762.3
106392.4
108341.3
119068.9
123308.8
126637.1
151574.6
164271.9
172470.4
173682.5
175325.7
189053.7
210128.7
220091.5
228129
245171.1
248727.6
249871.6
252493.2
260847.4
261545.9
263578
278943.2
300606.3
303021.2
303860.6
304558.7
306287.6
310707.1
316213.7
318886.7
325383
336125.2
350960
354929.6
356697.9
372244.7
378454.6
378761.3
380830.8
390914.6
416481.6
422071.9
428477.2
450654
470220.1
471355.7
471802.7
473128.5
481646.6
483155.5
490494.8
492497.9
498765.7
520345.2
531637.1
538616.3
549953
564200.9
566237.4
569546.9
576166.9
577742.1
579065.1
581227.6
601830.3
602267
608501.1
616245
622102.1
626714.6
627628.4
628094.9
628925.8
631726.2
637720.9
638472.7
639593.8
647804.8
674160.9
690256.5
690989
692584.2
693125.7
698248
705005.8
713727.8
714694.2
718306.3
720994.8
723593.5
751600.9
788344.5
791242
793374.2
797095
827042.1
834112.2
839761.5
844309.4
844391.3
845591.2
861806.2
863799.1
864480.7
882050.1
903286.6
904872.8
905712.5
907280.3
910897
923889
934295.1
938503.8
940796.5
944488.1
945273.8
948858.2
957709.7
969807.6
989024.6
990135.3
1001319
1016524
1021504
1025368
1032742
1051100
1055374
1057110
1076969
1079360
1080508
1081228
1089567
1090521
1094896
1131143
1132393
1136117
1138431
1152279
1152742
1153225
1161797
1175491
1177570
1182439
1201912
1216244
1217203
1219043
1219327
1221075
1225310
1229653
1237270
1238209
1240845
1244272
1249081
1251754
1253913
1257954
1271338
1272941
1273902
1275126
1279459
1280427
1283043
1292419
1293911
1298058
1307707
1308177
1314938
1315924
1317124
1320947
1325835
1328611
1330242
1330912
1331099
1333326
1356978
1361238
1363792
1379034
1385049
1405838
1424880
1428803
1428807
1444958
1459009
1468306
1477883
1502359
1519272
1524480
1525633
1534037
1546221
1570781
1577526
1579041
1579920
1589788
1591204
1592416
1593667
1597726
1602765
1609941
1615144
1615255
1617211
1618009
1620552
1623197
1656374
1663658
1668988
1678674
1683622
1684325
1697895
1699350
1700713
1701823
1705065
1712254
1720527
1722288
1725464
1727459
1729451
1731819
1733166
1735918
1745655
1759505
1765693
1776457
1783174
1801729
1806710
1809381
1814735
1815384
1817044
1817438
1825516
1828829
1833600
1835331
1837619
1838791
1842254
1844712
1845746
1846658
1847643
1849047
1849601
1853155
1890683
1891685
1894998
1896364
1898035
1899219
1913674
1917276
1952797
1984617
1990465
1990578
1993225
1993647
1996972
2006798
2030089
2046971
2110197
2110293
2114656
2115506
2127422
2129546
2129925
2133665
2137078
2138481
2146301
2148967
2182427
2199509
2204103
2204289
2210829
2212965
2214110
2217504
2226173
2229163
2257626
2289995
2291992
2294546
2303476
2315745
2323524
2329454
2347136
2354928
2361411
2361982
2367422
2413827
2414552
2415769
2425266
2447684
2458194
2458860
2469774
2471063
2486888
2495535
2498389
2500023
2500442
2511999
2527621
2579323
2582338
2594392
2600690
2620703
2625964
2628926
2634124
2636074
2640794
2656893
2657742
2659028
2665183
2666955
2702246
2702730
2704102
2710018
2719400
2725298
2740007
2742843
2769589
2778630
2783128
2784163
2806148
2811725
2815300
2816979
2822078
2825126
2827871
2830346
2867981
2868981
2871712
2871951
2874338
2875182
2891696
2907504
2926844
2932277
2933381
2947248
2957322
3010805
3015311
3019715
3020815
3026502
3038021
3039271
3079347
3080862
3081593
3084851
3088173
3102207
3105314
3114377
3115269
3118656
3120188
3124220
3152525
3158644
3161548
3163201
3164186
3167165
3175367
3176865
3191966
3193556
3195173
3201963
3203499
3220561
3221812
3222263
3227343
3232045
3240158
3240839
3242734
3242991
3244436
3245721
3256491
3256495
3266069
3266968
3269730
3275506
3276090
3279061
3302700
3313373
3317745
3329027
3337394
3353161
3373113
3383051
3389356
3407882
3411141
3420891
3427136
3431485
3480162
3483136
3487532
3509808
3525462
3528184
3533351
3539912
3542675
3543147
3560860
3565404
3602782
3605100
3606006
3610658
3613533
3644475
3681355
3686602
3690148
3693194
3705578
3719560
