3171.95
13356.74
18607.33
38315.43
78247.15
81196.04
100375.1
122439.9
128049.7
172468.9
186758.6
197321.2
245491.2
255646.2
282012.1
282037.4
283617.4
329465.8
331802.1
333453.7
431535.7
453622.6
469716.7
477460.6
482836.3
531619.1
538615.4
619604
756541.5
839050.3
844880.2
883010.6
921044.2
928070.8
940302.2
983505
1024573
1030915
1133347
1288341
1310215
1331646
1332109
1350091
1366449
1366952
1372246
1394498
1410152
1438705
1476164
1525580
1535595
1588817
1664480
1667322
1684415
1697399
1721513
1724587
1743031
1747686
1770026
1813180
1830020
1830938
1852049
1886373
1907485
1923143
2050258
2058423
2126155
2168999
2196800
2250649
2298351
2345177
2364152
2367352
2403952
2424458
2435434
2440640
2570573
2607218
2663711
2677510
2701791
2706199
2819884
2894174
2908103
2908907
2955423
2971403
3001035
3006539
3037261
3037839
3160592
3191926
3241596
3249202
3307196
3309782
3343076
3343510
3344260
3353595
3413241
3450702
3504108
3553215
3606341
3631504
3641277
3672684
3709445
3725301
