28681.76
54731.43
55155.24
55854.64
56316.08
56809.18
57294.07
58323.39
59001.42
59359.45
59714.82
60543.49
60993.38
63679.14
64130.94
64735.56
65437.24
69843.06
71570.7
72505.37
73011.79
73612.13
74219.41
74875.3
75378.95
76862.9
77604.52
77920.19
79049.17
80549.25
81030.49
81604.18
82747.55
83925.39
84877.74
85322.94
86029.24
86428.48
87012.15
87508.81
87814.02
88445.41
88952.75
89918.7
90977.13
91606.65
92204.71
92885.46
93439.93
94140.85
94774.32
95973.75
96829.72
104647.2
105620.2
107701
108569.9
109949.1
110602.5
111040.6
111732.4
113145.4
113578.3
113990.5
114522.1
115602.2
116547.7
118097.9
118572.5
119003
120633.4
121179
121932.9
124128.8
126380.2
126928.5
127590.6
128764.4
130535.4
131375.5
132926.7
152312.5
153241.7
154079.7
154487.8
155228.1
158376.7
159961.8
160448.5
161145.7
162138.2
165586
176294.6
180407.4
183913.4
187771.7
188374.6
193252.8
201512.8
206041.9
212385.3
216529.2
217087.1
219493.3
232035.6
233781.4
234129.8
235258.8
236264.5
238328.3
241210.6
246086.4
250778.3
253763.9
259212.1
262373
265283.1
275978.3
277631.3
302420.2
313744.3
317615.6
323418.3
332861.4
338837.9
352737.9
380619
393757.3
394261.2
394853.9
395987.8
399056.5
402471.5
406908.2
407577.9
408258.4
413717.2
415022.5
420115
420653.7
425224
427308.7
429930.1
466388.1
468341.9
472171.4
483509.9
488440.3
492796.6
493419.8
494680
495150.1
502658.6
504153.1
510617.3
517293
519448.4
520877.6
531249
532182.5
533792.5
536884.4
548072.6
550292.8
554379.7
555395.3
556786.2
564591.4
566856.9
567161.1
573846
602843.1
605764.4
617201.5
618258
622523.5
623872.6
631632
642077.7
652507.9
660412.2
670267.7
675962.8
677527.6
690251.4
695764.8
707485.8
712605
751639.2
753676.6
754519.5
756244.7
764668.2
774809.4
780204.9
785526.8
787643.3
789741.8
810768.3
815530.8
820138.3
824684.1
835234.5
850491.8
854956.7
860564.2
863538.3
865620.7
901346.2
925600.2
951272.4
988044.1
990955.1
1016164
1024932
1089175
1097346
1100876
1131002
1131741
1158245
1172848
1240582
1242981
1256835
1271796
1318374
1362141
1364284
1373054
1378095
1379739
1385694
1395954
1401380
1415378
1416339
1432893
1469199
1512186
1513989
1515310
1550483
1552864
1586156
1589395
1674368
1681510
1694229
1694321
1695631
1701728
1708546
1714119
1716980
1753105
1768104
1768704
1775781
1815568
1816291
1821572
1822361
1828471
1833673
1838942
1841905
1843149
1879584
1887010
1917201
1970947
1975238
1982283
1996744
2036454
2052359
2059344
2124616
2143785
2147193
2148176
2148647
2150723
2165161
2190490
2191157
2193883
2206829
2232380
2251680
2258566
2279945
2281112
2306380
2349031
2364451
2366684
2367256
2377081
2381686
2405472
2406629
2418535
2418840
2429450
2448489
2452912
2482530
2510302
2520108
2522027
2564630
2577003
2587412
2620461
2662848
2667554
2735387
2754330
2762452
2769208
2772188
2772829
2790301
2801853
2869136
2869276
2871760
2885617
2909497
2910500
2911409
2947010
2950132
2954893
3005842
3045248
3053649
3066849
3075426
3086198
3086648
3107176
3108852
3151102
3151908
3159613
3165319
3174894
3207271
3214816
3225436
3266387
3274508
3301536
3306560
3316884
3320845
3328244
3334850
3336216
3341286
3372014
3379683
3390661
3391771
3397025
3401944
3407284
3432139
3450893
3453386
3455323
3462746
3479409
3483686
3485129
3499402
3533770
3534737
3551670
3555067
3562262
3574956
3624034
3650346
3668496
3669637
3674013
3686466
3691357
3705221
3710434
3714700
3716825
3723836
3731524
