325.2326
938.7007
1425.321
2691.802
4765.064
5529.83
9137.559
12945.08
14000.55
15050.09
19475.6
19979.63
20468.23
21004.67
22758.62
24588.98
25884.45
27874.68
29240.72
30195.34
30676.75
31075.96
31654.98
32278.29
33169.2
34493.55
35465.74
35973.67
36579.43
37633.91
38204.48
39186.15
40215.56
45313.58
46312.64
47886.28
49727.61
50324.5
67128.1
67842.09
70624.06
75573.69
76210.45
77187.17
89783.27
90926.86
91236.27
93624.26
94484.34
94872.27
95161.08
99139.04
100394.8
102905
105715.2
107363.9
109869.2
110272.7
110960.4
114048
114338.4
114878
115354.3
115759
117596.2
118197.9
124013.4
163506
167173
172321
174408.3
175462.6
182512.9
183699.9
184722.4
185366.2
185821.9
187479.4
189424.2
190376.2
196847.2
197612.9
198384
200123.2
205563.1
205900.6
219571.9
221019.2
224425
246137.9
248053.2
249296.2
251620
255272.7
258794.7
259120
259371.3
267406.7
268091.9
271653.8
272101.4
272695.9
275706.9
282666
303324.2
303835.9
306090.3
308804.4
312987.9
321453.5
322165.6
322782.4
323308.5
324522.4
325949
326624
327559.9
331555.8
332365.8
343283.3
345115.9
345794.5
348607.8
352556.6
354613.8
355492.4
364362.8
365341
365867
367017.5
368513.3
378808.1
379427.7
381639.1
384652.6
386693.8
388214
389317.3
390761.8
397252.8
398338.7
401855.4
402243.6
403249
404206.2
404598
405234.5
405993.1
411953.3
415330.5
415825.2
416752
417365.5
418324.1
420491.3
421392.4
421571.5
422285.2
423578.5
429503.2
451008.9
452801.9
458921.6
459542.6
460099.1
460501.3
461411.3
462542.1
475066.4
477485.5
483111.4
483755.7
487267.2
488349.4
493027.2
495510.1
496214.1
496659
497981.1
500335.8
504255.1
516220.2
533109.8
538470.4
558932.5
560837.4
565253.7
565909.5
566231.2
567130.6
571524.2
573768.6
578705.5
579702.4
600610.3
604901.2
605417.4
605893.3
606339.4
613510.7
614441.5
631480.4
640374.6
641102
644081
645189
646078.3
648762.4
650447.2
660178.1
660587.1
665336.2
667390.1
670189.6
670869.4
674382.3
675607.3
676555.5
677652.7
678184.1
678724.8
681461.7
683362.4
686155.9
718138
718884.3
754919.4
772594.3
779456
780087.8
780910
781444.5
788656.8
789087.5
791054.2
791697
792929.2
793668.6
795111.3
795746.7
796283.7
796409.9
822172.3
822758.8
824131.6
826244.5
828221.3
829102.6
831731.3
833078.5
833692
834533
835594.7
837852.4
841971.5
842012
842614.6
846306.6
848554
849253.2
858148.4
861812.5
869562.7
872213.9
877058.5
878230.8
879004.5
882944.9
901576.2
902658.1
905254.2
906339.5
906812.4
907028.2
907607.3
908330.8
909271.7
911203.8
911896.4
912378.2
913987.6
918665.1
920084.4
920464.2
923378.1
924839.9
931650.2
932014.9
932814.9
933460.8
934763.2
935270.4
936533.8
940704.3
944736.6
945420.2
945950.3
946586.7
950777.3
951934.9
954263
961116.4
964652.4
966502.9
969672.9
970119.3
972254
973176.7
977698.7
978886.3
980164.7
980758.2
981317
982195.3
985462
985894.5
986612.5
987424
988227.1
988643
992768.5
993534.8
994883.9
997064.5
997557.6
998025.7
998902.6
999826
1001890
1010737
1010777
1015976
1018590
1023536
1024340
1024955
1027415
1031401
1033127
1050792
1051715
1060228
1061352
1061833
1062398
1062992
1063916
1064865
1065664
1068552
1069751
1070882
1071407
1072373
1075282
1076202
1078710
1079076
1084257
1085311
1085901
1086477
1086994
1087508
1088140
1092938
1093513
1094097
1096568
1097227
1097795
1100784
1103185
1116913
1117791
1118739
1122105
1122939
1123396
1129182
1130147
1139351
1140211
1141114
1141666
1142431
1145699
1146004
1147073
1152128
1158462
1158852
1160147
1161041
1166596
1167286
1167982
1168897
1171140
1171757
1174864
1175861
1177629
1179095
1181325
1200752
1201785
1202575
1205136
1205862
1207229
1207879
1208446
1208505
1211353
1213110
1213682
1215250
1216118
1216678
1217010
1217563
1219043
1222225
1224974
1225416
1228019
1229130
1229242
1229671
1230060
1242258
1243466
1244324
1245103
1249719
1250178
1250595
1254029
1255185
1256049
1257598
1257645
1260869
1270252
1271462
1272658
1274712
1276369
1279287
1280856
1284329
1288469
1289139
1289883
1291348
1292082
1297036
1297640
1298211
1302911
1303574
1304735
1306049
1310947
1311448
1312001
1312989
1318049
1319234
1320469
1321111
1323485
1325876
1326468
1326948
1331642
1350261
1351889
1352633
1354163
1354625
1355143
1356282
1366281
1367016
1368463
1374710
1380907
1381829
1383676
1384185
1386012
1387438
1388012
1392245
1393897
1394984
1398597
1399710
1406198
1415689
1418256
1419095
1420281
1433930
1434549
1436342
1440696
1441295
1451378
1452574
1455285
1457489
1458154
1459513
1462063
1464002
1466294
1466930
1467549
1471870
1472875
1473396
1474252
1475885
1478546
1482058
1483505
1500352
1501237
1501273
1502397
1502895
1505259
1515446
1516118
1517120
1519594
1521353
1525029
1526042
1527202
1532115
1533160
1533828
1534893
1536359
1544526
1544964
1545413
1546435
1547182
1548610
1549377
1550200
1554155
1554620
1555471
1555870
1556462
1557547
1561959
1562295
1563062
1566283
1568378
1568716
1569632
1575068
1575992
1577454
1577865
1578002
1579864
1584401
1585211
1587773
1596299
1596896
1599559
1604432
1605136
1606760
1609054
1611089
1611147
1620650
1620975
1627551
1630279
1650768
1659914
1661443
1663408
1667516
1668098
1668767
1669249
1670544
1671271
1671952
1689751
1695393
1707202
1710077
1718973
1720152
1724194
1724646
1726327
1730905
1748419
1752574
1753504
1753590
1754590
1756304
1756986
1759997
1760819
1761983
1763298
1767040
1769749
1771734
1772587
1775689
1776145
1776636
1777774
1780291
1806719
1810259
1823287
1835052
1835835
1836537
1838044
1839852
1841625
1851224
1851712
1854293
1863479
1863931
1867100
1877593
1889154
1891193
1892969
1895847
1898182
1904206
1904615
1905539
1909459
1913562
1924635
1950231
1958395
1965129
1968834
1971663
1972339
1976225
1976803
1977815
1981164
1985590
1986324
2016203
2017345
2019462
2024021
2032337
2032716
2033991
2037817
2041141
2055800
2057413
2058346
2076054
2077643
2100075
2106525
2107122
2107975
2108359
2108807
2109448
2109989
2110672
2111374
2111862
2112420
2112968
2113399
2113955
2120105
2120503
2121063
2122463
2123803
2125157
2147434
2148590
2149353
2152226
2162616
2169807
2190379
2191254
2192083
2194312
2199015
2204472
2205048
2206545
2207388
2233346
2256430
2257411
2258715
2264144
2266862
2271956
2272406
2273087
2273990
2274610
2275738
2289530
2295345
2298837
2299682
2303616
2304279
2305663
2307514
2313481
2314006
2314896
2316472
2320862
2321430
2322240
2330870
2331463
2332362
2333014
2333871
2335247
2336759
2336828
2337237
2343317
2347361
2348269
2348833
2350299
2351102
2351776
2352823
2356061
2356702
2357221
2360575
2363096
2367702
2368719
2372851
2374085
2374601
2376290
2380641
2403214
2421579
2422039
2422588
2423404
2428497
2429428
2431208
2431683
2432224
2432880
2440425
2441302
2444226
2445182
2447779
2449447
2453476
2460577
2467036
2468150
2468790
2470697
2471342
2472006
2472617
2476353
2476846
2477558
2478635
2479277
2479318
2479932
2480498
2510920
2512040
2514362
2519859
2527097
2527961
2531925
2550658
2551507
2555954
2558661
2559577
2562061
2565115
2565736
2566174
2566639
2567810
2568867
2569412
2570249
2571742
2572557
2572946
2573373
2574013
2574654
2575379
2582682
2583718
2584357
2588063
2588891
2590710
2591320
2592686
2594026
2596245
2597077
2597767
2598348
2600370
2602397
2613126
2617471
2618242
2619306
2620323
2621130
2621903
2623373
2625410
2626625
2627265
2627630
2628404
2629490
2633247
2639564
2651438
2653258
2654852
2656019
2656792
2661171
2661447
2662018
2662644
2663119
2663775
2664368
2664878
2665810
2666369
2666801
2667231
2670357
2671008
2673314
2673953
2674925
2675724
2717129
2721635
2722339
2723889
2724757
2725972
2728301
2729347
2730002
2730424
2733506
2754962
2756055
2762085
2772189
2776146
2776849
2776925
2777985
2779300
2779904
2780879
2782110
2783843
2784966
2786085
2817644
2818542
2825502
2828442
2851041
2851700
2854557
2862767
2864832
2865828
2869561
2875596
2876203
2877169
2885493
2894623
2903432
2921670
2935611
2938994
2940679
2941282
2941981
2943013
2944363
2945121
2956550
2956927
2959474
2960296
2968423
2977950
3018464
3019485
3031880
3032494
3055685
3058288
3059439
3064130
3065125
3070353
3074637
3075227
3076211
3077962
3079904
3087813
3098781
3101002
3104079
3104689
3113363
3152743
3153887
3155849
3157643
3159474
3161618
3162282
3170050
3170907
3174378
3177682
3180512
3182302
3185209
3185668
3187883
3189263
3192364
3192929
3195052
3223449
3225242
3231121
3248319
3251536
3277465
3280532
3302017
3304794
3309149
3309866
3311163
3322287
3342597
3343249
3345639
3346485
3346916
3347219
3347493
3348300
3348957
3349468
3355469
3357979
3358567
3359750
3365660
3368629
3370687
3371683
3372224
3373075
3373885
3374187
3376651
3383600
3384506
3386016
3386938
3393292
3394096
3394362
3399871
3403971
3420046
3420476
3420949
3421528
3422263
3425904
3426869
3456287
3457221
3461663
3462964
3463617
3464478
3471606
3472483
3473012
3476581
3480634
3481134
3481840
3488325
3492688
3494813
3495609
3527870
3534827
3536847
3538784
3539516
3556165
3565201
3577492
3609728
3610381
3612813
3612820
3615871
3616332
3616844
3619168
3619871
3620367
3621503
3624031
3624499
3642245
3669381
3671066
3673604
3679851
3701244
3709530
3710108
3710280
3715019
3715099
3715679
3717307
3731909
3733615
