753.1022
1528.676
6071.557
6467.237
7223.248
9097.249
9626.38
10624.07
10956.03
11194.83
11776.19
12498.02
13974.47
14836.53
15673.52
18853.43
20573.25
21276.81
21603.4
22234
24605.19
25354.34
26152.8
26706.3
27631.1
29065.24
29550.21
32384.42
34003.2
34749.55
35372.2
37665.78
38531.44
38744
42630.37
42982.68
43916.38
44822.67
45454.73
46176.87
47066.13
47479.1
48279.91
50132.49
51400.58
51791.05
52576.89
53187.05
53917.68
54477.33
54976.82
55827.92
67437.18
67807.88
68786.8
69172.98
88090.78
93556.35
95296.87
96285.83
102226.2
103149.2
104309.4
113330.6
114011.8
115419.2
115831.3
117486
117896.6
119831.8
121042.6
121490.6
121549.8
122420.4
122508.6
123125
152482.5
167149
168746
169419.5
170007.1
172389.7
172838.9
173718.5
175637.2
197909.3
198900.7
200655.2
201259.9
202195.8
202800.6
203365.5
203927.3
204592.8
205008.2
215692.9
216112.8
217454.2
218067.2
222629.4
224486.4
226011.9
227628
228388.6
232169.4
232724
233696.1
236286.2
237499.8
238871.4
241059
241819.3
244416.4
247017.8
247928.2
248782.3
249526.5
250890
263481.6
265514.8
266378.2
267809.3
271126.5
273015.7
273725
274530.1
275592.5
276387.1
282814.4
283660.1
300417.3
300846.5
301524.7
302563.8
303426.2
303888.4
304565.6
305614.4
306272.7
307134.8
307977.4
308851.5
310456.8
311781.8
312197.2
313073.4
314073.6
314998.6
316215.3
319376.3
323279
329174.3
330834.6
333374.8
334668.1
335685.5
336796.6
338366.3
342729.1
345621.2
347759.9
348338
349107.3
350273
351438.9
352235.2
354440.9
354965.3
355381.1
357326.6
357967.7
377098.9
378391.7
379161.3
380038.7
382018.6
383051.4
383527.9
383965
392134.5
392783
398323
399955.7
401124.9
403695.8
404683.2
407422.5
424990.4
425679.9
427196.7
429506.5
430010.6
430691.6
431571.5
450932.7
452557.6
452807.3
453160.9
455353.7
455847.3
456346.5
458167
458785.7
459694.7
464040.8
464910.4
465151
466614.9
467818.8
469609.7
470586.6
471261.6
472258.8
472696.6
478102.9
478934.8
479416.6
479459.5
481072.2
482114.2
484030.5
487815
488397.5
490573.7
495409
495892.5
503557.3
504702.2
505359.3
506024.3
506956.1
507707
514111.6
514646.2
516405.4
516950.8
521256.7
522299.3
530241.1
532596.1
533511.1
539646.9
540240.7
540872.4
541939.9
543101.8
543677.9
544169.3
544871
544962.3
546718.3
548904.8
550077.2
555676.3
556376.2
558152
559013
559604.8
566557.7
568475.5
570940.4
572170.7
572903.8
574792
574792.4
575851.3
576719
577977.3
620502.1
621153.6
621719.7
622598.1
624121.1
624773.5
625307.4
625925.2
626832.7
628264.4
631897.2
632358.8
633203.2
634035.8
635079.3
636207.4
636742.2
637368.3
641613.2
642717.7
643799.8
645500.1
645961.2
646916.4
647755.4
648569.5
649143.3
649628
650211.4
650662.2
651459.1
651801
652576.3
653074.3
653428.8
654110.8
654890.8
656152
659539.6
660326
661086.5
668421.7
669997
672290.5
674461.6
678281.1
678914.4
682084.6
685435.7
689048.2
689963.8
690722.1
691168.8
698059.1
698460.6
699034.4
700179.6
700722.4
701634.4
703682.1
704293.8
706051.7
707662.7
708166
712742
713208.1
718500
719063.4
719676.4
720799.5
723479.4
726405.8
727406.3
730254
731113.4
732795.1
732923.7
733524.9
753773.9
765154.5
768388.5
769468.4
775745.1
785820.6
786545.2
787564.6
789168.2
789933.6
790567.6
791040.2
791956
793226.9
794316.3
795621
797360.8
799495.5
801093.8
801820.9
802698
803586.9
804128.5
804190.9
811330.3
811947.2
812570.8
814972.5
819431.1
820249.3
821103.8
821791.7
822351
822902.1
823765.9
824387.4
824821.4
825429.1
826237.4
827905.6
828689.4
834388.8
837931.7
838821.1
839242.3
840022.2
840503.5
841168.7
841753.5
842303.6
842976.6
843633.2
844192.6
844674.4
845147.7
845738.5
847884.3
848442.8
849438.8
849471.9
863420.8
864231.4
867243.5
867635.4
868503.7
869407.7
870092.9
871355.1
874163.5
874677.9
876286.3
879658.6
880391.2
880640.1
882745.7
882874.5
900681.1
902339.9
921294.4
930882.8
936418.7
938378.4
938790.2
939652.5
940870.4
941769.3
944279.8
945146.8
945706.7
946524.5
948845.3
949486.9
952022.3
953069.1
953604.6
953969.3
954622.9
955362.3
956717.6
957412.8
961388.5
964477.8
966516.3
967856.2
968345.9
968948.8
970692.9
971405.9
971856.2
972619.3
973360.3
973976.6
974375.6
974787.7
975692.2
976365.1
976862.7
977318.9
978704.6
981989.5
983304.3
993070.3
996666.2
999537.6
1000490
1001350
1002419
1005206
1006297
1006812
1007765
1008460
1010908
1013245
1013811
1014452
1016234
1017241
1018148
1019708
1020231
1020944
1025058
1025773
1029091
1030611
1031237
1032678
1058215
1071214
1073643
1073968
1074730
1094782
1095866
1096662
1102026
1102177
1102891
1103576
1104226
1105152
1116922
1117383
1118377
1118928
1119441
1123105
1125649
1127614
1128797
1129764
1130704
1136405
1140187
1141463
1144186
1145099
1145852
1146927
1149521
1150408
1151194
1155145
1155740
1156197
1156742
1157492
1158231
1159641
1165334
1169220
1169738
1172223
1173623
1174969
1177838
1178645
1179046
1179661
1180115
1180860
1181466
1182169
1182762
1183237
1201938
1203122
1203602
1213311
1215050
1221756
1222293
1224843
1229898
1231211
1234337
1235879
1236757
1238943
1239900
1241107
1242050
1242897
1246912
1248246
1251356
1252012
1252532
1253396
1255352
1255905
1259889
1260401
1261043
1261642
1263735
1264287
1265285
1266148
1268987
1269606
1270210
1272058
1272793
1273445
1275816
1278925
1280390
1281749
1282512
1284521
1285885
1286744
1288846
1290568
1299137
1300710
1303030
1304485
1311576
1314584
1319486
1319919
1320359
1321053
1321313
1322294
1323286
1324393
1327805
1328522
1329310
1350593
1351268
1352352
1353083
1354072
1354505
1355742
1356367
1356921
1357533
1359323
1359972
1360718
1361137
1362135
1363698
1366965
1367359
1368551
1370480
1371385
1372234
1374237
1375329
1376844
1379882
1381864
1382682
1383269
1385174
1386115
1387482
1387875
1388853
1389632
1391751
1392263
1392753
1393397
1393910
1396201
1400321
1401237
1401827
1402471
1403757
1404196
1405342
1418422
1419084
1420039
1420681
1422022
1424357
1425102
1427702
1430075
1439034
1451768
1452368
1453136
1454625
1461388
1462353
1464130
1465115
1466687
1468160
1470021
1478469
1502528
1503606
1503941
1504400
1505062
1505348
1505495
1505819
1505849
1507144
1507629
1508366
1509876
1510806
1511536
1515059
1515687
1517888
1519255
1520072
1523528
1524381
1526184
1527037
1527540
1528055
1529135
1531416
1532073
1534833
1536060
1536513
1537722
1538258
1539326
1539921
1543397
1544125
1545090
1547125
1547961
1548643
1549828
1550506
1551082
1551542
1552083
1552548
1554061
1567360
1568214
1569189
1570398
1573166
1573975
1583097
1583787
1584210
1584914
1588949
1589530
1589904
1591078
1591727
1592222
1593149
1593942
1594766
1595495
1595536
1596991
1597750
1598408
1601149
1601787
1602197
1603174
1604469
1604580
1609006
1609519
1610620
1611311
1611532
1613467
1614477
1616335
1617602
1618839
1619123
1619870
1626254
1627028
1627905
1628809
1629951
1660193
1660637
1662807
1682641
1683808
1684326
1684885
1685523
1686822
1690082
1690747
1690872
1691539
1692380
1693957
1702465
1704117
1705085
1705635
1706433
1711220
1716059
1717769
1718893
1721501
1723418
1723866
1724228
1724426
1724977
1725427
1732988
1743005
1743450
1744117
1744770
1746097
1748118
1750155
1751071
1752420
1752982
1754971
1759887
1760789
1762653
1764692
1767312
1774390
1776530
1777315
1778724
1780774
1781508
1782008
1808828
1809402
1810052
1811429
1811977
1812917
1813823
1815566
1818282
1821207
1822740
1823788
1831759
1832139
1833143
1833809
1836624
1837974
1838585
1843544
1844157
1844837
1846167
1846655
1847456
1848171
1849114
1850024
1850490
1851451
1852170
1852692
1853674
1855143
1856078
1856347
1856709
1859720
1860809
1864309
1864816
1867206
1868035
1870684
1872874
1874270
1875799
1878066
1884274
1884985
1885935
1886563
1887495
1889102
1889831
1890484
1891034
1891786
1893429
1895179
1896442
1898663
1902186
1902837
1915994
1918705
1932303
1951007
1951623
1952336
1952851
1955269
1961820
1965035
1966150
1970533
1971565
1972442
1979537
1980474
1981038
1981449
1982798
1984131
2003128
2003487
2004874
2005347
2006158
2007535
2008473
2009805
2010246
2011557
2012537
2015080
2016027
2016849
2017414
2017740
2018209
2018665
2023425
2024489
2025378
2032206
2037660
2039177
2040703
2041491
2045910
2046110
2046742
2052345
2053317
2054551
2055268
2056597
2068244
2076961
2080006
2081248
2081805
2082702
2100290
2101170
2101516
2102189
2103611
2105041
2113794
2114582
2115806
2118762
2120795
2121252
2124107
2125377
2126217
2127133
2128705
2129776
2130678
2132724
2133225
2133901
2135546
2136658
2137335
2138663
2141466
2142458
2146430
2147299
2147716
2148960
2149739
2150897
2151395
2151793
2152477
2153079
2153740
2154261
2154796
2166008
2166668
2167080
2167841
2168757
2176634
2177326
2184175
2184685
2193825
2194600
2198066
2198560
2199019
2199594
2200316
2203261
2205539
2207485
2208757
2210874
2211442
2212969
2213367
2215001
2215370
2216921
2217908
2218863
2222084
2223395
2224599
2225726
2228389
2229345
2230438
2233028
2251286
2253031
2253983
2262232
2263084
2266766
2267589
2268870
2275782
2278307
2278874
2279506
2280281
2280862
2281274
2282187
2302389
2302886
2303474
2308997
2309601
2310175
2310812
2311361
2325566
2327826
2328703
2329250
2331807
2335715
2343939
2344560
2345750
2348105
2348569
2349645
2351154
2351900
2354122
2355073
2358040
2361003
2363952
2366789
2369566
2374862
2375588
2376436
2379240
2400503
2400932
2403125
2403969
2438461
2439596
2440033
2440548
2441010
2442368
2445318
2446152
2446709
2448717
2450200
2451446
2452234
2453192
2454436
2458599
2465016
2465885
2467993
2468383
2469159
2469581
2470198
2471200
2471394
2471798
2475054
2475630
2476129
2476620
2477231
2477797
2479332
2480070
2480153
2481058
2481621
2487063
2488325
2491124
2493682
2494310
2495235
2498754
2499609
2500515
2501099
2502160
2508082
2508856
2509523
2510174
2511139
2515554
2524691
2526972
2527782
2530641
2531480
2532867
2565660
2566067
2566675
2567569
2567908
2569134
2570981
2571474
2575980
2577114
2579207
2579528
2580705
2588885
2590942
2591709
2592935
2593317
2593985
2594427
2594898
2596956
2598740
2599955
2601009
2601717
2602640
2603208
2603341
2603866
2604955
2616178
2616550
2616984
2620862
2622294
2629464
2633615
2634261
2634540
2635837
2637061
2640893
2641361
2642369
2643814
2644666
2645135
2646058
2646838
2648811
2670223
2671242
2671773
2672514
2673174
2673951
2674479
2675120
2676203
2700628
2703917
2704436
2705336
2713043
2713802
2718889
2722607
2723522
2723794
2724525
2724810
2724986
2725877
2727788
2728196
2728850
2729661
2733302
2734918
2739127
2742631
2747614
2752001
2752386
2753086
2753512
2754317
2757264
2757510
2758632
2763980
2764747
2765800
2766197
2766900
2782623
2783644
2787970
2789421
2793938
2794456
2795252
2797159
2797586
2809259
2816968
2817791
2832215
2833155
2850725
2852311
2853406
2854423
2856625
2860612
2861107
2862617
2863408
2864589
2865786
2869287
2870099
2871041
2871733
2872238
2874909
2876087
2876485
2876826
2877670
2880753
2881198
2882697
2883269
2883826
2884737
2886063
2886827
2887367
2887536
2887830
2887866
2888807
2889308
2889963
2891067
2896270
2898557
2899212
2899710
2901758
2902878
2904056
2905085
2905751
2913763
2921652
2930661
2931399
2934004
2934715
2935295
2935995
2936618
2937190
2940389
2940986
2945155
2946399
2947184
2956818
2957719
2963766
2964493
2965463
2966978
2970008
2971723
2973257
2973755
2974414
2975483
2975926
2976088
3002207
3003555
3011312
3012733
3017984
3019506
3020476
3033204
3033810
3035127
3035550
3043056
3043410
3044980
3045528
3046101
3047909
3050398
3050869
3051684
3052074
3052513
3053576
3054272
3055708
3056114
3056854
3057492
3058980
3060668
3065736
3067220
3072250
3072830
3073711
3075208
3076638
3077254
3078250
3079139
3079610
3080511
3081313
3083852
3084977
3086247
3087577
3087936
3088422
3090043
3091187
3092135
3093749
3094336
3095593
3096576
3099308
3102750
3104241
3104729
3111297
3114995
3115399
3115945
3116569
3117056
3117760
3118479
3121629
3129282
3132100
3133210
3160508
3161014
3170807
3171692
3174877
3175739
3176596
3178568
3179616
3181374
3182516
3183381
3183831
3184358
3184810
3186621
3194018
3195445
3199323
3200126
3201180
3202180
3202831
3203274
3207550
3208179
3212348
3216110
3216331
3218636
3219188
3219499
3220076
3220724
3221236
3222717
3224263
3224708
3235014
3236010
3236685
3237474
3238089
3239254
3239872
3244728
3246281
3247167
3252288
3257094
3258153
3259092
3260035
3260564
3263235
3263965
3264452
3264975
3265534
3266322
3266852
3267944
3268352
3268749
3269474
3270419
3271610
3271979
3272681
3273801
3274343
3276361
3276805
3279450
3280245
3280724
3281356
3282570
3304497
3307878
3308912
3309840
3310808
3311307
3318090
3318958
3321617
3322700
3324049
3324681
3336643
3337113
3338086
3339255
3339721
3351658
3353175
3353602
3357885
3358816
3359840
3360837
3361317
3363342
3364631
3366072
3367638
3368330
3369016
3370051
3371867
3384868
3394485
3397160
3406329
3407352
3408548
3410154
3411698
3416434
3422044
3426793
3429059
3429763
3430242
3430703
3431598
3455116
3456654
3457253
3460726
3461669
3462377
3462738
3463723
3464491
3465313
3465968
3466369
3467007
3468050
3468497
3469226
3469647
3470212
3470400
3471416
3483081
3490846
3491294
3491702
3492879
3501547
3501976
3502408
3502497
3503015
3504215
3504628
3506295
3510911
3511284
3511949
3512964
3517691
3518250
3519417
3524054
3524273
3527676
3529525
3529953
3531570
3532244
3533346
3536020
3536630
3537431
3538849
3540649
3545654
3548514
3549052
3549345
3550677
3550776
3553771
3555349
3555887
3556541
3557306
3558333
3561017
3569423
3570688
3573539
3574921
3575541
3576007
3579291
3580123
3615878
3633376
3634758
3637495
3639540
3641517
3642000
3644115
3651037
3651512
3651529
3651917
3652521
3653271
3653832
3655577
3656186
3656742
3665768
3666159
3666712
3667506
3668081
3669510
3672107
3673225
3690039
3704522
3705041
3705766
3709312
3713361
3714860
3715253
3716015
3720637
3721966
3722185
3723123
3724071
3724983
3726651
3727383
3730245
