548.0407
575.5646
1067.709
1973.771
6194.109
10690.33
11484.43
12048.14
13641.25
16354.64
16541.47
20702.85
21214.42
21504.95
21969.18
22227.16
22688.19
23044.77
24016.67
24359.36
24942.15
26112.56
26651.93
27118.97
27141.31
27816.05
28334.62
28835.62
30108.03
30680.09
31485.04
31987.58
32411.39
32968.71
33016.81
34545.05
34669.32
35538.69
35611.08
36394.12
36630.22
36672.05
36969.17
37398.98
38560.17
39225
39658.7
41011.08
41554.42
43198.23
43761.01
48966.88
49758.14
50350.29
53539.06
54876.99
65643.02
66267.78
66450.79
67025.18
67605.44
68800.47
69383.6
69923.82
70438.49
71271.39
71734.32
72680.63
72926.95
73417.27
73901.98
74614.3
75458.46
77039.89
77902.95
78659.75
79598.45
79954.11
80469.51
81595.36
83254.44
83884.28
84709.98
88979.44
89902.31
94075.55
94608.27
95948.31
97815.82
102133.8
103131.9
104352
106438.9
110448.1
113834.7
116863.5
117978.3
118978.8
122185.5
124821.3
128013.2
129825.1
130420.2
130935.8
131695.9
133537.8
152831
155642.1
156433.7
156652.3
156987.5
158021.3
158072.1
159357.2
160954.2
164767.2
165124
166436.2
168145.5
169453.2
170870.2
171663.8
172105.8
178711.8
179259.7
180156
180738.8
183680.4
202228.2
202250.6
206068.2
206649.1
214597.8
216249.9
217186.2
217553.8
218424.3
219067.9
219840.2
220610.2
223538.5
225786.9
227116.3
227715.5
228318.6
230042.9
230271.5
231169.9
232530
233272.3
233762.5
234161
234546.1
234736.5
235625.5
237564.9
240591.7
246196.6
250945
255801.2
257729.9
258640.5
260893.5
261829.4
263229.3
264264.8
265395.3
265960.6
266453.2
266930.4
267005.4
278056.9
278114
278674.9
279127.1
279592.4
280183.7
281928.3
300643.2
303630.2
304701
306356.1
308268.6
309280.9
311113.4
312099.4
312961.7
313566.7
315375.2
329324.3
329958.3
332159.7
332829
336519.9
338960.5
339619.2
343014.3
345902.3
346414.4
346982.2
347747
348157.6
349019.7
349620.4
350242
351410.7
352499.8
353054
354542.5
356233.2
356890.2
359631
360997.3
363724.5
364933.4
366813.8
367239
367366.2
367758.1
368000.8
368343.8
368496.6
369036.2
371392.7
371982.3
373454.7
374087.2
374725.1
375422.8
376882.3
378022.8
379250.9
384038.7
390793.3
396716
397322.4
398938.8
399167.5
399507.2
400166.5
401678.6
403884.7
404601.6
405558.5
405687.3
407388.2
408033.9
408633.8
409023.2
409738.2
410205.2
411738.7
412542.6
412857.9
413986.4
415866.4
417847.8
418464.9
419592.2
420555
421349.3
421676.4
422491.4
423967
424975.4
425551.7
426056.4
426754
428195
430159.8
430818.9
430884.5
431566
432275.6
432421.1
432956.8
451302.8
451888.6
452425.1
453274.6
454435.9
456092.3
458121.8
458221.5
460377.9
461338.3
461785.7
462349.3
462961.3
463463.9
464991.6
466025.5
467033.3
468673
470951
471109.6
471775.2
472232.1
472996.5
473736.8
474193.7
474802.3
477677.6
478562
497131.8
498093.3
498441
498803.5
499275.9
500521.6
501194.2
502052
502542.3
502990.4
503813.8
505213.1
515474.6
516011.7
517370.7
517619.4
517828.4
518247.1
518590.8
518750.4
521433.4
522328.4
522992.2
524441.4
533802.7
534575
534841.7
535808.6
547134.3
547622.8
552673.2
553465.5
554019.5
554969.3
555978.1
557866.8
559042.1
560182.3
560285.9
560747.6
561518.1
562125.2
562840.8
563943.9
564691.3
565207.1
566058.7
566459.3
567768
568289.3
568939.6
569891.8
570274.4
570777.8
571623.2
573314.8
574101
574623.4
575160.5
575742.7
576346.6
576619.3
576791.1
577342.8
577790.2
578659.5
579225.9
580440.7
580897.2
581449.4
582864.7
600631.3
601829.6
602730
604312.3
605541
606043.1
609522.9
609875.9
610355.2
612038.3
612238.9
612637.6
613390.2
613930.5
614466.7
615028.8
615494
616222.9
617454.1
618374.5
619107
620262.5
621679.8
623454.2
624015.6
625281
627977.1
628387.6
629118.9
630803.7
632041.5
633190
633734.7
638319.8
642800
643488.7
644352.3
645054.5
645479.7
649270.6
649935.8
650389.8
651129.7
667143.5
667526.2
667820.6
668225.4
669765
669886.1
670184.6
670541.5
670913.3
671411.1
671628.4
672168.1
672434.6
672810.6
673995.2
674783.3
676434.1
676875.2
677304.1
678943.7
679362.2
679967.9
681363.5
682218.6
682798.4
683192.6
683828.4
684348.5
685109.7
685621.3
685943.2
686389.8
687089.9
688276.2
688626.3
689088.1
689758.3
689814.4
690394.3
691095
691650.2
692106.3
692489.8
693308.2
695145.1
695624.4
696708.4
697667.8
699486.1
699895.9
700020.4
700688
701555.1
702308.4
703066.5
703502.1
703866.8
704089
705034.3
705913.8
707491.3
709778.9
709833.8
710981.8
711506.2
711939.3
715414.2
716072.9
716808.9
717601.3
722728.3
725546.4
729515.4
751353.8
755131.6
756033.4
756716.3
757601.1
758235.1
759405.9
759950.8
760247.7
760670.2
761188.6
761505.3
762108.8
762492.5
763787.8
780529.8
782112.4
783355.2
785446.4
786363.5
789884.1
789907.6
790708.3
800309
801289.1
801709.3
802813.1
803377.6
805754
814410.5
815066.5
815447.4
816188.4
817469.7
819589
820797.4
821605.9
825042.9
825797.4
826518
828418.8
828898.2
829789.3
830449.5
830879.3
831568.3
832342.7
832923.1
833555.2
835129.3
837054.2
840911.1
843081.3
843749
844477.4
851032.4
851926.4
853304.7
854885.7
855636.7
856100.6
856742
857597.2
858324.2
862067.1
863810.2
864339.7
864788.6
865264.2
865702.4
866637.3
867664.9
868717.1
869462.3
869807.3
870272.9
871622.2
871680.1
872352.4
873364.2
876194.7
882752.8
882793.6
900634.6
901503.7
902408.6
903274.9
903866.8
904367.8
904720
905300.7
906115.9
907238.4
907812
917179
930019.3
930662.4
931051.4
932754
937831.6
940191.1
943350.9
945052.6
945427.4
946175.6
946680.3
947606
948902.7
950405.5
951033.2
951825.2
952666.7
965174.4
965675.5
966157.2
966841.5
967453.9
968264.8
968941.3
969801.2
969802
970051
970770.9
971565.7
973014.1
973523.9
974157.2
974694.9
975612.3
976305.7
979469.4
979944.7
981644.5
985957.7
986668.2
997082.1
1008868
1011848
1022447
1023542
1029757
1030407
1031101
1031628
1031629
1032898
1052843
1053975
1054434
1055118
1056438
1057077
1057766
1058419
1059103
1060340
1061360
1062365
1062977
1063688
1064258
1065022
1066140
1067040
1067523
1069266
1069996
1070027
1070970
1074340
1076311
1076912
1078779
1079350
1081081
1081943
1082076
1083882
1085066
1089817
1100316
1100907
1101504
1102012
1103034
1104296
1115523
1117477
1118261
1118761
1120209
1125410
1127712
1144614
1147447
1154202
1154720
1155666
1164703
1166140
1167421
1168048
1172664
1173129
1173883
1174734
1175392
1176134
1177790
1178636
1179359
1180298
1181159
1181702
1182341
1201205
1202882
1204752
1206163
1209352
1211982
1212549
1214125
1215675
1216721
1217691
1219165
1219820
1222993
1224171
1225560
1226532
1227434
1227910
1230686
1232149
1235038
1239485
1243302
1244629
1245391
1247097
1247767
1248360
1249323
1249871
1250436
1256420
1263881
1263881
1264799
1266893
1268157
1268600
1269475
1272971
1273375
1273767
1275162
1277411
1278783
1279250
1280093
1280604
1280604
1282836
1284305
1285460
1285785
1286673
1287309
1287977
1288974
1290696
1291461
1291661
1292059
1292163
1292543
1292792
1293262
1293886
1294429
1295091
1295538
1296234
1297163
1298583
1299277
1301457
1302019
1302684
1303124
1303739
1304136
1304599
1305363
1307239
1307699
1308856
1320389
1331944
1355081
1355554
1356229
1356248
1356539
1359238
1361024
1369418
1369777
1370290
1370841
1371370
1371885
1373102
1373695
1374161
1374804
1376176
1376660
1377452
1378250
1378663
1379727
1381235
1382203
1383224
1383899
1385781
1386255
1387341
1387786
1388498
1389296
1390210
1391050
1391738
1392736
1393686
1400274
1400661
1402635
1404106
1405585
1410151
1413914
1414196
1415181
1415962
1416814
1417673
1418672
1421916
1422346
1422733
1423577
1424489
1426607
1428465
1428674
1429270
1436260
1437042
1441254
1442438
1446101
1447406
1449458
1450161
1453443
1456867
1457056
1459180
1460133
1462069
1462464
1462790
1465230
1466926
1468426
1468900
1469794
1469803
1470679
1472414
1473869
1474008
1474860
1476779
1477521
1500978
1502514
1502973
1503403
1503906
1504795
1504980
1505518
1508920
1508948
1510144
1510263
1511552
1512934
1513507
1514669
1515235
1515610
1516653
1517576
1518306
1520085
1521110
1522928
1524820
1525279
1526576
1533627
1537050
1541171
1541814
1543859
1544558
1545300
1548411
1549020
1549532
1550103
1550584
1551188
1552015
1566813
1567321
1569814
1570469
1571233
1572836
1574081
1575203
1576234
1577753
1578708
1579177
1579709
1580438
1580495
1580982
1581332
1581974
1582617
1583574
1584174
1584818
1585417
1587133
1587583
1588135
1588428
1593133
1598999
1601365
1603654
1604274
1605116
1606421
1607086
1609731
1610519
1613195
1614150
1616098
1617995
1620276
1621551
1651535
1651571
1652355
1653588
1654228
1654945
1655665
1656408
1658619
1661681
1662261
1662355
1663053
1663848
1665763
1669662
1672277
1673387
1674324
1674792
1686013
1686405
1686901
1687210
1688013
1696747
1698790
1699762
1700498
1700985
1701439
1701880
1714204
1714590
1724231
1724846
1725561
1728988
1731570
1733324
1735591
1736688
1737591
1739201
1739713
1740995
1741702
1742515
1744332
1745102
1745644
1746085
1748471
1752835
1760700
1765327
1768121
1769138
1769279
1770802
1771606
1772344
1780529
1801468
1803595
1804175
1823755
1825202
1826971
1827512
1827911
1828757
1829215
1829813
1830141
1830553
1831061
1831668
1832765
1833570
1835878
1837191
1838326
1839019
1839608
1842434
1843723
1844577
1850162
1850949
1851295
1851472
1852022
1852439
1852674
1853861
1854541
1858918
1864667
1866449
1875369
1877765
1878648
1879771
1880318
1880822
1882073
1882891
1885520
1886313
1887967
1888618
1889740
1896780
1897929
1898554
1899208
1899897
1900321
1900690
1901221
1902691
1902784
1903550
1904124
1905948
1907012
1907259
1908063
1908064
1911929
1912982
1913082
1914818
1916363
1917629
1919988
1922448
1923260
1924186
1926593
1927611
1928207
1928800
1929931
1931406
1932497
1950653
1952013
1952537
1953643
1956749
1957908
1958070
1959071
1960423
1969666
1980132
1985815
1986164
1998590
1998888
1999490
2000177
2000746
2001780
2002660
2006785
2007343
2009247
2010897
2011448
2012276
2012571
2015240
2018816
2019295
2024124
2025255
2029963
2030580
2031281
2032068
2032155
2033626
2034167
2035189
2035711
2041799
2042664
2047359
2053555
2055237
2061206
2063383
2065848
2080023
2080555
2114011
2115926
2123010
2131878
2132776
2133148
2133597
2134268
2135117
2136985
2137378
2138109
2138748
2139956
2140514
2140893
2141615
2142235
2142710
2143231
2144355
2144763
2146432
2146998
2147649
2150154
2150716
2151250
2151718
2153325
2153333
2157148
2170766
2171180
2171834
2173017
2176718
2177261
2178066
2183122
2184044
2184830
2187133
2188168
2189040
2191807
2192482
2193499
2193821
2193875
2194480
2195467
2196933
2211119
2211663
2214718
2215193
2215771
2216366
2217007
2217531
2217984
2218657
2219183
2219825
2220502
2220968
2221558
2221983
2222260
2222657
2223266
2224197
2224702
2225350
2226167
2226827
2227180
2227578
2228352
2228368
2229504
2230082
2230477
2230984
2233714
2250148
2250651
2251228
2251913
2252433
2253140
2253622
2253689
2254293
2255288
2256286
2257044
2257694
2258724
2258791
2260698
2262252
2270031
2271827
2275085
2297182
2297300
2300496
2300966
2301707
2304516
2305131
2306192
2307948
2312210
2314914
2315781
2316232
2316626
2317037
2323735
2328017
2329439
2344022
2347693
2351248
2351285
2351744
2353885
2354383
2363374
2365714
2367877
2374592
2375037
2375446
2375873
2377168
2377965
2378111
2379118
2380612
2381097
2381711
2382176
2400607
2401308
2401748
2401947
2402776
2403961
2405004
2406278
2409833
2416064
2423028
2423467
2423968
2424750
2425878
2428507
2429394
2430141
2430903
2431600
2432665
2433979
2434628
2435174
2436095
2436842
2437423
2437753
2438453
2439302
2440166
2440601
2441267
2441978
2442440
2443191
2443591
2444846
2446125
2446649
2447272
2448083
2448761
2449980
2450524
2450949
2453597
2465253
2465903
2467222
2467816
2468799
2476361
2496580
2497110
2497651
2498138
2499336
2502687
2502996
2508373
2511975
2512296
2513134
2513494
2515596
2519272
2519593
2520277
2521377
2522665
2523334
2526026
2526743
2530185
2530233
2530589
2530589
2531044
2531516
2532086
2532568
2532628
2533319
2550593
2550955
2551556
2551995
2552644
2561387
2562446
2563300
2565412
2566956
2567321
2567443
2567922
2568812
2569458
2569892
2572179
2573510
2576675
2577107
2577447
2578173
2578893
2580394
2581318
2584926
2586652
2587072
2588810
2588909
2590444
2591493
2592487
2593348
2594471
2594984
2595508
2596120
2598282
2599700
2600533
2603935
2619808
2619964
2620207
2620862
2621616
2622019
2623177
2624129
2624621
2625883
2627905
2628928
2631729
2632595
2633460
2635861
2639593
2640760
2641587
2643056
2667346
2673445
2674075
2674756
2675285
2676928
2677787
2679068
2682460
2702910
2718405
2718706
2719464
2720037
2720776
2721395
2721865
2723303
2723992
2724269
2724768
2725565
2726460
2727692
2728390
2729025
2729546
2731111
2733466
2734330
2749832
2750316
2751048
2751732
2752266
2752896
2753548
2764621
2766374
2767156
2767988
2768427
2768902
2769816
2772086
2773272
2774336
2775229
2776648
2778700
2779576
2780141
2780709
2782617
2784030
2786623
2787062
2788067
2809846
2810351
2810773
2811145
2812285
2814626
2815397
2816192
2816572
2817106
2817795
2817948
2818694
2819761
2829801
2851364
2852857
2853359
2854603
2855475
2877216
2878903
2889831
2890371
2890744
2891324
2892011
2892649
2893289
2893813
2894406
2894837
2895301
2895768
2896310
2896704
2897250
2897591
2898051
2898403
2898919
2899269
2899603
2900178
2900626
2901085
2902118
2904318
2913455
2928257
2929363
2940335
2940852
2941694
2942214
2943298
2944537
2945074
2945438
2946230
2946764
2947101
2947608
2948038
2948815
2949247
2949639
2950258
2950839
2951501
2952654
2953140
2954952
2955442
2956506
2957113
2959379
2959865
2960672
2961578
2962100
2962871
2965471
2967707
2968474
2972777
2973658
2974505
2975986
2977440
2978249
2978833
2980545
2981307
2981772
2983032
2983479
2983824
3027860
3031202
3048506
3051752
3052487
3052841
3053488
3064993
3065661
3066758
3067244
3073292
3073855
3075539
3075614
3076268
3080270
3089364
3090166
3091969
3103060
3103672
3104373
3107263
3107785
3108273
3109206
3114304
3114936
3115852
3117001
3118134
3120875
3122669
3128987
3129847
3153221
3153755
3154221
3154258
3154597
3156422
3157184
3157912
3158713
3159302
3159893
3162044
3163727
3169142
3191127
3194357
3195371
3197109
3198501
3198796
3199624
3200233
3200698
3201317
3203814
3205263
3205959
3214462
3214855
3215589
3216441
3217876
3218230
3218923
3219925
3220050
3220825
3222678
3223852
3224596
3233276
3234315
3235327
3236882
3237321
3237802
3238509
3239223
3239440
3240293
3241416
3242237
3242893
3243513
3244105
3244141
3245844
3246304
3246669
3247315
3248089
3248478
3248907
3250067
3251137
3251996
3253718
3254810
3255751
3256743
3257576
3259439
3259997
3260622
3261391
3262033
3264297
3264820
3266122
3267990
3270182
3271602
3271980
3272622
3273367
3275002
3275744
3276426
3276977
3278549
3278767
3279541
3282602
3283469
3300533
3302244
3302948
3305057
3307032
3307590
3308272
3309121
3310215
3312048
3312672
3341066
3341709
3347272
3349472
3350063
3350757
3351751
3352427
3364713
3365415
3366312
3367336
3368325
3370572
3372742
3374650
3386727
3389335
3390270
3390474
3394009
3399377
3400407
3401347
3401991
3406285
3407532
3408208
3409069
3410271
3411623
3430376
3431109
3431410
3432076
3432700
3450510
3450982
3451301
3453126
3454031
3455087
3455893
3456714
3457559
3458158
3458435
3461936
3463472
3465095
3465774
3465857
3475862
3476648
3477350
3477608
3481314
3481934
3482470
3482471
3492961
3493315
3494761
3499356
3499859
3500281
3500712
3501080
3501490
3502713
3505117
3506891
3514681
3518357
3519098
3520856
3522090
3522637
3523245
3523886
3524751
3526497
3526997
3529488
3530548
3531793
3532365
3532860
3534308
3535727
3541650
3552700
3553485
3554524
3555389
3556625
3557216
3558207
3559401
3561176
3561893
3562766
3564097
3565519
3566788
3567537
3570171
3571451
3572690
3573191
3573749
3574165
3574762
3575691
3576213
3576372
3577228
3577936
3579223
3579769
3580227
3581730
3603905
3616886
3617760
3618723
3619925
3622818
3623339
3624935
3632235
3650281
3650727
3651143
3651524
3652380
3655006
3655951
3659044
3659418
3661988
3662195
3662471
3663504
3664112
3665704
3666311
3666901
3668026
3668888
3669778
3671192
3672001
3672783
3673126
3675073
3675771
3679298
3687967
3688638
3689129
3689766
3690511
3691268
3691366
3691643
3692025
3692671
3693523
3694458
3695139
3696230
3697725
3699176
3700761
3701260
3702205
3703575
3705256
3706732
3707231
3707993
3708634
3709252
3710180
3710258
3710846
3711518
3712243
3713295
3714584
3728672
3729122
3731494
3733554
