2964.335
4540.26
6429.095
18766.02
24074.38
25939.85
74257.31
75213.21
76447.74
77783.67
85448.81
101220.7
106763.7
109085.4
116203.3
122263.7
154835
163341.6
171103.9
188163.8
201386.5
220482
224048.2
225311.1
234893.8
254655.9
257537.6
262672.9
272901
282756.2
300146.7
308366.5
313854.5
333461.8
335436.8
358432.1
360816.9
405081.5
406851
418728.3
456690.9
457336.3
460700.3
463620.9
464483.4
464919.7
468600.6
469541.5
473250.3
474638.7
475250.8
476165.8
489095.2
493327.1
498304.1
501895.5
505618.5
506704
530872.8
533769.4
555862.8
564441.6
579342.1
609672.8
626136.1
632457.1
649689.3
652276
659498.2
660297.1
661081.9
664648.6
665329.1
677820
686779.9
707202.2
708518.2
710815.4
721658.4
726202.1
727851.9
771535.9
774439.4
788316.7
813811.5
815930.3
817080.3
818417.6
836270.6
843815.9
855378.2
868801
881855.5
949378.8
958724.6
959245.1
965701.6
969593.7
971816.3
973141.3
975084.1
976206.7
985515.7
996571.4
999648.3
1007166
1029948
1061675
1062720
1070892
1071547
1077625
1118352
1127668
1128984
1131219
1158208
1175402
1207846
1210412
1218015
1222150
1225672
1231475
1233414
1247216
1248474
1249671
1251595
1255080
1255148
1293524
1297017
1299314
1299996
1324491
1326561
1326601
1327433
1327573
1378493
1393018
1402146
1432368
1433784
1434741
1436296
1443872
1446022
1446994
1447747
1450415
1454476
1460796
1468388
1481557
1504846
1505551
1512870
1517654
1526106
1549394
1551405
1552381
1556935
1565147
1570092
1578775
1582370
1598902
1612206
1618266
1618266
1619890
1652358
1653939
1655351
1665162
1670926
1672251
1672932
1689686
1697212
1723883
1732717
1733205
1734494
1747742
1757849
1777268
1800346
1801966
1811312
1812515
1816328
1817001
1825949
1837638
1848108
1849106
1857991
1858455
1859409
1859928
1865170
1885118
1907441
1911331
1921036
1929364
1980398
1987340
1994917
1996236
2003694
2004532
2009290
2010205
2011114
2012343
2013507
2021397
2029510
2032364
2038867
2047933
2053670
2112211
2114869
2119333
2128751
2138164
2148671
2156115
2157412
2159510
2163818
2172824
2179525
2190967
2195439
2202008
2217893
2220819
2221840
2223265
2226742
2227600
2230602
2254475
2264497
2267292
2287298
2288131
2288199
2292884
2293324
2296759
2301229
2304559
2326944
2332210
2335260
2362109
2367455
2382588
2428046
2428592
2433251
2445740
2449918
2465391
2466099
2481524
2485485
2487142
2498202
2500102
2500634
2504189
2506094
2507309
2511097
2517588
2528523
2532426
2554819
2556407
2557083
2564774
2566697
2569331
2573079
2575761
2576375
2579466
2584372
2587661
2590130
2592800
2594332
2595337
2611181
2614571
2617478
2622140
2622896
2626918
2636955
2649645
2650635
2654414
2658004
2658980
2661373
2662518
2662694
2677475
2681225
2681710
2704326
2725404
2727259
2738222
2739725
2743600
2745535
2745863
2746322
2746389
2746656
2747105
2747613
2749517
2751621
2767887
2769220
2770120
2772797
2778268
2786830
2797875
2800330
2801376
2815170
2829212
2862763
2864546
2876511
2881407
2894953
2901774
2919052
2934116
2934887
2941019
2943580
2950622
2958152
2971952
2973319
3060434
3072333
3074752
3082769
3084693
3091256
3095887
3096799
3098726
3102330
3102364
3105233
3106876
3115063
3118627
3120047
3153631
3158621
3159400
3160608
3163234
3166033
3168318
3169221
3170430
3177784
3179579
3189693
3190412
3197724
3203648
3211051
3223166
3238979
3275834
3282257
3324736
3332901
3333468
3337023
3342321
3353416
3373352
3375469
3384338
3388163
3394120
3396888
3404920
3413375
3422011
3461418
3469284
3470318
3472085
3494351
3522891
3533911
3535130
3551512
3552889
3559628
3563139
3567704
3569003
3603022
3603966
3604316
3605715
3611548
3616259
3616907
3628420
3629786
3681706
3686073
3696182
3700404
3721966
3722864
