7300.799
24044.51
27313.96
28786.45
31155.6
37617.99
38512.67
39164.31
41075.97
44116.19
45234.25
45403.31
47880.99
53332.9
54636.76
61464.83
65547.86
65985.36
67031.99
84090.72
85058.4
86794.31
87825.06
88893.18
89764.47
98152.14
106744.2
117387.2
118210.3
118938.6
120357.4
122865.9
129190
151035.9
152689.7
152764.2
153289.3
153849
154257.4
155080.3
156121.1
157496.3
163779.6
164497.3
164528.4
166021
166530.5
167027.5
167397.3
168202
168480.3
169279
170664.6
172173
174008.4
175446.6
194821.1
195763.4
196135.1
198425.2
198630.1
198909.7
219619.3
222494.1
222546.1
230231.4
235555.1
236498.1
239225.6
242258.2
244042.4
245843.2
247842
248731.6
248807.3
249206.8
249553.2
249971.4
250692.2
251664
254935.1
267081.1
267952
268897.4
270243.3
276729.9
277493.2
300464.2
301338.3
302084.1
303540
304237.3
304951.2
306646.5
307097.5
311028.3
311799.9
315231
317689
319548.3
322344.7
327873
328364.9
329116.2
330148.2
332106.2
332996
338915.2
339062.7
339129.8
340400.1
345386.6
347665.8
349421.2
350460.5
351124.9
365054.9
366986.1
372818.2
376529.2
378849.2
379588.4
379990.5
380977.6
381654.9
382244.4
384308.7
384595.5
384917.7
385571.1
386380.3
391025.2
391757.2
393164
395408.2
396701.2
396893.4
400095.3
405745.1
406416.7
407594.3
417150.3
417885.7
456694.3
488138.5
488783.9
489636
490622.4
491447.8
492384
497541.8
500010.7
514018.4
548615.7
550970.4
559956.4
561432.3
562589.3
570950.3
572323.2
600559.1
603821.1
604073.8
607142.8
608028.3
611416
613441.3
615485.2
616410
618055.8
619861.9
621416.1
622199.6
636629.8
641409.3
648830.1
649377.7
650800.4
667437.5
668177.9
668597.3
668899.9
669534
671516.2
672239.2
672499.3
674976.1
677681.1
678161.2
679049.4
679665.4
680395
681629.8
684936.6
688637.2
689228.3
690803.2
692408.3
693239
694217.9
699571.7
700033
700735.5
701320.4
702555.3
704433
704464
708170.2
709940
710690.9
711236.4
711671.1
713323.7
716899.7
718228.3
718973.5
719782.3
720899
722695.1
725315.1
725466.5
725788.1
726018.2
726697.3
727809
731541.3
732548.4
751267.1
752889.5
757562.2
759204.9
761079.3
763655
775912.6
780103.9
783088.3
783928.9
786032.2
786214.9
787371.9
788544.8
788779.1
789713.1
790710.3
791219
792821.3
794019.1
797093.1
798037
800366.3
802287
822438.2
823029.5
823687.9
824055.1
835350.3
840445.2
841622
849774.3
850824.1
852123.2
853913.3
854610.1
855732.1
857309.3
857830.7
864240.3
865006.2
868430.1
869591.4
870104.2
870857
871955.8
872255.2
872831
879521.9
904041.3
905664.1
906625.5
906892.3
916911.7
917956.6
920456.3
921954.1
923894.3
926466.4
926504.5
927523.2
935468.4
936079.3
936436.1
936734
937347
938082.7
939653.1
943576
944274
947832.9
949722.6
949863.3
950627.1
952839.8
953523.7
954977.2
958009.3
958148.1
958724.9
959232.2
965202.9
966329.3
968566.7
969956
970908.6
972502.8
972679.4
973538.9
975373
975826.5
976309.7
977203.6
978592
979928.3
980586.8
982337.9
983129.2
985726.9
985885.7
986411
986438.9
987423.8
987870.1
989751.1
990704.4
991418.3
992074.9
993451
995733.9
996411.2
998126.8
998767.3
1000169
1001558
1002354
1002483
1002839
1003301
1004600
1006498
1006780
1007007
1010017
1014363
1020502
1020620
1020749
1021388
1023893
1024854
1028876
1029236
1029409
1050062
1050942
1057216
1061873
1063771
1064254
1075004
1075763
1081877
1084525
1086196
1086878
1089074
1090044
1090657
1091192
1092749
1093656
1093994
1094337
1094369
1095744
1096483
1097257
1097524
1097845
1099521
1100408
1102208
1103759
1106013
1119599
1121082
1127063
1135560
1136599
1137859
1139333
1141473
1143408
1147182
1148470
1149221
1149685
1151316
1152686
1153265
1155109
1156005
1157307
1157476
1158534
1159161
1160625
1161320
1162606
1163430
1163531
1164200
1165399
1166329
1172854
1172931
1177857
1179023
1179730
1182550
1203133
1204034
1204753
1205080
1206473
1206963
1207148
1208005
1208960
1209686
1212589
1215648
1216668
1216833
1218402
1219320
1219660
1220069
1221846
1222801
1223046
1223518
1224485
1225615
1226302
1226738
1226969
1227700
1228599
1236744
1237498
1242999
1245221
1247280
1250318
1250723
1251406
1257112
1270036
1270833
1276231
1276443
1276731
1277339
1278592
1278835
1283406
1285900
1291030
1291864
1294770
1295317
1296375
1297188
1297771
1299712
1303871
1304801
1306429
1308902
1312571
1314423
1316775
1317451
1317834
1318195
1325278
1325816
1326174
1327646
1332129
1350163
1353321
1357605
1361000
1361977
1362583
1363320
1364170
1367225
1373271
1374616
1376129
1377635
1379652
1380205
1380818
1381051
1381739
1382254
1382393
1386023
1387283
1388277
1389191
1391066
1393783
1397251
1397844
1399724
1400919
1401608
1403189
1419791
1426140
1438799
1440236
1443659
1444698
1445555
1446605
1447737
1454096
1455738
1455756
1456129
1456964
1458788
1459741
1462564
1462977
1463239
1463555
1500353
1500924
1501578
1502312
1506048
1507975
1511600
1512468
1512914
1513707
1513943
1517558
1529663
1536192
1540754
1571532
1571764
1572593
1573281
1573606
1575171
1575591
1577377
1578060
1579471
1580115
1581309
1581573
1582170
1586761
1588656
1588758
1589303
1592215
1592862
1593958
1594007
1594671
1595010
1598114
1602330
1602886
1603384
1603497
1604111
1604509
1605332
1605706
1606101
1606981
1607418
1608078
1611180
1611944
1612272
1615394
1616644
1617063
1618896
1620635
1622956
1624822
1626549
1627049
1629597
1631133
1632906
1633334
1652243
1654523
1656157
1656723
1657172
1658175
1658421
1658610
1659703
1660240
1661396
1663795
1664072
1670996
1671918
1674948
1677646
1678192
1678767
1687137
1687740
1688196
1688659
1689322
1691580
1696353
1696781
1698139
1700146
1702692
1703298
1718478
1723089
1725778
1734843
1740467
1746455
1767540
1770813
1772270
1774512
1778307
1779450
1779869
1780480
1800486
1803406
1804187
1805885
1806283
1807366
1807682
1809717
1810698
1811462
1812910
1817886
1820745
1821112
1821707
1822525
1825222
1827269
1828703
1830940
1831925
1832920
1835216
1836060
1837448
1838404
1839163
1841771
1873317
1879580
1880540
1888019
1890217
1890701
1890924
1891321
1891706
1892355
1893193
1903382
1905009
1907249
1908049
1908435
1910131
1911970
1914311
1916664
1917995
1920245
1921089
1922257
1923923
1924818
1927420
1929585
1930286
1930491
1950982
1951115
1951823
1952518
1957718
1958579
1959082
1959209
1960836
1961986
1963480
1972582
1973743
1975027
1979884
1984581
1985845
1986117
1989289
1991152
1992157
1992788
1993497
1994558
1994896
1995369
1995950
1996471
1998906
2001800
2004153
2004948
2009573
2010121
2014674
2015882
2018058
2022078
2026504
2027226
2027637
2038202
2039663
2049433
2050587
2056316
2057942
2063152
2067059
2068782
2069597
2070049
2071419
2100231
2101391
2102418
2105082
2111661
2113276
2117604
2118813
2119609
2121211
2122698
2123481
2125611
2128577
2130668
2138208
2138303
2139977
2140878
2142415
2145978
2147510
2151342
2153438
2156612
2157083
2163156
2164107
2165531
2169819
2177585
2190963
2198689
2199398
2199901
2211278
2222303
2225599
2226149
2226183
2228242
2228977
2251799
2253744
2254232
2257070
2258539
2259582
2261415
2267097
2268805
2269022
2270287
2271746
2274033
2276558
2277139
2277582
2278054
2281188
2282692
2285567
2289248
2290811
2291263
2292187
2292830
2292990
2293190
2293602
2295098
2299116
2299505
2302070
2303541
2303837
2308983
2316195
2319712
2321450
2322974
2324172
2329916
2334782
2337909
2338012
2338572
2339422
2343568
2346054
2352378
2353347
2358240
2360848
2362830
2367789
2368163
2372829
2378576
2380622
2406078
2406741
2412891
2416004
2422857
2434184
2434471
2435490
2442043
2443737
2444195
2444741
2445829
2447243
2449573
2460212
2461613
2472478
2476534
2478487
2479800
2482541
2484401
2484798
2486547
2487587
2492881
2495090
2496611
2498541
2499213
2505007
2506758
2506928
2507650
2516932
2517792
2518762
2519901
2523812
2524568
2550106
2551416
2551866
2554440
2555679
2559725
2560804
2562025
2566373
2570697
2577370
2581003
2584254
2590927
2593271
2594025
2594228
2594476
2595329
2599091
2601123
2607799
2612300
2618268
2618998
2624559
2629603
2630089
2630719
2633579
2636037
2636333
2637909
2638653
2640250
2640725
2645818
2648078
2650185
2650355
2651258
2652516
2652646
2653201
2654921
2655718
2657505
2659885
2661470
2665247
2667859
2672938
2679400
2700486
2702313
2703642
2705151
2709077
2710739
2716425
2732352
2733790
2738461
2739409
2745105
2745794
2746327
2746555
2746758
2747808
2766956
2769863
2770845
2770873
2775179
2776480
2783533
2785583
2786639
2791829
2793584
2796048
2797554
2799316
2800160
2801102
2806379
2806885
2807235
2807260
2807675
2814202
2817260
2824807
2825739
2827988
2832026
2832349
2833382
2853530
2854759
2856873
2858459
2864810
2865942
2868229
2869981
2870169
2871345
2880957
2884196
2886859
2888461
2891096
2897762
2899114
2909186
2937106
2937945
2938862
2942604
2950012
2957767
2960282
2965194
2965580
2966072
3000080
3001665
3003337
3024516
3027761
3029354
3030705
3034088
3034644
3034709
3037764
3038418
3041362
3045790
3046615
3068638
3072458
3072746
3073123
3073387
3076033
3081422
3087775
3088816
3091559
3102478
3103422
3107211
3108898
3112079
3116268
3117680
3118068
3119516
3119980
3123025
3125739
3126214
3126318
3126799
3127989
3131336
3131928
3132933
3155536
3155831
3156762
3157395
3158388
3159424
3160607
3161447
3165061
3168430
3168633
3169814
3171167
3172384
3174159
3174806
3175086
3175800
3175878
3178079
3181554
3182690
3183380
3187613
3189594
3193477
3194574
3194955
3195793
3195835
3197381
3197559
3201193
3215256
3224014
3225167
3248406
3255825
3257816
3265711
3267918
3271348
3273798
3274632
3282037
3282965
3283281
3308506
3310908
3312081
3313996
3315415
3317124
3318708
3320164
3321960
3323537
3331287
3333390
3334666
3335768
3338310
3341323
3341737
3347788
3348296
3348684
3349626
3350149
3365619
3370122
3370689
3371145
3373539
3373952
3374128
3389293
3393048
3394765
3395141
3395705
3395962
3396865
3400945
3403144
3423646
3424821
3426348
3428594
3451843
3454580
3457110
3458243
3459956
3460554
3461631
3466143
3471760
3471947
3473041
3473435
3475750
3477602
3479482
3480524
3481569
3481816
3482766
3484415
3484929
3485279
3486187
3493820
3495643
3496464
3497103
3500352
3508304
3518634
3521318
3521356
3522609
3525373
3525995
3526310
3527621
3528055
3528272
3528772
3532750
3534977
3538430
3540371
3563382
3564169
3566008
3567744
3571180
3571579
3572899
3575267
3601710
3604924
3606023
3607515
3612101
3613776
3614927
3618034
3621145
3621879
3623546
3625785
3626122
3626427
3626882
3626994
3628160
3628584
3629220
3629921
3631396
3633425
3634957
3639041
3643181
3656271
3700611
3701348
3702171
3704205
3705721
3706064
3706452
3715887
3719935
3725658
3728150
3728879
3730729
3732838
3733157
