7037.956
23029.98
23534.09
30521.84
31312.12
31914.95
32645.8
36567.65
37500.99
67362.69
68050.9
72498.85
76162.79
76911.44
77480.32
84422.35
86560.54
87490.67
88640.25
89142.07
89825.36
92412.36
102471.4
103231.4
104249.7
106006
109647.1
111164.2
117168.2
119913.4
120641.7
122435.3
123497
124030
126337.3
130763.6
156351.4
157701.6
158646.8
163440.8
168434.7
169290.5
170680
171424.4
177280.9
178047.9
179368.3
180653.2
192632
194968.3
201995
217023.8
217616.8
234885.8
256888.7
259163.9
266696.2
274225.9
277188.6
277752.6
280717.8
281221.6
281809.7
302161.9
304116.3
304606
308410.9
309585.5
309951.1
320690
340319.7
345129.4
346585.4
347391.9
347730.1
348350.1
349013
352425.9
369412.7
370482.8
374071.2
401263
407974.3
408912.8
414187.9
414757.1
416551
417154.2
419138.7
419789.3
424476.7
425737.1
426790
431056.5
431630.1
432544.8
432995.5
455678.4
456549.3
473059.3
474369
479572.7
481813.7
482808.3
484424.4
487773.8
516467.7
529596.4
546694.8
548415.3
555590.3
557628.1
559613.4
560044.2
560589.8
561702.8
566331
574459.8
576529
577178.5
577806.2
578248.7
604662.6
605407.1
606375.2
666346
668433.7
669285.7
686067.2
686472.2
698357.1
700931.1
705974.4
709096.4
713805.4
714669.7
723920
729490.6
751865.4
752408.2
753518.8
757931
768857.8
771213.7
773696.8
781456.4
785246
795628.8
801946.5
835280.1
837775.2
843364.7
844389
845055.4
855274.2
855878.4
859462.3
865345.4
867816.9
868584.2
872485.4
875469.5
877665.5
878299.7
879418.5
880508.4
881693.3
908561.3
909327.7
913934.3
914602.2
921315.7
922372.9
922748.8
923965
927054.6
928271.7
928905.7
933068.7
936230.2
936955.7
938681.8
942847.1
946231.9
947801.6
948286.9
949097.3
967307.5
969068.4
969773.3
981742.7
984203.4
993366.1
994684
1007413
1020249
1021964
1022868
1024012
1024877
1026103
1032284
1062378
1063173
1079752
1084914
1094243
1095479
1096159
1102916
1133640
1134849
1150279
1152844
1158245
1158352
1163500
1176015
1178109
1201981
1205728
1220268
1222050
1223558
1224101
1227265
1227630
1228385
1229600
1230137
1232331
1237709
1244003
1247075
1247838
1248572
1250396
1271118
1276524
1277552
1284318
1287007
1288179
1289304
1289904
1290602
1300151
1307384
1308359
1311336
1320511
1325044
1328444
1352948
1353401
1354014
1358426
1360452
1361615
1363451
1364764
1365656
1369906
1376176
1380320
1380721
1382218
1383348
1392104
1401359
1414524
1418678
1423109
1430353
1432039
1434421
1435650
1436273
1437439
1437924
1448124
1449034
1450074
1453704
1454270
1463712
1465731
1467410
1468189
1478163
1479078
1481729
1482134
1483196
1500911
1502090
1505654
1507743
1509868
1511840
1517519
1518396
1520769
1526857
1529197
1534833
1540310
1542383
1542875
1544884
1573450
1579076
1579977
1584517
1587669
1588230
1588713
1589623
1589634
1591479
1591991
1592994
1600300
1601258
1606089
1609982
1615086
1615924
1616555
1618749
1621726
1623657
1625511
1626061
1630472
1632037
1651965
1656865
1659958
1660530
1661082
1663413
1664951
1665815
1667949
1670395
1673840
1674639
1675455
1677663
1677885
1678393
1681178
1684454
1685170
1686197
1687467
1690847
1691315
1693713
1697274
1701489
1715019
1722378
1723512
1727592
1728422
1729412
1731705
1732310
1733367
1739101
1742920
1750769
1752260
1757959
1759060
1761149
1767230
1769875
1774344
1775315
1807939
1809443
1811848
1812367
1812903
1813561
1814895
1815654
1816190
1821390
1822279
1824561
1825775
1828479
1829403
1830614
1831697
1833460
1836080
1837304
1840191
1847350
1849271
1849854
1859366
1860422
1860887
1862032
1864831
1865593
1866050
1866411
1868031
1869028
1869357
1871478
1874685
1875824
1878903
1879248
1879966
1880438
1881431
1882464
1882778
1883208
1884944
1885303
1885851
1886291
1887690
1888116
1893715
1894286
1896189
1896726
1898572
1899598
1900354
1901519
1902659
1904359
1905801
1907013
1910019
1923776
1924257
1931122
1932949
1952150
1959457
1963690
1967870
1968760
1971375
1972550
1973600
1980599
1983437
1984175
1987489
1988421
1989485
1991237
2001562
2011768
2012686
2013569
2016155
2017310
2018105
2018883
2020278
2020799
2024096
2024769
2033867
2043315
2045134
2046601
2048559
2049460
2050097
2051313
2051936
2052672
2053122
2054030
2061367
2061922
2069580
2071074
2073278
2074040
2074533
2103843
2106740
2107538
2121767
2123192
2123596
2124745
2128717
2129919
2130636
2131691
2133813
2136662
2138587
2139080
2145440
2149792
2150321
2166513
2169911
2172231
2173326
2175676
2177570
2182626
2187338
2189525
2194931
2195678
2198063
2199586
2201384
2206949
2215295
2223009
2224336
2224848
2229226
2230401
2258282
2264188
2266111
2267787
2271878
2282620
2285387
2297130
2297766
2323528
2324974
2329009
2329587
2330172
2330482
2333136
2334182
2350504
2358734
2359168
2359881
2360471
2361313
2361749
2361892
2363120
2366637
2369088
2369798
2370829
2376225
2377256
2379857
2381026
2404284
2405568
2406134
2406559
2407755
2409570
2411227
2416804
2418911
2423212
2423841
2429303
2439132
2469990
2470544
2471375
2476888
2486587
2492240
2492993
2495093
2500452
2507317
2508911
2510381
2512087
2513288
2516110
2517223
2518231
2520650
2522435
2523334
2524287
2525299
2525609
2526706
2528336
2530610
2531373
2531883
2533128
2553334
2559035
2562692
2572726
2579653
2580380
2582165
2582844
2584970
2585376
2586576
2590719
2591759
2594812
2595005
2595647
2596098
2598221
2599842
2601639
2601966
2617932
2624140
2625543
2626018
2626527
2627088
2628546
2631675
2632879
2633490
2633997
2634403
2634955
2635394
2635721
2636205
2637075
2637550
2638283
2638857
2638923
2639768
2640542
2641361
2642652
2644713
2646467
2646815
2648941
2650779
2651404
2652864
2653564
2657993
2658460
2662246
2662918
2665574
2666307
2672932
2674839
2676540
2677377
2700802
2703923
2705073
2705653
2706343
2707033
2707748
2708646
2709474
2710416
2711772
2716755
2726304
2727249
2730784
2732388
2734278
2734677
2735292
2736330
2738313
2738683
2739248
2739853
2740823
2741582
2742264
2742706
2743388
2744534
2745380
2746047
2746483
2748475
2753996
2767806
2789764
2791189
2791694
2792478
2793123
2794014
2798120
2798584
2802284
2813620
2814868
2818240
2828627
2830669
2831302
2833391
2833411
2850288
2852220
2855219
2855970
2859317
2860944
2861242
2862617
2863227
2866552
2868101
2874880
2876507
2882134
2884105
2890329
2890925
2892994
2893755
2894526
2895393
2897186
2897608
2898419
2899987
2902718
2920683
2921759
2933588
2934158
2939506
2958237
2965843
2969144
2970916
2971670
2972322
3002549
3005204
3006780
3007416
3023028
3023372
3027487
3027905
3027918
3032151
3033406
3035525
3036766
3038564
3039089
3041241
3045953
3046848
3055340
3068658
3069128
3081405
3081969
3094825
3097116
3097240
3099975
3107238
3108656
3125545
3130361
3150893
3157189
3160984
3161369
3161781
3183910
3185006
3190343
3191271
3194770
3198190
3198843
3200221
3204489
3217946
3218808
3222176
3231745
3232541
3234918
3235371
3236184
3240827
3241554
3246308
3247320
3279872
3305923
3306493
3314515
3315916
3317089
3320037
3321698
3322457
3322993
3325841
3328599
3329347
3330337
3332194
3332955
3333298
3333621
3334788
3335242
3335898
3338559
3340059
3345192
3345980
3346354
3350048
3352033
3354573
3356433
3357492
3359228
3375007
3375991
3376797
3377456
3377607
3380674
3381254
3381851
3383639
3384835
3386490
3388525
3390740
3391427
3406676
3407949
3408763
3409595
3410850
3411722
3418264
3423827
3450400
3452822
3457164
3458105
3459333
3460254
3463314
3464357
3465520
3465788
3468252
3473243
3475570
3480508
3483662
3493473
3510235
3514949
3516721
3517245
3518721
3524723
3525655
3528466
3532406
3533089
3536738
3537193
3537806
3538534
3538958
3543792
3544247
3546174
3546758
3547425
3547951
3549106
3550561
3554089
3554730
3555147
3555478
3555955
3556441
3557349
3557676
3558057
3559133
3559217
3561334
3567773
3568970
3571715
3572989
3573162
3574010
3575725
3577277
3577928
3580443
3609872
3611164
3618044
3618787
3624204
3625154
3626961
3628134
3630946
3637443
3642372
3642929
3643593
3644621
3650513
3654217
3656110
3659218
3666296
3667037
3667726
3668408
3670310
3670971
3674700
3686417
3692091
3695303
3701317
3701943
3702902
3703670
3704525
3705836
3711106
3732295
