7465.64
8097.46
10983.45
11531.1
15079.45
15547.14
16728.79
17535.4
18684.57
19514.1
20200.43
20632.14
21051.04
21628.57
22104.04
23279
24076.32
24734.83
25292.81
25729.11
26388.45
26894.79
27360.06
28048.77
28686.37
29428.8
29951.38
32111.52
34529.99
38035.1
38499.36
39409.57
40505.84
44569.05
45426.71
46163.13
46832.38
48124.53
48551.64
49261.71
49391.05
49949.65
50736.21
51097.02
51711.71
52516.14
54513.94
56361.74
66520.97
67522.32
68362.36
69141.86
69668.66
71021.08
73379.27
86803.58
89627.64
99939.65
101249.7
102450.1
104904.5
106445
107389
112662.2
113622.7
114745.9
116418.3
119410.3
120922.4
121387.6
121858
125212.6
125845.9
126637.2
127694.3
128756.2
129753.2
130496.8
131247.1
131935.8
151499.3
152783.3
155723.7
161671.2
163022.4
165073
165972.9
166950.5
169200.3
169693.9
170316.2
188785
189151.7
201373.7
201743.6
202115
202714.1
204469.3
205292.8
206191.5
207447.4
208252.8
208629.2
209303.3
210654.2
218114
224161.4
225627.7
230835.7
231428.9
233166.5
240321.5
241180.4
241903.9
242620.4
243116.7
244109.2
244639.3
245422.3
245953.3
246390.5
246975.8
247528.6
248004.4
248451.8
248920.3
249304.7
250055.3
251315.1
251684.2
252122.8
253384.4
253856.3
254700.7
255746.8
257936.4
260030.5
260687.1
261108.9
262121.9
262514
262999.6
263831.5
264592.2
265094.6
266379.5
267103.5
267441.3
267787.9
268016.2
268441.6
269079.7
269373.7
270247.7
271425.2
273576.7
274371.4
275256.2
276217.4
277210.9
277885.7
278260.5
278780.3
279929.2
281301.7
281782.1
283006.6
302363
303033.8
304387
305750.9
306553.6
307728
308644.2
309172
309866.6
310821.1
311501
312344.5
316312.3
328037.8
328602.5
330101.4
332432.7
333027.7
334262.6
335012.6
335125.6
336006
337438
337849.3
338406.6
338903.7
339490.5
342255.1
345076.1
349423.3
352077.6
354587.4
355452.7
355983.1
358164.5
358704.9
358940.9
359398.9
361047.3
361844.9
367379.7
368567.8
369137.3
369852.5
370449.7
371315.9
372550.8
373278
374068.9
378065.8
379056.2
379668.2
380187.2
382291.8
382809.1
387236.7
387959.9
389367.6
390627
392473.2
393009.3
394106.6
395464.3
396536.9
397131.7
397667.4
398795.3
401164.5
401719.1
402596.9
402655.7
403165.5
403773.4
404763.7
406353.8
407289.2
408651
414304.3
414762.2
416144.5
416464.9
416778.1
417822.5
420185.3
421504.6
421912.2
422590.5
423796.5
424487.4
424871.8
425326
426723.2
426945.3
428403.4
429648.1
432961.5
453193.6
456173.7
456627.4
457495.2
458595.4
459703.1
460542.1
461112.2
461691.5
462345.4
463862.1
465583.8
466351.6
466975.2
467598.5
468214.7
469866.3
470313.4
470774.9
472381.1
473034.2
473548.1
474114
474756.7
475373.2
475999.2
477064
477093.5
478572.8
479020.6
479639.3
481056.9
482114.4
484608.9
485158.2
486053.9
488394.6
489039.8
489604.5
490949.1
491484.7
492069.3
492918.9
493580.2
494178.1
494607.2
495130.3
495645.6
496192.6
496665
497947.4
498454.8
499085.9
499729.7
502266.7
518964.9
519420.1
520150.3
521298.3
521985.1
522550.6
523139
523196.9
523348.7
523985.3
524138.4
524619
526819.9
527507
528426.7
529982.8
537451.2
539901.6
541343.3
541560.9
542229.1
543670.4
544135.5
544735.3
545276.2
546301.4
547506.3
547509.8
548217.8
549270.5
551063.7
551980.3
552491.2
553190.6
556076.7
556439.1
556970.4
557685.9
558416.8
559403.7
560177.8
561033.4
563837.8
569237.7
573174.8
574245.2
578638.5
579342.8
601732.8
602437.5
603507.3
603621
604086.7
604524.4
606998.4
622702.3
623401
627522.4
630641.2
631163.4
633768.9
635774.9
636312.6
638093.1
644253.9
657965.3
662036.8
669029.5
669573.4
669901
673531.2
674956
676505.4
677107.8
692371.5
693201.2
694107.6
694734.4
695790.3
696337.4
697171.4
699307.8
700336.3
701477
703520.4
705258.2
705842.5
706368
707675.7
710229.5
710978.9
714624.6
715265.9
716367.4
721835.2
723980.6
724946.3
725620.1
726119.3
727153.4
727953.2
728780.4
730068.2
730805.9
731769.5
750511.5
752416.8
753998.1
754285.2
760453.8
767689.9
773635.6
774090.2
776170.9
777304.3
778357.8
778541.1
779429.4
780594.2
782877.5
783436.4
783905
784678.7
788984.7
796630.4
802675.4
803490.2
804083.1
804984.7
807480.6
818056.2
820025
820799.5
821200.7
825294.1
826090.2
827699.5
828193.3
828852.1
831875.4
832673.3
834794.5
835754.6
836319.7
838480
845294
857618.8
858378.9
858974.5
860156.7
860739
861879.4
866284.6
876489.5
877160.7
878026.8
878921.1
879623.8
881409.4
882032.3
882777
902420.7
903123.4
903998
904456.1
905264.2
906196.5
906986.2
907933.8
908389
908885.7
909336.3
911164.4
917827.2
918293.5
919777.1
923111.8
923692.7
924182.6
925788.1
928554.6
932778.3
937115.5
937483
939294.4
939964.1
940683.6
941531.4
943373.3
943847.6
944414.1
946317.4
947872.2
948562.3
954833.6
956111.7
956514.8
956996.1
967496.6
968802.9
969150.6
969666.8
970621.4
971255.7
972233.4
972378.7
973430.8
974007.1
976107.3
976819.5
977529.7
978459.8
980095.1
980697.2
982244.4
982443.4
984129.6
986509.7
987344.8
991495.5
992757.6
994306.2
994777.6
995369.5
1002693
1026965
1027505
1028209
1028335
1033598
1050964
1052211
1053203
1053680
1054390
1055783
1060437
1061956
1063123
1064157
1065106
1065548
1066017
1068839
1072637
1073294
1073654
1074190
1078982
1080467
1085383
1086303
1087415
1088224
1089564
1091587
1092069
1092754
1093214
1093648
1093690
1094070
1094664
1095354
1096576
1101187
1101991
1102614
1103461
1104171
1104977
1122046
1122816
1123658
1124573
1125307
1125373
1126563
1127578
1128128
1129135
1132904
1133885
1134493
1135814
1137083
1137584
1138233
1139129
1142843
1143319
1144249
1145346
1146786
1147404
1150065
1155969
1167783
1168402
1170206
1171723
1176630
1176972
1180316
1183693
1200784
1201588
1206918
1207732
1208348
1209246
1210060
1211504
1212134
1212951
1213505
1214197
1214875
1215584
1216187
1216920
1217395
1217873
1218638
1219011
1219823
1220602
1221293
1221835
1223471
1224232
1224646
1225244
1225631
1226107
1226501
1228720
1232124
1233752
1235808
1236362
1236774
1237038
1237322
1237847
1238405
1238915
1239651
1240735
1241360
1242062
1242547
1243835
1244527
1245292
1246253
1246627
1248034
1249885
1251404
1251779
1252695
1272967
1273064
1273720
1275480
1280255
1280998
1299086
1299805
1301019
1305447
1306416
1311011
1312441
1312973
1313465
1320984
1322254
1322856
1323465
1324481
1325360
1326110
1326652
1327138
1328295
1328704
1329195
1329632
1330347
1330701
1331024
1331339
1331751
1332150
1332551
1333042
1350104
1350570
1350948
1351449
1351781
1352131
1352786
1353791
1354342
1357778
1368329
1368919
1369410
1377355
1378660
1380563
1381017
1381874
1382556
1383267
1384357
1384833
1385480
1385800
1386450
1390290
1391539
1392923
1393558
1394586
1395227
1396373
1397298
1397631
1399349
1400951
1403302
1404154
1409944
1410458
1417019
1418594
1419250
1423918
1429158
1436440
1439338
1440152
1440805
1445299
1445844
1447104
1448920
1449595
1450389
1451087
1454414
1454760
1455008
1455919
1457074
1458170
1459499
1460561
1462757
1465801
1474610
1475564
1477367
1478592
1479085
1481777
1502401
1504089
1509271
1510354
1511084
1512245
1512721
1514117
1514866
1515514
1516017
1516981
1524769
1529587
1530896
1531693
1532365
1534288
1538901
1539549
1540569
1542292
1543056
1543604
1546295
1546889
1547860
1548387
1548855
1549601
1550391
1553101
1553601
1559079
1567974
1568325
1569246
1570129
1570912
1571271
1571689
1572092
1572530
1572611
1572785
1573092
1573417
1573767
1574022
1574360
1574654
1574830
1575019
1575399
1575720
1576087
1576632
1577819
1578013
1578388
1578723
1579378
1580098
1580590
1581028
1581494
1582185
1590761
1607518
1607867
1608803
1609735
1618029
1618943
1620366
1620419
1621625
1622316
1626537
1627549
1628572
1629024
1629941
1632227
1632991
1633552
1654114
1655241
1656005
1656847
1657713
1658458
1659183
1659846
1660802
1664818
1666178
1669591
1670784
1675031
1684155
1698437
1698846
1699587
1700800
1701567
1701917
1702527
1703648
1705558
1707005
1707175
1707703
1708155
1711368
1712031
1713072
1714336
1716121
1717058
1717446
1718301
1719653
1720571
1721366
1724965
1726867
1729249
1732032
1732038
1735898
1737293
1740596
1751135
1751874
1754179
1754624
1755909
1758064
1771427
1772801
1776534
1781756
1782514
1783265
1801277
1801762
1802213
1802996
1803429
1804641
1805646
1806319
1806766
1807478
1809726
1810535
1811157
1811725
1815595
1816306
1818184
1818970
1819363
1820036
1820614
1821208
1826558
1826840
1827240
1828331
1828874
1829819
1830267
1830965
1831359
1831702
1834807
1835973
1837032
1837731
1838013
1839021
1840404
1841336
1841779
1842569
1843120
1843774
1844298
1845007
1850432
1852012
1852400
1852738
1853866
1854323
1854797
1868671
1870113
1871318
1873651
1877354
1878136
1880108
1881777
1883473
1883849
1884682
1889332
1891140
1891772
1893492
1894074
1894510
1895022
1896879
1897472
1899401
1900169
1900664
1901402
1902234
1907492
1920233
1921047
1921611
1922244
1922908
1923397
1924349
1925180
1927241
1927847
1929629
1931018
1955978
1961111
1964862
1965493
1966260
1966716
1967589
1968243
1968982
1972058
1972463
1973080
1973700
1974304
1974897
1975929
1987064
1987547
1988340
1989325
1990172
1991280
1993144
1994714
1996721
1997150
1997885
1998542
1999539
2000535
2001420
2001900
2003284
2006933
2008825
2014725
2020227
2021903
2028731
2029242
2030131
2033402
2034649
2037082
2038640
2039022
2041168
2041682
2042249
2042821
2043322
2043846
2044358
2054338
2056295
2057106
2069407
2073215
2073749
2074313
2076474
2080500
2083055
2100074
2100692
2102619
2103605
2116410
2117243
2118409
2120096
2121252
2122244
2131237
2144109
2146630
2147502
2148046
2149053
2149324
2150041
2150672
2151931
2152451
2152884
2153665
2154083
2154824
2156302
2157646
2157962
2158501
2159626
2161071
2163181
2165640
2167504
2168217
2168910
2169537
2170582
2170998
2171796
2172779
2173251
2173517
2174048
2174416
2175171
2175642
2176106
2176981
2178289
2178692
2179848
2180571
2181120
2181993
2182331
2182917
2183555
2185470
2186067
2189352
2189770
2190305
2194263
2195114
2195575
2196180
2197008
2198204
2199368
2199785
2200720
2201494
2202260
2204093
2205792
2208685
2209197
2209620
2210319
2217976
2218425
2219236
2219854
2220394
2222372
2222991
2223677
2225586
2226413
2227948
2231487
2250150
2250703
2251117
2251785
2252036
2252484
2253046
2253511
2254861
2255559
2256294
2256695
2257017
2257583
2258094
2258840
2259374
2260145
2260535
2260931
2263059
2263550
2263837
2264212
2265264
2266334
2267277
2267906
2268478
2269008
2269572
2270072
2270673
2271290
2271971
2273393
2274969
2275570
2276221
2276854
2279642
2280737
2281208
2282670
2283014
2283493
2285677
2286528
2292553
2293261
2294659
2296389
2297215
2297733
2298760
2299463
2303867
2304615
2310439
2318043
2318706
2321421
2321950
2322565
2323438
2325622
2327722
2328601
2329784
2332110
2341336
2341764
2347243
2352289
2352692
2353343
2357002
2359777
2360431
2360848
2362044
2363842
2366136
2367808
2370048
2373691
2374562
2375112
2379209
2379753
2380148
2381123
2401191
2407653
2408673
2409628
2410587
2415574
2419583
2423509
2430156
2431632
2432120
2432518
2433338
2434753
2436342
2437231
2437981
2438598
2452342
2452909
2453664
2473055
2473649
2474383
2474790
2478628
2479245
2479267
2483429
2484881
2485338
2486284
2487850
2493107
2494543
2502138
2504523
2505830
2506295
2506703
2523618
2526819
2528378
2554568
2555089
2555929
2556654
2559076
2559428
2562026
2567733
2569347
2570303
2579342
2581104
2583009
2583456
2583771
2584479
2586302
2586711
2587570
2601322
2602105
2602874
2604215
2604951
2605225
2606263
2610787
2612118
2613259
2614971
2615467
2616014
2621927
2622412
2625782
2628632
2638753
2639285
2639880
2640452
2641571
2643885
2644490
2645155
2645602
2646150
2647421
2648009
2648457
2649152
2649779
2650643
2651068
2651520
2652251
2653106
2657355
2664314
2664820
2665533
2666155
2666743
2667234
2668340
2669156
2669623
2669701
2670129
2673579
2675709
2679707
2681076
2682516
2700507
2701195
2702690
2703589
2705805
2713932
2714517
2718170
2718792
2720070
2720798
2724580
2724959
2725524
2730523
2732091
2734038
2734759
2735483
2736012
2736710
2744385
2745014
2746318
2747304
2748119
2748682
2749574
2751790
2752926
2753755
2754366
2754841
2755244
2756535
2757272
2757925
2762547
2768990
2769461
2769918
2770664
2771675
2772204
2772752
2773373
2774040
2774263
2774875
2775523
2778397
2779805
2794286
2795116
2796275
2797030
2797661
2800017
2800868
2801451
2802690
2803600
2807726
2808488
2814912
2816515
2820667
2821118
2821278
2826901
2850218
2851120
2851971
2857859
2858843
2862496
2863903
2864465
2865267
2866143
2866580
2867806
2870361
2870861
2871728
2872049
2872584
2873878
2874661
2875093
2875591
2876108
2878559
2879828
2881385
2882323
2884018
2884592
2884957
2885697
2886216
2886681
2887266
2887640
2888500
2890627
2891438
2891940
2892526
2893668
2896757
2897727
2898477
2899351
2900248
2900963
2901908
2903926
2905122
2937205
2951009
2952468
2953259
2953599
2954160
2956539
2957539
2964856
2966791
2967660
2969160
2970393
2971108
2971332
2971607
2972201
2973501
2974571
2975560
2976064
2978354
2978718
3000555
3002122
3002757
3003265
3003994
3006300
3010631
3011957
3014273
3015108
3015691
3016512
3017325
3017790
3018382
3018838
3020117
3022260
3023255
3029960
3051602
3052071
3052931
3052999
3053540
3054128
3055000
3056038
3056483
3058210
3059239
3061609
3062471
3063824
3064872
3065512
3066271
3072908
3074589
3075290
3075739
3076842
3077824
3081040
3083455
3092142
3092570
3096431
3098017
3099024
3101929
3110257
3113474
3114953
3115893
3117942
3118466
3119112
3125789
3127336
3128893
3129411
3129943
3130367
3131514
3132824
3133294
3151447
3152754
3154153
3158311
3159350
3162818
3163806
3164473
3164919
3166311
3166752
3166968
3167485
3168300
3169220
3169970
3173089
3174307
3186946
3190014
3190649
3192579
3193597
3194183
3195274
3198654
3199572
3200828
3202345
3203147
3203202
3204082
3206025
3206938
3209255
3213100
3214693
3215086
3215631
3216011
3216946
3218243
3219754
3224037
3225165
3231549
3233135
3235481
3235855
3236535
3237438
3238525
3240663
3242717
3243442
3243942
3244894
3245449
3254708
3303657
3304702
3305317
3305945
3307506
3316706
3317891
3319882
3320397
3320790
3322554
3323385
3324476
3325471
3326058
3326965
3327448
3328583
3329439
3330326
3330945
3331839
3332334
3332726
3333712
3334577
3335640
3336379
3337989
3340361
3341395
3345367
3349112
3349585
3350396
3351538
3352211
3352683
3353611
3354536
3357457
3358313
3358707
3361294
3362565
3364631
3365527
3366045
3368490
3369188
3370466
3378898
3379733
3381684
3383782
3384833
3390939
3391245
3391577
3392956
3395866
3396412
3396877
3402695
3403325
3405975
3406639
3406916
3407138
3407507
3408101
3410040
3410367
3411205
3416179
3418191
3425274
3425947
3427326
3427885
3428494
3429219
3429862
3431290
3432353
3433373
3450336
3450810
3454345
3454855
3455477
3456059
3457825
3460949
3461532
3462137
3462595
3463896
3466650
3471811
3472565
3473471
3480655
3493252
3495251
3502971
3503845
3505389
3506490
3507554
3508354
3508664
3509166
3509715
3509763
3511346
3513067
3514034
3515460
3516073
3516656
3517719
3518344
3519147
3519189
3520594
3521214
3523528
3526597
3527381
3552955
3553731
3554345
3557303
3558840
3566871
3567864
3568467
3574395
3576725
3578357
3600976
3601745
3602443
3610958
3611905
3613333
3614271
3615003
3617098
3621522
3622848
3623091
3624257
3625064
3626986
3630349
3632568
3634962
3635587
3638305
3642485
3643466
3644151
3645620
3646266
3646840
3647515
3647914
3648729
3649402
3650099
3650926
3651857
3652819
3653903
3667930
3672032
3675002
3675898
3676970
3678102
3679593
3684786
3686318
3686836
3688045
3688763
3689449
3689904
3691853
3692417
3695639
3696523
3697031
3701094
3702034
3702507
3712160
3713272
3714230
3714844
3715147
3730230
