146.2676
458.7834
1183.088
1892.835
3385.59
3884.468
4919.2
5783.336
6270.951
6575.663
6880.535
6970.653
7640.517
8232.677
8352.002
8958.388
9640.633
10233.03
12401.61
14179.54
14201.57
14902.54
15217.28
15346.58
18308.67
19863.3
20855.85
21328.96
21462.68
22248.89
22517.12
22865.77
23984.25
25531.51
25966.88
28422.59
29007.33
29378.02
31655.74
31857.18
32023.71
34008.37
34669.22
35057.82
36055.23
36808.56
37432.11
38576.59
38596.45
40461.59
42048.87
43451.64
44202.93
44567.09
45145.59
45933.76
49695.52
51477.67
52762.04
58701
64663.26
65466.64
66187.88
66213.18
66959.54
67284.36
68211.29
69330
72173.08
72197.5
73761.26
73827.77
74345.04
74466.97
75794.37
76318.15
77250.01
78432.02
78572.41
79168.26
79248.51
79985.19
81869.51
82940.55
83116.56
83776.15
84295.9
84949.6
85655.73
86807.16
91768.59
94088.31
96165.43
97875.54
98339.33
98944.13
100152.3
100674.8
101180
101526.1
101577.6
102038
102961.4
103133.8
104725.2
105805.8
106748.4
107228.6
107568.6
107612.3
108085.8
108486.2
108554.4
109085
109353.9
110224.5
110493.6
110680.5
110688.1
111224.3
113814.2
114470.4
115056.9
116419.9
118465.2
119071.4
121871.6
122494.6
123135.4
123658.6
124152.4
124769
127179.4
127466.4
127708.1
127916.3
130102.1
130476.4
131552.8
132140
132152.5
150793.1
152392.3
153281
153342.8
153839.8
153938.1
154299
154572.7
154795.5
156743.6
157379.3
158054.8
158574.5
161616.9
162746.7
164392.4
165250.5
165764.9
166105.4
166349.7
166764.7
167047.7
167796.5
168237.1
168976.5
170106.4
170736.4
172823.9
175246.5
175912.3
177139.7
178789.4
181134.5
181562.4
181644.4
182256
182549.8
182825.9
182895.1
183669.4
184657.9
186197.3
186976.8
187954.2
189874.3
190442.3
190795.5
191219.9
191589
191763.6
193433.4
196060.6
196965
202495.7
208592
209301.8
210105
210767.4
213186.4
213748.3
214373.8
215023.5
216030.8
216672
216698.4
217166.8
219420.1
219947.5
221086.8
221725.6
222231.2
222739.4
223292.8
223356.3
223371.3
223679.4
223842.3
224667.7
226520.3
229797.4
229958.7
231083.3
232017
232913.1
233806.7
234496.7
235432.3
236664.7
236937.4
237311.4
237683.5
238260.5
238839.1
239831.1
240765.9
245541
246105.5
246964.4
250697.7
250734.9
251619.2
252291.2
253508
254329.6
255155.8
258546.9
260734.1
261480.6
261835.2
262197.6
262672.6
263283.8
263480.7
263943.4
264464.8
264943.5
265459.1
265964.7
266002.5
266748.7
267196
267236.1
267748.7
268072.9
268137.3
268620
269076.4
269398.4
269529.7
269724.5
270132
271281.3
271312.1
271650.6
272054.3
272395.7
272931.1
273695.8
274926.7
280125.2
281204.4
282487.9
282614.6
300642
302606.5
304171.6
305525.9
308586
311255.2
312098.9
312416.8
312560.5
313383.6
314635.7
314879.8
315451.3
316072.3
316690.5
316940.9
318420.3
320368.6
321702.9
322266.1
323171.6
325287.3
325387.7
326447.6
328378.9
330608.5
331502.7
331955.3
332393.7
333101.3
333550.5
333629
333858.2
334036.4
334402.3
335349.6
335955
336720
338210.2
338438.1
338450.6
338908.4
340089.7
340892.2
342330.1
342373.5
343270.3
343978.8
344169.2
344623.2
344798.1
345174
345670.5
346010.9
346163
346524.2
348708.5
351151.6
362645.4
363537.4
369974.9
370717.3
371051.1
371445.6
371710.8
372352.6
372985.9
373261.2
373309.5
373729.9
373749.7
373946.6
374247.7
374582.2
374721.6
374922.3
375093.3
375200
375280.5
375590.2
376694.1
376772.8
378101.1
379035.2
379247.2
379632.3
380040.8
380053.1
381488.6
382649
382942
383667.8
384050
384421.7
384545.7
384666.6
384947.1
385200.8
385496.7
385795.9
385812.9
386047.6
386437.3
389151
389439.1
390025.6
390749.1
391704.3
392307.9
393282
395175.2
397125.4
397704.5
397960.4
398448.9
398874.8
399028.2
399355.7
400736.5
405285.3
405966.7
406052.6
406630.4
407126.5
407194.6
408618.1
409324
413160.5
415281.9
416402.1
416582.3
417034.5
417689.7
418062.4
418703.2
419497.9
422731.5
423951
425538.5
426510.3
431566
432633.8
433025.6
433716.4
451619.1
452517.6
452749.9
453164.9
453555.3
453673
455891.2
457096.9
457910
458519.6
459409.8
459866.5
459889.7
460798.8
460884.4
462400.5
465386
467855.6
468969.5
469900.5
470369.9
471174.7
471475
472409.5
473451.2
475351.7
477997.5
478435.1
478978.7
480798.7
481502.7
484100.1
484163.9
484929.2
485091.2
490021.4
491921.8
492563.1
493431.5
494649.5
495096.1
495319.2
495887.2
496002.5
496084
496500.4
496760.7
497213.2
497833.2
498292.4
498505.1
498558.5
498857.7
499206.5
499494.6
500042.7
501021.7
502225.4
502860.2
503901.6
510125.6
520537.7
522697.7
523899.1
523916.5
524542.4
527228.8
528207.8
528502.9
528863.6
529179.6
529627.1
530134.2
530215.2
530733.6
531108.7
532056.7
532372.9
533283.8
535867
536314.7
536628.5
540580.3
541175.9
541954.5
542035.2
544096.7
547314.4
548114.7
548363.5
550578.9
551874.1
555919.1
558545.2
559355
560516.1
561093.9
561486
561876.6
562328.4
562347.4
562621.1
562897.5
563354.4
563784.4
563908.4
564422.3
564744
565298.8
566772.3
567709.9
569837.1
570448.7
571561.6
574969.3
575665.5
576267.9
576923.1
581035.7
581066.4
581659.3
583533.8
601887.2
602545.4
603142.6
605121.6
606618.7
608785.1
609952.3
610112.3
610785
611166.4
612485.2
613169.4
613384.8
613591.1
613631
614736.5
614797.9
617111.3
617937.9
622854.4
623461.3
623978.1
624954.7
625404.2
626234.8
629954.7
630406.9
631786.5
633866.6
634884
636740.5
637241
637746.9
637914.3
638567.5
638878.6
639297.2
640532.2
641509.2
644065.4
645352.9
645669.3
646666.5
646832.8
647528.4
654802.5
655713.4
659192.5
660878.5
668748.5
669604.5
670917.2
671171.8
672075.4
672661
673473.6
675418.3
679622.2
679891.8
680010.7
681500.4
682351.6
682501.8
683815.6
683876.5
684900.9
685084.6
685878.4
685965.4
686157.4
686184.8
686721.1
687093.4
687743.7
687859.5
688339.3
688554.8
688842.4
688884.7
689392.5
689841
689877.7
690321.8
690333.4
691271.2
692004
692640.8
693804.8
694063.9
694560.4
694650.6
695111.3
695288
697646.8
697891.5
698242.8
698515
698747.3
700027.4
700890.7
702837.8
703497.4
704318.8
705239.7
707251.4
707707
708581.8
709133.3
709230.4
710176.1
710331.4
712255.1
713796.2
716643.3
719264.3
720199.3
720826.4
725070.6
726556.1
729403.6
730054.1
731660.9
732651.3
750060.8
751725.7
754249.9
755194.7
755559.3
755929
756052.7
756342.6
756981.5
757000.1
758736.8
759628.3
759754.9
762529.9
763165.8
763875.7
766809.8
766883.5
767804.7
767817.6
769331.1
772305.3
772354
772439.8
773140.3
773452.9
774220.6
774526.4
775199
775456.3
775615.2
776065.9
776583.3
776768
776800.2
777209.5
778176.5
778761.8
779700.8
780493
780644.7
781053.4
781768.5
783019.3
783304.3
786087.5
786519.1
787230.6
789306.5
789939.9
790240
791140.1
792188.6
793029.5
794721.8
794782.3
795542.1
797865.4
798371.6
798889.2
799902.8
801596.3
803701.8
804028.3
804750.4
805706
805932.1
806629.3
809572.9
810824.5
815323.6
816176.4
816580.3
817111
818104.7
818696.5
819264.8
819958.5
820970.4
822335.5
823011.7
823947.2
824561.8
825291.9
833124.4
837290.6
837689.4
838336.3
838570.5
838860
838904.7
839475.3
839931.2
840609.1
841597.6
841703.8
842335
843721.2
843822.8
845765.6
846207.6
846870.9
847455.9
847528.5
848517.2
853202.2
854812.4
855595.2
856127.1
858524.8
859564.5
865416.7
865806.5
866612
867464.6
867775.6
868377
869071.2
871346.9
872326.3
873395.3
874139.8
874158.5
878416.5
878807.3
880095
883182.9
900632.3
900962
901199.5
901897.4
902282.7
902700.5
904635.1
905114
905165.4
906809.1
908092.7
910488.1
910908.7
911357.1
911493.3
911665.7
911674.7
911955.9
912039
912058.2
912502.3
913170
913561.7
914175.5
916367.9
917242
917913.3
918018.4
919366.2
919732.1
919931.7
921464
921868
922532.5
923706.7
929642.9
930315.8
932667.7
933340.7
934404.8
935487.9
935607.4
936865.1
937655.7
938592.6
939883.7
940001.6
940433.4
940947.7
941050.3
941519.1
942045.9
942101.7
942897
943231.9
943487.9
944557.6
947473.3
952143.9
954296.3
955249.6
956574.1
957009.1
957623.9
958201.8
958813.4
959410.6
960059.1
965139.5
965727.1
967049.4
967844.9
969511.6
970778.5
971442.8
971857.6
972456.2
972762.5
973225.2
974058
974280.9
974921.6
975527.7
975763.4
975928.3
976043.5
976208.3
976576.6
978016.3
978521.1
978736
979458.3
980077.6
980606.3
981004
981352.8
982513.6
984065.2
985248.8
985722.4
986784.2
988545.6
990022.7
991676.9
992976.1
995438.8
996670.9
997451.8
1000077
1001385
1001882
1001890
1002647
1003282
1003889
1007961
1008310
1008768
1008800
1009235
1009853
1010716
1010730
1011171
1011258
1011622
1012337
1013201
1020969
1021437
1022228
1023123
1023448
1023824
1023907
1024763
1025105
1025631
1026018
1026462
1027449
1028232
1031376
1050456
1050529
1051845
1052856
1053193
1053220
1054195
1055098
1056833
1058024
1059301
1059823
1060471
1061062
1061675
1063088
1063659
1065016
1065168
1069204
1069440
1070361
1071861
1073183
1074162
1074757
1075270
1075596
1076136
1077561
1078651
1078987
1079633
1080182
1080281
1080863
1081072
1081279
1083028
1083692
1085291
1087452
1094332
1094570
1096119
1096532
1097142
1097717
1098402
1098535
1099367
1102249
1102788
1103589
1113411
1114779
1118648
1119530
1119576
1120915
1122354
1122723
1123268
1123558
1124048
1124393
1124878
1124939
1125240
1125489
1125776
1127206
1128511
1128840
1129634
1131510
1132528
1133655
1133885
1134129
1134782
1134846
1134913
1135932
1136455
1137305
1138708
1139735
1140601
1140822
1141480
1141506
1142887
1144332
1144787
1145639
1145664
1146697
1147737
1148313
1148489
1148503
1149468
1150033
1150103
1150149
1150545
1150653
1150724
1150978
1151439
1151732
1152770
1154146
1154221
1154700
1154783
1155136
1155451
1156363
1156383
1156619
1156955
1157500
1159833
1159965
1161222
1161463
1162390
1162896
1163008
1163914
1164033
1164948
1165015
1166906
1167235
1167655
1168551
1169232
1169343
1170276
1170821
1171203
1171403
1171885
1171902
1175248
1176554
1178390
1180258
1182109
1183004
1202504
1203092
1204153
1205296
1205720
1206738
1208225
1211761
1212326
1212812
1213191
1213819
1214488
1214825
1215474
1215992
1216534
1216733
1218024
1218489
1219114
1220025
1221007
1221227
1222631
1223519
1223560
1224627
1225860
1226164
1227662
1230162
1230697
1233181
1233880
1238782
1238937
1238950
1240296
1240685
1241357
1242132
1242819
1243286
1243773
1243826
1244990
1245199
1245624
1246371
1247007
1247867
1248817
1250121
1251615
1252308
1252978
1254201
1255627
1257811
1259233
1260231
1260826
1261614
1263253
1267003
1268497
1269731
1270430
1271228
1273241
1274611
1274881
1275086
1275438
1275990
1276340
1277099
1277989
1278303
1279118
1280763
1281483
1281723
1281990
1282058
1282440
1282894
1283998
1284779
1286927
1290006
1292594
1293335
1294430
1297118
1297820
1297896
1298522
1299447
1300269
1301289
1302994
1305055
1305109
1305591
1306054
1306356
1306800
1307908
1308472
1309485
1312347
1313027
1313497
1313561
1313985
1314340
1314804
1315350
1315380
1316121
1316720
1317125
1317257
1317514
1317872
1318360
1319547
1320222
1323176
1324241
1327097
1327748
1328421
1329617
1329750
1330006
1330111
1330577
1331150
1350952
1351265
1351970
1352104
1352115
1352785
1354096
1355059
1357996
1358015
1358588
1360127
1362373
1363683
1363690
1365160
1367521
1368481
1369245
1370018
1371397
1372954
1373928
1374773
1379831
1380329
1382174
1382760
1383151
1383706
1385370
1386545
1386853
1387066
1387402
1388670
1389934
1393971
1394353
1395569
1396624
1397778
1403039
1405583
1405901
1407654
1410435
1411505
1412187
1412300
1413012
1414560
1415346
1415963
1416433
1416985
1418236
1419503
1420524
1421086
1421925
1421996
1422520
1422627
1423059
1423314
1423910
1424167
1424594
1424732
1425487
1426723
1427126
1427492
1428339
1429528
1430470
1430718
1431612
1432763
1434443
1434625
1435177
1436045
1440283
1440367
1441065
1441302
1441874
1442894
1445037
1445166
1445545
1445612
1446294
1446356
1447370
1448282
1448297
1448676
1448910
1449499
1449830
1449865
1454892
1456319
1456512
1459043
1459384
1460685
1464404
1464799
1465537
1466571
1468132
1468551
1471560
1473777
1474253
1474884
1475289
1475989
1477187
1479522
1480109
1480188
1500276
1501288
1502013
1502997
1503562
1503609
1503974
1505819
1506234
1506382
1506649
1507335
1508136
1508985
1509978
1510340
1510576
1510935
1511076
1511658
1514234
1514724
1515845
1523738
1524039
1525948
1529070
1529199
1529829
1530162
1530539
1533171
1534286
1535559
1535957
1536343
1537036
1537052
1537699
1537771
1538220
1538678
1538963
1539304
1539611
1540175
1540850
1541478
1542073
1542238
1542507
1543241
1543590
1543894
1544446
1544877
1545493
1546067
1547039
1548032
1548884
1549624
1552584
1553566
1558200
1560536
1561758
1563240
1563799
1564824
1566001
1566150
1566647
1567548
1568723
1569480
1571263
1572457
1572756
1574030
1574829
1575784
1577032
1577098
1577662
1578518
1578534
1579012
1579449
1580242
1580426
1582143
1583298
1583645
1584262
1584333
1584790
1584949
1585402
1589890
1591765
1592483
1594354
1594398
1596619
1597475
1597812
1599224
1600190
1600969
1600980
1601725
1602310
1602520
1603228
1604835
1606655
1606764
1607090
1608421
1609091
1609962
1610503
1610651
1611751
1611856
1612130
1612591
1614041
1614157
1614913
1615093
1615998
1616396
1617351
1617657
1618028
1619241
1619930
1621556
1622764
1623979
1627114
1627290
1628282
1630724
1631621
1632473
1650543
1651082
1651157
1651871
1652321
1653424
1654482
1655112
1655878
1655991
1656553
1656647
1657250
1658961
1659148
1660300
1665060
1666045
1666356
1666751
1667157
1667610
1668150
1670129
1672651
1674138
1675780
1676170
1678351
1679117
1679985
1680252
1680800
1681229
1681483
1683931
1684333
1684795
1684825
1685173
1685819
1686009
1686664
1687369
1688519
1689687
1690091
1691894
1692659
1693464
1693795
1694119
1695398
1695432
1696259
1697044
1697322
1697574
1697998
1698072
1698569
1698614
1700175
1700743
1701200
1701977
1708079
1708741
1715926
1716709
1717076
1717875
1718308
1719049
1719947
1720511
1720914
1721232
1722291
1723084
1723602
1723757
1723975
1724217
1725248
1727233
1728287
1728478
1729015
1729908
1730243
1731229
1732162
1732389
1732720
1732992
1733462
1734184
1734619
1735422
1735988
1736290
1736777
1738781
1741349
1742041
1743758
1744093
1744211
1746180
1747054
1747206
1747931
1748120
1748721
1749173
1750794
1750871
1751037
1752543
1754304
1754931
1761607
1761735
1762016
1763219
1763376
1765636
1766614
1767255
1768625
1768984
1769763
1770365
1772369
1773376
1774521
1775448
1775959
1776873
1777867
1779410
1780035
1780505
1781079
1781693
1781809
1782684
1782693
1801378
1802513
1803497
1804657
1806389
1806858
1807350
1807564
1808280
1809027
1809051
1810010
1810552
1811061
1813844
1813860
1814784
1814867
1815266
1815587
1815601
1816310
1816354
1816942
1817233
1817427
1817860
1817960
1818444
1818842
1820537
1821483
1822085
1822983
1823590
1824562
1826864
1827140
1828321
1828671
1828909
1829348
1829587
1829614
1829897
1830757
1831330
1834292
1837047
1838556
1840206
1842507
1846659
1847336
1851011
1854902
1856224
1856852
1857555
1861192
1864557
1867249
1868391
1870921
1872483
1876983
1877777
1878583
1879706
1879812
1880149
1880490
1881182
1881238
1881904
1882754
1883108
1884583
1884677
1885487
1886352
1886353
1890658
1892457
1893655
1894665
1895162
1896453
1897660
1900001
1901129
1902207
1902920
1907550
1908383
1909887
1910073
1910737
1912804
1913986
1914391
1916014
1916307
1921180
1921849
1922431
1922985
1927911
1930206
1931179
1931783
1933155
1950197
1951015
1952590
1952816
1953738
1954883
1955642
1956238
1956988
1957476
1959230
1962456
1964360
1966451
1967080
1967659
1968119
1969552
1970280
1971237
1973152
1975093
1976680
1977221
1978406
1979223
1980300
1981566
1981615
1982412
1983148
1984235
1985901
1986202
1986430
1986759
1987185
1987976
1990739
1993782
1994324
1994809
1995671
1996231
1996419
1997352
1997987
1998690
1999812
2000461
2000569
2000604
2001198
2002236
2003918
2004671
2006525
2009192
2009944
2010570
2010758
2011418
2011471
2012241
2012953
2014813
2016026
2016691
2016991
2017763
2017971
2019194
2021336
2024251
2024272
2024880
2024938
2025467
2026031
2026842
2029082
2030704
2031268
2031502
2032245
2032452
2033112
2035572
2035821
2037287
2037841
2038412
2038779
2038885
2039211
2040664
2042274
2042856
2042900
2044102
2045275
2046525
2049992
2050634
2052569
2053275
2053652
2056528
2058631
2059447
2060104
2060662
2061291
2061918
2062074
2063623
2064112
2064836
2065555
2066157
2066217
2067769
2068676
2072667
2073167
2073380
2074779
2077271
2077423
2078558
2078839
2079198
2080150
2080944
2082445
2083253
2083413
2100069
2101142
2101510
2101766
2102327
2102525
2103555
2104702
2104833
2105020
2105607
2106302
2106522
2107272
2108810
2109705
2110923
2112669
2113374
2114160
2115430
2116545
2117210
2118579
2119479
2119850
2120426
2123077
2123124
2125536
2129908
2130754
2134203
2134884
2135294
2135354
2135699
2135796
2137369
2138804
2138847
2140129
2140139
2142764
2143040
2143277
2143509
2143859
2144013
2144406
2148078
2156254
2157573
2157821
2158441
2159162
2159568
2159689
2160506
2160612
2161437
2162878
2163713
2163923
2164590
2165181
2166614
2167724
2169421
2170211
2173330
2174835
2175063
2175744
2177515
2178064
2180465
2180993
2181556
2182275
2183078
2183929
2186526
2186560
2189090
2189878
2193573
2194234
2194820
2195563
2196108
2196863
2196944
2196976
2197674
2198053
2198505
2199759
2200506
2200542
2201200
2201225
2202702
2203393
2203402
2203937
2205087
2205668
2206537
2208110
2211331
2214106
2214605
2215940
2216388
2217308
2217729
2218489
2224251
2228275
2229230
2229319
2230830
2232023
2232971
2250973
2251253
2251588
2251929
2255107
2255931
2256188
2256980
2257896
2259676
2261210
2261341
2263461
2263878
2264740
2267450
2269100
2274148
2275328
2275440
2279975
2281368
2285652
2288259
2292787
2293870
2294341
2295756
2296474
2297138
2297569
2297915
2301351
2301717
2302673
2302821
2303514
2304388
2305117
2305655
2307617
2308274
2309400
2310347
2310714
2311255
2311714
2312390
2314722
2319429
2321500
2321968
2322515
2322541
2323237
2323706
2324409
2325044
2325102
2325691
2327452
2328066
2328325
2329423
2330230
2330927
2331718
2333293
2333821
2336878
2338104
2338923
2338996
2339018
2339740
2341784
2342211
2343012
2345387
2346409
2346574
2346982
2347213
2347342
2347826
2348057
2348358
2348585
2348891
2349819
2352106
2352829
2352961
2353496
2354049
2355101
2355671
2356367
2361114
2361698
2362249
2364295
2365719
2369589
2370385
2371202
2371877
2372360
2373054
2373778
2376819
2377998
2378866
2380946
2403726
2405258
2406050
2406059
2407506
2408552
2409446
2410978
2411486
2411565
2412213
2412217
2413437
2414519
2414827
2415083
2415407
2415893
2416285
2416435
2416804
2416968
2417526
2418256
2418659
2419412
2419540
2421187
2422185
2422211
2422594
2422728
2423414
2423883
2424925
2425747
2425823
2426285
2426831
2426972
2427584
2427869
2428501
2428659
2429133
2429869
2429888
2430391
2430600
2430927
2432367
2433326
2434060
2435031
2435800
2439454
2441135
2444908
2447555
2453254
2455295
2457982
2458701
2463591
2464078
2464238
2467510
2469333
2471076
2471638
2472203
2472486
2474022
2474625
2475075
2476082
2476832
2477685
2482596
2483253
2483658
2484534
2484653
2484715
2484931
2485068
2485842
2486398
2486771
2487147
2487701
2488734
2488832
2489806
2490607
2490673
2490970
2491281
2492150
2492362
2492606
2493098
2493809
2493952
2495561
2496745
2497050
2497438
2497472
2498276
2499476
2499579
2500643
2501336
2501800
2502161
2502987
2504244
2505397
2505608
2509144
2509731
2509973
2510320
2511420
2512003
2513457
2514217
2516514
2520297
2520785
2521276
2522920
2523686
2524173
2525172
2526186
2529662
2530627
2532690
2550218
2550878
2550908
2551572
2552674
2552703
2553378
2553402
2553429
2554127
2554864
2555452
2556571
2557403
2558396
2558686
2559234
2562097
2565548
2565997
2566050
2566678
2567654
2568701
2570174
2571794
2571840
2572236
2572360
2572837
2573144
2573405
2573739
2573981
2574786
2577844
2582932
2584303
2585175
2585344
2588531
2589645
2590250
2591900
2596178
2598196
2598708
2599338
2600072
2602903
2607052
2607729
2612040
2613228
2613588
2614319
2616789
2617917
2620284
2620335
2620863
2621407
2621917
2622558
2623411
2623746
2624446
2624790
2624809
2625545
2625693
2626319
2627255
2627595
2629290
2629384
2629997
2630593
2630789
2631524
2631893
2632589
2633237
2634017
2634886
2636385
2636830
2637183
2639746
2639916
2639938
2640752
2642799
2643473
2645203
2645899
2646578
2647576
2651058
2651324
2651676
2652335
2653162
2653566
2654598
2655572
2655654
2657358
2658144
2658884
2660908
2661198
2661846
2662150
2662502
2663526
2664726
2665082
2669416
2672723
2673452
2674458
2674934
2675690
2676597
2677657
2677664
2679894
2682371
2683142
2700411
2701930
2704144
2704733
2708655
2709059
2709493
2709754
2710092
2711895
2712702
2713438
2713980
2714354
2714412
2715413
2715987
2716317
2716401
2717408
2718083
2719093
2719644
2720280
2721527
2722082
2722285
2722878
2724492
2725370
2726792
2728864
2729702
2730331
2731953
2733859
2734480
2734968
2735557
2735741
2736078
2736979
2737363
2737955
2738904
2740431
2743344
2744140
2744876
2745871
2747889
2748370
2754075
2755347
2757177
2759404
2765006
2768241
2768808
2769367
2770693
2770844
2777679
2778348
2778412
2779507
2779921
2783818
2784549
2786103
2787431
2787799
2788064
2789612
2790715
2790796
2792462
2793200
2793797
2794770
2795539
2795908
2796938
2800283
2802588
2802999
2804325
2811479
2812202
2812793
2817471
2817925
2818947
2819196
2819567
2819989
2820416
2821070
2821840
2822604
2822841
2823240
2823474
2824225
2824956
2825122
2825655
2827665
2828073
2828553
2829795
2830413
2830435
2831769
2832539
2832580
2850702
2851318
2852906
2853593
2853776
2855157
2855211
2856083
2856143
2857621
2858171
2858714
2858862
2859357
2859618
2859815
2860810
2861976
2863792
2868560
2869084
2869884
2870806
2872213
2874377
2876159
2876172
2876621
2876762
2887389
2888434
2889291
2890498
2892082
2893215
2895527
2896555
2897140
2897843
2897942
2902379
2910379
2913530
2913606
2915246
2921015
2921341
2921724
2922053
2922141
2922178
2922632
2922781
2923051
2923609
2924092
2924274
2924495
2927605
2928089
2928644
2929554
2930404
2931691
2933085
2933710
2939418
2944249
2944544
2945502
2945906
2946629
2949394
2949925
2951141
2953936
2954217
2955358
2956333
2956903
2958252
2958563
2960437
2961011
2961686
2962098
2962621
2962745
2963171
2963917
2964561
2965857
2966540
2967450
2968143
2968220
2968905
2968923
2969494
2973799
2974267
2974624
2978053
2978816
2980133
2980371
2980520
2980868
2981294
2981415
2981884
2982328
2983099
3000079
3000545
3000954
3002214
3002318
3004272
3005318
3006048
3007242
3007970
3008443
3009926
3013156
3014295
3015005
3017382
3020387
3022010
3023011
3023508
3024086
3024804
3025917
3026581
3027750
3029451
3034598
3034723
3035181
3035949
3036833
3037098
3037341
3037772
3038429
3039070
3039719
3040574
3041216
3041939
3042583
3043194
3045013
3045102
3048899
3049854
3050125
3050624
3055267
3056775
3059308
3059853
3060673
3061398
3063759
3065631
3070055
3071560
3072234
3072818
3073275
3073582
3074161
3074207
3076841
3077756
3078546
3078914
3078972
3079539
3081508
3081556
3081989
3082849
3082959
3086097
3086609
3087105
3088763
3088956
3091696
3091736
3094688
3095318
3095395
3098122
3098734
3099759
3100928
3101295
3101422
3102288
3102295
3104488
3104833
3105940
3106543
3106628
3107366
3109915
3111899
3112714
3113945
3116566
3116785
3118509
3118579
3119365
3120079
3120885
3121293
3121418
3121664
3121879
3123163
3123560
3125578
3125826
3126069
3127218
3128485
3129508
3131339
3132390
3150457
3150525
3150567
3150972
3152373
3152392
3153309
3153565
3153751
3154213
3154631
3154927
3158392
3160135
3168296
3168930
3169945
3170732
3171434
3171870
3172122
3173159
3173272
3174053
3174421
3176375
3177292
3177837
3177998
3178705
3180616
3183818
3186952
3187400
3187900
3187961
3188290
3189032
3189072
3189979
3190082
3190659
3191198
3191631
3194320
3197267
3197531
3198169
3198648
3200039
3200520
3202078
3202856
3202884
3203929
3204051
3205229
3208164
3208174
3208819
3211769
3212563
3213199
3213324
3213628
3214007
3214480
3219525
3222592
3226487
3227402
3228541
3228797
3229143
3231382
3232384
3232962
3233068
3233242
3233632
3235333
3236202
3237366
3237855
3238764
3239895
3244499
3245624
3245811
3247619
3247631
3248105
3248382
3249274
3249833
3250118
3250944
3251809
3254140
3254734
3255447
3256932
3257219
3257767
3260086
3261609
3264094
3265415
3266212
3268809
3268976
3271160
3272048
3272799
3273119
3273979
3274190
3274407
3274872
3275400
3276009
3276324
3276486
3276591
3276883
3277019
3277123
3277389
3277598
3278150
3278156
3278748
3278879
3279668
3280049
3280343
3280629
3281046
3281660
3282003
3282861
3283447
3300478
3302480
3305460
3305474
3308960
3309181
3310283
3310521
3311319
3314056
3314320
3315041
3316542
3317667
3323298
3323394
3323706
3323942
3328988
3329107
3329226
3329972
3330013
3330920
3331686
3333716
3335206
3336374
3336505
3337746
3341279
3341551
3342460
3343133
3345205
3347948
3349468
3357851
3360671
3360750
3361656
3363283
3364003
3366047
3367209
3368066
3368113
3368572
3369106
3369277
3370632
3371716
3373447
3375500
3376053
3377355
3382252
3383878
3384233
3384399
3387276
3388007
3389390
3389944
3390296
3390652
3391205
3391234
3392915
3393647
3394168
3394180
3394445
3396986
3397727
3399208
3400229
3400805
3401041
3402764
3404688
3406118
3406526
3407201
3407352
3409148
3409463
3410548
3410882
3411313
3411462
3411805
3412050
3412246
3412616
3413097
3413422
3413559
3414302
3414833
3416440
3418221
3418417
3419626
3420703
3424419
3425209
3426008
3426241
3426935
3428942
3432607
3451409
3452593
3454039
3454375
3454952
3455167
3455381
3458276
3462404
3463958
3466490
3467420
3467497
3468093
3468118
3468889
3473199
3474160
3475299
3477997
3480121
3480960
3481618
3482599
3483189
3483408
3483611
3484757
3485358
3485514
3487084
3488176
3488597
3490804
3491330
3491756
3492211
3492835
3493388
3493506
3493730
3494111
3494249
3494641
3494883
3495196
3496011
3496406
3496470
3497461
3497697
3497843
3498078
3498785
3499235
3499346
3500766
3500856
3508007
3515392
3516325
3517000
3517321
3517502
3520986
3521723
3523559
3524995
3525765
3526038
3526340
3527377
3527399
3528823
3529478
3530110
3530771
3531269
3531314
3531893
3532420
3532893
3532918
3533828
3534427
3534875
3535945
3536125
3536725
3536775
3537810
3538760
3539675
3540512
3540877
3541149
3542456
3544286
3544726
3545401
3547857
3548135
3548751
3549207
3549414
3550487
3552597
3553049
3554124
3554738
3555127
3555326
3555792
3555880
3556297
3556349
3556883
3556937
3558184
3558747
3559237
3559297
3560139
3560586
3565792
3566268
3567309
3568598
3569868
3570767
3572239
3576200
3576386
3576626
3577022
3577146
3577532
3577631
3578033
3578507
3578847
3579244
3580005
3580830
3580989
3581871
3581955
3583412
3583477
3600283
3601191
3602115
3602707
3606044
3606459
3606562
3606704
3606995
3607185
3607615
3607954
3608014
3608661
3610106
3611641
3612252
3613032
3614027
3614274
3615766
3616599
3620624
3621727
3628136
3629028
3632687
3632725
3633831
3635465
3635933
3636455
3636970
3637573
3638295
3638795
3639456
3640812
3641745
3642238
3642306
3642811
3643227
3643825
3644132
3644724
3645514
3646714
3647301
3648285
3648540
3650040
3650593
3650907
3651833
3652122
3654268
3658557
3659497
3660487
3662101
3663224
3665830
3668262
3669207
3669343
3669930
3670181
3670684
3671603
3671625
3672633
3672934
3673713
3674269
3674464
3675606
3676490
3677163
3677761
3680211
3680534
3681020
3681042
3681124
3681696
3682561
3683733
3683937
3687190
3687740
3688264
3688752
3688793
3689750
3690774
3692040
3692618
3693480
3693709
3694554
3694619
3695259
3695676
3696318
3700105
3703394
3704480
3704676
3709009
3710304
3711803
3712280
3712386
3712831
3712895
3713413
3713757
3716584
3717260
3719468
3720328
3721219
3723347
3723867
3723901
3724359
3725067
3725722
3726389
3727896
3728409
3729833
3730446
3730505
3731248
3731681
3732652
