48.6707
859.5564
21287.91
29168.53
32161.42
60680.67
63129.2
63854.95
66886.36
76379.56
83214.13
105224.2
107485.5
113358.4
119347.2
123581.1
125908.3
131225.3
151437.5
155010.4
170445.2
172471
199953.6
202198
203182.9
221052.2
243427.1
250339.9
252033.4
254302.4
263196.1
271517.5
272592.5
279025.2
314487.2
315433.6
318301.1
318631.1
319721.1
322160.1
326589.2
333613.4
334180.5
338976.2
348198
357121.7
373810.1
378034.3
381931.7
385805.6
397100.1
403575.2
404169.3
408050.3
409981.2
413752.1
428799.4
452480
456813.5
492959.7
500532.4
503350
512877.5
516316.4
517038.1
550294.2
553034.8
606476.7
609211
610497.6
610694.2
614054.3
618909.3
633106.9
654622.9
673553.4
674707.5
676493.2
684919
691473.2
695747.5
697112.2
698762.4
700547.3
705812.2
712029.4
712812.6
718927.4
723777.6
753368.4
762405.5
777728.2
784808.5
788211.2
790804
792155.3
825159.4
826182.6
827946.1
834568.1
840665.5
853099.2
855151
875640.2
876168.4
878193.8
878917.5
908748.6
910109.9
917467.1
931140.7
932605.7
935929.8
936799
940739.6
942352.4
942900.8
945575.4
946733.8
947066.1
948980.3
949352.7
951875.6
972658.6
978985.5
980311.7
981853.5
988571.5
1005319
1007158
1007760
1009214
1016372
1022243
1031728
1055822
1060936
1061521
1072461
1073021
1074226
1074965
1076834
1077945
1083112
1085710
1086530
1087538
1089266
1094749
1105023
1107004
1115452
1129827
1131438
1133308
1135404
1135441
1136678
1144325
1145893
1147499
1148743
1149942
1150869
1154476
1156789
1164411
1164635
1164987
1179226
1180811
1183061
1200868
1201891
1202642
1203345
1203953
1208570
1214090
1214191
1216539
1219802
1220905
1227348
1233957
1237260
1238069
1239622
1241341
1243273
1250015
1265966
1267287
1269923
1271432
1272359
1276676
1279634
1281540
1288347
1294214
1295428
1295558
1296890
1299671
1306210
1308650
1310631
1315382
1317568
1331166
1357051
1358514
1360330
1360771
1364522
1366419
1370220
1372905
1373910
1375510
1376513
1379466
1380231
1381112
1382020
1383411
1384913
1394949
1397634
1401171
1403340
1417578
1422726
1435676
1438249
1448469
1461992
1481423
1482584
1482639
1506233
1508266
1510900
1521477
1533433
1534072
1537065
1546458
1576804
1578874
1587106
1590955
1591889
1593054
1593483
1594815
1602136
1606659
1608319
1612605
1613123
1613670
1614448
1615741
1616126
1617488
1618049
1619204
1620022
1621158
1621203
1621543
1623143
1623870
1624161
1625878
1630277
1630791
1631335
1650192
1652538
1652976
1653400
1654190
1661963
1662857
1664057
1664878
1679616
1682897
1698814
1701970
1702858
1707548
1708071
1708727
1709663
1711772
1714012
1727383
1731180
1733192
1746331
1751153
1752661
1764922
1765669
1768391
1777355
1800765
1801421
1801741
1802669
1804411
1809064
1809131
1809840
1809865
1811899
1812487
1813181
1813819
1820421
1821044
1833136
1833164
1842894
1854385
1870490
1872045
1872182
1875131
1882644
1883579
1885414
1891608
1894425
1897977
1901139
1905675
1906060
1911300
1913015
1915094
1917012
1917573
1918322
1926081
1927445
1927866
1929893
1956198
1956490
1958444
1959678
1963813
1967283
1980860
1982690
1984360
1988960
1989382
1990209
1991848
1992475
1997382
1998752
2000395
2002362
2003078
2016628
2018810
2019862
2020700
2032465
2037916
2039122
2040574
2052636
2054073
2069497
2072010
2073780
2074562
2077578
2079156
2080700
2106222
2108045
2109076
2110142
2110305
2110570
2111433
2112484
2112939
2116424
2117246
2118427
2119412
2125544
2126531
2127951
2131960
2134972
2137219
2139828
2150070
2151212
2152282
2161561
2169778
2173465
2173510
2174818
2174992
2179224
2179893
2180466
2181112
2184507
2185405
2186111
2187389
2189403
2201006
2206060
2206671
2209924
2210831
2212491
2215214
2223914
2224282
2231241
2250353
2251311
2261608
2263970
2264547
2265610
2267048
2270009
2270643
2271134
2271510
2272689
2277514
2278562
2279072
2281230
2283208
2283981
2285607
2286500
2299801
2301015
2318557
2321589
2326158
2327656
2328268
2329112
2331781
2332883
2350302
2351322
2352264
2352979
2356893
2359082
2363074
2364426
2365800
2366227
2370144
2371690
2373274
2374536
2375621
2375821
2409815
2410416
2411126
2411607
2412842
2423462
2425691
2428176
2429259
2431275
2438657
2439662
2446163
2452483
2458391
2460929
2464078
2465589
2468844
2469284
2472583
2473098
2473150
2477402
2478431
2479084
2480187
2481338
2481457
2482113
2482862
2492161
2493397
2494802
2497188
2497686
2498225
2499450
2500918
2502105
2516530
2518376
2519264
2525239
2525753
2526316
2527086
2527904
2530139
2562817
2563400
2564095
2565821
2566659
2567154
2567436
2567849
2569492
2570133
2572720
2574305
2575441
2575603
2578760
2579946
2582681
2589307
2589808
2590156
2591924
2592398
2593532
2595138
2596583
2598289
2598741
2599106
2604648
2605476
2608953
2609639
2628580
2634165
2635361
2636619
2639513
2641765
2646315
2647965
2648438
2648576
2651590
2651800
2653343
2654578
2655552
2657158
2666179
2668521
2669392
2670284
2700821
2714966
2716696
2729374
2730048
2731588
2732382
2733363
2733875
2737825
2738816
2739709
2740468
2748501
2749796
2755052
2760638
2797190
2803607
2804697
2805320
2805964
2806083
2806428
2811429
2812841
2815857
2816831
2818514
2852432
2855420
2858175
2858887
2859770
2861786
2862911
2872852
2874060
2874754
2875253
2875760
2876573
2878133
2878491
2878944
2879494
2889027
2889567
2890998
2893959
2895399
2904324
2905505
2906276
2912176
2912625
2913066
2913867
2931524
2935572
2941056
2941529
2944535
2949870
2951075
2951505
2952053
2953902
2955453
2956573
2964793
2967452
2968573
2969305
2972486
2978182
2979503
3000457
3001562
3003821
3004291
3005375
3006049
3007449
3016024
3016824
3018554
3020650
3022630
3025596
3026596
3029492
3039025
3040524
3043338
3047531
3055125
3058186
3059401
3060163
3065749
3067063
3068007
3078826
3079578
3079691
3080122
3080868
3086679
3097328
3097355
3099555
3100254
3101226
3110813
3114162
3122122
3125326
3129019
3130752
3131642
3132455
3133295
3162457
3163944
3167339
3169868
3171075
3174136
3175411
3177479
3179690
3180143
3181129
3182195
3188111
3189860
3192725
3194797
3196147
3204193
3207455
3221504
3230780
3231851
3233417
3234995
3235963
3237615
3238563
3240014
3240572
3241194
3242438
3256487
3261280
3262588
3263259
3265907
3267073
3272047
3273705
3276519
3278902
3280051
3281121
3282179
3283099
3303861
3305759
3309619
3315921
3317993
3324544
3326972
3327464
3327984
3329398
3331690
3334792
3335742
3342201
3345611
3346289
3347616
3348731
3350079
3352106
3355090
3370740
3371676
3372066
3373118
3375600
3393716
3393758
3394240
3394802
3395649
3397317
3398011
3408392
3409250
3413359
3414315
3415443
3417413
3417962
3420130
3421594
3423370
3426260
3429720
3463689
3478217
3480054
3484522
3485196
3486707
3487523
3488382
3490676
3492774
3494954
3496732
3497530
3500808
3515358
3516660
3517814
3523822
3528694
3529512
3530226
3530872
3531388
3532163
3534021
3541940
3543653
3546275
3548086
3550022
3563476
3581501
3608460
3616408
3620916
3622849
3624895
3625581
3628040
3630043
3632071
3633236
3634044
3639149
3640390
3642851
3644237
3644932
3645184
3646513
3648877
3651663
3665938
3667386
3668044
3674290
3675146
3677218
3680401
3684610
3686408
3688069
3689001
3718296
3719153
3719291
3719829
3721635
3722884
3726060
3731811
