620.697
833.7492
3225.054
3824.459
4359.805
7234.279
9119.569
10595.03
10940.23
11372.6
11698.7
12618.33
13174.64
14322.53
15905.48
21718.8
23342.67
24789.5
25992.65
26633.17
27050.67
27764.53
28499.08
30259.99
30901.99
31874.51
32656.11
32710.5
34395.27
34807.96
36626.56
37795.58
38292.75
43803.68
44786.15
46717.48
48101.41
51537.14
52267.95
53027.16
53045.46
54758.69
55479.68
56157.29
56626.69
56712.5
57355.77
58967.51
60086.64
61406.66
62437.54
63840.64
64930.53
66116.07
66778.73
67043.71
67840.81
68958.08
69597.77
70159.38
72833.55
74734.89
74813.49
74825.15
75409.35
75874.62
76030.52
77271.18
78344.71
80942.7
82286.97
83112.66
83613.95
84382.52
84788.42
86375.54
87382.88
88062.78
88669.73
90953.3
91189.51
91691.53
92580.87
92883.85
93269.73
93822.68
93936.04
94230.84
94487.03
94894.45
95130.38
95692.86
96607.32
97505.92
98353.75
98920.69
99501.68
100211.1
100240.7
100922.5
101252.5
101513.9
102160.4
102509.5
103025.8
103818.8
104832
105402.6
106011.5
106588.9
107245
116541.4
118848
119486
121213.6
122018.2
123492.7
124213
124778.8
125276.2
126534
127933.3
128387.5
128913.6
130062.6
130304
151612.4
151633.5
152995.9
154962.1
156864.8
157033.7
157536.2
157763.6
158455.1
158484.5
158705
158715.7
159580.6
159967.2
159977.3
160365.1
160611.4
162270.4
162348.8
163053
169643
170228.7
171576.7
172811.3
174037.4
178180.3
178227.7
184108.8
184926.4
185393.3
185856.4
186422.8
188685.3
189336.1
190184.6
190820.1
192226.9
195181.5
196419.3
197137.2
197547.2
201052.4
201843.4
202434.6
203411.2
204800.5
206699.7
207697.3
209366.4
209680.2
210067.2
210919.4
211307.1
211571.1
212087.3
213544
215940.2
216674.2
217071.7
217359.5
219940.4
220588.1
221498.1
221611.4
222270.1
222506.8
223101.3
223239
223729.6
224545.8
225216.9
226060
226071.4
227175.8
227748
228489.1
229534.9
230926.1
234174.5
236044.6
236557.4
236797.9
238382.4
239273
239880.7
240095.1
240649.2
241026.5
241111.6
242034
242164.7
243311.1
243582.1
244464.9
244576.7
245436.4
245454.2
245766.3
246578.6
246962.4
247288
248056.5
248452.5
248998.2
249074.7
249718.6
252986.2
256676.9
257373.4
257867
258679
259011.4
260004.3
260775.4
261918.1
262082.3
262267.7
262714
263058.2
263135.3
263324.3
264021.5
264503.9
264610.3
264913
264982.6
265435.8
265608.3
266172.5
266301.1
266937.7
267698.2
267863.5
268258.9
268716.2
268845.1
269925.4
270237.4
270549.5
270983.2
271015
271531
271669.2
272166.3
272839.5
273648.1
274628.7
274649.7
275072.3
275599.8
275615.4
276000.1
276752.7
277203.2
277282.6
277558.4
278082.5
279619.4
279851.5
280542.7
280972.7
281071.3
281519.1
282969.7
300597.3
300750.5
302033.5
302674.4
302875.8
304292.7
304731
305329.4
307919.7
308996.4
310554
311215.6
311739.2
312484.5
313176.6
314218.5
315853.3
316259.4
316777.9
317038.9
317544.1
317988.5
318625.7
319326.3
320126
321775.3
322241.8
322652.9
324466.8
325590.9
326398.4
327127.5
327771.5
328260.1
328286.4
330588.3
336348.2
337004.7
337550.3
337691
338635.8
339574.8
340009.8
340056.6
340703.6
341518.7
343688.2
345069
345736.9
347231.8
347959.9
348174.5
348897.5
349072.4
349256.8
349781.1
351168.7
351482.7
352007.9
352681.3
353364.8
354523.1
355229.4
361216.5
363003.4
367519.1
369299.5
370403.8
370626.3
372475.2
373922.1
374801.3
375827.1
376090.3
377573
378194.6
378541.3
379379.2
379431.4
380031.5
380891.5
380927.4
381852.5
384938.5
384991.2
387448.7
388084.4
389234.5
390255
397296.3
397899.8
398770.5
399064.1
400468.3
401160.6
401526.2
403196.8
404852.7
405686.5
406423.6
407823.9
408599
409027.5
409556.6
410504.6
412034.2
413534.1
414478.5
415247.7
415636.4
416050.3
418394.6
419766.1
420223.2
420713.4
421407.5
422899.6
423009.4
423705.2
425388.5
426976.4
427462.6
428658.6
429470.3
430220.2
431255.6
431356.3
432234.6
432894.7
452011.2
454217.3
455298.5
457751.8
460340.4
462796.7
464650.1
467137.8
467554
468563
471068.1
471138.3
471536.9
473705.1
475998.1
479200.6
479346.2
479513.1
480052.8
482321.9
483202.8
484027.9
484085.4
486007.1
487233.9
488639.2
489807.9
491377.6
492396.5
493020
496983.1
498052.4
504187.6
505009.1
505258.8
505795.4
506961.6
509627.7
510960.7
511807.6
513937.4
513955.3
514613.5
515327.7
516136.5
516880.1
517997.4
519061.9
519655
519814.8
520885.4
521399.8
521905.9
522016.8
523649.8
523690.5
524246.8
527218.2
528400.8
528866.3
529254.3
529854.1
530149.3
531205.8
532321.4
532535.3
533280.4
533935.9
536934.4
538343.9
539239.6
541532.4
542133.8
542867.3
543690.5
546574
546813.8
546877.3
548247.3
549322.3
554554.7
554962.2
556360.1
557692.7
559992.7
561259.3
565025.5
570205.8
572805.6
573101.8
574899.7
575794.2
602056.6
602995.5
603035.2
603424.2
603950.3
604508.6
606809.8
607208.8
607645.3
607948.4
608279.8
608947.6
609516.7
611257.2
612854.1
613401.9
615232.3
617464.9
617979.6
620548.6
621862.5
622378.2
622839.7
624039
628224.5
630006
631482.3
631774.2
632587.5
633062.4
633859.8
634113.9
635276.4
635898.2
636760.5
637470.2
646041.3
646373.1
647021.2
649211.1
651974.6
655560.2
656989.2
657904.5
658281.2
659147.7
660245.6
661077
665908.7
671318.8
673029.9
674397.4
675681.7
675985.7
678285.6
678299.9
679003.6
680134.3
680337.6
680898.5
681146
681947.1
682137
682601.8
683365.9
683721.4
683873.6
684045.9
684902.5
685384.3
686337.5
686967.1
687663.5
690473.5
692155.4
693410.4
695105.6
696950.3
699951.7
700598.2
700689.8
703776.5
705427.7
705765.8
707099.7
708544.8
710017.6
711948.8
712756.3
713728.4
714409.3
715505.9
716468.7
717722.2
718627.6
719262.9
725041.4
725762.5
725997
727310.8
729353.5
731204.4
752144.8
752649.6
753281
753893.1
754751.1
756849.8
758209.8
759148.2
759666.9
759859.7
759963.1
760140.6
760604.1
761430.4
762961.8
763321.7
764714.4
765043.7
766774.5
767922.7
768750.6
770089.7
770961.7
771199.5
771645.2
772012.1
772042.1
772362.7
772550.2
772833.5
773234.1
773898.3
774170
774917.9
775823.5
776527.8
776966.5
777505.4
777857.5
778009.7
778614.1
779167.1
780019.4
781121
781520.7
781800.9
782520.3
783215.1
785819.8
786391.7
786862.9
787310.5
787697.4
788166.6
788660.5
789032.5
789387.2
789550.6
790614
792611
793100.8
793550.3
795308.3
795576.6
796164.6
796617
797449
798543.5
799139
799975.2
800465.8
800911.4
801582.9
802325.9
802755.5
804117.3
804423.4
804682.6
805980.5
807489.7
807864.2
808790
809217.4
810747.1
815001.6
816196.5
821096.7
821347
824342.6
824916.3
825389.3
825819.4
826562.1
827764.4
827973.5
828883.6
830750.1
831464.4
832047.2
832301.6
832825.6
834571.9
835954.7
836571.9
838149.4
838912.3
839533.9
840634.1
841245.4
846665.3
849617.6
849942.8
851255.7
852089.4
853816.6
855175.6
855975.6
857059.9
858042.3
858667.7
860712.8
861688.2
862757.3
866120.7
866454.7
868431.8
870073.2
872579.3
872597.8
873929.1
874905.5
875386.4
876092.2
876099.5
876516.8
877209
878075.4
878845.8
880206.5
881603.7
883404.4
901852.7
902259
903919.7
905440.3
905914.4
909297.7
909921.7
910907.9
912694.4
913417.8
914092.7
922680
924627
925212.5
925645.7
925706.4
926505.6
928772.5
929434.1
931218.6
932749.9
936621.5
937237.5
937930.3
939514.3
940008.8
940410.4
941304.1
941598.2
943887.2
944101.7
946867.3
947455.8
948137.9
950818.4
951282.9
951601.3
952141.3
953080.4
954373.3
955485.9
956650.7
957683.1
958746.9
958846
959354
959934.1
962139.9
962640.2
964568
965482.5
966052.3
966637.6
967205
967621.9
967953.1
968734.7
971627.9
973240.6
974330.4
975509.6
976071.7
977553.3
979860.2
980521.2
981450.2
984551.2
989103.5
990886.4
991165.3
991636.3
991769
992358.9
992897.2
993148.5
994209
994255.8
994878.4
997075.7
997655.7
998162.6
998645
1000688
1001499
1006126
1007338
1007390
1008240
1008818
1010053
1010628
1012480
1013362
1013749
1016650
1017239
1021210
1023281
1024200
1024639
1024908
1025775
1026755
1027886
1028418
1029805
1032936
1051753
1054869
1055895
1056378
1057455
1057775
1058186
1058973
1059574
1061319
1062398
1062981
1063338
1064203
1065264
1066527
1067748
1068629
1070560
1070616
1071361
1071972
1072571
1073245
1078818
1081140
1082024
1083321
1088107
1089140
1089532
1091009
1095810
1100685
1101274
1103160
1106079
1107376
1109885
1110809
1111042
1111252
1113409
1114724
1117666
1119697
1121324
1121791
1122527
1122673
1123214
1123610
1125008
1125896
1126842
1126866
1127480
1127793
1129007
1129486
1129861
1130314
1130858
1131295
1131520
1132353
1133343
1133964
1134982
1137391
1137486
1138421
1138904
1140416
1140475
1142420
1142545
1144596
1145455
1146113
1146672
1147173
1147665
1148161
1148432
1148767
1148873
1149412
1149941
1150398
1150643
1150846
1151884
1152054
1152740
1153420
1153684
1154693
1154780
1156497
1158360
1158904
1159944
1162815
1166117
1167260
1168012
1169904
1170278
1170898
1171578
1172502
1175101
1175257
1176467
1177008
1177799
1178493
1178624
1180438
1181801
1182331
1182693
1182954
1200693
1201081
1201131
1201457
1201775
1201838
1201947
1203920
1204405
1205608
1206578
1207266
1207563
1208661
1208820
1210614
1213634
1213876
1214718
1218302
1222761
1223680
1224078
1224803
1225292
1225779
1226352
1227886
1228818
1230857
1231218
1231714
1232597
1233419
1233741
1234775
1235255
1236570
1237107
1237952
1239600
1240760
1241789
1241985
1242668
1243486
1244834
1245731
1247488
1250686
1251419
1251468
1252044
1252496
1252859
1254348
1255438
1258736
1259725
1260611
1261711
1262855
1263209
1264976
1269093
1269375
1269904
1273671
1274444
1274961
1275452
1275880
1278204
1278751
1280085
1280752
1282641
1283130
1285703
1286262
1286798
1287502
1288582
1288695
1289368
1289862
1290488
1291076
1291775
1292522
1293917
1295364
1295953
1296016
1296731
1297265
1297710
1299292
1299866
1301393
1302191
1304294
1305125
1307023
1307117
1307714
1308124
1308525
1309040
1310124
1310471
1311435
1312286
1312603
1313324
1313480
1316639
1317311
1318535
1321520
1322190
1322244
1322671
1322840
1323075
1323538
1324186
1324830
1325353
1326266
1326644
1327175
1327740
1328398
1329002
1329210
1329784
1329809
1330905
1331826
1331904
1332158
1332522
1332638
1332757
1333188
1356419
1358074
1360704
1362775
1362817
1363830
1368517
1369020
1371029
1372147
1373423
1375763
1376858
1376997
1377055
1377944
1378253
1379353
1380094
1380364
1381920
1383466
1383778
1384311
1386009
1387272
1387794
1389173
1389450
1391227
1391665
1392158
1392450
1392847
1393354
1394413
1395499
1398203
1401283
1401657
1404762
1405228
1405711
1406132
1406780
1410299
1410609
1411694
1412498
1413176
1413902
1413987
1414570
1414619
1414873
1415587
1416210
1416665
1420278
1421531
1421868
1422016
1422742
1422778
1422855
1423164
1424038
1424153
1426034
1427214
1427913
1429355
1429926
1430542
1433722
1434846
1436173
1436970
1440539
1441483
1443400
1443528
1445340
1445740
1446017
1447144
1448061
1449644
1451567
1452532
1452842
1454879
1455208
1458082
1459124
1459899
1460923
1460986
1461051
1462434
1462559
1464170
1464227
1464950
1465431
1465666
1465883
1466320
1466902
1467552
1467607
1467991
1468465
1469129
1469389
1469610
1470611
1470846
1471219
1471661
1472714
1473005
1473216
1473923
1474630
1475234
1475417
1476772
1477339
1477988
1478561
1480127
1480998
1481610
1482520
1482821
1483647
1500347
1501633
1501643
1502350
1502383
1502917
1502988
1504729
1505800
1508247
1509003
1509785
1513330
1513437
1515363
1517149
1518247
1520310
1521168
1522106
1523490
1524601
1524785
1526311
1526777
1527200
1528149
1529004
1532172
1533074
1533223
1534420
1536175
1537288
1539528
1540540
1543252
1544423
1546026
1550288
1550826
1552102
1553073
1553881
1554932
1560053
1560585
1561471
1563000
1563572
1564696
1568658
1572099
1572852
1573948
1577635
1578577
1581082
1582651
1584895
1585349
1586257
1586420
1589653
1591812
1594749
1596885
1597565
1598661
1599199
1599992
1600808
1603236
1608821
1609714
1610701
1611487
1611945
1612504
1613440
1614008
1614411
1615082
1615978
1616818
1617052
1617950
1618613
1619372
1621233
1622540
1622582
1623254
1623902
1624324
1624760
1625845
1628204
1628615
1628904
1629386
1630118
1630443
1630495
1630618
1631618
1652109
1653052
1654080
1655306
1657320
1659834
1663703
1665473
1667672
1668638
1668979
1669602
1669665
1669713
1672877
1673891
1675187
1676264
1677887
1677936
1679521
1679645
1680833
1680986
1682588
1683225
1684037
1685394
1686017
1686173
1687389
1690498
1690535
1691336
1692593
1693066
1693499
1694003
1694740
1695254
1696245
1696551
1697524
1698400
1700052
1700699
1700820
1701486
1702362
1702701
1702864
1703302
1703593
1704179
1704280
1705291
1705938
1706220
1708980
1709538
1710322
1710929
1711492
1712396
1712800
1714437
1715722
1716306
1719695
1725538
1726216
1727171
1727640
1727667
1728302
1728937
1729111
1729898
1730707
1730861
1733296
1736043
1736728
1738838
1739602
1739974
1741029
1743015
1743049
1743913
1744669
1745263
1745539
1745761
1745949
1746479
1746821
1747948
1748195
1749438
1752062
1753315
1754207
1756063
1756457
1756789
1757384
1757750
1758258
1758800
1759405
1759788
1762561
1763633
1764438
1765338
1766307
1766750
1767269
1767648
1768622
1769708
1769718
1770259
1770366
1772657
1773323
1774325
1775165
1776339
1780479
1780998
1781446
1781542
1782693
1800673
1801546
1805610
1806948
1807170
1807261
1807966
1808318
1808713
1808862
1809468
1810590
1815932
1816188
1817185
1818029
1818139
1822101
1824396
1825060
1825866
1826678
1828793
1829387
1830688
1832144
1838615
1839566
1839960
1843845
1845560
1846584
1846739
1847738
1851037
1852144
1855410
1856349
1857337
1858732
1861417
1862337
1862378
1863342
1865018
1866538
1866772
1867931
1868289
1869194
1870302
1871030
1871595
1872711
1873447
1874168
1874780
1874861
1875384
1876113
1877784
1879787
1880925
1881302
1884624
1887657
1888574
1888638
1890398
1891839
1893421
1894770
1895722
1898997
1899570
1900931
1905456
1910074
1911932
1913549
1914845
1915865
1916317
1916794
1917224
1917745
1918296
1918389
1922285
1924204
1924616
1925638
1926803
1926995
1928056
1928806
1928819
1929078
1929382
1932948
1933463
1950418
1951501
1952038
1952332
1952820
1953579
1954109
1958018
1958573
1959258
1959763
1960486
1962201
1964756
1969028
1969757
1970537
1971097
1971710
1972242
1972860
1973311
1973716
1974140
1974845
1975072
1977464
1979141
1979558
1982307
1983040
1985355
1985849
1986472
1987547
1991381
1994035
1994474
1995105
1999840
2000090
2000619
2001754
2002248
2002442
2002697
2002838
2003246
2003332
2003756
2003908
2004234
2004895
2005028
2005603
2005760
2006165
2006572
2007201
2008166
2011150
2011434
2012501
2012785
2013766
2014848
2015759
2016385
2017094
2017614
2018417
2019028
2020069
2021021
2023047
2023165
2024220
2025380
2025560
2026338
2026644
2027311
2028097
2028502
2028808
2029527
2030382
2031198
2031444
2033830
2037532
2039283
2040842
2041381
2042591
2043179
2046711
2047794
2052456
2053358
2055290
2055729
2056857
2057329
2057356
2057667
2057988
2058324
2058611
2061020
2062004
2062028
2065869
2068851
2069928
2070716
2071269
2072189
2074566
2075435
2077150
2077685
2079185
2079805
2082675
2100967
2102550
2103265
2105147
2105609
2107487
2108041
2108405
2108810
2109832
2110378
2110866
2111631
2114949
2116438
2120209
2120838
2122635
2123364
2125461
2128137
2129297
2129996
2131430
2132262
2132446
2133293
2134923
2137821
2138484
2138579
2139358
2139663
2139796
2140289
2140342
2144866
2150747
2152873
2155053
2156184
2156718
2157462
2158532
2158981
2159539
2160707
2161594
2164838
2166813
2168244
2168922
2170320
2170724
2171501
2172023
2172950
2174672
2176526
2176974
2178123
2179281
2182184
2185134
2186103
2186683
2187673
2192886
2192931
2193709
2194545
2195173
2195791
2196423
2196437
2197781
2200401
2201599
2203296
2204479
2204598
2205156
2205694
2206027
2207037
2207929
2209168
2210014
2211330
2213008
2213614
2214540
2217219
2219101
2219378
2220930
2221567
2225423
2226439
2227295
2230143
2251245
2253843
2254885
2259013
2259730
2264420
2264996
2265709
2266180
2266632
2267165
2267236
2268094
2268561
2268787
2269147
2269712
2269956
2271716
2272546
2273428
2274340
2275751
2275778
2276391
2276875
2278867
2282379
2285280
2285619
2286070
2287274
2289908
2289974
2290148
2291127
2291130
2292949
2294766
2295126
2295836
2296366
2296583
2297120
2298768
2299915
2300527
2301068
2301872
2303189
2304717
2305076
2306276
2306613
2306990
2307463
2308202
2308494
2308953
2309296
2309689
2309904
2310115
2310290
2310668
2311139
2311317
2314325
2318253
2319782
2321128
2321477
2322241
2322797
2323287
2325039
2326241
2327165
2327890
2328434
2329280
2336413
2338168
2338735
2338778
2339592
2340005
2340204
2340443
2340708
2340914
2341535
2342573
2344067
2345124
2346303
2347475
2348087
2350459
2351535
2352633
2353354
2353761
2356473
2360121
2361092
2362673
2362725
2366896
2370721
2371318
2371909
2372474
2373081
2373660
2374099
2375906
2376458
2377072
2378095
2378353
2379800
2380233
2381252
2382012
2382048
2382709
2400467
2401007
2401857
2402288
2402586
2403043
2404116
2404781
2405524
2406050
2409228
2409593
2418900
2419398
2420034
2421592
2422242
2422911
2423014
2423628
2423881
2424555
2425187
2425222
2425691
2426130
2434475
2435516
2439461
2441114
2441307
2441974
2442006
2442295
2444186
2445105
2445232
2446009
2446078
2446648
2448410
2451945
2453437
2454454
2455184
2455907
2456780
2461022
2462914
2464290
2464344
2465030
2467061
2468364
2469241
2469285
2470858
2472922
2473470
2478303
2479870
2482226
2482933
2483730
2485227
2485852
2486451
2488067
2489257
2490574
2491246
2491917
2494614
2495679
2500795
2503243
2503667
2507767
2508199
2508663
2515173
2516330
2517050
2517480
2517934
2518387
2519724
2520898
2521904
2522637
2523424
2523443
2524782
2525366
2525902
2526051
2527129
2527752
2550698
2551414
2551773
2553700
2553850
2556070
2557549
2559488
2565331
2565369
2565949
2568047
2569566
2570329
2571868
2573002
2574574
2575246
2575647
2575977
2576552
2577031
2579652
2580263
2583724
2585216
2586081
2587285
2587560
2588413
2588835
2590193
2592587
2592826
2593955
2594493
2594823
2595263
2596334
2596727
2597228
2597298
2598624
2599495
2599812
2599960
2600307
2600878
2601202
2602467
2603268
2603402
2604815
2605665
2606277
2606603
2606732
2607073
2607412
2607776
2608235
2609652
2610610
2612511
2612950
2613540
2614409
2615374
2618026
2620276
2622021
2622605
2627024
2627643
2628704
2630247
2632438
2641208
2642054
2642285
2643221
2644034
2644965
2645380
2646028
2646374
2646938
2648019
2652193
2653016
2656945
2658669
2668239
2668831
2669453
2670974
2672051
2672774
2674063
2677511
2680594
2701088
2701750
2703633
2704088
2705935
2710417
2715772
2716484
2718842
2719683
2722766
2727882
2731258
2734087
2734719
2738627
2738676
2739098
2739562
2740554
2741109
2741771
2746100
2747104
2749320
2749728
2750315
2752248
2754000
2754346
2755660
2756483
2756735
2757234
2757806
2758155
2759676
2759718
2760498
2761037
2762046
2764319
2765132
2765534
2767627
2767669
2768028
2769109
2769306
2770045
2770910
2772016
2772400
2773064
2773444
2773982
2774301
2774724
2775505
2775830
2776158
2776367
2777631
2778315
2779064
2779756
2779866
2780143
2780543
2781505
2782468
2783065
2783528
2784176
2784907
2785384
2785471
2785939
2786372
2786837
2787358
2788193
2788835
2788935
2789953
2790578
2790974
2791768
2792393
2793527
2794020
2794226
2795241
2795430
2796221
2797593
2798954
2799156
2800275
2803025
2806503
2807123
2807586
2807721
2808135
2809872
2810241
2810690
2811394
2812011
2812860
2818477
2818997
2820570
2821321
2822211
2823303
2824936
2827223
2828223
2829147
2830866
2832966
2851893
2852639
2855747
2856527
2857506
2859012
2859105
2859263
2859795
2861778
2861915
2862675
2863156
2863305
2863835
2864300
2864899
2865836
2865900
2866555
2867144
2867407
2876778
2877311
2877966
2878504
2879597
2884485
2885502
2886442
2887298
2887596
2888752
2888818
2897323
2898130
2898574
2903699
2904289
2906571
2911428
2912681
2915372
2916387
2918624
2919391
2920376
2921357
2922853
2923886
2924190
2924593
2925023
2925429
2925907
2926688
2926688
2927398
2927431
2930931
2931556
2932002
2933434
2933770
2933917
2934340
2935194
2935774
2937976
2939774
2940868
2941400
2942198
2942674
2943184
2945270
2945582
2946029
2946975
2947593
2948673
2953625
2954202
2957511
2958068
2959145
2961983
2962641
2963512
2963596
2964019
2968506
2969657
2974459
2975566
2976366
2978376
2978540
2980281
2981027
2982564
2982644
3000162
3000424
3001387
3005350
3010556
3013698
3013840
3014425
3016476
3017072
3017638
3018056
3018498
3019400
3021009
3022702
3023270
3023369
3023890
3024530
3024822
3026644
3029638
3030377
3030979
3031455
3032119
3034783
3035657
3041526
3042008
3042364
3043371
3043465
3043582
3045266
3049913
3049980
3051998
3053403
3054949
3055113
3056506
3059656
3060661
3061174
3061663
3062115
3064376
3067167
3067817
3070992
3071691
3074555
3075664
3076823
3077318
3078142
3079519
3079948
3080627
3081529
3082060
3082146
3082528
3083358
3083501
3083645
3090057
3090548
3091425
3093171
3097889
3098801
3102941
3104094
3105732
3107906
3108513
3109378
3111866
3112383
3113060
3113772
3114318
3114732
3115268
3115852
3116578
3118041
3119270
3128565
3129715
3130309
3130993
3131290
3132108
3151038
3153593
3154183
3154996
3156130
3156902
3157243
3157799
3157884
3158415
3158628
3158954
3161063
3162295
3163117
3164117
3164764
3166261
3167498
3168025
3168540
3168959
3169343
3169633
3170007
3170586
3171036
3179320
3179392
3179925
3180563
3180672
3180885
3181249
3181680
3182080
3183141
3183742
3184702
3185458
3186524
3187752
3187759
3188692
3189248
3191085
3191648
3192161
3192393
3192562
3193123
3193658
3193785
3195135
3195535
3197534
3198200
3199449
3200278
3201055
3201238
3201800
3202538
3203575
3204021
3204146
3204869
3206290
3208730
3210431
3212506
3215141
3217135
3217280
3217766
3218836
3219354
3219812
3221824
3222690
3223094
3224123
3224893
3226029
3227136
3227204
3227845
3228497
3231712
3232300
3232724
3233635
3233719
3235427
3236082
3236131
3241972
3242507
3243383
3244385
3245296
3246052
3246654
3246917
3248734
3251087
3253708
3254891
3258207
3260688
3261596
3261920
3262624
3263480
3263932
3264296
3265247
3265475
3265983
3266778
3268285
3269121
3270453
3273535
3273699
3274197
3274285
3276482
3277818
3278388
3279375
3279538
3282792
3283125
3283716
3300051
3301374
3302029
3303708
3304231
3306275
3308340
3312396
3313671
3317620
3317821
3318926
3320482
3322965
3324580
3325442
3325467
3325800
3326009
3326360
3326658
3326884
3327314
3327333
3327731
3328629
3329055
3329729
3330797
3335034
3335932
3337721
3338611
3339243
3340469
3340713
3343250
3343985
3344612
3345540
3349080
3349712
3350993
3351871
3352571
3353119
3353493
3353710
3354762
3355365
3356218
3357410
3357616
3357907
3358741
3358839
3359408
3360895
3362101
3364317
3364389
3364741
3365283
3366021
3366483
3366558
3368145
3374742
3376124
3376941
3381734
3382829
3384926
3390382
3390421
3390638
3391203
3392719
3392813
3393582
3396952
3397554
3399013
3399274
3400156
3400321
3400974
3401622
3401870
3402576
3403250
3403736
3404056
3404597
3406196
3408546
3409942
3410214
3410227
3410941
3411119
3411832
3412245
3415843
3418852
3421363
3422303
3423640
3424831
3424855
3425271
3425644
3430588
3431568
3432144
3432974
3450341
3450786
3451511
3451521
3451956
3452425
3452682
3453096
3453538
3454003
3454658
3456706
3459060
3460451
3461423
3463087
3463458
3464348
3465545
3467720
3468364
3469128
3470780
3472672
3474760
3475655
3477176
3483135
3483491
3484812
3484916
3489695
3490849
3494302
3494341
3495054
3495920
3497285
3499206
3500023
3501648
3502768
3504653
3505849
3506188
3506294
3512056
3512864
3513449
3513875
3514340
3514425
3515574
3515703
3517632
3519547
3520386
3521092
3521554
3522938
3523033
3523332
3523648
3524280
3525030
3525520
3525594
3525613
3526325
3526566
3527015
3528241
3528349
3528830
3528878
3530760
3532597
3533360
3534373
3535311
3537273
3537294
3537978
3537992
3538298
3538600
3538780
3539643
3539761
3540859
3542211
3542892
3543176
3544661
3545864
3547927
3552085
3557084
3562920
3563714
3564055
3565856
3567976
3569034
3569076
3569100
3571171
3571587
3572128
3573213
3573693
3574943
3575509
3577469
3580228
3581526
3581562
3602665
3604090
3605338
3610259
3610850
3611515
3611585
3614794
3616312
3616541
3617182
3617665
3618483
3626504
3629005
3629643
3630419
3630958
3632569
3633234
3633997
3636076
3639318
3639656
3640184
3640643
3640819
3641432
3646293
3646445
3646770
3647065
3647564
3648257
3648522
3649777
3653490
3654210
3654901
3655319
3656462
3660702
3661819
3662706
3663208
3663903
3664099
3665835
3666314
3666503
3666640
3666874
3666892
3667151
3667577
3668295
3672405
3673468
3675316
3679347
3680938
3681038
3681594
3682364
3683723
3686882
3688036
3688645
3688758
3689998
3695547
3699566
3700615
3701167
3701897
3702301
3703313
3703443
3703862
3704309
3704900
3709341
3709354
3710075
3710730
3713405
3714576
3718522
3719461
3720643
3721533
3722042
3723297
3724471
3725210
3725711
3726479
3727468
3730846
3731186
