891.5415
1460.63
2039.374
2962.311
3196.882
4979.097
8731.745
11011.63
11971.71
14120.92
15722.92
16183.21
16495.2
17091.03
17275.89
18237.5
18336.39
20311.41
23575.8
23590.01
25534
29849.78
31614.75
31806.36
32492.48
33540.39
34411.74
35618.41
36341.29
38572.08
39860.49
40550.82
47420.27
47839.1
50026.2
51089.95
54084.4
57232.92
58624.5
59156.92
62455.53
62610.88
62623.16
63350.08
63754.13
64329.16
66869.85
67184.63
68782.92
69578.95
70731.57
74621.57
77162.46
78026.58
78117.89
79504.48
82422.57
83603.16
83838.57
86549.61
88413.16
89886.05
95386.18
99084.04
100154.6
100636.1
102339.5
103860.6
105518.2
106296.9
109190.8
110438.3
113095.3
115731.3
116404.3
118410.5
119260.5
120838
122154.1
124279.3
124675.8
124858.4
127338.7
128300
130478.9
132466.5
158812.7
159996.5
162337.7
165910.7
166557.5
170275.2
172699.5
173800.5
174630.8
175847.6
176768.2
177883.3
181893.2
182689.9
183722
186419.4
187240.8
189505.4
191859.2
192019.4
193952.6
194652.2
195492.1
197284.7
199799.8
200179.5
201228.8
202594.5
204498.2
204760.3
205749.5
206494.9
207474.6
210515.5
214613.6
215444.9
215616.5
216220.3
218126.6
222419.5
222846.3
225249.8
225319.4
227981.5
228221.3
233758
238187.9
239876.9
241209.1
243908.8
244465.8
244988.8
245563.5
251996.6
253498.3
255973.4
262498
263848.1
265679.1
270671.1
270831
271276.9
272137.8
272981.5
273799.1
274236.8
279152.4
280312.3
280751.2
301106.4
303156.8
305618.3
312753.4
313328.7
313385.2
314081.6
314667.7
316115.9
317546.7
318324.7
320299.2
321624.5
322084.3
326048.7
328988.5
330300.2
331052.8
332071.3
333965.3
335417.9
337880.6
338400.2
340535.8
341662.8
341968.5
342821.7
344312.3
344838.9
349587.3
351301.5
352589.1
353177
355172.3
356029.3
356303.4
356940.2
357764.9
358485.6
359170.3
359881.3
360450.8
361124.2
361475.8
362840.6
365346.1
365365.3
366517.1
369830.7
373487.8
375398.7
375899.4
376471.7
377289.7
378430.1
379243.3
381095.4
381121.2
382010.6
382912.1
383258.4
384286.9
384731.8
385245.6
385482.9
385769.2
394981.7
398033.7
399513.7
400112.2
400908.3
401985.7
405535.5
407712.7
408361.8
412130.7
413273.6
415428
416307.3
417427.6
422671.5
429259.8
431442.9
431532.5
433749.5
450344.3
452563.3
453066.5
455001.6
456183.7
461920
462276.9
462649.7
465137.4
466982.5
467525.2
476391.4
479768.5
481318.7
483060.7
483856.6
483917.3
484591.6
484887.7
485142.2
485682.2
486083.1
494156.1
494929.7
504528.2
504759.2
505674.5
506455.7
507170.4
510580
510767.3
520401.5
520918.2
521788.4
526246.8
526941.7
528571.3
529044.8
533546.3
534217.5
535242.8
541683.5
542442.2
542751.3
543683.3
544169.5
550259.4
551177.9
552453.5
555132.3
556728.4
557238.3
557782.2
566815.5
566844.4
567818.8
571403.7
571670.3
572741.5
574421.8
578334
579309.4
581934.3
582307.6
582829.6
602950.7
606828.5
608635.2
609603.9
609741.5
610166.5
611524.4
618086.9
619335.6
621925.9
623039
623983
625506.1
626331.9
631983.4
641573.9
642689.7
645767.3
646884.6
650206.1
650348.7
651155.3
656294.5
656847.7
657306.2
657691.5
658216.8
662861.4
663182.4
664991.1
665526.9
669845.5
671111.9
671293.5
672518.4
673556.9
673767.5
675300.7
676032
677058.6
677599.6
679685.3
679805.4
680820
683934.4
684456.4
684934
687033.1
688030.7
692931.1
695012.2
698628.2
699417.1
701499.2
702163.2
704911.1
706315.4
711915.6
713695.5
714542.5
715309.5
715498.3
719277.9
720415.7
720625
721995.4
725498.2
726463.2
729546.3
730276
730499.3
731810.2
732926.7
750191.7
750727.2
752308.1
753181.3
755282.5
758495.1
760841.4
762922.3
764314
765218.9
766117.1
766583.1
768711.5
772780.9
774031.8
781972.7
782560.4
782787.9
783366.9
783802.9
784801.8
785193.4
786080.2
787325.8
787466.7
787912.6
788009
788168.8
788200.2
788504.9
789379.8
789716.9
790564.1
791426.8
791584.9
792282.8
794075.9
794613.6
795765.6
796290.1
797098.4
804107.7
805478.5
805906.4
811538.3
814002.1
814002.3
816050.5
816200.6
823134
824154.9
824754.1
825748.8
826386.4
833436.4
835800.6
836499.8
837143.7
837367.1
838752
839216.8
840154.1
841216.6
847170.9
848105.4
850774.8
855883.4
858366.9
859441.2
860140.8
863845.8
866308.1
874607.7
875632.7
876597.5
877867.6
878703.2
880873.1
881311.8
881761.2
902004.5
902494.4
903331.9
905181.1
906814.9
907067.5
908085.8
908584.5
912429.7
914358.6
915393.1
916708.6
917813
919608.7
920549.7
924798
927514.9
928161.8
931740.6
933169.5
934857.7
935809.5
939680
942137.8
942575.7
942905.4
943088.9
945381.4
946218.2
947973.1
949250.8
953573
954327.4
955164.4
956592.9
957546.4
958801.9
961249.7
962476.9
963431.4
965866.1
967080
968874.6
969537.3
973795.4
975014.9
976567.4
977407.2
979153.5
979845.7
981543.7
981844.2
982894.5
983182.2
983375.4
983686
983933.5
985257
986481.2
990049.6
991937.6
992317
994409.7
994843.7
995853.7
996245.5
997200.3
1000052
1001121
1002640
1002727
1003772
1004422
1005405
1006508
1007958
1008543
1010171
1011505
1011875
1014270
1014596
1014908
1016083
1016299
1018437
1018703
1021060
1022869
1023051
1023901
1023970
1024416
1029570
1050742
1051104
1051443
1051914
1054875
1056398
1058552
1063981
1064465
1065181
1066646
1067222
1068125
1074671
1075215
1075227
1075786
1076138
1076567
1078148
1078199
1079889
1080507
1081037
1082619
1083155
1085311
1086213
1087238
1088753
1090808
1094599
1096780
1099007
1103522
1104077
1107201
1110987
1112729
1114751
1124045
1127057
1128660
1130890
1132158
1135366
1138669
1141247
1143965
1144613
1145189
1147352
1151682
1152059
1161891
1163789
1167703
1169089
1170705
1171070
1171302
1175050
1176306
1179468
1180454
1183019
1205761
1206621
1208345
1211746
1212412
1215540
1215674
1218734
1220208
1220859
1224933
1226841
1227746
1231461
1231465
1232773
1235647
1237081
1239481
1240722
1242096
1245526
1247114
1253796
1255446
1258559
1259454
1261502
1262116
1263046
1263523
1264690
1265527
1266207
1269256
1270470
1271022
1273264
1273453
1274950
1277751
1278165
1279819
1283365
1283688
1284292
1287200
1287631
1288168
1293338
1296239
1299199
1300839
1303916
1304689
1305812
1306766
1308840
1310171
1311556
1314622
1314910
1318750
1320276
1321198
1321911
1322429
1332166
1332245
1353195
1354919
1355649
1356729
1356937
1357459
1362100
1363076
1367031
1368256
1370061
1370766
1376294
1377013
1377990
1381973
1383033
1385029
1385683
1386100
1386939
1389380
1391602
1393036
1393854
1394292
1394788
1397047
1402995
1404301
1404358
1404752
1404794
1405506
1406429
1406637
1406992
1407775
1408177
1411159
1412222
1416342
1417811
1421973
1423336
1423389
1427856
1430002
1430261
1433440
1433813
1436367
1437834
1439537
1442267
1442743
1443973
1444399
1444891
1444989
1445380
1448918
1450880
1452393
1452993
1453635
1453691
1458140
1458967
1459380
1460842
1460973
1461678
1465320
1466786
1470328
1471249
1477378
1478216
1480072
1480293
1481695
1482096
1482345
1483236
1502045
1507284
1508808
1511173
1513710
1517665
1524060
1524861
1526784
1535862
1536095
1547186
1559301
1562920
1568999
1571484
1572188
1572770
1575457
1575576
1576171
1577161
1577283
1577642
1578118
1578611
1579120
1580443
1581535
1581567
1583823
1584341
1584671
1585537
1585567
1590999
1593787
1595274
1595898
1600648
1601010
1604424
1605091
1605591
1606813
1607888
1609136
1610167
1610370
1610802
1611770
1612547
1612800
1613022
1613651
1616091
1617145
1617476
1618515
1619226
1622850
1623551
1624587
1625345
1626215
1627549
1628008
1633048
1652277
1654092
1654622
1656648
1660940
1662494
1662835
1664122
1664471
1665949
1666854
1667681
1668348
1669183
1669440
1669787
1670137
1670226
1671671
1673146
1675881
1676367
1677127
1677481
1677601
1678046
1678602
1680163
1681619
1682089
1683097
1683836
1685045
1686468
1688267
1691712
1692991
1693003
1700686
1701472
1706882
1708966
1709038
1711139
1711981
1712060
1712268
1714374
1717712
1718257
1718489
1723834
1725168
1725763
1734321
1734776
1739766
1740584
1741829
1744328
1744950
1746054
1747479
1747850
1748399
1748908
1749239
1750085
1751780
1753056
1755180
1755221
1756030
1756941
1759657
1761436
1767588
1767696
1768863
1769684
1770329
1773356
1775789
1778291
1783186
1800223
1801103
1801874
1802874
1804258
1808027
1810504
1813256
1813902
1818073
1818161
1821933
1822684
1826570
1828530
1830298
1834333
1835014
1836505
1837223
1837413
1837856
1838346
1839322
1839730
1840535
1841286
1841719
1841857
1845948
1846906
1848520
1849464
1850229
1859803
1863362
1864239
1866914
1869643
1871535
1872774
1874076
1875105
1875641
1876347
1877686
1878502
1878794
1880261
1880842
1881096
1881937
1882433
1884280
1885956
1888375
1888902
1889580
1890488
1891548
1893067
1894476
1894625
1897239
1897765
1898250
1899687
1899994
1901627
1901799
1902706
1902816
1903285
1905652
1908427
1909262
1913718
1915325
1915951
1923662
1925208
1925792
1928588
1929331
1930463
1932375
1933205
1951927
1952251
1952894
1955222
1957369
1957552
1961022
1961522
1961625
1961944
1962218
1962686
1963325
1963515
1964503
1968897
1969299
1970500
1971964
1973279
1974336
1974989
1976498
1978022
1978196
1978851
1979178
1980682
1980963
1981440
1983303
1986428
1987232
1987772
1988992
1990569
1992934
1995133
1996710
1998785
2001863
2003341
2004731
2005391
2005676
2006762
2006813
2009457
2011481
2012857
2012919
2013327
2015280
2015999
2018391
2018652
2018745
2019204
2019502
2022409
2024148
2024563
2025134
2026798
2029071
2029148
2030543
2031221
2032471
2033206
2033430
2034098
2034246
2036840
2037821
2038510
2039042
2040562
2041555
2042719
2045070
2045131
2047492
2048664
2049058
2049197
2049996
2050217
2053339
2058335
2058715
2060462
2060881
2061526
2062429
2066169
2066215
2067252
2068148
2068588
2071207
2071712
2072250
2074633
2075201
2075851
2076501
2077583
2079194
2080801
2081871
2101385
2101890
2103151
2105312
2109568
2110724
2111181
2111303
2114653
2115310
2116078
2116669
2116825
2117910
2118530
2119008
2119691
2120443
2120812
2120842
2121285
2121511
2121620
2123277
2127933
2131564
2135173
2140044
2141708
2142569
2142705
2146164
2149724
2152129
2154859
2155393
2155813
2156385
2156887
2158942
2159440
2160384
2161284
2165534
2166086
2168958
2169521
2169663
2170957
2171094
2171528
2171983
2172211
2173545
2174127
2174957
2175467
2177587
2178586
2179234
2180013
2180400
2181120
2182559
2186191
2189308
2192463
2196270
2197393
2197689
2198082
2198839
2199520
2202627
2203356
2203574
2205146
2206366
2207559
2208275
2210849
2212846
2212986
2215360
2216315
2217406
2218409
2219542
2220372
2220537
2221221
2222693
2224510
2226918
2227123
2228010
2229536
2229983
2231194
2232265
2250139
2251599
2251794
2255021
2255099
2255715
2256149
2257598
2263759
2264788
2265823
2267986
2269904
2270199
2272679
2274441
2275152
2276890
2278066
2280647
2281872
2283239
2283604
2283649
2284450
2287709
2288477
2290355
2291793
2293430
2295208
2295433
2295669
2295958
2296113
2297778
2299050
2299170
2301578
2302990
2305040
2306014
2309028
2311592
2312421
2314709
2316678
2319075
2322592
2323470
2323924
2326044
2327128
2327999
2328854
2329000
2329403
2329854
2330147
2330723
2331324
2331474
2331929
2332141
2335072
2336011
2337042
2338825
2343363
2346807
2347702
2354342
2355016
2357243
2357984
2358068
2358834
2361982
2362942
2362965
2363628
2364354
2365403
2367301
2368638
2370390
2373971
2377696
2378845
2380704
2400558
2400769
2400965
2401299
2402020
2402503
2410028
2411472
2412285
2413857
2415049
2417021
2417175
2417537
2417629
2417868
2418052
2419281
2420754
2422690
2424263
2424987
2426251
2429866
2433268
2433728
2434109
2434855
2435305
2435447
2436386
2436394
2436856
2437774
2438232
2439060
2440712
2441701
2449025
2455086
2457519
2458239
2460263
2460330
2463928
2466478
2467797
2467924
2468463
2469376
2469509
2470551
2472374
2472765
2473416
2474077
2474420
2474662
2474916
2475322
2475821
2476456
2477818
2480806
2481555
2483202
2491867
2492190
2497190
2498507
2499005
2499932
2499938
2501016
2503578
2504889
2505340
2508412
2511185
2512428
2513113
2514556
2515317
2518218
2519379
2522093
2525807
2526369
2529131
2530060
2530714
2531891
2532981
2533477
2550685
2551231
2553588
2554967
2557419
2559438
2559970
2560524
2560761
2561302
2563320
2563959
2564292
2564991
2565867
2566707
2569189
2570279
2570693
2571625
2572421
2573943
2574353
2574403
2577206
2578226
2579299
2580374
2582110
2587830
2588848
2591314
2591945
2592621
2593337
2594607
2595160
2595997
2599376
2600771
2601619
2603989
2606491
2606609
2614613
2617262
2617490
2626683
2627290
2627543
2630352
2638734
2639138
2639442
2641438
2642769
2645459
2646326
2646575
2646714
2647060
2647291
2653838
2657856
2665464
2666294
2667791
2668296
2670225
2671463
2672238
2673273
2703243
2704067
2704433
2706783
2708441
2709453
2712540
2713440
2713876
2714066
2714517
2714607
2714999
2715802
2716486
2717046
2718049
2718327
2720420
2725056
2726978
2731718
2735302
2735937
2736103
2738561
2740590
2744195
2745403
2746805
2747152
2747642
2747706
2748889
2750784
2750829
2752425
2753326
2754666
2755239
2756206
2756612
2757455
2758271
2760926
2761777
2762672
2762735
2763336
2763593
2763834
2764105
2764605
2765577
2766976
2767609
2767998
2768722
2771083
2772529
2773469
2774925
2775276
2775959
2777244
2777744
2779554
2785558
2786426
2786935
2788042
2790401
2790576
2792942
2794022
2794752
2795412
2797135
2798830
2800409
2801481
2802538
2802708
2802848
2803718
2803722
2805497
2806980
2810645
2811477
2812104
2812231
2813009
2813179
2816941
2818079
2818396
2819422
2820379
2822056
2822146
2822966
2825610
2826002
2826610
2827062
2827734
2827767
2828160
2830509
2831343
2851072
2854977
2855730
2861351
2863376
2863535
2864592
2865085
2865691
2865738
2866362
2866526
2867483
2868413
2869790
2872186
2872624
2872992
2873596
2877588
2877829
2878369
2879523
2881300
2882985
2884934
2884943
2885358
2887630
2888806
2891800
2892897
2893549
2898754
2899338
2899403
2899741
2900551
2900758
2901205
2901970
2903840
2904110
2905078
2905274
2907304
2907319
2908089
2908142
2908561
2909016
2911449
2912134
2917737
2921747
2923427
2923953
2925111
2925762
2926384
2927364
2927375
2932008
2932077
2934680
2935812
2936632
2937200
2937309
2937564
2940473
2940647
2941829
2943039
2945580
2947205
2951286
2951443
2951771
2955205
2956143
2959522
2959862
2960371
2960431
2963338
2963625
2964121
2964122
2967042
2967217
2970114
2972922
2976053
2978087
2981038
3001013
3002534
3003249
3011129
3011633
3012224
3013829
3018381
3018989
3020188
3022487
3023668
3023814
3027951
3028523
3028874
3034137
3034589
3035201
3038852
3040197
3040899
3042843
3043582
3045487
3046423
3049849
3050109
3050448
3050507
3050734
3050926
3052188
3052952
3054230
3055496
3056381
3057786
3058195
3059012
3060060
3063078
3063637
3064284
3065406
3066459
3067472
3067875
3068402
3069952
3071441
3074123
3074482
3075487
3075495
3076673
3077338
3081194
3084118
3085897
3086754
3088033
3089289
3090032
3091316
3091857
3093132
3096000
3097832
3108685
3110418
3111260
3111877
3112896
3114018
3114987
3120215
3121168
3123187
3123715
3123942
3126468
3126920
3130571
3133017
3133639
3151467
3152244
3154250
3154318
3154962
3162470
3163026
3163777
3164516
3164559
3164990
3166857
3168336
3170020
3170497
3171166
3180069
3184754
3191751
3192226
3195263
3195787
3198054
3200893
3203197
3204526
3208809
3212889
3213570
3214238
3217348
3220738
3220851
3224720
3226342
3229610
3231011
3234465
3235164
3237348
3239193
3240589
3241327
3242446
3243222
3243467
3247078
3247843
3250300
3252074
3253438
3255822
3255870
3257310
3259059
3259958
3262545
3263144
3265318
3266019
3266693
3267843
3268355
3272125
3273407
3277765
3278856
3278978
3300516
3303140
3304776
3306500
3309031
3309422
3310088
3315909
3322090
3323589
3330847
3332171
3335138
3336863
3337843
3338372
3340362
3341438
3342031
3342644
3342683
3342731
3342976
3345589
3351222
3351705
3352513
3352610
3353079
3353580
3353885
3354469
3358860
3360158
3360603
3361702
3362673
3363770
3364256
3364585
3365542
3366369
3367131
3367712
3371557
3372108
3374627
3376822
3379466
3383083
3383162
3385948
3386468
3386509
3387265
3389632
3391496
3394402
3394883
3397073
3397457
3398555
3400302
3400546
3401164
3407865
3408148
3409737
3416064
3419235
3420006
3421228
3422274
3423001
3423524
3427914
3428338
3430470
3431150
3431454
3433326
3451033
3451864
3453591
3455485
3455526
3455996
3456632
3457709
3458717
3458743
3459440
3460206
3461026
3461496
3461931
3463114
3463474
3463699
3464243
3464492
3469639
3471853
3472464
3474984
3475507
3476476
3480265
3480900
3482292
3482369
3483684
3483947
3486806
3487921
3495281
3495509
3500893
3501573
3501580
3504525
3506922
3508487
3510464
3511751
3512788
3516836
3520388
3523135
3524601
3528161
3528685
3529787
3530112
3532708
3534293
3534544
3535132
3535448
3536038
3537118
3538309
3539589
3540824
3541593
3542560
3542691
3543624
3545610
3546326
3547238
3549180
3551315
3553811
3554991
3555386
3557633
3561640
3562353
3563421
3563933
3569091
3570285
3570765
3572542
3573512
3574577
3574796
3575373
3576804
3577296
3577970
3579101
3579529
3579741
3580583
3581728
3601780
3602942
3603750
3607471
3609433
3610426
3611293
3618965
3622487
3622968
3625012
3625985
3626449
3630191
3632882
3634555
3634998
3635272
3636088
3637997
3638906
3639093
3643874
3644057
3645164
3645588
3647105
3647914
3649741
3653041
3653629
3655733
3657534
3658881
3662287
3662327
3664622
3665221
3665875
3667575
3668193
3671524
3671978
3672466
3673486
3677691
3679172
3681349
3682945
3684660
3684833
3685816
3686547
3688417
3691731
3692390
3693708
3694813
3696624
3701974
3704017
3704369
3705021
3705076
3706262
3708640
3708677
3710159
3713116
3714247
3714326
3714713
3715602
3718022
3719106
3719505
3722757
3722859
3723682
3724051
3725061
3725704
3732015
