391.6404
854.1883
1235.801
1459.221
2293.192
2511.451
3218.59
3425.099
5746.524
6367.683
6526.993
7199.967
7364.388
7817.602
8131.816
8376.497
9510.37
10024.28
10110.45
11466.67
13885.14
15070.41
15653.02
16202.54
17918.91
18317.41
18899.8
19756
20366.06
21275.6
21956.02
23107.56
26007.57
26472.67
26869.89
27496.74
28008.66
28882.54
29258.56
29462.93
29719.62
30034.04
30522.32
31067.35
31593.6
32392.31
33066.59
33659.52
36572.31
37014.05
37741.25
38398.1
38418.32
39064.51
39070.7
39248.09
39582.65
39934.66
40688.06
42677.3
44497.38
46863.26
46938.17
47519.98
48644
48716.33
49576.58
52556.11
52970.36
53522.63
55467.27
56427.25
56556.5
56881.59
58381.81
59445.7
60634.66
61142.51
61756.7
62489.13
63477.16
63890.63
64659.24
64712.49
66182.32
66517.11
67077.39
68482.5
69757.02
70532.25
71345.88
71933.02
72084.48
73206.19
73585.55
74276.95
74758.12
75312.19
75760.55
76363.83
76645.74
77374.11
79720.62
81310.07
82810.32
83888.76
83991
84726.15
86497.22
88246.56
89250.18
89872.55
90362.44
91489.51
95695.29
96772.98
97321.15
97346.57
97997.77
98216
102244.6
104740.7
104992.7
105622.7
106385.6
108897.8
110457.2
114862.8
115662.8
118149.3
119501.7
120191.8
120691.8
121415.5
122475.7
123211.1
125615.8
129603.7
130656.3
130784.8
132426.5
132433.2
151297.6
151582.5
151592.3
154285.4
154988.3
155577.4
156588.1
157878.8
162758.1
163603.9
164237.9
164825.5
165143.9
166123.9
166603.7
166624.8
167577.4
168866.2
169322.6
170589.5
172398.1
173131.9
174021.3
174824.7
177777.1
180454.5
182236.6
182742.5
183084.9
183727.8
184729.3
188244.7
188437
189005.1
191011
192216.3
192770.4
193430.5
194414.8
195145.7
195674.5
196144.9
197211.2
197648.5
198780.4
201035.8
201861.5
202204.5
203003.7
203742
205490.3
205802.4
206602.8
207141.3
207945.4
209278.3
210256.7
210722.1
211178.4
211664.9
211695.3
212158.1
214331
215240.9
216310.3
216700.9
218521.8
221493.4
222251.9
222641.9
223771.3
224585.3
226900.9
226990.1
228194.7
228845
229914.4
230081.8
230563.7
230704.9
230926.4
231354
231354.5
231471
232813
234089
234210.9
235513.3
236989.8
237293.8
239220.2
239777.7
241919.1
242084.9
243042.1
243520.3
244020.8
244188.8
245862.8
246792.6
247295.2
248095.9
249392.3
250730.2
251117.6
251729.2
252658.3
253312.1
253676.1
253751.1
254681.6
257381.7
257983.4
259140.1
259733.1
260313.9
261074.6
262151
264018.5
264696.9
268921.4
269151
269592.8
270853
271392.8
272383.4
273084.4
275805.8
277123.4
279382.2
281005.4
301842.7
302717.5
304228.4
304667.6
305215.9
305369
305755.1
306874.7
307546.4
308065.8
308810.3
309059.8
310316.1
312158.8
312353.5
313652
314414.8
315410.5
315449.1
315504.5
315978.8
316086.2
316239.2
316629
316777.3
317556.5
318354.2
318466.2
319860.6
320532.5
321435.3
322194.4
322853
322964.9
323923.5
325064
326773
327631.3
327711.3
328191.7
328927
329411.2
329762.9
329802.2
330802.8
331989.9
332631.4
333427.8
333719.5
334287.7
335376
336425.4
336621.1
339199.5
339438.5
341791
342278.9
342770.6
343638.3
344025.8
344175.2
344425.6
344609.2
345072.2
345409.3
345742.5
345813.7
346474.5
346777.1
347469.6
347737.2
354101.2
359449.8
360763.1
362472.7
364706.4
365601.4
367305.5
371783.5
372666.6
373194.6
374061.1
374180
374754.6
374900
377617.1
381793.6
383188.5
384926.5
386694.4
386887.9
390893.1
392392.5
394978.9
395826.5
396013.3
396559.5
396818.6
397340.6
397400.5
397868.7
397965.2
398527.6
399182.5
399387.4
401052.6
401158
402300.6
402536.9
403233.3
404348.1
404890.4
405452.4
406065.9
406450.5
406683.5
407741
408550.9
408920
411605.4
412352.5
412876.9
412987.5
415172.6
415352.4
416259.2
416727.5
418038.3
418273.5
418287
418287.6
418770.2
419376.5
420027.4
420047.7
420155.9
430329.2
431790.9
433730.5
452910.3
453601.2
453952.5
454004.6
454930.5
455097.7
455884.7
457007.3
458908.7
459616
460724.6
467864.4
469828.7
470699.1
471181.8
472343.9
473029.4
474520.8
475828.1
477857.1
478070.5
479604.5
479977.2
480268.2
480294.8
481323.3
481729.2
487654.2
487813
489936.4
492166.5
492182.7
493511.3
494415.6
494602.8
495984.9
496824.6
496849.3
497301.5
497490.8
498051.4
498946
503564.9
504038
504585.8
505065.3
505324.5
505385.6
505550.7
505941.6
506248.5
506434
506483.1
507113.6
509606
513553.1
514294
515186.5
516818.3
517866.8
518683.1
519495.3
520250.6
520305.7
520771.5
521014
523439.6
523932.2
524520.2
525563.6
526290
526526
527242.2
528029
531525.1
532459.9
532653.8
532905.2
533042
533346.2
533724.5
535362.7
536173.6
539910.5
540893.2
541564
541857.4
542867.4
543249.4
543430.9
543551.3
543924.5
544733.8
549019.5
549773.1
550320.2
550758.6
551578.8
553224.1
554452.9
555552
556204.5
556884.6
557688.7
558961
560118
560707.9
561641
562182.6
562552.2
563192.1
564080.6
565618.8
566256.5
566433.1
566564.9
567172.3
567217.4
567967.6
569004.7
569099.6
569652.2
570191.7
571203.8
571477.8
572423.2
572868.7
573328
574016.5
574888.1
575508
576826.4
578911
579601.6
582039.4
600662.5
605379.7
605458.1
605796.3
608709.9
609306
609556.3
610388.1
611360.1
611390.7
611786.7
612276.9
612697.9
613957.9
614797.5
617920
617937.5
618438.4
618895.1
619209.8
619673
620863.9
621140.6
621467.5
621934.6
623815.2
624259.9
625057
626114.6
628448.8
628920.8
634579.2
637060.8
638554.6
638746.9
640205
642034.3
642855
643668.1
644388.6
644684.5
645429.6
647183.5
650155.1
654646.7
655070.4
655688.5
656555.1
657619.1
657629.2
660510.3
662210.4
666667.9
667916.5
669736.4
675966.2
676486.5
676813
676971.1
678043.4
678513.9
679847.2
679912
680667.7
681644
682094.6
682993.8
683014.4
683108.9
686129.9
686224.6
687043
687706
688141.7
688594.9
690801.4
692230.6
695498.1
696306.9
697814.6
698674.6
700050.3
702107.5
702495.9
702731.5
704613.2
705474.7
708125.7
708741.4
709050.1
710923.7
711273.3
712565.7
716084.8
716116.9
716919.9
717036.6
718972.5
720215.2
722956.5
724176.3
725164.6
726165.4
727127.3
727367.3
728065.8
728425.1
728984.4
729066.4
730700.4
731901.2
732021.4
751448.2
751672.3
751922.8
752597.4
752675.7
753072.4
758333
759110.3
759215
759744.6
760083.6
760846.3
760933.5
761101.5
761709.2
763458.3
765169.6
765529.2
767244.7
768847.9
769259
769832.5
770566.6
770668
771061.3
771099.9
771629.7
771801.9
776428
776718.3
777777
777778.2
779059.9
780553.9
781559.2
782538.2
782992.3
784392.2
785509.6
786030.1
786548.5
786677.6
788867.9
791534.3
791836.5
792191.7
793622.6
794660.9
795400.8
798540.3
799301.6
800308.7
802167.6
802182.1
802694.3
803568.8
804268.2
806301.3
806316.6
807355.9
807426.2
810465.5
811177.7
813405.8
817721.6
817988.9
818421.5
818618.6
818753.7
819227.7
819721.4
819768.1
819779.3
820289
820758.7
823439.8
825142
825420.9
825696.2
826126.1
828118.6
830873.3
831024.5
833565.2
834420.2
835258.1
838115.3
838973.4
839482.3
839519.3
839947.6
840221.2
840984.2
841649.3
842194.5
842847.4
842928.7
843905.4
847353.1
847950.2
848454.9
849442.9
850437.3
851496.8
851526.7
852671.9
853588.5
854037.2
854124.7
854677.5
855514.8
856174.3
856772.5
856936.8
857247.8
857335.6
857593.8
857782.5
858094.1
858158.9
858766.7
858808.8
859304
859550
860170.3
860712
860907.4
861757.4
862731
864622.4
867053.1
867463.9
868189.3
869943.1
875128.5
875975
876623.5
880227.5
881556.1
883184.8
900894.2
902348.3
905643.3
907014.2
908008.9
908098.8
909399.7
915424.9
915621.7
916193
917219
918313.8
920339.1
923355.2
923886.3
924654.9
925226.4
926619
926883.8
927212
927580.1
927716.3
928570.7
928691.6
929276.6
929725.4
930302.4
931077.2
931295.7
932379
932555.1
934258.8
934314.8
934658.4
935055.2
935885.9
936878.7
937071.5
937706.2
937925.2
939700.4
939795.1
941169
944822.7
947334.4
947921.6
947990.8
948003.8
948810.4
948912
949452.5
951996.8
954552.3
955805.9
956652.7
957772.5
958480.7
959959.8
960330.6
960748.3
961413.9
964197.8
965183.7
966879.3
967571.7
967900
967937.6
968793.5
969342.3
969777.1
970124.7
970161
971194.3
971768
973667.6
974722.7
975162.4
975291.8
975462.5
975635.6
976126.1
976648.6
977679.6
978571.4
979660.3
980154.1
981665.3
981894.7
982195
982467.7
982904.7
983071.8
983868.3
984515.1
984848.5
985358.1
985437.2
986143.5
986930.7
987432.1
988449.2
988772.3
990610.3
990703.7
991588.6
993025.6
993486.1
994446.7
995186.8
997426.6
997977.6
999341.4
1001267
1002929
1004282
1005461
1006141
1006666
1007261
1008073
1008083
1008695
1008811
1009048
1012387
1013465
1015214
1016178
1016232
1016685
1017312
1017709
1017799
1019166
1026409
1030185
1030914
1031739
1050299
1051025
1051572
1051620
1053121
1053211
1053730
1054862
1057188
1058017
1058668
1059874
1061457
1062044
1064666
1071948
1072066
1072761
1072964
1073331
1074212
1076415
1077091
1077200
1077474
1077710
1078234
1079855
1081629
1085144
1085519
1087433
1087646
1088119
1088920
1089415
1090405
1090590
1091501
1092420
1093148
1093425
1093772
1094993
1098939
1100494
1100945
1102223
1102456
1102941
1103030
1103609
1103627
1104394
1105232
1107323
1107806
1108909
1109490
1110122
1110467
1111250
1111320
1111380
1111803
1112098
1112954
1114734
1115643
1116061
1117647
1118925
1119596
1127579
1128086
1129961
1131650
1132081
1132504
1134054
1136213
1137495
1137850
1140409
1141426
1142307
1142505
1143065
1143246
1144049
1144913
1147706
1148618
1152421
1153130
1153359
1154259
1156956
1159163
1159429
1159872
1160671
1161246
1161878
1165500
1165524
1166311
1166780
1167077
1167464
1168409
1168741
1169926
1170781
1172122
1173774
1173835
1174127
1174760
1174884
1175480
1176692
1178367
1178804
1179563
1179983
1180371
1180581
1181746
1182331
1200263
1200705
1201040
1201497
1201707
1202085
1202143
1202356
1202467
1203272
1203880
1204178
1204765
1205809
1205881
1206792
1208001
1208476
1210073
1210647
1211838
1212431
1213219
1213459
1213603
1213727
1213983
1214457
1214685
1214862
1215833
1216015
1216735
1216845
1217886
1218368
1218385
1218419
1218786
1219729
1220613
1220620
1221122
1224193
1224742
1224883
1225686
1226684
1227822
1229129
1230167
1231468
1231498
1232082
1232459
1232948
1233354
1233542
1233773
1234360
1235995
1236939
1238619
1238817
1239269
1241807
1244272
1244816
1245929
1246442
1247094
1249323
1250511
1251496
1251523
1251886
1252546
1253939
1254001
1255279
1255579
1256515
1257442
1258536
1258909
1259386
1259951
1260768
1261825
1262436
1262655
1262987
1263236
1265009
1265834
1265938
1266842
1268424
1268931
1269140
1269785
1270820
1271279
1275470
1276726
1278518
1278759
1278864
1279669
1279697
1280335
1281716
1283712
1284275
1287201
1288212
1288378
1288493
1289129
1290447
1291211
1291453
1293073
1296068
1296180
1296712
1296755
1297586
1299538
1299969
1300904
1305310
1306039
1306402
1307751
1308299
1309385
1309824
1309841
1310453
1311167
1311539
1312066
1312741
1314858
1315488
1317229
1317932
1318091
1319076
1319415
1319621
1322387
1323089
1323284
1323609
1324001
1324382
1324949
1325652
1326452
1326522
1326788
1328654
1329054
1329411
1329559
1329899
1331374
1332085
1351689
1351860
1352376
1354054
1354104
1354228
1355733
1357023
1357392
1357866
1359276
1360068
1360171
1367014
1369142
1370105
1372754
1373064
1373537
1373806
1378258
1379012
1379073
1380413
1383475
1384001
1384732
1384934
1385317
1385782
1386194
1387434
1388775
1389236
1389813
1390246
1390842
1391941
1392648
1393355
1393862
1395281
1395752
1396913
1397969
1398420
1400215
1403045
1403583
1403729
1405261
1405654
1405792
1408752
1408764
1410364
1413632
1414097
1414408
1414970
1416178
1417368
1417458
1420525
1421037
1421127
1421618
1422972
1424251
1424656
1427137
1427305
1427889
1428755
1428923
1431298
1431633
1434107
1435726
1437959
1438953
1440132
1440600
1442996
1443683
1447428
1450304
1450870
1453108
1454069
1454328
1455046
1455372
1456564
1457157
1457817
1458806
1460705
1461533
1462729
1464639
1466678
1467685
1468186
1468400
1470204
1470488
1471052
1473747
1473974
1474435
1475375
1478986
1479520
1482951
1500055
1500806
1501007
1501488
1501958
1502133
1502531
1502911
1503344
1503485
1503932
1504613
1505784
1507711
1511099
1512374
1512973
1515509
1519148
1519865
1525170
1526873
1533201
1534006
1536785
1538755
1543067
1544572
1545578
1547642
1548631
1548763
1549875
1550579
1553017
1554668
1554852
1556054
1557045
1557362
1558544
1559317
1560289
1561010
1568063
1569129
1570649
1571358
1572071
1572450
1572621
1573406
1573702
1575012
1575415
1576489
1577024
1580843
1583762
1584088
1585022
1585892
1586113
1586662
1587136
1588390
1588983
1589268
1589356
1590094
1590214
1590483
1591518
1592262
1592818
1593526
1594521
1595282
1595946
1596179
1596367
1596783
1597519
1597622
1598009
1598175
1598525
1598667
1599215
1599803
1599836
1600477
1600786
1601541
1602067
1602081
1602244
1602589
1602995
1603442
1604069
1604345
1604413
1604861
1604954
1605170
1605822
1608076
1608418
1608888
1610041
1611908
1612872
1614109
1615009
1616832
1617260
1617842
1618670
1618760
1620769
1621357
1621714
1622197
1626400
1627341
1628917
1629916
1631094
1632053
1650786
1653494
1653539
1654040
1654680
1654723
1655363
1656441
1658138
1659968
1660548
1661160
1664977
1666457
1666708
1667464
1668993
1673395
1674086
1674832
1677606
1678142
1679425
1680426
1680734
1681496
1684224
1685176
1687411
1687892
1687917
1688643
1693972
1693998
1694319
1695774
1697345
1698151
1700207
1700586
1700834
1701597
1702549
1703862
1703949
1704706
1704977
1705940
1706256
1707214
1707416
1708543
1711901
1712429
1712615
1713141
1713844
1715083
1715475
1722508
1723142
1725344
1726217
1727395
1728784
1729837
1731708
1731982
1732113
1732367
1732465
1732853
1733246
1734639
1736172
1736277
1737027
1738112
1738937
1739631
1740099
1740853
1741694
1742515
1743276
1744692
1746295
1746612
1747835
1748965
1749380
1750425
1752542
1754115
1754868
1755836
1756429
1759547
1761843
1763522
1763858
1764278
1764763
1765172
1765322
1765937
1766528
1766941
1766967
1767082
1767621
1767680
1768493
1769222
1770399
1771552
1772772
1772784
1774622
1775637
1779881
1781393
1781461
1782546
1801777
1802719
1802942
1803603
1804564
1807138
1808585
1811965
1812542
1816408
1817865
1819567
1819933
1820527
1821105
1821591
1822225
1822997
1823848
1825072
1826342
1827179
1827663
1828108
1828546
1829247
1830727
1831713
1831795
1832232
1832531
1833240
1834337
1834919
1835745
1836384
1836758
1837279
1838163
1838592
1839217
1839534
1841655
1842057
1843079
1847177
1847375
1848581
1849435
1850036
1850608
1851204
1851885
1852268
1854977
1856078
1857960
1858003
1858131
1859263
1859484
1860767
1862014
1862413
1863070
1863192
1863975
1865420
1867865
1869684
1870772
1871099
1871475
1871624
1872283
1873050
1874399
1874472
1875132
1875482
1875637
1876183
1877019
1877487
1877791
1878829
1878917
1878936
1882275
1882862
1883311
1883538
1883598
1883857
1884946
1885079
1885647
1885715
1886426
1886940
1887119
1888167
1892178
1894028
1894119
1896581
1897452
1898157
1899727
1899934
1899951
1900601
1901155
1901509
1901896
1902786
1903351
1903686
1904367
1904606
1905105
1905621
1907171
1908527
1910747
1911360
1912942
1913275
1913880
1914259
1914708
1915188
1915305
1915781
1915893
1916741
1918337
1918726
1920890
1921039
1924458
1924995
1927795
1929533
1930835
1931949
1932011
1932654
1932894
1933149
1933397
1952191
1952759
1954059
1954243
1954781
1954938
1955092
1955741
1956057
1957307
1957387
1958902
1959003
1960171
1960941
1962683
1963835
1963888
1964416
1965772
1969918
1970795
1971746
1971847
1974119
1975261
1975743
1981470
1982950
1983586
1984242
1984915
1986418
1986748
1987329
1988964
1990865
1992725
1994129
1994236
1994346
1994939
1999221
2002445
2003036
2004240
2004935
2006425
2007815
2007990
2008787
2009354
2010009
2010356
2010655
2010850
2011506
2011604
2011609
2013906
2014140
2015361
2015909
2016035
2016443
2017420
2017718
2017935
2018029
2018681
2018749
2019047
2019501
2026999
2027151
2028896
2030785
2031576
2032146
2032871
2035414
2036570
2037180
2040214
2041200
2042342
2042792
2043824
2044470
2044630
2045730
2046406
2046998
2047281
2048088
2048604
2051713
2052325
2052818
2054228
2054950
2059022
2061588
2062978
2062978
2066648
2068737
2069722
2070281
2071274
2074021
2074628
2074693
2075121
2075643
2076547
2076933
2078310
2079346
2080027
2081979
2100319
2102036
2102397
2103376
2104213
2104834
2105226
2109329
2109487
2112700
2113171
2113644
2114925
2115070
2115923
2116221
2116912
2120140
2120579
2120997
2121384
2121485
2122433
2122841
2123632
2125346
2127273
2128305
2136210
2136391
2136852
2137200
2138023
2139132
2140730
2141165
2141488
2143385
2144154
2144622
2145766
2146189
2146401
2146886
2147528
2147888
2148048
2148264
2152649
2154706
2155017
2155197
2158098
2158580
2159393
2160617
2161414
2162265
2162355
2162857
2163434
2164208
2165378
2165895
2166200
2167185
2167662
2168104
2168306
2168766
2169580
2170469
2171260
2172227
2172950
2174239
2176193
2177076
2177656
2178126
2178188
2182600
2184268
2184741
2185132
2186145
2188499
2188725
2189108
2191036
2192749
2195034
2195441
2195583
2196043
2196827
2196982
2197786
2197864
2199408
2200232
2200627
2200875
2201352
2203613
2204305
2204546
2205491
2206681
2207298
2207342
2208819
2209722
2209772
2211630
2212989
2213328
2214105
2214433
2219206
2222437
2223166
2224297
2224410
2227426
2228254
2228692
2228905
2229181
2230763
2250255
2251001
2252129
2253528
2253914
2254240
2254912
2256252
2257418
2257788
2258519
2259192
2259431
2260497
2262679
2266370
2267986
2268885
2269138
2269616
2269967
2270062
2270578
2270628
2270885
2271294
2271582
2271721
2272709
2272817
2274007
2277116
2278415
2278960
2279645
2280698
2282517
2283186
2283619
2284165
2285662
2286123
2286316
2287605
2288204
2290513
2291782
2292252
2292622
2292834
2293008
2293491
2293733
2294373
2294578
2296011
2297616
2299453
2300519
2301798
2302592
2303410
2303501
2303752
2304916
2305359
2305410
2305960
2306448
2307322
2308319
2309050
2309101
2310591
2310927
2311033
2311699
2312243
2314158
2314968
2315028
2315407
2315523
2315980
2316787
2317408
2318839
2319945
2321609
2322011
2325007
2325400
2326085
2326168
2326324
2328225
2328972
2330417
2331224
2332736
2332869
2334182
2334769
2335177
2335289
2338513
2339155
2339844
2341573
2341919
2343036
2343764
2346110
2346149
2346345
2347662
2349659
2350454
2350604
2351499
2351532
2351923
2352615
2353360
2353932
2354976
2357261
2358314
2359833
2360469
2363355
2364604
2364860
2365123
2367268
2367383
2368046
2368119
2368606
2369349
2369719
2370056
2371593
2372301
2373772
2374375
2374600
2375128
2376008
2378952
2379481
2379759
2380133
2380846
2381685
2381791
2382283
2382336
2383096
2400939
2401330
2402270
2402923
2403014
2403982
2405386
2408116
2411687
2415735
2416119
2416151
2416520
2416726
2416897
2417347
2417915
2418622
2419295
2419892
2420843
2424667
2424899
2425423
2425465
2427790
2429103
2429402
2429571
2430471
2431690
2432673
2432804
2433194
2434081
2434439
2436879
2437435
2437623
2438029
2442417
2445749
2446222
2448614
2449148
2450642
2452307
2452701
2453235
2454757
2455363
2456158
2456311
2457252
2457586
2459668
2460366
2461253
2462103
2463048
2463326
2463372
2463579
2463701
2464650
2468505
2469069
2469717
2469975
2470517
2470688
2471297
2471791
2473159
2473592
2475637
2477059
2477531
2478566
2479026
2479559
2479699
2481161
2481523
2483053
2485911
2486370
2486691
2487610
2487620
2488717
2490339
2490658
2494258
2494646
2496114
2496240
2496630
2498531
2500052
2500912
2501453
2501843
2503678
2506383
2506805
2506984
2507782
2508718
2509664
2511210
2511534
2511661
2514495
2516647
2517558
2517587
2518438
2520856
2522616
2523374
2523749
2524232
2524708
2524908
2526302
2526792
2528936
2530956
2531522
2550804
2551254
2551790
2552016
2552360
2552869
2553585
2554161
2555469
2556234
2556894
2557732
2559108
2559544
2562172
2562647
2563683
2564205
2564914
2565805
2566382
2566649
2567065
2567078
2567581
2569190
2569327
2570605
2574584
2574988
2576059
2579423
2580693
2581274
2581544
2582135
2582267
2583470
2584021
2584355
2585889
2585955
2588818
2589161
2589203
2590944
2591833
2592397
2597058
2597792
2598331
2598931
2600281
2602424
2603308
2607995
2608409
2608780
2609298
2609868
2610816
2611457
2611825
2616846
2618721
2620044
2620400
2620759
2621112
2621826
2622494
2624145
2626296
2628006
2628092
2629449
2630781
2631462
2634504
2635442
2636542
2637295
2637794
2639045
2639520
2640482
2640852
2641228
2641482
2642583
2643087
2644230
2645047
2645733
2645814
2646454
2647387
2649070
2650093
2651392
2652465
2653107
2653538
2653962
2654402
2654555
2655316
2655865
2655951
2657839
2659243
2660756
2663074
2665098
2665276
2665421
2667964
2671171
2671564
2672480
2673439
2674822
2678724
2679416
2680613
2680644
2682916
2701366
2704295
2704381
2705306
2706014
2706770
2707769
2707955
2709231
2709500
2709515
2709890
2710607
2711922
2712582
2712728
2713210
2713476
2713647
2713985
2715424
2717168
2718342
2726148
2726707
2731684
2732533
2735286
2736015
2738773
2739241
2740126
2741060
2741977
2743428
2746980
2747325
2747753
2750771
2751723
2753638
2754608
2754848
2755078
2755157
2756815
2759845
2761067
2761145
2763654
2764083
2764789
2766500
2767120
2767695
2768041
2768442
2769864
2772163
2773809
2773893
2774598
2777248
2778012
2779267
2779692
2780224
2780295
2780869
2780915
2781837
2781878
2782599
2783003
2783416
2784119
2784320
2784813
2785835
2786349
2787587
2788885
2792500
2793004
2794001
2797267
2802862
2804643
2805697
2806287
2806575
2807077
2807186
2807769
2807882
2808488
2808582
2808908
2810145
2811732
2814057
2814149
2814802
2819152
2822585
2822931
2824243
2824936
2828721
2829367
2829834
2830491
2830674
2854126
2857131
2859281
2861245
2861963
2862340
2862441
2863410
2869435
2869611
2871867
2872683
2874475
2874886
2874900
2875187
2875302
2875436
2876196
2877262
2877854
2882005
2883371
2883830
2886111
2888633
2891818
2892740
2894185
2895700
2895783
2896721
2896803
2898605
2899219
2899925
2901205
2902112
2903242
2904134
2904855
2904884
2908065
2908237
2908856
2910474
2911067
2911989
2912440
2913112
2915326
2917276
2918852
2919101
2919699
2919981
2923034
2923696
2927327
2928164
2930740
2931178
2932136
2932946
2934447
2936431
2936767
2937949
2938783
2939260
2939623
2939935
2940585
2940878
2941644
2942174
2942970
2944576
2945944
2947234
2956745
2958430
2962492
2963173
2963262
2963924
2964173
2964737
2965128
2966270
2968613
2968899
2969858
2969897
2971494
2971833
2972223
2972654
2973013
2973516
2973734
2975027
2975638
2976229
2977389
2977502
2977995
2978532
2979599
2980183
2981586
2982117
2982196
2982253
2983338
3000453
3002219
3002809
3005076
3005864
3008048
3008924
3012261
3012683
3012974
3015652
3019190
3019987
3020275
3020493
3020956
3021423
3023330
3027044
3027573
3032649
3032738
3033195
3033607
3036722
3038247
3038792
3040623
3041421
3041788
3042127
3044942
3045513
3045641
3046874
3047735
3048549
3054043
3055368
3055950
3056580
3056703
3057016
3058271
3060716
3061974
3062385
3062941
3063487
3063881
3064705
3065509
3067480
3068348
3069370
3070411
3070534
3071070
3071114
3071587
3071932
3073370
3073416
3073488
3074452
3075029
3075160
3081338
3082300
3092280
3092511
3094276
3099401
3102215
3102234
3102899
3104264
3104380
3104896
3105052
3105266
3106120
3108169
3109140
3109796
3110151
3110280
3111718
3112612
3113092
3113553
3117964
3119257
3119281
3124416
3125652
3133376
3150606
3151749
3152755
3153896
3155864
3155878
3157162
3158700
3159642
3159740
3160245
3160686
3160898
3161025
3161286
3161530
3162544
3163818
3163980
3164055
3165191
3165895
3166096
3167245
3167653
3168323
3168377
3172863
3172891
3174781
3175863
3176270
3177698
3178237
3179155
3179746
3180681
3180994
3181166
3181862
3182109
3182581
3184121
3185565
3186316
3187670
3189087
3191086
3191530
3194209
3196027
3196056
3196514
3198667
3198759
3200474
3202012
3203130
3204304
3205147
3206108
3206185
3207198
3208998
3211832
3212522
3213192
3214982
3217698
3221504
3222532
3223431
3224070
3224570
3225114
3226391
3226969
3227612
3229204
3230082
3230827
3232665
3233719
3234305
3235189
3235682
3238233
3240173
3240741
3241526
3242631
3243677
3243767
3244529
3245169
3245209
3245864
3245972
3247117
3249659
3250025
3250826
3252049
3252301
3252564
3253013
3253040
3253501
3253717
3254326
3255898
3256685
3257148
3257500
3258363
3262703
3267102
3267625
3267881
3268294
3269278
3272013
3272381
3272693
3273088
3274416
3274537
3279638
3280749
3281208
3300660
3301643
3302096
3302788
3305547
3305610
3305821
3306544
3307450
3308563
3309407
3310216
3310513
3311267
3313983
3317917
3319421
3320322
3321389
3323528
3324588
3325429
3329587
3334314
3334867
3335354
3335770
3336352
3336692
3336920
3341004
3343126
3348260
3348470
3348900
3353537
3354234
3354602
3355520
3357107
3358170
3359648
3360630
3360684
3361341
3363422
3364728
3367061
3367657
3367716
3370111
3370410
3370819
3371150
3373511
3374738
3375536
3376045
3376513
3377782
3378624
3379855
3380607
3381439
3382718
3383435
3383908
3384353
3384451
3385239
3385310
3387378
3387639
3389193
3392029
3392147
3392753
3393101
3394078
3394393
3394585
3396437
3397287
3397336
3397763
3398582
3400582
3403448
3404004
3404963
3405437
3405684
3407498
3410198
3410224
3410350
3411518
3411877
3412032
3412663
3413178
3413251
3413908
3414034
3414520
3414532
3414917
3415072
3415769
3418669
3418688
3419526
3420068
3420531
3422097
3423424
3424816
3426648
3427437
3428706
3430932
3432852
3450065
3450402
3453678
3455163
3456153
3456868
3457019
3457404
3457856
3457994
3459931
3461435
3465611
3465788
3466716
3467276
3467853
3468354
3469673
3473299
3474827
3476694
3477345
3478584
3482711
3483702
3484823
3485691
3487844
3488738
3489331
3490985
3493928
3495275
3495685
3496396
3496950
3497093
3498530
3500504
3500846
3501961
3505883
3506593
3507262
3510142
3510187
3510874
3511429
3512164
3512806
3513288
3513651
3514194
3514965
3516265
3517011
3520311
3521431
3522420
3524019
3524663
3527197
3528102
3528204
3528511
3529215
3529299
3529544
3531357
3533028
3533751
3534193
3534305
3535946
3536060
3537639
3539031
3540636
3543209
3545096
3546726
3547122
3547721
3549276
3552897
3553921
3554830
3555697
3556493
3560327
3561018
3561231
3561595
3563314
3563748
3563880
3564277
3564597
3565588
3566107
3566521
3566990
3567375
3568688
3569453
3570756
3571232
3572916
3573893
3579058
3581325
3582508
3582782
3600543
3602483
3602707
3603751
3605124
3605149
3606648
3607212
3607424
3613037
3613696
3614212
3615572
3616497
3618283
3620378
3626535
3626983
3627399
3627767
3628453
3628794
3629647
3630704
3630871
3632221
3634007
3634684
3635672
3637684
3639541
3640843
3641149
3642044
3642547
3643444
3643483
3643570
3644504
3645254
3645611
3647407
3648824
3651266
3651993
3652799
3653000
3653266
3653464
3653602
3653843
3655374
3655732
3657227
3657655
3657792
3658667
3659442
3660824
3662143
3663176
3669631
3670883
3671910
3671990
3672562
3672974
3673043
3673058
3673584
3674023
3674577
3675459
3675537
3676165
3677998
3682335
3683271
3684841
3686025
3686265
3686680
3689954
3692458
3695158
3700588
3701022
3702416
3704812
3705998
3706514
3707796
3708130
3716510
3720138
3720528
3721881
3722602
3723663
3724774
3725062
3726807
3728500
3729922
3730340
3731169
3731591
