8070.589
16879.69
28588.45
29289.79
29954.24
32862.99
79605.11
81152.49
83213.55
84313.04
89297.6
94544.49
104281.8
125592.7
128479.3
130228.8
131437.5
131925.6
132408.6
132819.4
133631.4
134414.5
134758.9
135429.4
136397.8
136662.2
137956
138369.7
138869.6
139612.2
140529.2
148177.9
150083.6
151361.4
152329.3
152887.2
153459.9
154151.7
154834.3
157505.1
158960.3
160005.8
190748.9
191742.9
193049.9
194210.5
197001.6
198749
204204.6
205337.2
206334.3
207322.3
208190
241204.3
248363.2
265076.3
266204.4
268991.6
269732.4
272163.5
273421.1
274318.5
275679.2
277249.7
280705.1
295068.4
296476.5
308886.7
311748.9
315847.9
318354.5
323795.9
328895.7
330180.8
331539.1
337330.6
374988.9
380998.8
384808.5
393760.1
398811.7
404631.8
421006.3
421649.7
422240.1
423953.7
425767.7
427385.7
428860.5
430004.4
431465.9
433251.2
434767.5
451353.8
455443.5
456751.6
476558.8
477483.6
483199
487241.4
490420.1
492465.1
493477.6
495688.3
500433.7
501341.9
504366.8
505710.3
508489.4
528803.5
544656.7
546314
547128.9
547921.9
548807.2
549833.1
550748.3
552160.9
552617.4
553821.2
557577.2
560948.6
562476.1
564204.3
570527.6
571249
572139.1
581333.4
586982.7
587876
608389.6
609559.6
618583
636865.9
637773.3
638820.9
639374.3
641627
642547.6
643361.7
644616.8
646589.8
675839.8
677143.2
678642.2
682546.3
691949.7
692937.9
693969.5
695107.6
696925.2
697820.5
699358.4
701247.6
713737.6
715220.8
724608.1
725909.5
727360.7
728357.1
729264.3
739873.5
752948.1
760942.8
765340.1
766413.8
768220.8
770210.5
823743.5
825158.6
825840.1
826552.5
827348.3
828134
829576.9
832990.3
834515.6
835475.1
845066.7
845801.6
848062.9
849007.8
849736.8
850517.8
865961.5
868052
870781.5
871268
871816.9
872636.5
874315.2
875095.8
880317.4
882160.7
891789.9
892550.1
893076.1
896159
900590.3
905482
906564.7
911008.9
913570.8
924357
925086.1
929973.9
931120.8
935646.4
938241.1
939130.4
940554
941623.1
946513.2
983810.1
987717.3
988899
992020.4
993083.1
994158.7
1000525
1001589
1003528
1005368
1008832
1009760
1045725
1048729
1051600
1052199
1053324
1054814
1056285
1056818
1058122
1058419
1059248
1059496
1059772
1060268
1061136
1075501
1078870
1103338
1104603
1107991
1108972
1110305
1111627
1126030
1131936
1140778
1141649
1142671
1145029
1149725
1150659
1156106
1165543
1169671
1177818
1178515
1179179
1194452
1195219
1196665
1233124
1235023
1238745
1240191
1241066
1249111
1277975
1278789
1279393
1280235
1281550
1285760
1291005
1291888
1293688
1317244
1319124
1319747
1320536
1321610
1326459
1332004
1333357
1337088
1337933
1340406
1342707
1343666
1345301
1346277
1347459
1354481
1362647
1363804
1364320
1364772
1366188
1366927
1368047
1369554
1370949
1372958
1373731
1375088
1375819
1376670
1377384
1378535
1399734
1416262
1419252
1437517
1442632
1452216
1453487
1455047
1456006
1456739
1457488
1458617
1459933
1463445
1464201
1466320
1469356
1478553
1491946
1497320
1511435
1512630
1513285
1514394
1515463
1516109
1517661
1518271
1520869
1522196
1523836
1524327
1525194
1525603
1526547
1527651
1528665
1547639
1573038
1573752
1574329
1577112
1578829
1594869
1597615
1599715
1603510
1616734
1619774
1621086
1623856
1634659
1649461
1657444
1658259
1658883
1659445
1661295
1663230
1664400
1672643
1673647
1676220
1694625
1698921
1699619
1700218
1700928
1702765
1705623
1711778
1723091
1724081
1729738
1730341
1730991
1746869
1748463
1751159
1752008
1754684
1755454
1787330
1790019
1790748
1791207
1791901
1792632
1803224
1805123
1808190
1809493
1810710
1811760
1815107
1826377
1828126
1844394
1845290
1874869
1883837
1893545
1894170
1895532
1898681
1900640
1907434
1908194
1909852
1920521
1922033
1923069
1926132
1927909
1928873
1958416
1959202
1959716
1960415
1961314
1962633
1963458
1964507
1972650
1974133
1975277
1977459
1978886
1982180
1993152
2001392
2002616
2003148
2003796
2004416
2005179
2005994
2006750
2007284
2009790
2012019
2013325
2014456
2015256
2017985
2019229
2020075
2020747
2022199
2055357
2061603
2063645
2103663
2105203
2106369
2106789
2108963
2111202
2112545
2178900
2182769
2190784
2193079
2198073
2209169
2221454
2243210
2244100
2244711
2245285
2247079
2279335
2280347
2281333
2298824
2301292
2306330
2338669
2341758
2353506
2360666
2361687
2364943
2367130
2370425
2394571
2413107
2413955
2426705
2429537
2434164
2436579
2441915
2478655
2479451
2479934
2483409
2486312
2493013
2495535
2499374
2504165
2505856
2517931
2519640
2523469
2532773
2533297
2534525
2588198
2591092
2611636
2613273
2618883
2627075
2629193
2630321
2635709
2640510
2667757
2677593
2687874
2688939
2708660
2729046
2731748
2740765
2743538
2745941
2747093
2748028
2776149
2776842
2780475
2785127
2796538
2797454
2831996
2859418
2872294
2873568
2875335
2876808
2888208
2890389
2897417
2899612
2925049
2935695
2941095
2942060
2942877
2946380
2947880
2960052
2961124
2990265
2990961
2992149
2993185
2994202
3005794
3018334
3019955
3020984
3037730
3039972
3041836
3081058
3083046
3086988
3091558
3093765
3102795
3114332
3117531
3120315
3136371
3180314
3185754
3187303
3187906
3205535
3207919
3209403
3216350
3217032
3221505
3240289
3241127
3247470
3249329
3250216
3251036
3251515
3252158
3253363
3264430
3265124
3267486
3279162
3280118
3281595
3282238
3283479
3285279
3289876
3307191
3307985
3333488
3335054
3339790
3340506
3341890
3342765
3345073
3345531
3346411
3348471
3375205
3375657
3376095
3376553
3377129
3377715
3379570
3382855
3383633
3384747
3389390
3390848
3393411
3440452
3455725
3483391
3484244
3484988
3485705
3487957
3490831
3498208
3498875
3509822
3511866
3514556
3515307
3516843
3519429
3521844
3522804
3535068
3536460
3538508
3539732
3543555
3545344
3547567
3549225
3551001
3570865
3571630
3573708
3574440
3587145
3590612
3595024
3616381
3623495
3628278
3629499
3630601
3640553
3675725
3676808
3677845
3690277
3691161
3702014
3702690
3706524
3724083
3727954
3728622
3729133
3729649
3730154
3730901
3732904
3733949
3744925
3748711
3751125
3753919
3755775
3756632
3759308
3768387
3768925
3769543
3770416
3771956
3805763
3810450
3811451
3812216
3812788
3815027
3816149
3818323
3823657
3824219
3828060
3829403
3830784
3840017
3840529
3841063
3841720
3842415
3851773
3852456
3855153
3876955
3880494
3881677
3883409
3884360
3888275
3889106
3890078
3900299
3901187
3911251
3921638
3928615
3930005
3930868
3931555
3932297
3934149
3938507
3939978
3941052
3942001
3943566
3975817
3976793
3977975
3978826
3979854
3981444
3982504
4006620
4007781
4015488
4034801
4035994
4036617
4037147
4038132
4038631
4039238
4040157
4046439
4050974
4058108
4066366
4073567
4075003
4083443
4095582
4102791
4106021
4107011
4107893
4108611
4127959
4129088
4131046
4145117
4157229
4167521
4174610
4176152
4176882
4206819
4208139
4208901
4210192
4213126
4224640
4226661
4227482
4228163
4228577
4228975
4231847
4232982
4233371
4233825
4234391
4235067
4236728
4281314
4283823
4300899
4302609
4303310
4304076
4307285
4308649
4336550
4340491
4342133
4343703
4350359
4351053
4352238
4353464
4354902
4356004
4356753
4357807
4362091
4363962
4365526
4367151
4377073
4398762
4410705
4413280
4431237
4432883
4434681
4435504
4440459
4441467
4442241
4443062
4445181
4452088
4457650
4458471
4459089
4460423
4461236
4462544
4463906
4469187
4472705
4473618
4474567
4478240
4480293
4481019
4481882
4482719
4525385
4527826
4528769
4529333
4530979
4534102
4580098
4581924
4583098
4584493
4585173
4585838
4586874
4590386
4596262
4597896
4598887
4600048
4600648
4608032
4616840
4626189
4626862
4627929
4629263
4642804
4656684
4658365
4663193
4665722
4667583
4673083
4689410
4692295
4693566
4696030
4697475
4699958
4703621
4709563
4726919
4738272
4740192
4740712
4742018
4743112
4756600
4779752
4781468
4784765
4800431
4801376
4821391
4840134
4843925
4845034
4845560
4846246
4847087
4848022
4879677
4880425
4881129
4881696
4883004
4883693
4884694
4886513
4887932
4888260
4889243
4889586
4890578
4891475
4891991
4930497
4945979
4947098
4948072
4949940
4950638
4951340
4951981
4968791
4978895
4986597
4987513
4991019
4996827
5000602
5001622
5003442
5014537
5018303
5024096
5041342
5042360
5042987
5053083
5053821
5054879
5066222
5067615
5075140
5078192
5080427
5085292
5093514
5108106
5109205
5110834
5117178
5118904
5120984
5123744
5125212
5129230
5129986
5130771
5133840
5145540
5146172
5146941
5147855
5148635
5178531
5179451
5185455
5186317
5187177
5188410
5209867
5221739
5223929
5230878
5231957
5247541
5248443
5249122
5251359
5252457
5261348
5263561
5265319
5288680
5290475
5301749
5302687
5303733
5308690
5310916
5314155
5315018
5315888
5318672
5328120
5336851
5338629
5340050
5343229
5345042
5353973
5375160
5376638
5383088
5384962
5385629
5386245
5386838
5388236
5388735
5390044
5390681
5391521
5395807
5409814
5414095
5420400
5421753
5426204
5427296
5441176
5444132
5478655
5479816
5480624
5482531
5483371
5484140
5485081
5490030
5491320
5492563
5493389
5495430
5498229
5507206
5511586
5512561
5514205
5516682
5521524
5539505
5545402
5546703
5549798
5572282
5574509
5578428
5582320
5584393
5585843
5608927
5610086
5610709
5611262
5615786
5616788
5618982
5620326
5621115
5623321
5653540
5655092
5659657
5662069
5663784
5664293
5666620
5675137
5676705
5679940
5705510
5715116
5725623
5726813
5727601
5728630
5729781
5730954
5731612
5737543
5784170
5796233
5798096
5799695
5802940
5817058
5821572
5829670
5830283
5830854
5832078
5832857
5834016
5843891
5879512
5881219
5884329
5887881
5918893
5939339
5940320
5940888
5954383
5957062
5964606
5969223
5979811
5989416
5990566
5991411
5992325
5994446
6000933
6001477
6006588
6010921
6013740
6020531
6021880
6023127
6082284
6084067
6084773
6085887
6097150
6097992
6098571
6106855
6120670
6122156
6123026
6124037
6129901
6131396
6132973
6157508
6173243
6174381
6176789
6189713
6192658
6197336
6213295
6215096
6262187
6268472
6273840
6275701
6276785
6280916
6282215
6284282
6287157
6293540
6309740
6310416
6311209
6312148
6328903
6329437
6332376
6335074
6338251
6339512
6374989
6376421
6382435
6383018
6383489
6384052
6385358
6393866
6403683
6411801
6422242
6425380
6426497
6427618
6428910
6430072
6431025
6431769
6439157
6440504
6453039
6461002
6463906
6466935
6467854
6469949
6479745
6480575
6484009
6496047
6496995
6507544
6514611
6530286
6534124
6546861
6547712
6563453
6581329
6585497
6593946
6608115
6609160
6611904
6616218
6621736
6622860
6623756
6631208
6632881
6633699
6634296
6634901
6635612
6636144
6638520
6640891
6644664
6648142
6678343
6681593
6683948
6691689
6695543
6703228
6704489
6710926
6712815
6715019
6718456
6755443
6757042
6757903
6758725
6777657
6778472
6778928
6780479
6781025
6783673
6785591
6786260
6787775
6803652
6804538
6805090
6805710
6806285
6811629
6814912
6826628
6829153
6830014
6831484
6832134
6832823
6833436
6837124
6842971
6866234
6883288
6884503
6905822
6907748
6912472
6913601
6916082
6928263
6929234
6930414
6932047
6938141
6938689
6940804
6943919
6945318
6946494
6947622
6948938
6980707
6981413
6981997
6982474
6983568
6984295
6985680
6987477
6991199
6992677
6994390
6999652
7019991
7037804
7038570
7043616
7044910
7048232
7050165
7059423
7060395
7074281
7075302
7077323
7095490
7099352
7101096
7111670
7113749
7136960
7138368
7163169
7164040
7164767
7166233
7170423
7172794
7205701
7206660
7207553
7208937
7232436
7238360
7239657
7242822
7243526
7282209
7283127
7284145
7287181
7292352
7294674
7295353
7296370
7296976
7298524
7299287
7303305
7318477
7324027
7326163
7327904
7329548
7336671
7338699
7354525
7358003
7373936
7377344
7379256
7383558
7384746
7402887
7404459
7406658
7407739
7421234
7423110
7426505
7427183
7427858
7429195
7430737
7438829
7440628
7441602
7445403
7446074
7447962
7454675
7460950
7478475
7480258
7483135
7484034
7484675
7485581
7501062
7501351
7502270
7531283
7533067
7547623
7575732
7580763
7583845
7584958
7588491
7589168
7589996
7590941
7592445
7594055
7625399
7626446
7627556
7639532
7643782
7645007
7660181
7679249
7680540
7682554
7686931
7707964
7710280
7715321
7715983
7716895
7721604
7730699
7731304
7732899
7748822
7749838
7751190
7751767
7753708
7766191
7768183
7773037
7779327
7780280
7781211
7782351
7786148
7787200
7788244
7789386
7790930
7794565
7808956
7810592
7811226
7811894
7813812
7814332
7814997
7818941
7834586
7836009
7836703
7837443
7838522
7839615
7840759
7841462
7842309
7843274
7884106
7885626
7887293
7888110
7889481
7890200
7890958
7907128
7910167
7939830
7941630
7944610
7954206
7958833
7964567
7966338
7968013
7981044
7981750
7982743
7983770
7986601
7998763
8001264
8003531
8011584
8012700
8014226
8015358
8015948
8016507
8017287
8020118
8039926
8041772
8046031
8056598
8057674
8058867
8060029
8060644
8061187
8062460
8063373
8064237
8064959
8086207
8086965
8087689
8088696
8089518
8100111
8122657
8145357
8146364
8147312
8148084
8177814
8178465
8179036
8185590
8187267
8188504
8191289
8193135
8194891
8201454
8215723
8216784
8218239
8236689
8237071
8238086
8238510
8238980
8241602
8274222
8277406
8295097
8296013
8297424
8300294
8302111
8308314
8308967
8310546
8311208
8316677
8337384
8338739
8340804
8366665
8369254
8371424
8372792
8374219
8383903
8385461
8405533
8407756
8408702
8409466
8410604
8412688
8415047
8415808
8416399
8417269
8418579
8420551
8424207
8426312
8427624
8470714
8471480
8475887
8476699
8477339
8478158
8479935
8493053
8495115
8495559
8495967
8496416
8496960
8497617
8498453
8498798
8499975
8500909
8501166
8501513
8501833
8502155
8502810
8503506
8506326
8532358
8534045
8534698
8536000
8540015
8544709
8545452
8546731
8554821
8590173
8590684
8591920
8615946
8617115
8625114
8626005
8637127
8637866
8638963
8644653
8645794
8647076
8649714
8651266
8656689
8660012
8662895
8668104
8683791
8686456
8715805
8726583
8727852
8728624
8729753
8731051
8732852
8737539
8742714
8744067
8772717
8775753
8776538
8777243
8778593
8779793
8784284
8785217
8787977
8789001
8795628
8796628
8797265
8797803
8798407
8799498
8800456
8805737
8817042
8832470
8833155
8834273
8835880
8840453
8849286
8858772
8860938
8861655
8873151
8898709
8901615
8904091
8905613
8907856
8908947
8916573
8919367
8920031
8924683
8927310
8931291
8933321
8944309
8945417
8952207
8954218
8955595
8992576
8996914
