485.3432
1389.141
2148.598
2575.542
4266.371
6585.917
6611.14
7010.825
7112.167
7588.912
9281.723
10075.9
10128.13
10565.66
11443.57
12252.8
12410.49
12705.09
13713.37
15189.2
15982.57
17602.18
22056.8
23714.16
28152.5
32199.51
32888.66
33606.39
37060.14
39833.23
40337.88
41022.81
41579.66
46123.52
46994.18
52647.6
55874.48
55931.03
57393.7
58033.79
58205.71
59349.62
59384.68
59436.32
61051.5
63806.79
64655.28
65240.94
65685.23
66473.97
67323.38
67428.45
67782.31
68385.16
69212.36
70098.85
70150.73
70447.99
71108.17
75088.81
81684.04
83843.77
89545.29
90001.02
90943.19
102011.8
111261.1
111426.4
113956.6
114408.3
126688.3
127453.9
128429.2
129726.8
133694.9
133772.2
134011.9
137354.3
142070.5
142623.6
142919
143698.8
144347.7
145208.6
151006.1
152152.9
159236.7
159371.2
160482.2
160716.9
161197.1
161463.3
161634.4
161816.9
163365
163623.2
164367.8
166818.2
167086.6
167181.9
167915.7
168488.2
170445.4
173558.4
174726.5
180215.6
180975.2
181141.2
181673.1
182698.4
183161.9
183694.5
183901.5
184373.3
184945.9
185318.3
185772.6
185809.4
186738.8
189096.4
189695.5
189910.8
190989.9
194417.2
196634.2
200702.7
201622
204974
205460.1
207212.2
214411.6
214863.9
216799.9
219034.8
219115
220460.8
220987.7
221094.4
221342.6
222177.6
222391.3
226091
229526
231898.3
233079.2
234558.1
234814.2
248106.1
248352.4
249432.3
252122.1
252155.3
254485.2
255976.6
259454.1
260444.2
260470.3
263667.6
263979.3
265297.8
265649.7
265977.8
268188.9
269698
272094.8
274323.4
278007.4
278775.4
279318.6
279995.2
280352.3
284556.7
290050.5
290692.9
290892.9
290998
291250.7
292170.3
294722.9
296610.6
296926.5
297044.7
301374.5
301782.8
302944.1
303609.2
305241.9
305345.5
307600.5
311715
312759.3
315018.8
316612.3
316815.9
317900.9
319544.3
322190.7
326288.5
326673.1
330530.6
330680.6
335263.5
335915
336279.9
338437.7
339389.5
340323.8
342656.5
344103.4
344626.8
345458.6
346628.1
346674.8
348154.6
348307.2
354130.5
354686.9
355226.2
355833.6
356248.5
356765.1
356810
357935.6
358495.7
358627.4
359078.5
359588.5
359753.9
360235.5
361311.7
362150.6
362682.7
363790.1
364307.5
364475.5
365406.5
366169.7
366951.2
370423.2
371321.4
371565.4
371900.7
373130.1
374577.4
375306.2
382700.6
384541.2
387594
388253
388986.4
392664.6
400532.3
403562.4
406201.1
409185
411328.4
413871.1
418491.5
420489.8
424879.9
425345.2
431052.6
432288.4
438087.5
440514.9
441565.6
442638.9
442774
446483.2
449261.2
450509.9
450634
450915.9
452988.1
453897.4
457763.8
458124.9
461435.1
463809.1
468280.4
469041.1
469042.6
469793.8
470115.8
471205.2
473040.1
473737.6
474616.9
475312.5
477564.9
478026.1
482249.9
483279.8
484802.7
484857.6
485132.7
485822.7
486237.4
487530
487792.2
489766.7
491285.4
498179.2
498629.9
499007.6
501512.9
501934.5
502902.9
504680.4
511597.5
511978.6
512885.1
513936.7
515310.8
516010.3
526035.8
531178.4
532255
532349
534097.5
535358.4
536990
537639.2
538517.8
538954.1
539124
539151.5
539783.9
540207
541708.9
542897.2
543474.2
544569.9
545586.3
549648.2
564261.1
565853
569300
570414.3
571568.7
571807.6
573400.2
574757.4
576006.6
581795.2
582086.5
582452.2
583361.6
587603.1
592849.6
593843.5
596003.5
602619
610307.5
611307.5
611458.5
613061.1
613360.3
625760.7
625941.2
626419.4
626700.9
628222.6
629288.6
630442.7
630780
633277.4
633522.1
635367.4
636009.3
636275.5
636579
637273.1
637762.5
638700.2
639226.9
639380.6
642794.1
644923.2
647869.3
651299.9
652762.4
653190.1
653705.9
655230.8
657204.3
660090.1
662719.9
664225
664864.9
665301.7
665531.6
665693.8
667435
668651.3
669667.2
671468.3
671955.6
675217.8
678112.6
678405.4
678803.7
679638.1
685128.7
687605.1
692535.8
693237.9
696414.5
697708.8
699094.2
700523.2
701248.6
703649.6
704488.7
704949.4
705281.7
706539.5
706910.9
707008.1
710587
710747.6
711510.6
716151.4
722098.3
726662.9
727589.3
730437.1
731339.1
731420.2
731745.8
732024.7
733418.6
734739.2
735225.3
735359.3
735955.1
736630.3
737588.1
737958.9
738479.7
738852.6
740339.4
741009.9
742743.8
745818.7
749017.1
754786.1
754828.1
755353.7
756869.2
758233
758237.7
761253.1
761754.2
762834.8
765310.7
765758
769662.4
778202.3
779838.2
781572.9
782825.5
784062
784712
785889.1
787129.4
788912.8
789614.6
790834.7
791580.1
793005.9
793731.2
794392.4
795565
802574.4
806250.7
810892.4
811661.1
812223
818476.4
819793.7
819979.8
822109.4
822361.3
826574.2
829502.4
829627.5
830687.5
831131.9
835087.1
836838.3
839193.3
839702.4
841641.2
844248.2
847233
848380.1
850321.1
851039.3
854100.8
857901.4
859652
860205.2
861296.8
863155.2
866685.8
866816.5
867247.2
872421.8
872748.7
875672.3
875998.9
877072.6
879535.3
882711.7
888426
892596.8
895852.7
900489.8
900733.4
904962.2
910595.8
915601.7
916303.8
920150.8
920816.2
920845.1
921679.7
922006.1
925797.2
931522
936291.3
938608.2
940798
941993.3
942087.5
942756.8
943054.6
943350.9
943803.2
944489.5
944666
945194.2
946613.8
946673.2
954472.5
955864.6
956553.3
958856.2
960262.1
965710
970471.2
971649
979490.3
987870.8
988265.6
988758.9
990613.6
996726.3
998317.8
998427.9
999124.5
1005217
1013812
1014479
1017026
1020126
1020777
1022695
1023230
1024006
1024892
1025964
1027822
1029357
1031134
1038108
1040023
1040852
1052581
1053479
1055021
1055966
1056029
1056525
1059680
1061124
1065656
1065974
1066394
1067548
1067721
1073975
1077403
1080516
1081006
1081952
1082826
1091730
1091873
1094657
1095495
1095804
1097566
1098176
1099505
1099801
1100456
1100800
1100948
1101212
1102093
1104172
1105577
1106117
1106571
1107109
1107382
1108301
1108385
1109539
1113146
1122220
1123383
1124620
1124785
1127537
1128198
1128486
1130893
1130944
1132930
1138462
1138853
1140141
1141313
1141588
1145353
1146785
1147414
1152401
1152972
1153159
1154065
1155237
1159966
1160963
1163094
1163592
1164333
1164794
1164867
1166053
1170695
1171678
1173668
1174241
1179570
1182737
1182777
1183443
1185051
1185156
1185599
1186473
1187884
1188922
1191109
1192456
1192797
1195852
1200520
1216574
1218330
1221168
1221867
1222524
1223465
1224406
1226578
1230048
1231534
1235653
1235670
1240751
1244211
1247924
1248331
1248472
1248603
1249184
1251130
1253043
1253611
1254471
1255187
1255579
1256582
1262236
1262687
1263977
1264018
1264827
1270398
1270461
1275188
1277071
1283528
1284460
1288949
1290923
1290923
1291969
1293130
1293881
1294825
1297008
1298746
1300387
1303262
1303854
1304291
1308574
1310493
1316493
1318443
1318608
1318667
1318826
1319021
1319331
1319469
1319491
1319890
1320698
1322135
1322833
1323190
1323366
1323851
1324088
1324274
1326094
1326142
1326433
1326631
1328796
1330135
1345125
1345542
1348173
1354380
1370431
1371081
1375609
1381407
1389672
1391627
1392140
1393463
1393688
1394412
1394980
1395417
1396120
1396198
1396491
1397245
1403231
1405615
1407285
1407616
1414702
1416677
1417781
1424905
1424939
1425735
1426370
1426797
1427756
1427797
1429516
1431131
1432282
1434230
1435548
1436875
1443163
1443814
1445914
1449865
1455129
1464651
1465224
1474113
1475983
1476015
1476297
1476999
1478806
1481832
1482535
1488158
1491085
1491098
1495549
1501877
1506941
1511199
1513686
1514484
1519940
1521715
1526327
1527382
1528913
1530082
1531490
1532545
1533134
1535594
1541665
1542572
1543148
1543187
1543968
1545906
1550717
1552564
1554990
1558941
1559729
1559759
1561859
1563120
1563970
1566114
1571271
1572796
1573803
1576122
1577943
1578259
1578513
1578834
1579996
1580338
1581089
1581822
1584410
1589476
1597457
1602241
1605576
1609577
1610525
1610931
1611773
1611917
1615473
1620774
1621373
1628556
1629359
1630355
1631210
1631715
1632262
1636388
1636569
1637140
1639477
1644183
1662222
1663949
1668289
1669408
1669691
1670225
1670970
1672282
1672516
1672528
1673360
1674045
1674709
1677749
1678032
1684827
1686148
1687337
1687494
1688237
1688973
1690365
1690644
1701375
1702515
1705505
1709205
1709981
1710476
1718884
1719103
1721122
1722697
1724604
1726459
1728991
1731123
1732691
1734430
1741010
1741329
1742278
1742617
1743041
1743268
1743513
1744697
1744867
1745524
1745761
1745875
1746205
1747078
1747174
1753210
1757112
1758833
1760061
1763137
1773550
1774803
1777938
1779489
1785900
1786103
1786430
1792773
1792959
1794790
1800855
1801146
1801169
1801464
1802038
1802474
1802908
1805708
1807882
1809333
1810838
1812031
1812914
1813695
1814658
1816076
1817286
1818137
1819040
1819509
1820997
1823072
1824063
1824460
1824550
1826528
1827320
1828172
1829391
1831012
1831432
1832810
1835221
1836851
1839986
1848117
1848945
1850051
1853562
1854890
1855423
1856681
1857177
1857817
1861094
1867876
1868496
1868983
1872819
1873489
1874570
1878607
1879769
1880759
1881995
1882754
1883326
1889474
1893736
1898143
1901134
1904578
1905512
1905579
1906588
1906757
1907965
1911249
1913680
1914168
1914272
1916647
1917104
1918442
1919490
1920534
1920928
1922274
1923062
1927722
1930702
1931789
1937318
1940117
1943097
1945261
1949057
1952121
1953541
1954098
1954507
1955034
1966334
1968171
1970310
1970800
1971098
1971557
1972424
1973212
1973600
1975000
1983445
1986929
1987827
1990492
1991578
1991994
1994132
1995887
1996313
2002360
2005280
2010818
2012534
2012548
2012966
2013014
2014540
2014812
2015815
2017693
2017696
2018168
2019071
2019120
2019601
2019886
2026661
2026993
2028155
2031048
2034207
2034384
2034929
2036608
2036750
2037268
2040049
2040543
2042151
2043150
2044144
2045112
2048905
2052271
2052627
2053424
2056262
2059696
2063472
2065449
2065495
2066990
2067646
2068401
2070376
2078089
2078565
2100493
2102473
2107991
2109805
2115904
2116616
2116891
2117437
2117932
2118495
2118566
2119908
2120500
2120639
2120651
2121330
2122715
2125107
2129878
2130279
2130752
2131672
2132771
2132894
2138350
2141641
2143792
2145112
2145834
2145857
2146199
2153870
2154713
2154924
2155553
2160033
2161403
2162645
2163397
2164288
2167436
2188987
2189438
2190843
2193822
2199765
2202099
2205146
2206441
2207789
2208662
2211659
2212682
2213790
2217078
2218192
2219990
2220536
2222177
2222731
2224480
2225040
2225964
2226692
2227234
2228435
2231098
2235295
2236114
2238021
2238022
2239162
2239610
2241561
2242421
2242898
2243153
2243296
2244071
2245777
2247908
2251448
2252327
2254527
2256148
2259898
2260441
2261608
2268604
2268919
2271801
2272351
2272864
2273077
2273569
2274059
2274488
2274981
2276980
2289278
2290292
2290921
2292664
2293296
2293639
2298370
2303886
2306342
2308905
2309542
2310340
2311037
2311348
2313135
2313302
2315725
2315963
2316654
2318017
2318931
2319291
2319629
2320948
2321907
2322478
2324627
2324697
2326522
2329707
2330479
2345197
2346046
2347699
2347947
2348940
2350535
2356857
2361627
2362159
2363492
2364855
2366435
2366741
2370374
2373225
2373938
2374519
2375700
2377051
2382320
2385008
2385164
2389302
2392345
2392428
2392852
2397294
2404000
2404437
2404684
2405328
2417208
2419523
2425395
2430211
2433204
2433517
2433829
2434177
2438407
2443154
2443442
2444369
2444776
2445467
2445502
2452393
2454686
2455340
2455527
2457361
2458895
2458897
2462876
2465346
2467731
2467818
2469013
2473446
2474089
2474462
2478471
2478541
2479668
2480047
2480130
2481080
2481324
2482454
2483521
2487716
2491133
2496975
2497595
2503967
2512974
2513877
2514563
2514788
2515483
2515729
2516169
2516342
2516512
2516672
2516841
2517164
2517175
2517573
2517954
2518150
2518710
2521237
2522291
2523950
2524102
2524188
2524451
2524816
2525343
2531068
2532041
2533723
2534471
2535255
2535922
2542280
2542469
2547094
2553268
2556272
2556432
2557502
2557910
2558196
2559718
2560981
2563123
2564029
2564546
2570010
2574341
2576510
2582214
2583219
2584253
2586298
2589123
2589830
2590206
2591094
2591720
2592362
2593233
2601822
2605995
2606021
2606865
2607615
2607685
2608728
2610164
2614353
2615484
2615590
2619075
2620407
2620819
2621040
2621204
2622293
2622747
2633747
2634529
2637475
2640997
2642290
2642782
2647153
2661331
2664305
2673673
2680961
2681898
2682319
2682479
2683138
2688684
2689657
2690392
2695679
2700446
2700920
2702755
2703817
2705622
2705652
2708942
2710514
2710822
2714092
2717044
2717393
2717851
2718434
2719343
2719952
2721134
2721610
2725472
2725970
2726999
2738848
2739910
2741455
2742494
2752594
2756429
2757125
2757724
2757963
2758440
2758909
2759200
2760114
2761206
2763891
2764242
2767137
2770412
2771962
2773075
2794108
2794520
2801859
2804682
2810792
2824004
2824427
2826914
2829863
2830054
2830461
2842996
2844258
2844858
2846968
2851366
2851385
2859063
2859898
2860880
2860985
2862036
2868012
2868577
2868589
2870616
2870788
2872858
2874688
2874721
2875539
2877272
2877745
2881865
2881957
2882639
2883989
2884563
2896790
2904885
2918153
2931827
2932594
2932997
2933358
2933386
2933986
2934326
2937375
2938747
2939202
2950525
2951164
2955221
2956430
2957420
2958272
2962517
2962990
2964517
2964559
2964819
2965708
2966091
2969926
2970838
2972587
2973319
2974376
2975605
2975906
2976257
2977055
2979353
2979430
2979763
2979928
2980491
2980935
2980989
2981491
2982074
2985647
2987605
3003807
3006673
3011543
3011947
3012374
3012735
3013260
3013883
3022067
3025481
3028593
3032098
3036741
3040106
3040928
3041690
3046000
3046908
3051861
3052757
3053257
3053436
3053840
3054187
3054906
3056607
3056770
3056910
3057356
3057888
3058887
3059382
3059959
3062413
3063921
3064010
3066048
3066680
3074973
3081279
3082081
3089036
3091901
3093628
3101506
3108746
3111103
3111634
3112654
3113143
3114665
3115633
3118407
3119999
3122869
3123467
3123798
3126033
3127917
3128379
3128659
3129152
3130985
3131610
3137534
3138102
3139553
3144497
3147145
3148068
3148666
3170741
3175679
3176441
3179431
3179585
3181084
3182860
3185466
3187324
3189671
3190005
3191326
3193639
3193717
3194390
3195552
3212845
3223399
3224715
3224962
3225164
3225237
3225308
3228277
3230607
3233828
3237008
3241171
3242875
3243097
3252149
3264159
3266763
3267558
3268569
3269107
3271274
3272288
3272331
3275941
3277935
3281418
3294348
3294421
3300244
3300587
3301169
3304383
3304447
3305103
3305372
3306580
3310584
3311604
3312171
3312712
3312976
3313706
3314484
3314917
3314958
3315308
3315462
3316541
3320392
3326991
3328495
3329538
3331348
3332702
3335047
3340685
3343740
3344665
3346939
3348267
3348292
3348783
3354227
3354326
3354977
3355135
3356770
3358613
3385240
3390145
3393391
3401550
3401744
3402517
3402857
3402913
3403351
3405082
3406729
3406737
3406965
3407298
3409952
3410607
3412019
3412478
3416495
3416982
3417339
3419569
3420024
3420544
3421606
3427049
3428949
3430444
3430947
3433577
3433673
3434660
3436324
3437213
3439602
3440475
3451613
3457626
3459287
3460041
3468326
3469118
3474818
3476460
3476504
3486668
3502102
3503837
3504870
3507090
3507409
3508449
3510703
3513323
3514994
3517566
3520256
3520555
3522399
3522523
3523925
3524914
3525258
3526759
3526917
3527271
3527539
3527838
3533455
3538898
3541816
3543582
3549103
3549998
3550892
3563984
3565114
3565524
3565919
3566576
3567438
3568317
3575169
3577726
3590138
3590573
3600070
3600557
3601091
3601747
3602278
3602820
3603369
3604111
3604189
3604218
3605061
3606756
3608177
3610912
3611654
3614819
3617888
3617897
3619670
3621800
3622515
3623390
3623567
3623857
3625048
3625927
3626348
3626497
3627910
3628509
3628511
3629098
3630247
3630680
3631067
3631686
3631984
3632589
3633229
3637225
3637558
3642225
3643902
3647377
3651694
3651800
3654296
3654712
3656017
3657003
3657936
3658126
3660095
3660135
3660778
3661752
3663010
3667820
3670700
3675439
3676303
3678428
3680265
3684007
3686943
3687085
3689089
3697025
3703671
3704044
3705711
3706972
3707883
3709719
3713409
3717060
3720058
3723066
3729670
3730031
3736070
3741075
3741602
3741943
3745181
3746320
3747039
3748379
3750310
3751012
3755520
3755563
3757296
3757713
3759112
3760320
3761450
3763540
3766241
3770519
3770639
3770729
3771435
3771806
3773755
3775032
3775678
3786907
3787331
3787382
3789720
3791849
3792792
3792871
3793269
3794081
3795384
3796585
3797466
3797998
3799714
3807819
3808208
3815279
3818968
3819825
3824417
3824500
3825413
3825622
3831715
3832622
3833457
3834289
3839870
3849743
3852649
3855525
3856914
3863543
3864909
3866094
3873854
3875505
3876118
3876421
3878844
3883154
3888913
3889720
3890330
3893096
3893441
3896002
3908747
3913374
3929513
3929939
3930828
3931803
3932265
3932498
3933473
3933675
3935874
3936867
3938699
3943260
3945277
3946290
3947367
3951892
3952506
3953795
3957841
3960269
3962590
3963300
3964419
3964891
3969628
3970534
3971657
3974453
3974567
3979859
3980866
3981840
3993135
3997463
4000196
4001280
4002431
4006086
4006127
4010075
4011015
4011790
4014558
4014827
4017565
4021074
4023762
4024346
4025836
4031799
4034109
4034980
4036355
4037029
4044092
4046262
4048911
4050799
4057633
4058142
4058916
4059408
4061458
4061703
4070212
4072453
4074928
4075291
4076679
4077931
4078777
4087416
4087824
4090053
4092850
4093744
4094146
4094281
4095629
4096424
4097094
4097198
4097415
4097861
4098175
4100050
4101868
4101968
4104831
4107755
4108557
4109905
4112389
4114429
4120819
4121616
4124684
4129969
4132036
4135411
4141898
4144565
4145453
4148331
4149401
4149975
4150510
4154711
4157523
4162768
4163651
4163721
4165122
4165711
4169236
4174953
4180056
4180172
4183955
4186007
4189432
4189892
4190346
4191506
4192208
4193924
4200976
4200989
4200993
4201504
4201962
4202327
4202942
4203627
4204771
4208036
4209052
4210378
4210626
4211662
4216234
4219373
4239285
4246362
4250472
4255353
4256221
4256825
4257249
4257817
4270918
4272231
4274018
4274862
4277188
4281166
4281655
4284205
4284778
4285008
4285742
4287082
4291069
4291843
4293931
4296013
4297151
4298321
4302071
4304634
4309519
4311085
4312723
4319352
4320100
4321019
4321905
4323893
4328696
4329101
4332772
4335460
4335497
4339051
4339802
4343878
4344026
4345829
4345916
4346713
4346775
4347227
4348597
4349855
4350435
4351674
4351722
4353587
4353738
4354342
4357378
4360202
4360855
4362852
4365744
4381539
4381619
4383428
4384151
4385843
4391127
4392110
4393105
4394217
4395452
4396605
4398285
4403526
4404090
4408557
4409362
4410058
4412634
4414555
4415563
4416202
4426412
4432941
4439306
4439601
4441331
4449610
4454630
4457272
4459134
4460237
4460546
4469363
4470028
4470121
4470833
4472441
4475253
4476000
4480347
4481399
4482630
4483662
4483712
4505724
4508341
4510260
4512532
4513078
4513377
4514070
4514529
4514814
4518434
4518684
4520642
4524200
4526728
4526861
4527560
4527675
4528076
4528311
4528694
4528986
4529832
4531190
4534001
4534202
4535017
4541167
4541808
4542593
4543385
4544795
4547702
4551331
4551986
4552568
4552825
4553658
4554543
4559848
4563395
4564316
4564909
4565652
4565951
4566870
4568131
4569243
4575731
4579430
4583548
4593863
4594717
4599599
4599802
4600371
4600683
4601907
4601970
4603345
4603356
4605633
4607293
4608424
4608427
4609280
4609688
4610433
4613154
4617723
4619286
4620851
4637686
4648376
4649914
4650184
4654943
4657847
4660595
4661337
4662923
4666398
4667031
4670209
4671046
4671494
4671773
4673011
4674922
4678883
4680621
4680674
4681187
4696139
4697808
4698391
4699626
4704596
4706622
4707882
4710997
4719966
4727310
4729081
4729183
4729827
4735666
4736353
4739032
4739393
4739698
4741134
4741990
4748189
4749281
4751543
4753778
4754567
4757580
4759840
4759876
4760959
4769675
4770995
4772529
4773946
4776248
4777306
4778148
4778229
4778508
4778895
4779852
4780970
4782937
4783020
4785999
4790164
4803165
4804812
4806395
4807554
4809224
4812194
4817756
4818995
4819428
4830254
4832295
4833882
4833983
4834687
4839673
4844327
4844694
4845014
4845048
4845626
4845855
4846113
4846342
4846592
4846619
4847180
4847287
4848068
4848109
4848110
4848319
4848517
4848595
4849430
4849892
4851093
4853834
4858643
4858920
4867865
4867929
4869740
4870354
4871758
4872800
4878029
4879622
4886999
4888258
4890049
4890971
4897892
4900265
4904041
4904950
4913321
4915878
4916574
4919196
4919789
4920399
4922322
4926898
4939560
4943567
4946129
4954190
4955087
4957636
4962986
4963357
4963842
4963878
4963993
4964867
4965588
4967203
4967716
4968487
4971018
4971585
4971938
4972329
4973206
4975592
4977720
4978631
4978817
4979866
4981529
4988551
4992466
4993122
5003702
5005318
5006318
5007084
5014391
5025781
5027300
5028169
5030683
5032208
5034467
5035294
5041564
5046268
5047914
5056816
5057229
5058597
5058887
5059670
5061663
5063059
5063696
5064800
5065668
5067415
5068678
5087653
5088685
5089893
5090166
5090820
5093455
5093465
5094612
5095002
5100402
5107931
5113770
5118754
5120629
5123020
5123904
5125981
5126696
5133007
5134405
5142572
5154247
5156208
5157053
5158512
5161268
5162935
5163542
5163830
5165086
5165396
5165558
5165980
5166134
5167517
5168146
5172103
5176597
5178949
5179485
5180226
5180228
5182469
5182689
5183731
5184428
5185958
5187200
5188671
5189713
5193183
5193246
5193601
5198045
5198220
5200438
5203242
5203483
5204827
5209844
5212011
5213160
5217542
5217885
5221571
5232760
5233917
5234707
5234923
5236897
5238134
5238494
5240997
5243781
5253631
5255909
5262605
5262622
5266574
5276025
5277864
5278983
5280910
5281308
5286594
5301816
5302793
5303117
5303211
5303673
5304915
5306745
5308533
5313496
5314556
5314999
5315203
5315579
5315908
5316012
5316347
5316730
5317621
5318370
5318434
5319052
5319476
5319565
5320535
5321330
5326384
5329154
5331780
5333856
5334577
5350150
5355457
5360972
5361592
5362724
5367203
5387335
5387776
5389994
5401326
5402673
5404674
5410164
5414113
5420079
5420816
5422165
5423189
5424426
5424947
5425301
5426123
5427750
5430360
5432154
5436375
5442669
5451435
5453163
5453417
5453420
5454493
5455800
5456598
5457558
5458883
5459224
5459686
5460548
5462529
5463462
5464954
5471932
5478255
5478915
5480139
5482230
5482331
5483976
5486318
5491416
5492814
5492897
5500108
5503460
5506169
5510299
5511593
5513066
5515419
5515734
5519345
5522391
5528073
5528136
5534654
5534947
5538291
5539655
5540565
5543426
5545129
5545747
5546851
5546985
5547966
5550459
5553165
5553590
5554068
5554096
5554559
5555170
5555338
5555745
5556687
5558710
5560970
5563622
5564098
5574680
5577575
5590674
5594399
5594614
5597651
5604776
5605262
5607685
5610088
5620399
5622344
5624601
5627930
5629314
5629465
5636785
5638394
5639038
5640243
5640758
5642131
5642461
5642790
5644441
5644915
5646095
5646593
5646624
5649647
5650375
5651174
5654197
5656026
5660635
5674237
5676527
5679485
5680095
5685896
5686720
5687986
5688249
5691059
5703530
5704714
5706160
5715436
5716247
5719185
5720053
5720824
5723191
5724096
5725091
5725463
5725731
5728521
5734073
5748608
5752038
5757245
5757686
5758306
5758623
5759057
5759618
5759885
5760005
5762696
5763638
5765333
5766333
5778812
5781166
5785111
5788489
5788815
5789670
5801973
5805040
5810253
5814456
5815042
5817251
5818058
5819077
5819347
5821086
5821160
5822076
5825846
5831413
5831544
5832213
5833051
5834870
5835036
5835463
5835600
5836730
5840242
5842382
5845268
5855949
5856871
5857336
5861145
5863498
5863835
5869007
5870694
5878182
5878408
5880400
5883783
5885359
5885540
5886812
5892320
5896753
5898886
5901322
5906787
5911176
5911667
5913980
5914721
5915915
5916945
5917719
5918453
5920175
5920332
5921163
5921735
5922226
5922993
5923521
5924253
5924691
5925544
5925578
5926549
5927150
5929435
5935498
5937833
5946694
5954313
5954427
5958508
5960770
5982318
5982897
5984277
5985982
5986698
5991374
5994296
5996062
5996667
6007334
6008078
6013943
6017492
6022800
6029561
6033539
6034531
6036606
6037396
6039507
6040830
6043055
6054924
6056764
6057896
6058807
6059313
6062227
6062588
6072220
6072230
6092634
6093202
6097235
6105841
6108630
6114218
6115435
6126203
6127574
6130874
6130952
6132408
6133003
6135178
6135693
6135799
6143878
6146042
6147183
6147382
6148152
6148560
6149649
6150005
6150917
6151658
6153625
6155351
6155364
6156341
6156950
6157628
6158231
6158848
6160099
6168798
6168911
6169813
6172699
6177533
6177675
6178606
6188806
6189834
6193498
6194687
6195858
6197025
6201779
6202194
6203068
6203638
6211827
6222251
6224769
6226788
6227665
6228509
6231898
6235070
6235888
6236636
6238526
6240026
6248160
6249469
6250028
6251356
6252986
6253084
6253629
6253633
6255221
6255723
6255990
6256568
6257407
6257429
6259008
6261426
6261707
6271997
6278395
6281191
6282134
6290048
6291343
6293201
6309917
6321481
6322013
6323859
6327328
6327892
6331706
6334406
6334929
6337862
6341131
6342272
6345568
6346361
6347899
6350417
6352792
6353199
6354439
6354747
6357212
6358752
6358821
6360459
6364766
6370909
6380339
6382130
6385862
6386189
6392046
6397107
6403996
6404619
6407681
6408095
6410332
6412054
6414202
6418992
6420313
6422680
6423270
6434701
6435398
6435450
6436048
6437029
6445556
6447391
6448149
6449218
6449836
6452166
6456030
6456871
6460704
6463123
6464449
6465906
6474632
6474791
6482883
6485587
6486036
6491845
6493380
6493838
6502801
6505476
6509830
6510773
6512030
6512918
6516576
6518210
6519063
6520304
6521281
6523571
6523933
6524085
6524784
6524814
6525628
6527309
6529120
6531328
6532504
6538306
6538621
6551244
6553245
6553464
6559663
6562664
6564585
6564998
6565310
6566220
6566538
6568563
6569670
6570673
6571438
6572014
6573146
6578131
6580424
6580951
6581460
6583552
6584018
6585633
6586369
6587200
6593628
6594600
6595981
6603100
6607560
6610394
6614372
6614720
6615419
6616165
6616836
6617161
6620674
6621059
6626585
6630851
6644032
6645365
6648651
6651895
6654867
6659426
6659803
6663159
6663440
6665606
6671398
6673742
6676127
6677024
6684279
6684340
6688305
6690413
6691451
6692069
6692612
6693188
6694920
6695492
6700950
6707871
6713500
6714742
6746975
6749902
6752938
6754123
6756754
6761253
6767111
6767431
6767586
6767696
6770320
6771676
6772644
6773468
6774474
6778068
6784951
6785943
6794020
6795762
6796435
6796850
6797173
6797507
6800378
6801324
6801587
6801983
6802876
6806830
6806967
6812155
6812374
6812753
6813503
6813637
6814260
6814955
6816594
6817095
6818681
6821863
6822357
6824466
6825667
6826626
6827947
6833564
6834038
6835208
6836524
6836857
6837437
6839037
6843227
6844219
6847406
6849237
6850251
6850992
6852782
6854044
6854632
6855210
6855703
6870862
6872815
6881106
6881439
6885422
6903910
6904179
6907760
6909261
6909766
6911703
6911766
6912803
6913314
6915491
6915805
6915904
6918340
6918347
6918379
6919501
6921339
6923470
6924177
6927015
6927142
6928946
6928971
6932009
6937461
6937574
6937773
6938621
6939110
6939230
6939966
6940049
6940386
6941457
6942913
6944803
6945879
6953647
6960341
6960802
6961425
6961456
6964396
6964592
6971334
6972170
6973001
6975061
6984491
6985722
6985839
6985855
6990075
7006975
7026261
7029028
7036563
7038398
7040936
7043659
7044160
7054963
7055996
7057053
7058188
7060462
7064769
7064827
7065245
7073178
7074214
7075920
7082813
7084672
7085364
7085713
7086510
7087254
7087445
7088390
7092562
7096582
7096998
7096999
7101134
7101284
7104696
7105340
7107165
7126423
7128615
7129125
7130652
7131058
7131246
7131710
7131902
7132316
7132877
7135140
7135967
7137085
7140769
7141005
7141420
7143616
7150041
7151496
7152114
7152536
7153604
7153631
7154394
7154972
7155546
7157389
7158504
7160562
7161146
7161649
7164484
7180120
7186195
7195039
7196786
7205546
7210002
7218998
7221736
7222882
7226452
7227011
7234240
7235173
7236298
7236861
7238694
7240750
7241375
7241849
7246635
7257367
7257902
7259510
7260584
7261076
7263041
7263653
7263726
7263758
7265160
7266615
7267685
7269026
7269797
7281914
7288506
7289290
7294744
7299419
7301256
7303307
7306800
7307298
7320312
7320370
7321679
7322534
7325405
7327202
7332771
7333120
7334610
7335075
7336169
7338820
7338854
7339507
7339714
7340145
7345936
7347586
7355491
7358620
7360343
7362051
7363529
7366355
7366553
7373494
7375635
7377135
7378079
7381616
7382091
7387087
7389558
7392531
7393609
7399326
7399650
7400849
7401057
7405756
7406672
7409310
7409663
7422060
7422386
7423500
7426634
7427581
7435003
7435661
7436992
7443701
7453796
7458165
7459687
7459746
7464888
7465881
7466201
7467771
7467851
7468678
7468818
7469253
7469820
7472168
7476831
7477363
7478405
7478508
7478913
7479339
7479469
7479686
7480422
7482315
7485269
7485468
7514246
7515327
7521855
7524104
7532319
7536130
7536815
7537744
7540458
7541754
7548401
7550628
7551300
7554068
7555286
7556229
7556751
7557870
7558206
7558255
7559054
7559732
7560186
7562767
7565051
7569662
7582327
7583556
7583925
7587233
7587289
7589890
7590572
7591811
7592798
7605830
7606605
7607171
7608171
7609870
7610386
7610682
7611901
7612337
7612389
7613219
7613622
7613910
7613949
7614464
7615298
7617321
7619501
7620167
7620464
7620568
7621199
7633440
7634088
7640856
7643000
7646323
7647623
7653854
7658472
7659015
7659666
7663321
7666776
7667137
7667386
7667598
7667786
7667953
7668197
7668834
7668977
7669094
7669127
7669283
7671087
7672253
7675387
7675426
7677535
7679130
7684324
7687737
7690410
7699952
7700780
7700791
7706607
7709627
7710823
7717168
7724689
7729364
7733273
7737345
7738319
7738989
7744078
7744435
7746000
7750074
7751516
7752218
7752766
7753051
7763421
7780672
7782375
7782821
7784632
7785844
7786927
7787446
7794246
7796761
7807646
7808320
7810201
7810709
7811667
7814179
7818679
7820117
7820970
7821000
7824247
7824887
7826884
7827069
7828055
7828850
7829416
7829968
7831823
7831875
7832794
7833769
7834548
7836586
7839339
7839344
7839974
7840413
7840820
7843597
7844323
7845535
7847284
7855727
7863119
7865402
7865951
7865958
7868350
7868451
7870914
7880089
7880506
7880990
7881923
7882545
7884117
7884407
7884960
7885532
7885992
7886368
7886864
7887123
7887186
7895269
7895320
7900031
7901515
7902662
7903864
7904592
7905155
7905950
7906753
7908396
7909146
7909753
7910775
7911089
7911626
7912049
7912581
7913800
7914411
7914434
7915653
7915655
7915719
7916518
7916987
7918540
7919366
7919527
7922460
7926861
7928284
7933044
7935150
7935177
7939518
7940471
7943495
7945151
7946569
7948280
7948631
7948843
7949356
7949805
7953807
7961459
7965834
7968358
7976003
7976764
7976806
7977224
7978227
7978907
7979922
7982258
7986067
7990919
7991106
7996914
7998032
7998795
8001373
8001439
8002745
8003205
8003467
8003935
8004422
8004474
8004730
8005797
8008550
8010115
8021211
8032788
8053781
8059199
8060367
8061208
8061864
8063096
8063868
8065594
8069897
8074094
8074949
8075887
8078575
8081155
8081242
8082894
8083454
8084661
8087009
8095512
8102608
8103407
8103706
8104390
8105089
8105928
8105930
8106961
8111096
8114757
8117003
8117975
8119362
8119941
8121894
8123469
8123616
8126919
8127606
8133163
8133715
8134445
8142233
8143443
8143478
8144171
8145633
8146433
8146883
8147603
8154704
8155618
8156572
8157026
8157061
8157524
8157685
8157854
8158048
8161507
8163051
8163401
8163534
8164464
8164750
8168109
8168352
8169058
8173319
8176465
8176716
8177755
8178123
8178695
8178781
8180027
8180481
8181824
8182486
8185898
8186313
8188281
8189256
8193383
8194275
8194665
8195145
8196456
8197798
8198679
8207261
8215984
8216481
8217708
8217928
8217973
8218780
8218829
8221175
8222902
8223976
8226060
8230628
8230821
8233482
8234171
8234622
8235786
8237181
8238227
8238279
8238759
8242093
8243567
8249942
8258282
8261697
8262483
8263129
8264599
8266857
8267035
8267453
8271808
8282785
8284412
8288961
8289607
8295337
8295998
8296737
8312433
8313478
8314908
8321912
8322117
8322261
8322591
8323444
8327177
8333764
8334903
8336432
8337475
8337926
8338651
8338784
8338962
8340964
8341454
8344590
8349601
8350251
8363035
8366312
8370576
8372481
8373105
8373428
8374442
8375530
8375735
8377084
8380157
8380888
8381620
8381765
8382103
8382367
8382453
8383264
8385205
8386483
8386554
8386888
8387183
8387324
8388723
8389354
8389756
8390253
8390545
8390571
8392109
8400613
8401801
8403159
8405731
8408197
8412019
8412715
8415345
8416618
8419606
8420499
8425324
8425807
8426202
8426726
8428068
8432352
8444110
8445165
8445502
8446381
8453955
8454409
8454497
8455203
8455347
8456623
8457595
8459471
8460130
8460171
8461439
8462618
8466268
8466384
8479756
8482991
8485423
8485564
8485651
8486597
8489128
8492097
8492421
8497323
8497464
8497889
8498627
8499129
8500156
8501595
8502065
8502490
8503353
8506197
8506893
8508216
8510497
8511847
8516431
8522403
8527016
8527276
8527310
8527977
8528792
8529045
8529355
8534014
8538492
8539834
8553930
8555316
8565003
8570350
8570857
8571204
8572162
8573189
8574412
8575490
8576426
8577058
8577562
8577847
8579847
8583710
8583736
8585487
8585540
8586136
8586658
8587166
8591947
8595766
8606577
8609823
8613763
8614569
8614717
8615687
8618052
8620057
8620128
8620792
8621752
8622644
8628645
8630719
8633888
8638024
8639210
8641712
8642121
8644581
8645264
8649904
8650926
8650965
8651497
8652387
8652977
8654293
8654722
8655584
8655830
8656482
8657961
8659634
8660559
8661366
8663302
8665497
8675321
8677552
8678887
8680107
8680329
8681416
8683628
8683950
8685374
8686998
8687182
8688306
8688343
8688600
8689315
8692069
8692895
8702667
8703918
8704874
8705084
8705138
8706125
8706765
8708371
8708748
8709314
8709609
8710201
8713069
8716068
8720670
8720840
8720909
8720922
8721337
8721738
8722900
8723865
8725691
8726104
8729825
8730823
8734160
8735280
8740095
8743839
8749601
8753832
8756169
8758712
8760085
8766157
8766251
8767876
8770700
8776867
8780143
8781596
8782286
8784014
8785628
8787021
8788769
8791119
8802931
8809880
8810229
8810689
8814896
8815101
8816469
8816814
8827502
8834989
8835647
8843429
8844011
8844815
8844832
8845310
8846088
8848136
8849164
8850484
8853917
8855244
8855849
8859402
8859471
8861394
8862354
8862499
8862939
8864092
8868361
8869446
8875742
8882440
8888483
8902180
8909788
8910217
8912012
8913504
8916336
8919386
8920011
8920534
8924517
8925167
8929223
8930354
8931872
8934746
8938041
8940017
8940794
8943014
8946797
8946956
8947357
8947542
8949902
8964578
8965770
8965800
8966521
8969675
8972102
8974077
8975421
8978366
8982964
8983310
8984550
8984928
8986099
8987236
8987678
8991635
8994220
8994519
8996465
9001904
9006015
9006343
9011477
9014551
9015676
9017674
9017686
9028084
9028638
9030939
9042398
9053223
9053833
9056272
9057259
9057584
9058815
9058908
9059583
9060865
9065331
9069282
9071873
9072135
9073039
9074132
9079578
9080123
9080234
9081112
9081250
9082214
9082795
9083320
9083802
9086554
9086927
9087012
9087834
9091222
9091911
9092215
9094284
9104777
9117659
9121758
9122623
9122765
9123602
9124551
9126055
9127669
9128211
9128977
9129886
9131946
9132297
9133931
9135319
9137106
9139738
9143632
9157267
9157679
9158722
9158984
9159122
9159589
9160353
9160503
9160722
9161985
9166193
9171077
9176623
9177128
9177282
9177987
9179817
9182345
9182948
9183973
9188850
9190259
9190899
9192659
9196597
9199051
9204158
9206707
9214036
9217855
9219818
9221033
9222102
9225259
9226061
9226342
9228100
9231163
9231176
9236064
9238458
9241531
9241597
9242884
9243232
9243563
9244817
9246600
9247524
9250283
9256662
9257399
9257519
9258639
9263520
9270456
9271059
9272210
9277253
9279422
9282355
9287365
9287650
9300378
9302307
9304195
9304862
9307978
9309978
9311426
9317156
9317392
9317435
9317990
9318814
9319329
9319636
9320086
9320573
9320883
9321999
9322807
9324929
9347243
9347936
9349083
9350266
9350830
9352810
9352811
9353548
9353650
9356859
9358500
9363940
9368442
9374393
9375023
9376342
9377003
9379733
9381054
9381654
9383661
9384098
9393908
9393942
9396942
9412759
9421013
9422349
9424819
9429444
9435316
9435514
9436110
9436429
9444394
9445528
9446463
9449432
9449686
9457787
9463485
9463752
9471300
9476831
9477293
9477804
9478928
9479851
9491525
9498775
9500133
9502169
9509056
9509929
9510531
9511176
9524655
9532181
9536172
9541863
9552289
9560656
9561807
9563561
9564923
9567986
9574420
9580530
9580594
9581387
9582211
9583954
9587507
9590912
9592178
9592345
9594048
9596600
9600824
9601726
9603754
9604506
9604997
9611836
9612431
9615424
9616406
9617547
9619041
9620080
9623788
9624478
9624516
9625086
9627726
9629962
9630473
9632671
9633049
9638142
9646246
9647743
9647978
9649868
9651143
9653255
9653691
9654523
9656558
9657995
9660193
9662428
9664968
9665654
9666512
9668969
9670068
9672161
9672835
9673525
9675671
9676996
9694021
9695457
9696152
9696878
9697743
9702336
9704626
9704781
9720141
9720669
9725607
9734635
9736172
9741051
9745316
9745591
9748153
9748371
9748807
9751655
9758746
9762895
9766091
9767126
9767828
9774471
9777634
9778661
9782962
9783712
9784538
9788349
9792656
9794445
9797882
9807430
9808752
9812714
9813694
9813738
9814077
9817695
9821425
9822568
9826002
9827458
9827532
9828093
9828436
9829159
9832414
9833978
9836004
9838211
9840510
9840830
9844243
9851103
9852447
9852734
9853431
9854064
9855711
9862912
9863504
9865250
9874306
9874601
9875064
9875400
9877626
9878552
9879724
9880951
9881109
9881552
9882747
9885205
9900353
9903504
9909296
9918418
9918540
9920997
9922434
9923295
9925255
9926945
9937893
9945986
9952356
9952520
9952524
9953658
9953899
9954778
9956236
9958067
9961406
9962669
9964756
9966671
9970843
9976509
9977059
9979484
9981372
9982219
9985015
9985261
9986547
9987831
9990480
9991855
10000220
10008052
10008835
10009258
10014493
10015507
10016822
10024517
10028437
10029480
10030326
10034205
10039426
10040645
10042292
10046256
10047827
10048403
10060753
10066233
10066271
10067904
10069758
10070107
10070278
10073616
10078158
10081983
10084886
10088938
10089251
10089749
10091166
10091901
10095691
10095774
10096195
10097106
10098266
10099186
10099493
10100062
10101986
10105499
10105536
10106681
10107734
10111789
10116435
10117738
10118937
10125957
10127845
10130763
10132971
10135788
10136487
10137777
10139060
10141082
10147008
10152163
10154293
10158101
10158674
10170315
10178623
10181589
10182160
10184849
10204601
10215983
10218411
10223725
10224290
10226451
10228920
10229294
10230986
10232323
10235442
10237416
10238865
10239715
10242661
10243516
10249514
10250676
10253087
10253315
10253537
10253900
10254310
10265969
10267998
10271256
10276024
10277056
10277605
10279189
10279268
10280019
10282750
10289622
10292816
10293461
10294295
10295274
10296970
10301844
10304024
10306707
10308453
10309941
10310808
10313669
10318206
10319104
10322838
10324488
10325784
10328053
10330144
10331106
10331751
10331939
10333872
10334069
10334503
10337823
10342574
10343171
10343253
10344801
10352605
10353768
10358823
10361493
10367152
10369847
10370662
10370665
10374390
10379570
10381560
10382779
10384359
10385556
10387978
10388526
10389063
10390763
10392923
10393003
10395364
10396494
10397813
10398382
10401035
10402101
10402929
10410863
10416643
10420329
10420818
10421318
10421762
10422682
10424937
10430681
10438477
10441001
10443763
10446072
10448943
10450257
10450354
10458159
10469265
10470011
10470322
10478882
10478924
10480458
10485052
10490469
10493444
10500953
10502698
10503770
10504005
10506101
10506148
10509912
10513913
10514343
10515675
10518912
10520317
10520871
10523962
10531687
10532071
10542760
10544835
10545927
10549940
10551612
10552033
10552114
10552601
10554334
10555726
10556333
10556387
10557508
10558161
10558392
10563435
10567398
10586237
10593864
10595252
10598483
10598537
10602400
10602686
10605324
10605534
10606375
10609598
10613909
10614722
10617809
10619403
10619874
10620452
10621288
10629209
10634605
10636547
10637545
10643429
10645246
10645963
10647497
10648469
10650294
10651094
10659698
10661318
10663198
10664518
10665104
10669147
10671455
10672194
10675294
10676270
10677228
10678380
10684639
10685457
10686081
10690392
10691720
10692695
10698138
10703143
10707324
10707977
10708554
10711903
10719329
10719634
10720016
10720826
10721477
10722534
10724196
10744267
10747353
10749451
10751417
10753016
10754301
10756852
10757979
10758012
10759401
10764133
10765173
10765834
10768834
10776852
10780653
10781445
10787297
10788778
10789581
10792532
10802180
10802553
10803277
10804843
10806597
10810841
10815656
10817157
10826870
10827707
10830925
10834151
10834795
10834855
10836905
10837472
10841489
10843430
10844902
10848186
10856367
10856802
10857666
10863556
10863909
10873783
10876202
10877682
10884493
10885278
10885691
10895490
10895629
10896576
10896720
10899371
10901188
10906704
10908355
10908812
10910994
10915862
10918617
10918740
10919160
10920006
10920902
10921492
10921761
10927311
10932005
10932323
10932785
10937762
10939446
10940642
10940759
10945125
10945227
10947162
10952493
10955025
10958087
10958657
10959341
10960246
10961024
10961725
10963739
10965039
10968846
10971716
10975430
10980311
10991764
10993006
10993090
10995097
10995353
11000066
11000619
11002118
11003488
11003520
11004177
11004568
11004666
11006466
11006797
11008146
11008597
11019817
11022583
11023174
11023323
11024549
11025135
11026272
11029293
11030688
11036478
11047183
11048479
11059403
11060763
11063257
11065133
11065782
11067608
11069887
11073679
11089870
11092877
11094558
11095318
11100826
11102511
11103095
11105445
11105478
11106174
11106854
11107449
11107695
11108078
11108150
11109253
11109547
11119292
11122716
11124418
11126809
11126852
11127941
11133702
11135626
11139821
11141060
11142207
11142636
11145463
11146206
11151057
11158242
11162746
11163946
11164752
11167860
11180529
11181509
11182347
11185714
11186119
11193810
11203552
11204230
11204313
11206076
11206455
11206459
11207039
11208641
11209337
11209364
11209825
11209923
11210509
11210600
11211941
11212536
11221039
11226601
11227307
11231516
11236823
11241029
11250346
11258102
11261524
11264999
11276095
11280120
11283456
11285045
11286151
11286441
11287885
11289182
11289824
11290329
11292734
11292768
11297183
11302811
11307393
11308933
11316598
11324447
11326992
11328547
11330545
11340642
11344942
11346196
11346323
11350065
11351201
11352238
11355493
11356742
11357758
11359489
11359805
11365423
11365769
11367355
11372217
11375505
11379295
11379297
11380658
11381748
11383176
11384673
11386739
11387201
11389045
11391570
11393457
11401556
11402595
11403560
11406378
11407128
11408663
11411222
11414393
11415456
11418008
11421352
11432150
11432772
11433631
11436004
11437353
11438180
11438896
11441604
11444255
11444793
11448389
11452580
11452791
11459440
11459771
11461416
11462920
11463903
11466086
11471124
11478083
11481101
11481359
11481756
11482266
11482862
11483196
11483889
11485585
11487249
11490790
11495208
11496046
11505095
11506571
11507758
11508238
11514105
11517553
11529506
11531082
11539393
11541809
11542469
11542989
11544239
11550531
11554411
11559325
11559991
11601763
11603203
11606151
11611652
11614035
11616418
11620076
11632305
11633013
11635507
11639882
11639969
11641260
11641470
11642848
11652279
11654959
11662442
11662469
11663812
11665111
11667907
11668610
11670289
11670745
11672289
11679610
11682223
11682633
11682976
11683271
11683616
11686663
11686744
11687156
11689240
11694280
11695424
11696279
11704770
11712205
11715201
11716321
11717561
11718197
11718978
11719655
11719934
11720883
11721778
11724669
11724783
11725805
11726479
11727551
11731236
11737316
11738637
11742468
11751517
11752044
11752433
11754147
11755724
11756989
11758181
11758861
11762104
11767758
11768000
11768907
11769907
11773870
11775693
11775851
11776680
11779448
11780150
11780494
11780558
11781149
11781262
11781924
11785323
11801800
11805943
11806501
11808617
11810591
11811507
11812971
11813995
11815448
11818646
11820042
11821176
11822203
11823059
11823075
11824951
11826136
11828189
11828757
11829007
11832814
11834967
11837447
11837536
11838435
11849748
11853281
11856996
11862282
11863440
11863801
11863874
11864183
11864794
11865257
11868030
11871903
11872160
11874244
11874960
11876424
11877760
11878239
11881823
11882518
11882909
11885804
11885945
11889905
11890710
11893885
11897150
11900137
11903827
11905139
11911568
11911828
11913981
11916196
11916764
11919912
11921305
11921711
11925711
11931410
11935950
11938279
11939648
11940025
11941385
11947954
11948773
11950674
11953451
11955447
11955658
11959707
11962246
11964346
11965148
11981033
11982813
11984389
11987846
11990577
11994532
12001704
12003324
12005508
12010613
12014967
12018192
12019644
12032822
12035856
12036872
12038685
12039720
12041587
12051329
12054733
12061338
12066056
12071503
12085248
12086466
12091160
12091463
12096933
12106565
12106817
12113553
12117732
12121838
12122944
12128626
12128711
12132330
12133444
12133578
12139847
12144125
12144672
12151569
12159020
12163358
12164655
12168083
12168480
12169073
12171159
12171873
12172561
12173994
12177948
12178419
12181530
12183567
12185257
12187854
12188622
12190571
12192748
12194126
12194507
12195424
12196164
12196250
12198401
12198869
12199285
12201120
12204428
12210989
12211634
12212315
12218325
12220819
12225138
12228140
12233949
12234938
12238070
12243191
12243770
12250363
12252165
12252753
12253758
12265091
12265994
12266902
12269880
12269976
12271260
12273629
12274627
12276402
12277209
12281480
12282399
12283804
12288927
12292364
12293050
12300227
12301359
12303976
12305334
12308376
12314306
12315560
12324748
12326776
12329494
12332685
12334228
12341984
12343413
12346042
12347045
12349540
12358016
12359176
12360283
12360698
12367680
12369011
12371752
12375551
12383131
12392067
12397920
12398535
12399610
12400011
12400503
12401499
12401985
12402613
12403488
12405868
12408282
12411813
12423779
12429352
12433499
12434969
12435420
12443500
12443958
12444539
12445139
12445756
12448931
12449703
12451686
12455659
12459948
12466470
12471539
12475973
12477968
12478623
12481031
12481132
12481420
12481666
12482297
12485554
12486546
12487020
12491213
12491746
12492227
12492735
12493957
12494559
12496883
12499109
12499814
12501614
12506001
12509023
12509295
12512350
12521581
12526173
12527304
12529541
12530710
12533028
12533042
12533863
12535440
12536168
12537211
12552536
12553135
12553278
12555051
12562193
12563460
12573276
12574324
12575515
12578470
12579972
12580454
12585160
12586144
12590117
12591482
12592532
12593121
12593743
12595291
12596960
12603880
12604660
12606353
12606949
12609595
12611161
12611564
12613962
12616974
12617711
12617792
12623816
12625562
12629129
12629513
12629523
12630885
12630935
12631976
12642660
12646004
12650673
12651096
12657009
12657349
12657677
12658534
12661918
12667216
12667911
12668418
12668946
12669951
12670319
12670779
12685907
12686471
12686809
12691572
12694744
12702373
12704011
12704244
12706468
12720354
12721084
12722588
12724434
12724941
12725561
12725666
12729155
12730699
12735092
12741693
12742827
12742860
12746786
12748110
12749109
12749135
12751080
12752219
12756813
12757835
12761503
12769879
12771466
12772127
12776432
12776894
12777725
12778554
12785006
12791270
12792318
12792927
12793437
12794114
12796163
12806780
12808289
12810467
12810558
12816679
12816693
12818885
12826368
12827802
12830559
12835455
12838152
12841131
12842322
12843675
12844368
12844839
12844862
12844919
12851389
12853209
12853367
12855780
12857506
12859441
12860237
12862942
12866106
12875261
12878393
12881405
12888626
12889333
12890113
12891207
12893794
12893838
12894308
12895514
12900814
12901477
12907295
12909780
12910169
12910259
12913566
12918113
12919981
12922413
12922430
12933725
12935088
12939767
12945711
12948757
12952228
12953810
12954675
12963005
12963621
12965275
12975239
12981085
12982063
12993068
12994124
12995374
12999074
12999602
13000231
13001204
13002429
13008850
13009687
13010153
13010298
13012028
13013156
13017626
13023404
13032486
13036384
13037230
13037482
13037932
13038054
13038059
13042094
13042618
13042621
13042886
13047800
13053692
13056563
13056818
13063255
13064585
13065417
13066968
13067753
13069008
13069210
13069478
13070349
13071124
13073741
13075079
13076904
13077174
13083190
13086512
13089060
13092716
13092765
13093665
13107752
13109204
13111271
13112226
13112357
13113603
13114664
13121403
13121869
13132387
13142587
13142773
13145352
13145368
13145674
13146137
13146651
13147116
13147540
13152540
13153847
13154876
13158149
13161207
13166224
13177016
13179640
13185230
13186978
13187516
13196717
13196938
13202783
13207791
13212603
13214631
13215845
13216122
13217430
13217666
13217710
13218537
13235585
13236796
13237959
13238655
13239199
13239515
13240080
13242857
13245903
13250921
13251494
13252132
13253656
13254232
13255300
13263554
13264813
13265129
13268578
13269175
13270510
13274126
13275362
13276009
13276600
13279305
13280760
13280965
13282004
13282053
13285279
13286694
13286697
13287312
13287681
13294803
13295352
13304890
13307917
13315191
13315495
13321767
13326409
13331811
13332908
13336251
13336693
13337780
13340793
13344562
13345446
13346172
13349939
13355300
13356008
13363225
13363641
13364404
13366695
13369142
13369545
13369873
13371740
13372140
13372175
13376590
13379900
13381278
13382039
13382105
13382686
13383073
13383474
13391264
13392324
13401091
13401380
13402281
13402488
13403477
13403725
13404518
13404767
13428573
13429952
13434189
13436700
13453538
13460511
13461244
13462058
13462345
13462535
13462941
13463100
13463217
13464941
13474847
13477085
13478176
13479813
13480168
13486742
13488428
13494350
13496424
13496954
13508862
13508955
13514360
13517982
13522220
13522347
13524562
13525438
13525969
13526166
13526935
13527999
13528176
13528880
13530396
13533404
13533615
13534344
13535425
13536904
13551048
13551205
13552258
13553324
13555431
13555444
13559090
13559457
13560846
13561107
13562368
13567082
13573312
13579300
13580192
13581206
13582034
13583266
13583757
13587578
13588153
13589967
13590338
13590670
13592559
13593920
13594228
13595494
13603489
13605921
13608147
13614833
13615432
13616658
13624103
13628333
13628763
13629251
13630283
13631153
13632029
13632648
13637560
13638911
13646336
13649775
13655692
13667151
13668895
13673029
13674983
13676919
13681250
13684248
13684930
13685892
13700403
13701477
13716531
13719019
13722285
13725917
13728654
13732315
13739839
13739981
13740755
13741831
13742861
13744397
13746891
13748633
13751583
13764362
13764916
13766087
13766427
13767129
13767306
13767800
13770892
13771915
13775200
13776786
13777630
13778569
13780561
13781547
13781886
13782045
13782770
13783331
13783659
13785126
13785632
13786515
13787093
13787156
13787748
13789803
13791390
13801828
13802337
13809503
13810759
13811732
13815077
13816060
13817674
13823044
13825136
13826425
13827410
13840999
13841455
13842807
13845304
13846029
13849571
13850959
13851451
13852404
13852632
13855456
13855776
13856679
13856862
13856913
13857703
13858177
13860395
13862375
13862912
13868834
13869519
13872654
13876751
13878730
13883607
13884367
13884474
13885259
13886488
13888095
13888833
13889079
13889828
13890499
13891299
13900947
13905316
13907055
13908768
13909166
13910248
13913970
13918664
13920616
13921491
13926207
13930450
13930524
13935156
13936530
13938083
13938265
13944711
13945297
13946588
13948189
13949415
13950609
13951151
13959089
13961742
13962823
13967065
13967270
13968262
13969437
13971919
13980978
13984436
13984808
13985908
13988613
13995488
13998784
14004805
14005355
14005887
14007558
14007645
14007764
14008459
14011792
14012921
14013729
14015614
14016631
14023069
14035966
14037126
14037644
14038195
14038797
14039048
14050737
14050937
14051601
14056764
14057690
14059695
14062596
14065301
14066535
14067144
14069250
14070113
14077953
14078655
14079712
14080310
14080660
14082037
14082686
14086332
14087270
14088303
14088520
14088950
14110690
14114567
14116711
14118049
14120477
14120688
14124393
14131435
14133250
14134007
14136261
14138229
14139580
14146411
14147617
14150785
14151025
14155794
14183207
14183919
14188628
14193636
14198793
14202537
14204168
14205604
14210925
14216271
14216682
14220547
14221377
14223054
14225175
14225352
14227808
14228760
14230067
14238572
14240876
14242922
14244757
14247674
14254921
14255772
14258293
14262282
14263102
14268542
14272143
14275167
14275847
14277926
14287430
14288248
14288737
14290694
14292687
14298163
14299572
14299576
14310452
14312760
14312761
14317488
14318287
14320607
14320886
14325165
14326983
14328475
14331439
14332763
14335085
14335449
14337492
14340469
14341158
14344050
14353793
14355453
14359806
14360710
14361880
14362631
14363464
14363783
14365355
14365711
14376015
14389399
14390199
14393702
14397240
14401036
14401435
14401488
14402264
14402585
14403166
14413246
14413759
14413927
14414991
14417967
14419122
14422309
14423551
14424592
14425052
14431016
14432123
14438019
14440650
14452433
14455451
14467619
14473520
14477081
14477919
14479048
14480545
14480657
14482208
14484028
14484708
14487529
14489634
14492341
14496162
14497287
14497737
14503927
14506433
14511425
14514836
14534144
14540707
14542087
14545509
14550309
14568307
14568377
14569714
14570088
14571293
14575851
14577391
14584434
14587309
14589201
14589623
14590543
14593230
14593600
14593876
14594253
14599849
14602339
14603736
14606854
14616339
14622403
14623143
14624344
14628729
14630592
14632685
14633894
14634621
14636782
14637437
14637660
14638556
14641207
14641440
14642128
14642230
14643263
14644129
14644343
14647780
14657753
14659096
14664933
14672716
14673589
14674784
14675641
14676199
14679274
14681546
14688585
14688783
14690556
14691872
14694204
14700134
14704838
14705767
14706978
14707114
14707361
14707986
14708056
14709806
14709956
14714039
14714308
14714338
14714968
14715805
14716592
14716648
14717409
14718380
14719732
14720505
14720781
14726172
14726833
14731083
14735342
14747369
14749527
14750625
14752716
14754001
14754628
14764864
14765443
14767271
14776008
14776509
14778364
14780677
14781710
14781859
14792653
14794054
14797167
14797661
14799080
14799106
14799653
14801828
14802892
14803949
14804775
14805595
14806844
14808874
14819662
14826476
14832803
14833032
14838058
14840160
14848579
14849270
14849885
14850308
14851773
14853506
14854601
14856962
14859458
14859494
14861401
14864455
14865081
14867444
14869585
14870443
14873867
14876626
14883609
14884478
14885438
14885875
14887620
14891399
14893472
14893857
14895772
14902045
14906101
14907649
14909193
14910815
14914737
14915442
14921136
14922161
14924148
14924601
14929385
14930048
14932790
14935771
14940508
14942592
14954412
14957366
14959411
14960909
14961323
14968669
14969448
14970145
14980769
14982628
14984273
14984868
14984925
14985264
14985539
14985793
14986408
14987256
14988004
14989652
14990411
14991482
14995778
