10507.7
11475.95
13641.91
14301.95
14955.28
15547.6
16657.96
39842.42
40930.3
42861.47
44893.63
45441.32
48461.07
61389.18
62600.63
63285.49
64043.55
65871.61
89891.35
90286.67
91539.82
94247.13
97757.7
101542.7
102946.6
103729.8
104359.7
105362.4
106701.9
134549.9
135027.2
135549.9
136184.7
136596.9
137065.5
137564.8
138989.4
140413.9
143676.5
145137.5
145643.3
146207.4
146720.8
147260.9
147840.5
149666.8
150115.9
151299.1
155667.8
156520.7
157602.4
158245.1
158789.8
159254.5
159752.1
160916.5
162128.1
163174.4
186548.3
186958.9
187550.1
188051.8
188658.1
189239.6
190273.8
190443.1
191006.1
200209.9
206815.6
207699.2
209672.8
211102.2
212352.4
213064
213477.2
214133.7
215337.6
215944.3
217049.8
218000.6
264377.7
265606.5
272592.5
274245.5
275719.2
276264.5
276842.1
277721.6
289704.1
294029
295030.6
297382.5
318039.8
319045.6
377845
379478.4
380314.5
392936.1
403677.8
405837.5
408893.6
411714.2
413469.3
414153.7
415032.2
416041.5
417108.1
418045.8
419985.8
420895.9
421423
422436.5
435991.5
453066.9
453869
454644.3
455787.1
458497.6
460355.6
464924.7
465389.6
469802.7
471310.5
472406.7
474364.3
475297.7
477136.8
478685.4
480120.8
481367.7
482367.5
489874.3
491675.7
492400.6
492864.7
493374.4
494040.7
494700.1
495734.6
496402.6
497137.6
498656.1
527845.6
530915.6
531924.2
532885.3
535614.7
553704.1
554812.4
555386.1
555914
556413.1
556842.4
557442.4
559506.8
568002.7
568887.4
570527.1
574489
576628.7
577346.6
578207.1
579158.6
579839.4
581447.5
583299.8
584716.9
585548.8
587091.4
618997.8
619691.7
622079.2
625084.4
625773.9
631851.7
632778.1
633268.5
634427.8
637164.8
638000.4
643501.6
697412.6
700124.6
710806.3
712065.8
712879.6
713476.4
714183.7
714669.2
716055.1
718733.6
735281.4
736418.3
739313.2
764570.4
765250.4
784266.5
788821.9
792049.8
793251.3
794700.4
811209.8
812476.4
851634.4
852491.4
853144.9
853661.2
855663.6
856530.4
857846.6
859675
860733.1
861439.4
862064.5
876454.9
879473.1
880152
880618.4
881244.2
881715.1
882121.6
882631.7
883205.1
884402.8
885049.3
885991.5
887861.8
888795.2
890338.7
