193.6555
386.7164
1876.364
15736.16
20205.85
22004.93
22068.69
22838.26
27109.49
29512.29
30172.49
31606.89
32515.19
33116.55
39488.68
39867.22
41107.38
41746.87
41853.99
42454.34
45712.81
46332.04
48461.01
58792.54
59365.81
61764.26
65160.8
76143.87
77817.97
85324.7
85413.52
85745.83
86002.38
90287.43
93594
93935.1
95091.12
95771.54
95771.64
95837.34
96569.31
99241.56
100584.3
103116.6
103781.9
104741.5
114604.1
119060.8
119248.6
120054.3
120072.3
121644.7
129947.8
131925.7
133828.3
138093
146534.3
147397.1
148442.3
150115.6
151174.3
152258.5
153117.9
153255.3
153339.8
153812
156414.7
158809.5
160194.9
161966.9
166429.6
171793.7
173161.7
173793.4
174972.8
175503.9
176081.3
180470.5
182338.6
183584
184224.9
188615.8
189468.4
189698.9
189699.2
189904.6
190199.5
190886.6
192978.7
193684.1
195668
200210.4
205721.9
208590.8
209132.3
210387.1
220795.5
223276.4
231888.2
233040.9
240045.4
241058.2
241890.4
250530.4
252580.9
258578.3
259977.5
263562.6
263676.7
263784.2
267160.1
267515.9
269233.6
271114.6
273277.3
273944.4
274880.9
275184.6
278804.1
279402.9
280774.2
285496.8
287980
293699.8
295334.1
296807.3
298410.3
308649.5
316311.7
321458.7
322356.9
323617.9
327894.1
329374.7
331855.8
335522.2
336170.6
341787.4
344448
345164
345921.6
346575.4
352855.3
357408.4
366405.4
368653.3
370316.6
371564.6
371766.5
375836.6
377897.5
382026.5
382460.9
383713
384417.9
384495.8
385088.4
386662.3
390181.4
392284.7
393547.2
395434.1
396064.4
402770.9
407434.4
408559
409360.2
411292.3
412945.8
413274.3
415255.3
416585
416689.2
417476.1
417990.6
418643.5
419428.4
420976.3
423205
425114.9
425164.2
434752.8
436149
441522
442080
443189
443423
445442.5
445462.7
446187.6
446794.3
447003.2
447487.7
447552.6
448733.5
449617
450933.4
452050.9
452374.7
458978.6
465784.3
466338.8
467918
469056.1
470356
470686.1
473027.3
473382.9
477055.9
478153.2
478461.4
478920.9
479195.5
479361.5
480020.1
481436.2
482888.4
483242.5
483786.4
489372.3
489412.2
489911
489969.4
490227
491438.6
494592.8
495281
507278.3
510615.4
512186.7
514327.6
523628.8
523711.5
526169.8
529408.3
530731.1
531423.7
535875.4
537330.3
544991
548364.8
551272.4
551655.7
553016.5
553807.4
553950
557391.5
558958.6
559965.5
562135.4
562580.7
563096.4
572100.7
572843.2
575802.3
576825.3
577982.2
579076.4
579130.9
579434.7
579689.5
581678.5
582225.2
583077.2
583468.1
585505.1
585748.7
595132.1
595922.8
604828
606289.3
619853.8
620269.5
620353.5
621001.3
622494.5
623293.4
625962.4
632013.2
635934.4
638633.7
640773.2
641350.6
641400.1
648985.9
649375.3
666229.8
667550.3
673345.2
673927.6
676874.5
679412.2
685145.6
685256.6
686593.5
687047.8
688984.8
691957.1
692755.2
694236.7
699183
701932.2
710737.1
711838
713187.6
715243.7
715308.4
715655.7
715677.2
716056.7
717199.9
717577.9
730250.6
731295.9
732212.6
736047.6
736782.7
738775.8
739315.1
739421
752848.1
753827.2
754440.8
755753.5
758964.3
762201.6
766845
767317.4
767882.2
770367.2
773354
776811.7
777644.2
777665.2
783006
786091.7
786325.2
787564.5
788280.5
790106.5
790557.2
791615.3
792646.2
803888.8
807609.1
808171
809080.4
812435.9
812716.2
816847.9
819457.5
825974.2
827552.3
836663.6
840776
841826.5
841883.4
846351.2
851233.6
852385.9
854143.8
854603.3
860214.6
861143.4
862846.1
864388.2
866126.7
867536.6
874509.2
876080.1
876455.4
879254.9
880761.9
881148.1
883833.5
883873
884079.3
884690.8
886632.8
887413
