9728.591
19624.39
20507.2
22493.58
24031.18
24414.71
25182.73
25495.91
26309.83
27991.3
28394.3
28480.53
28984.54
30528.07
32251.36
33893.7
50861.57
52269.42
52654.32
53605.8
54022.41
54423.32
54944.7
55350.75
56344.79
56805.45
57320.52
57820.5
58325.9
60211.75
60696.41
61593.79
63661.19
64707.07
84883.83
85699.19
86381.58
88061.15
89156.83
90047.14
90936.26
91981.24
92023.12
96828.24
106427.7
107311.9
108275.2
108834.7
109422.4
109949.3
110694.4
112025.8
113550.6
116807.7
118192
119325.3
121284.3
122339.7
122946.2
129570.2
130417.5
131014.6
134015.5
134516
135132.5
135681
136166.2
136955
137258.2
137605.7
139110.5
142796.1
145072.9
150490.9
150853.8
151887.9
153261.1
154446.7
162659.2
163876.4
164654.7
165296.7
165979
166571.3
167091.9
167828.8
168665.5
169619
170353.6
173005.4
175904.3
177186.3
178224.1
179009.3
180422
181417.9
182092.6
182770.4
184021.1
184318.9
185233.1
187235.7
192427.2
198911.3
203956.6
204743.8
205202.2
205838.6
208229.7
210031.4
211036.8
211450.8
212438.7
212899.3
213422.7
214120.9
216201.3
218019.8
220342.9
222524.6
232238
233669.5
237787.3
240831.2
241904.5
242864.4
255213.9
265725.7
274925.1
281439
282126.9
283401.4
284487.4
285417.3
286315.1
287207
288251.6
295299.4
295989.7
296595
310055.9
311116.8
311476.1
311834.4
313392.8
314184.5
323150.5
323649.4
324535.1
325271
325887.1
332248.1
334643.9
335118.4
344680.4
350339.7
351017.2
351711.6
351862.7
352188
352830.7
353241.3
353655.9
354117.8
355679.5
355925.8
357189.7
357438.3
358438.7
358710
360032.9
361072.6
363188.4
383728.2
394761.1
395062.7
395519.2
396066.4
397287.6
398380.7
400461
402799.2
404179
409011.5
411192.5
412729.4
414422.7
415712.5
417288.1
418664.4
420008.7
420914.9
421763.7
422466.6
424502.5
425275.9
426924.7
427919
428572.3
429102.5
430333.4
431491.8
435369.3
440672.6
448702.2
454495.9
455820
458341.4
459664.7
464855.1
467244.5
467586.2
469444.9
471584.6
473826.3
474237.2
474656.4
475081.7
475854.1
476396.7
477367.6
478075.4
482235.7
485098
486345.4
490619.3
491377.9
492149.1
492860.6
493989.5
497679.1
498456.5
499406.3
500635.8
502366.2
504578.5
513032.7
516556
517941.5
518201.7
518815.2
520124.5
522937.3
523363.6
525403.8
527019.9
533559.4
534495
536758.7
538319.2
543323.7
544358.2
544417.9
553184.7
558818.7
559940.8
562081.4
562962.7
563535.1
564670.8
565449.7
566931.2
569847.2
570715.9
574918.4
577013.9
578088.4
604349
610633
615674.9
616098.7
617034.5
617268.8
617932.1
618917.6
619540.3
620329.6
621760.6
621962.2
624452.3
625442.7
626708.6
633153
633734
634007.7
634386.8
635298.2
636024.3
639958.6
640788.1
642242.8
650194.3
650683.2
651880.3
654292.9
654363.5
654811.2
655280.4
656795.3
657780
658509.3
659015.2
662301.6
665570.1
667013.6
677863.5
679992.4
680016.4
682195.3
688375
689334.4
690094.5
690264.1
691370.7
692007.2
693131.4
693897.5
694601.9
696037.4
696344.1
697143.3
700212.3
711050.5
712583.7
716511.4
718503.6
737847.3
738855.9
743417.3
746693.2
747405.3
748956.3
749895.6
750895.1
753071.5
759607.3
761505.6
767578.9
769260
770280
772970
773661.6
778917.5
779295.1
780348.2
782789.2
784515.4
784673.3
786594.7
787137.7
787669.8
788545.1
790049.8
790983.5
791835
792674.4
793418.9
794314.9
796072.3
796674.8
798155.8
799897.8
801996.3
807360.6
809091.7
810370.6
810924.2
811667.3
815575.1
832321.9
833421.1
837711.4
845304.9
846274.9
846695.2
847217.9
847814.5
848959.6
850160.8
855043.4
855920.5
857950.6
858645.6
859288.2
860337.5
861173.2
869288
873179.4
874061.6
874855.6
875266.5
877125.9
878077.5
878991.3
896236.3
902274.6
903184.3
903969.1
904057.2
904954.1
905200.1
906583.3
907199
910759
914877.4
916184.4
916829.4
922373
923078.7
923872.6
925609
927499.4
928893.9
932581.3
933639.2
934676.9
936598.4
943893.8
945953.2
948453.9
950632.7
952990.1
954998.9
956783.1
957621
960598.5
962957.1
964072.8
964975.5
968706.7
969366.9
974145
982202.4
983516.1
984448.6
985287.5
986258.1
987063
987706.3
988287.5
988816.6
989572.8
991416.2
994565.5
995093
995844.4
1006316
1007252
1008244
1009994
1011841
1013070
1019527
1021373
1023073
1026350
1028369
1031985
1032810
1037653
1042171
1044660
1045490
1046071
1047688
1047838
1048719
1049409
1051025
1053540
1057864
1058700
1058947
1059520
1060016
1061608
1062710
1064110
1065140
1066748
1068487
1072071
1073464
1074048
1074936
1075786
1075809
1076893
1079934
1080307
1081325
1082219
1083370
1084675
1085590
1086524
1087929
1105318
1106134
1106840
1113251
1114269
1114300
1121640
1124724
1125883
1127962
1128397
1128828
1129003
1129582
1130232
1131076
1131697
1132379
1132910
1133199
1133917
1134796
1135730
1137237
1138667
1139193
1139644
1140543
1140978
1141544
1142076
1167259
1168606
1170062
1170744
1171856
1172778
1175619
1177417
1179950
1180887
1181146
1182216
1183024
1186585
1188168
1192692
1193580
1195947
1200365
1204867
1205486
1208508
1208958
1209760
1210604
1211851
1212839
1213537
1214416
1218961
1227186
1227948
1228673
1229664
1230254
1231064
1231589
1232390
1234860
1235728
1236284
1236790
1237224
1237791
1238488
1239268
1239876
1240519
1241821
1243838
1245332
1245847
1250486
1252631
1253630
1254061
1254798
1255833
1258054
1283739
1284539
1284684
1285979
1286731
1287759
1289069
1289999
1291264
1295572
1296927
1297848
1299115
1299804
1300715
1301468
1302927
1303877
1308638
1317503
1318263
1322318
1323073
1327352
1339266
1341186
1343825
1344687
1345339
1347622
1348895
1349993
1351444
1352534
1353188
1355559
1355857
1359818
1360604
1361010
1361550
1365052
1365641
1365977
1372501
1374156
1375537
1376185
1377439
1378335
1380651
1381929
1384103
1387434
1388195
1390277
1390972
1392822
1393792
1400639
1401524
1407674
1407855
1408702
1409314
1409791
1410214
1412372
1413524
1414409
1415069
1417745
1421325
1436385
1441117
1443409
1445547
1446201
1447878
1449156
1454183
1462108
1465159
1470900
1473467
1476874
1478555
1481298
1482312
1483896
1485626
1486369
1487812
1488671
1490588
1491845
1493187
1500652
1501676
1501854
1502413
1503468
1504016
1505186
1506582
1506987
1508107
1509235
1510097
1510709
1512073
1513906
1518383
1534046
1537370
1540936
1542466
1543653
1544660
1551402
1552100
1553669
1557331
1557581
1558314
1560243
1562815
1563644
1571971
1572622
1573251
1574413
1577857
1580892
1589958
1590835
1591829
1591979
1592616
1593820
1607026
1607918
1609278
1618105
1618827
1620477
1621273
1621639
1625144
1626710
1636380
1638886
1639770
1640999
1641610
1642724
1642815
1645467
1662328
1663543
1666662
1667547
1668839
1670418
1675525
1676318
1679021
1680065
1682316
1686503
1690868
1692797
1706119
1716542
1717479
1718390
1723122
1724302
1724606
1726593
1727757
1728937
1729209
1729971
1730553
1739099
1739863
1745742
1747512
1749554
1750706
1752223
1753603
1754288
1755753
1756360
1757859
1759777
1759903
1760924
1763065
1763799
1764760
1765352
1766176
1767417
1768214
1770343
1772045
1773426
1776313
1777537
1779797
1788192
1790052
1792957
1801176
1806807
1808045
1809739
1810490
1811514
1813204
1830266
1839432
1840836
1841916
1843266
1849041
1850843
1851474
1853106
1855569
1857962
1878884
1879555
1881214
1887353
1888106
1888953
1889679
1891709
1901914
1907682
1908815
1917478
1926633
1927766
1932433
1933842
1934720
1935745
1936966
1937717
1938465
1940357
1954246
1955337
1957632
1959398
1968035
1976737
1977543
1978413
1994705
1995646
1996430
1997260
1998058
1998742
2001982
2003006
2009045
2015396
2016344
2019046
2020541
2022316
2027479
2028769
2034658
2036575
2037813
2045047
2049806
2050538
2052350
2053265
2054846
2057472
2058478
2072083
2074583
2076126
2076498
2076848
2077629
2079477
2079995
2080038
2080538
2081155
2081289
2081789
2082001
2083057
2085673
2090009
2096214
2096334
2100166
2102607
2103447
2104289
2104657
2105231
2105604
2107157
2107543
2108493
2109708
2111205
2112193
2117713
2119301
2119714
2121465
2121706
2123528
2127033
2142698
2151281
2151943
2152532
2153223
2154509
2156946
2158459
2160685
2162243
2163052
2166837
2167736
2170668
2176886
2177235
2177814
2185350
2191388
2191988
2192708
2194140
2196178
2203172
2204000
2210730
2213188
2214651
2219650
2229183
2230109
2231101
2231791
2232603
2234159
2241861
2251301
2252863
2253748
2255187
2255832
2257467
2258908
2259168
2260084
2260920
2265346
2266372
2269711
2270322
2272080
2274377
2274982
2275962
2276795
2277020
2277983
2278042
2278484
2278525
2279017
2283088
2284816
2285821
2286692
2286871
2287357
2287556
2288076
2288645
2289595
2294958
2297011
2297855
2298371
2298988
2305375
2312761
2314668
2315695
2317727
2318040
2318449
2319035
2319729
2320794
2322665
2326730
2327472
2330885
2335946
2336432
2336845
2338572
2342939
2344808
2346158
2346713
2347611
2348403
2349301
2350334
2355671
2356216
2358677
2362975
2365113
2366764
2367768
2370533
2372946
2373076
2373429
2374087
2374189
2375916
2376028
2376398
2383853
2386729
2389792
2396251
2397323
2400306
2400886
2401419
2401454
2410081
2413820
2414740
2414766
2427613
2428579
2431664
2446416
2450907
2457791
2462533
2466802
2474138
2474630
2475135
2476100
2478838
2480728
2483708
2484520
2484923
2494566
2497486
2499645
2504901
2505125
2520570
2522547
2524052
2524495
2531408
2533811
2538345
2540634
2541444
2542023
2544419
2548433
2548459
2548634
2554184
2560177
2567758
2569987
2583436
2588584
2589112
2589595
2589737
2591094
2596594
2598683
2601711
2602381
2604865
2604988
2605954
2607484
2608306
2608867
2610861
2613831
2624098
2627278
2628507
2631167
2641515
2642340
2660647
2680109
2681517
2682853
2685035
2686692
2687071
2687938
2691269
2691677
2706717
2710922
2716351
2719147
2721170
2722352
2722674
2725376
2727572
2733111
2733709
2734354
2737238
2739183
2740543
2741141
2741752
2742342
2742376
2744284
2744760
2745663
2747999
2748151
2754788
2756449
2775303
2778080
2779650
2780639
2786429
2790489
2790619
2802120
2802651
2804141
2806086
2806850
2808442
2819506
2820036
2821409
2839636
2840233
2842978
2844210
2846169
2847121
2848258
2849517
2860501
2864233
2871309
2872519
2873498
2879186
2879340
2880299
2881542
2881770
2887080
2889487
2892848
2894101
2894881
2899272
2901501
2902133
2915680
2937181
2944975
2945070
2946816
2947452
2958927
2960112
2961473
2970702
2972940
2974437
2977352
2982815
2988713
2994992
3006930
3011572
3019869
3021526
3022863
3023417
3025258
3026556
3028103
3028155
3034564
3042105
3043108
3044267
3049400
3049570
3051677
3054192
3054453
3055751
3056179
3061227
3062740
3065568
3067384
3072575
3085928
3086889
3087300
3087801
3088484
3093123
3097422
3111721
3114743
3115489
3116187
3116921
3117565
3118806
3119384
3121937
3122930
3125820
3127924
3139975
3145124
3145810
3148819
3155358
3166902
3167108
3168224
3168939
3172021
3176539
3178944
3181000
3182357
3183174
3184382
3192164
3193072
3194633
3199612
3202902
3205864
3211553
3221929
3224383
3225479
3226095
3227482
3229071
3231139
3236336
3241235
3244856
3245440
3246920
3252712
3252846
3253262
3255219
3255444
3257905
3261002
3261348
3265115
3271178
3271642
3285691
3290806
3311632
3312502
3313586
3319313
3321386
3322164
3322598
3324047
3327531
3329652
3346223
3349971
3351121
3354798
3363384
3365521
3366282
3370688
3381281
3386304
3389093
3390324
3397836
3400531
3405228
3406173
3408115
3409793
3412663
3419348
3430259
3431140
3434474
3438452
3445815
3459027
3462478
3463612
3464098
3465498
3465596
3467436
3468366
3469555
3475416
3476355
3478559
3482013
3486399
3487287
3488740
3489908
3498806
3521291
3521879
3524611
3530698
3553461
3560969
3572925
3578730
3579503
3585500
3585563
3588324
3591757
3595051
3600458
3605534
3607673
3609083
3610031
3610994
3612814
3613783
3615284
3616474
3618007
3623496
3624300
3627040
3627702
3628674
3632240
3636851
3650790
3651815
3653558
3656362
3661255
3671906
3676787
3682343
3685829
3686625
3693020
3695333
3698522
3699762
3701345
3702279
3704552
3711996
3714206
3714818
3716344
3716869
3717657
3719240
3723101
3730433
3745355
3746415
3747154
3751648
3752690
3752722
3754436
3757272
3757317
3757615
3759374
3771907
3773149
3774078
3789011
3790017
3790916
3797311
3798285
3803512
3804662
3819804
3821001
3821274
3829109
3829688
3840146
3853479
3860259
3860749
3861176
3861697
3864992
3878356
3882695
3886014
3886617
3887213
3889933
3892195
3892739
3902820
3907709
3910346
3916885
3919140
3921676
3924106
3926508
3928894
3933125
3935863
3942713
3945185
3946103
3946847
3950908
3952951
3954391
3962863
3982746
3990505
3995289
4006597
4009727
4021591
4027859
4029363
4029921
4030509
4031373
4034073
4035448
4037628
4043487
4063018
4069083
4070414
4071430
4072308
4073151
4074378
4080356
4082340
4083480
4084262
4084825
4085916
4087279
4088509
4091216
4092953
4093947
4096820
4101679
4111333
4111657
4112287
4113901
4116544
4118268
4118598
4119669
4120500
4120924
4121330
4121740
4124740
4125996
4127350
4128797
4129789
4131425
4131981
4132995
4135341
4138181
4160050
4161123
4161874
4163284
4163894
4165163
4173639
4178007
4180515
4182094
4190382
4193224
4193954
4195232
4195931
4196692
4206275
4207226
4207952
4208959
4209812
4213580
4217380
4221075
4222048
4224753
4227390
4228967
4230385
4230713
4231500
4231641
4232633
4234090
4235621
4245462
4247444
4249549
4250148
4250751
4253316
4256502
4257822
4258624
4258814
4259393
4261404
4261811
4263363
4266521
4276708
4277365
4277914
4280217
4281201
4284868
4286375
4289753
4290541
4292018
4294106
4297285
4297964
4299946
4301638
4302560
4305405
4306169
4307068
4309871
4311156
4315610
4316335
4319213
4320456
4320921
4323629
4324945
4326027
4326748
4327220
4327360
4328371
4330102
4332148
4341304
4342065
4342956
4343562
4344099
4346318
4351504
4351651
4357709
4358479
4359112
4359618
4360048
4361206
4361923
4362605
4375431
4393880
4394020
4394998
4395831
4398022
4399839
4404501
4408554
4409003
4418844
4420864
4421456
4422961
4425072
4436911
4438721
4442938
4443841
4445107
4446535
4447039
4447645
4449340
4451452
4454251
4456278
4459835
4473548
4479616
4484168
4488893
4489864
4490632
4491557
4492508
4493274
4493942
4494549
4505776
4508487
4511740
4517135
4518524
4520079
4520741
4521870
4523862
4524564
4527217
4528034
4530416
4532324
4532869
4534922
4540928
4542822
4543249
4544675
4545484
4551009
4551800
4560317
4563084
4579188
4580291
4582216
4586682
4587681
4588613
4594335
4599437
4601226
4602653
4610283
4612618
4617974
4619018
4620101
4622528
4630487
4631400
4634196
4648177
4649771
4649926
4650648
4650999
4651393
4652910
4653635
4655682
4657029
4657637
4658034
4661226
4663990
4664915
4669551
4681676
4683123
4684613
4694293
4697131
4702554
4704561
4707112
4708010
4708103
4709245
4709371
4711345
4715765
4720930
4724375
4724712
4743102
4743993
4744882
4745784
4748001
4748032
4756353
4758007
4765599
4768087
4769336
4770142
4770963
4772605
4774655
4776991
4782102
4783076
4785345
4788344
4792373
4802751
4806047
4806172
4807769
4808224
4810652
4811704
4814451
4814988
4817233
4818231
4830476
4832636
4838444
4840167
4841158
4841404
4841704
4842528
4846990
4849818
4850388
4850788
4851555
4852153
4853037
4854354
4855726
4857355
4860606
4865984
4866477
4867313
4877965
4878784
4880449
4882645
4883353
4884198
4885100
4885639
4886630
4889928
4897449
4899307
4900512
4903497
4904848
4908923
4909993
4910549
4917203
4932093
4932665
4933398
4934879
4936382
4937158
4939142
4939299
4940713
4941117
4951553
4953587
4956274
4974807
4982957
4985785
4988771
4990286
4991191
4993665
4994213
4995397
4998152
5000533
5004306
5007886
5010139
5011300
5012233
5012879
5014130
5017306
5021655
5024556
5024758
5025646
5026107
5027708
5033544
5036036
5037899
5039100
5048629
5049705
5051191
5053917
5055196
5062657
5064309
5069742
5070584
5076964
5078197
5081412
5087547
5089530
5100212
5110056
5124990
5127621
5128432
5129201
5130997
5132363
5138226
5140639
5141120
5141758
5143456
5143903
5152424
5155246
5156999
5157810
5165455
5166196
5166715
5167701
5168506
5171037
5171656
5172103
5175490
5179128
5179404
5180696
5181205
5181346
5181968
5185578
5187606
5191993
5193470
5193676
5193979
5195103
5195748
5196930
5203513
5209282
5211624
5218645
5219685
5226752
5228567
5231229
5243518
5249635
5250442
5251248
5252177
5254169
5254940
5255587
5256221
5258244
5262374
5263488
5265141
5266222
5278664
5284030
5291717
5296492
5297258
5306431
5309878
5311040
5311561
5312275
5313222
5327584
5328332
5341779
5342575
5344766
5352403
5352926
5354630
5354747
5355425
5359627
5363944
5366026
5369494
5372069
5381672
5382131
5382340
5382952
5385597
5389424
5400974
5402029
5402671
5403965
5408763
5409455
5411252
5412703
5420993
5423995
5425456
5432631
5435171
5438845
5439248
5439874
5461948
5481721
5488669
5490259
5492669
5494619
5496602
5496634
5497247
5497885
5498935
5500854
5501952
5503474
5504627
5510309
5510450
5512091
5512594
5513270
5513843
5515548
5520324
5524744
5530061
5542853
5543619
5546451
5551292
5552799
5553615
5562837
5563666
5564536
5566699
5567409
5592171
5593332
5594529
5595546
5597388
5612939
5613745
5618002
5619172
5621672
5623931
5624418
5625539
5625676
5626434
5633219
5634830
5635951
5638202
5648265
5660740
5664827
5665580
5667136
5667953
5669539
5669703
5674183
5681512
5682266
5685215
5686251
5687331
5688773
5706235
5710616
5712244
5716946
5729724
5730196
5730469
5730922
5732633
5735189
5736218
5737874
5739961
5740673
5742638
5743400
5748066
5751295
5753689
5757006
5760276
5760906
5762227
5763029
5764626
5766979
5769298
5773926
5775270
5776586
5783720
5785950
5788183
5790177
5792315
5792350
5794519
5795447
5796593
5799168
5809410
5828073
5829060
5830113
5832989
5833546
5835426
5836165
5841911
5844946
5845824
5849067
5853140
5855032
5858799
5870944
5872698
5874641
5882924
5883532
5885237
5886056
5903329
5905200
5905842
5907842
5930427
5930459
5936200
5938612
5943116
5946186
5947775
5959296
5964645
5970402
5978577
5978882
5982042
5982921
5983574
5984609
5988097
5995234
6002824
6003510
6005574
6008896
6010891
6021339
6022493
6026386
6028028
6029089
6037932
6040551
6043411
6045223
6046792
6049805
6055264
6062050
6062965
6068669
6081203
6083312
6083406
6088964
6093041
6093574
6095264
6096807
6097339
6101532
6102387
6105445
6106008
6106831
6112775
6117413
6119119
6122806
6124505
6130696
6134271
6139873
6140309
6141200
6142602
6145141
6150887
6176443
6177120
6177884
6178841
6184814
6195349
6198232
6198804
6211485
6212132
6212228
6213345
6215881
6216867
6217354
6218386
6218527
6225794
6226986
6235404
6243037
6244664
6245282
6246155
6248387
6266904
6275333
6275870
6276718
6279039
6284736
6293661
6302297
6314866
6317665
6318003
6318713
6322937
6328491
6329568
6330091
6331494
6332155
6332204
6333725
6336915
6338396
6352666
6353195
6356774
6375490
6376189
6399801
6399918
6402935
6402980
6404780
6405335
6405917
6406228
6409214
6412682
6413117
6415456
6420482
6422661
6423911
6425207
6425952
6428246
6456807
6463011
6463615
6466073
6466534
6468808
6470727
6476933
6491985
6493431
6493931
6495065
6495882
6498354
6501271
6501578
6503294
6503937
6516244
6522669
6526185
6526852
6532396
6535223
6535655
6550274
6551042
6551321
6553785
6554302
6560046
6562676
6566033
6569263
6573763
6591365
6595357
6611761
6613521
6613980
6618675
6620816
6621558
6623889
6627662
6644323
6648883
6654529
6654853
6655760
6656118
6679066
6682113
6683194
6694392
6694433
6696525
6697139
6698365
6711519
6712952
6713895
6717378
6721200
6722377
6727193
6728043
6728458
6730416
6738930
6751830
6752816
6759141
6761353
6762396
6767175
6770488
6772519
6773742
6774369
6776070
6778548
6779798
6781886
6782507
6783383
6784514
6784750
6785390
6785752
6786263
6786947
6788873
6809515
6809973
6813536
6816108
6817478
6823492
6826696
6828035
6828210
6834508
6836620
6837492
6838176
6838763
6840255
6841697
6849173
6854235
6856887
6857853
6858365
6859057
6869930
6870429
6871263
6873651
6874463
6880317
6888397
6896987
6904143
6905359
6908977
6910206
6913976
6914477
6915251
6915910
6919775
6920406
6921320
6922280
6931244
6932614
6933332
6935915
6938058
6939529
6940589
6947665
6949877
6950415
6951134
6952506
6954149
6955036
6955460
6969574
6980554
6982954
6983390
6984545
6985108
6986147
6991518
6992541
6995077
6996577
6996577
6998946
7000077
7003598
7009964
7011573
7012977
7013799
7018009
7018542
7020188
7021492
7022099
7022636
7026624
7033716
7033939
7034864
7037862
7042875
7043642
7051563
7061542
7067170
7067633
7068461
7069847
7070695
7071339
7072783
7073492
7075744
7084292
7088621
7093397
7094551
7098873
7099620
7102283
7109959
7110515
7111162
7112326
7122547
7123878
7129272
7130279
7130770
7133242
7142413
7150593
7161113
7165587
7168475
7174991
7175754
7179700
7180605
7182059
7182608
7183633
7185650
7186737
7186915
7187790
7204267
7206494
7207208
7209403
7211381
7212059
7214081
7214141
7215646
7216895
7218174
7223337
7226713
7236228
7237131
7238332
7241548
7243414
7252785
7253584
7253975
7254265
7255658
7256480
7265581
7267854
7269037
7269342
7270762
7278788
7279311
7280853
7283899
7292869
7293554
7295963
7297439
7301319
7304775
7308530
7311523
7312306
7313158
7313729
7315649
7320454
7332330
7332686
7333140
7333611
7334821
7335355
7336135
7337735
7339107
7341078
7342520
7344972
7346107
7366427
7371710
7373874
7379526
7402644
7403289
7405612
7408208
7424671
7442459
7444694
7458188
7458587
7461838
7467352
7482502
7492720
7493298
7494005
7496015
7500066
7500564
7501498
7501644
7501960
7502585
7516537
7518051
7527850
7527952
7532410
7532455
7538430
7539423
7552414
7564287
7564945
7581453
7582628
7583242
7587914
7611018
7611592
7611675
7612309
7615884
7616461
7618453
7619354
7621165
7622902
7623463
7625071
7628431
7629823
7633807
7637047
7640603
7647925
7656103
7657640
7659393
7660986
7676882
7679820
7680760
7682345
7683932
7696315
7706019
7706670
7707870
7709144
7709947
7714134
7719390
7723049
7723275
7723747
7730345
7731871
7742749
7749531
7750549
7751787
7752486
7752690
7755027
7756540
7761560
7763344
7771151
7774551
7780534
7782861
7783251
7785228
7786930
7787837
7790234
7802010
7802271
7802271
7805431
7809861
7811978
7813917
7820886
7823095
7823793
7824175
7826460
7838419
7840541
7842087
7846082
7848337
7853381
7854814
7856330
7856929
7858071
7860571
7876374
7878282
7882607
7883557
7884235
7886620
7888751
7888843
7890883
7904897
7905417
7905435
7907231
7907512
7909320
7910773
7917739
7919006
7921589
7922513
7929132
7934022
7937390
7937451
7937781
7939058
7939465
7940454
7941162
7946455
7947528
7950823
7951576
7952170
7965525
7966515
7967097
7969072
7972814
7974514
7977070
7984675
8011066
8011984
8015532
8036143
8037203
8037882
8038624
8039516
8040917
8043511
8061731
8066162
8069057
8072290
8072962
8074277
8079541
8085029
8101139
8105317
8107162
8112207
8118582
8119907
8124300
8125714
8128591
8132402
8145768
8149047
8149790
8150431
8151168
8153124
8154702
8155239
8155837
8156948
8167452
8179769
8187888
8189150
8189955
8190664
8191461
8191955
8192472
8193178
8193696
8198685
8200611
8205562
8221646
8223505
8224609
8228038
8230370
8234438
8235227
8235535
8235812
8236283
8237562
8246946
8251762
8263773
8266637
8267862
8268648
8269087
8271207
8272266
8277153
8277747
8278890
8282061
8283224
8284568
8288119
8291804
8293590
8296273
8297132
8298683
8299134
8302874
8306476
8308157
8309401
8311615
8317985
8335922
8336958
8337883
8338661
8340023
8341533
8341759
8342429
8342872
8343447
8354718
8362754
8368158
8369225
8369957
8371157
8372232
8372555
8374163
8374719
8374857
8378981
8379813
8380815
8381840
8385758
8387277
8388676
8393918
8394086
8395368
8395923
8405093
8405532
8407784
8414305
8414427
8416257
8416875
8417363
8418207
8421175
8426224
8427199
8429588
8430607
8431710
8438916
8439467
8442663
8443208
8447030
8449136
8455820
8460088
8464191
8489873
8491763
8498015
8498081
8499402
8499713
8500259
8500587
8503171
8508402
8513318
8518384
8523179
8523706
8531921
8535380
8543594
8545442
8554376
8559142
8599096
8602415
8610624
8618390
8619313
8648455
8648996
8653726
8656987
8676676
8678398
8679200
8684883
8685138
8688133
8711800
8725330
8733947
8750290
8756192
8757367
8758131
8762182
8771656
8774348
8777970
8782013
8786219
8793511
8800622
8804214
8806897
8810413
8810820
8831437
8837926
8861744
8864136
8869434
8877988
8878400
8887195
8888677
8900812
8902427
8911602
8915338
8922134
8932093
8940643
8947073
8947645
8951336
8952524
8955058
8956538
8957140
8957241
8957671
8958324
8959876
8975550
8976250
8981541
8989726
8992362
8993522
