335.4072
819.5723
1324.35
1669.117
2037.466
3501.552
5844.705
6537.53
9552.38
10463.99
11005.27
13259.56
19351.6
22217.75
31029.63
32503.23
33654.28
33904.47
34839.9
37919.14
39411.35
51402.07
52969.79
53764.91
54374.83
54998.25
55595.38
56145.86
57432.8
58172.53
58758.36
59340.02
59763.62
65631.31
70161.4
70800.45
72036.82
73038.29
82325.78
83269.28
84208.34
101093.2
106622.5
107870.1
110676.5
111878.3
112186.4
112378.4
112993.4
113917.7
114768.9
130266.2
133029.1
135023.3
136105.3
136888.7
137296.4
137809.9
138272.6
138956.6
139413.8
139965.5
140441.5
141240.5
141913.9
142512.4
143285.7
144029.6
147683.6
148319
149472.1
150161.5
152816
154965.1
156095.4
157384.6
159886.7
161229.7
161940.8
162281.6
162713
163045.2
163419.7
163962.9
164452.4
165000.4
176597.4
177739.4
178565.4
179724.5
180406
180938.3
181454.4
182768.1
183541.3
185496.3
204427.7
216446.9
217832.5
219400
219947.1
220480.7
220936.9
222177.9
222902.7
231897.8
248566.8
249158.8
249924.9
250733.2
251176
252828.7
255341.2
255978
257020.3
257713.7
258845.6
260545.4
263887.5
264571.5
268315.1
268844
269443.9
269983.6
271469.3
272177.4
273130.4
278007
286393.7
288379.9
290143.4
296096.2
303169.3
329828.2
331758.3
332913.6
333635.6
334289.7
336209
336969.4
337415.3
338990.7
339741.8
340947.6
341399.3
342052.8
342619.9
343835.7
344653.6
345211.3
345774.8
346611.3
347966.2
353924.5
355232.3
356116.6
356862.2
362182
369828.9
374121.5
375953.8
383641.5
387354.2
388408
389049.9
389725.6
390666.1
391450.8
392001.4
393142.7
395991
404162.7
406635.4
409186.4
410765.7
413726
417738.9
419468.7
420445
421406.4
424509.6
427143.4
428071.2
429955.6
433256
438135.7
447549.6
449327.7
451346
456933.7
457566.2
458211.4
459823.9
460818.5
462677.4
463667.3
464113.2
464632.9
465007.3
465720.7
468377.6
469117.7
469862
470665.8
471415.9
472467.8
473270.2
473838.4
479031
483559.8
484534.2
485278.8
486972.5
490134.4
504713.4
510117.4
510668.7
511360
511993.6
513366.5
514631.3
515282.3
528871
541392.2
580944.2
581518.2
582649.2
583584.6
584276.4
585361.3
586296.6
587003.9
589894.7
591317.6
601153.8
601942.4
602441.8
604433.6
605455.1
630156.7
631861.3
633246.6
634585.5
636150.3
639911.2
642473.3
647763.5
653904.8
654707.2
659047.6
661111.8
668926.5
672953.4
675242.5
677984.9
678570.1
680250.9
683019.6
686603.6
687635
694261.5
696878.2
700089.9
706211
706997.7
707946
711159.5
712684.2
724430.5
725778.8
726836.6
736412.6
737303.3
738440.4
739421.3
739921.5
740436.9
741152.5
742323.9
742906.5
744081.9
745141.4
745946.2
746741.8
748118.4
753859.4
756867.7
760885.1
773772.6
774875.8
779990.5
781091.4
783907.3
784588.3
785374.9
786200.7
786657.5
787129.2
787845
788894.1
789778.9
790826.1
791491.8
792350.4
793097.9
794940.1
798183.4
801057.1
806248.6
813983.7
814748.6
815758.7
818437.9
821213.5
834287.3
857590.5
860591.3
861610.5
862632.8
864119.6
865156.2
867684.5
869114.5
874533.7
876152.1
878393.3
879019.8
880163.7
881637.9
894663.3
900954
901702.6
902536
921497.5
921773.3
922611
923258.5
923813
924959.4
925442.9
926221.1
926794.4
927914.2
931133.9
931804.8
932484.5
932971.8
933731.9
934459.8
934955.4
939717.3
940754.2
941319.1
941993
942612.5
943352.1
944277.3
945264.5
947474.1
947854.7
948469.5
949328.7
949824.9
950405.5
951191.3
958612.8
959717.7
960517
968203.8
972075.4
980264.4
983907.8
985130.2
988366.7
989226.7
989919.7
998715.8
999941.7
1016175
1021653
1022523
1022694
1025230
1025964
1026970
1028419
1030916
1031829
1033910
1035828
1037013
1038220
1040199
1042805
1057391
1058883
1070165
1071273
1072020
1074044
1074645
1075233
1076394
1077250
1078095
1078759
1079886
1083211
1084237
1085076
1085726
1086474
1087408
1088693
1089735
1090679
1091729
1094561
1095285
1097551
1098076
1102995
1104434
1108611
1109222
1141589
1148747
1155026
1171507
1178115
1178942
1179616
1180270
1180902
1181744
1182484
1184311
1186662
1189141
1190579
1192735
1193858
1210760
1218250
1219096
1220255
1222522
1223401
1223644
1240199
1242010
1242430
1243378
1245035
1246262
1247587
1248528
1249030
1249622
1251947
1252497
1255157
1256117
1282233
1283601
1284319
1285731
1286419
1287104
1287953
1295826
1296290
1298315
1299190
1299772
1300938
1302114
1303180
1304534
1305193
1318104
1319304
1319697
1320236
1320706
1321158
1321635
1322004
1322326
1322620
1322889
1323507
1325141
1325461
1325963
1326484
1327824
1328440
1331157
1331791
1334695
1343600
1344599
1345503
1346279
1347345
1348459
1349196
1349914
1350835
1351243
1351817
1352230
1352850
1353901
1356669
1358183
1358818
1359887
1360954
1385301
1385912
1386339
1386698
1387138
1387663
1389125
1390173
1392846
1393230
1394086
1394556
1405615
1406182
1409654
1424982
1429078
1430021
1430493
1431874
1432965
1433903
1434876
1435397
1440826
1442852
1444542
1448191
1450892
1451643
1453785
1454787
1455857
1459932
1463710
1465422
1467055
1468231
1468998
1470379
1474748
1475510
1476457
1477074
1477608
1478121
1479394
1480297
1481868
1482762
1484277
1485958
1520629
1530125
1530435
1538655
1542450
1543833
1546711
1548712
1550450
1551390
1552369
1553423
1564613
1566037
1571314
1572081
1575528
1576062
1576812
1577497
1578201
1579094
1579734
1580292
1580845
1582152
1582717
1609785
1610743
1611292
1612208
1612905
1613463
1614035
1614673
1618437
1618970
1619664
1620040
1620484
1620848
1621898
1624067
1626116
1626699
1627318
1627953
1629239
1630026
1631619
1633786
1634562
1655456
1656375
1657096
1657861
1658715
1659421
1659986
1660674
1661206
1662910
1663914
1664928
1665891
1666276
1667233
1667789
1670411
1671526
1672272
1672903
1673790
1674750
1675357
1676465
1677130
1677738
1678219
1678739
1679658
1681884
1683715
1684585
1685303
1685870
1686472
1687214
1687336
1687821
1689292
1689731
1690313
1690748
1691128
1691996
1692727
1693409
1708817
1709723
1710660
1711578
1712817
1714992
1722698
1745152
1745919
1747009
1747600
1748107
1748552
1749276
1749655
1750318
1750822
1751702
1752761
1754133
1755250
1755731
1758097
1771431
1772261
1772986
1774021
1775019
1776018
1776500
1777442
1777891
1778560
1780533
1786641
1800488
1801627
1804038
1806312
1810428
1813954
1816855
1817631
1818316
1819156
1822777
1830043
1831390
1832290
1833344
1834390
1835479
1836042
1837319
1847193
1849618
1850578
1851158
1851800
1852677
1854801
1855604
1856304
1857329
1863164
1865828
1866502
1867115
1871572
1877040
1884691
1885361
1886087
1886512
1889474
1890858
1891522
1899421
1901400
1901465
1902512
1903485
1906559
1907493
1908509
1915134
1916160
1916725
1917463
1924847
1943760
1954202
1955760
1968172
1979678
1990104
1990807
2013807
2019033
2020318
2021537
2022911
2024211
2025253
2029439
2031586
2032220
2032595
2033416
2035786
2038221
2039174
2043318
2044836
2051731
2052746
2053704
2055035
2057718
2059416
2063003
2064521
2066118
2079119
2079802
2080485
2082998
2083798
2084722
2085496
2086095
2086692
2087314
2101600
2102278
2103157
2105591
2108315
2111385
2111837
2112335
2117820
2118478
2118992
2121694
2122498
2123181
2124058
2125228
2125914
2126697
2127432
2128486
2132872
2133725
2137686
2138895
2140520
2141804
2146306
2149214
2149962
2150510
2151129
2151890
2153047
2153829
2157166
2174270
2176619
2178215
2179764
2181161
2184171
2184768
2185718
2189434
2190294
2190811
2191932
2192722
2204922
2207259
2213653
2214755
2215353
2215864
2216465
2217834
2218585
2228769
2233965
2235861
2239429
2240763
2241309
2244894
2246384
2247361
2248752
2249516
2250081
2251141
2251930
2252627
2253450
2254005
2255106
2256186
2258191
2267335
2267889
2269257
2270176
2270747
2271841
2273638
2275865
2277029
2296661
2299620
2309594
2311606
2312550
2314246
2315668
2317038
2320291
2321359
2323083
2323698
2324629
2325387
2326019
2326602
2327376
2327914
2329556
2330188
2331109
2332016
2361753
2363520
2363539
2364675
2365112
2365469
2365680
2367184
2367395
2367807
2368406
2368996
2372196
2374147
2377771
2381854
2382658
2383554
2384250
2389143
2394659
2395971
2397063
2405688
2444498
2446956
2448267
2449954
2450422
2451675
2452248
2453167
2453827
2454686
2456412
2458326
2459936
2467654
2468108
2470103
2471640
2472410
2473372
2475898
2476598
2477156
2477768
2478997
2479440
2480561
2481626
2482092
2482694
2483350
2484625
2489629
2514452
2516618
2517357
2518057
2518638
2519063
2519508
2519910
2520241
2520784
2521910
2522450
2523086
2523503
2524444
2525201
2525649
2526580
2527464
2528308
2530455
2531185
2534639
2535108
2536167
2559446
2560583
2562406
2563084
2564739
2565360
2566059
2567442
2568627
2569979
2571162
2571946
2573781
2574480
2576081
2594568
2598443
2598995
2599386
2600821
2601636
2603651
2605300
2606498
2606932
2608419
2609039
2609741
2611122
2612013
2612823
2615030
2615484
2616136
2617346
2636007
2638142
2639421
2639955
2641611
2642412
2661331
2661936
2662494
2663458
2664452
2675354
2676533
2678512
2679325
2680134
2680748
2681766
2682540
2683938
2684628
2685408
2687414
2688684
2691312
2700829
2701348
2701798
2702252
2702754
2703202
2703636
2704115
2704985
2708942
2710823
2720473
2722053
2722645
2723462
2724213
2724878
2726907
2727522
2728811
2730167
2731916
2733638
2743108
2759220
2760209
2763026
2817466
2820055
2828484
2829694
2841842
2847682
2848671
2849297
2853364
2854193
2854846
2855445
2856688
2857862
2858480
2860943
2862101
2866922
2869681
2878371
2879478
2931210
2932384
2934470
2934942
2935411
2935957
2936559
2937135
2937634
2968554
2969450
2970600
2971960
2973921
2974848
2976282
2976900
2977692
2978258
2978800
2980334
2981410
2981981
2982438
2983834
2984796
2986814
2987931
3053198
3054315
3055490
3056058
3060106
3061291
3063912
3064618
3106162
3107907
3108654
3109193
3109745
3110150
3110619
3111544
3112039
3113800
3121339
3125771
3126784
3130205
3130888
3131938
3132741
3133635
3135105
3135909
3142119
3143190
3144088
3146069
3146913
3149294
3150511
3151777
3177494
3178950
3180032
3180505
3181045
3181754
3187952
3190802
3191982
3192492
3193071
3195649
3196306
3197561
3205548
3209173
3212111
3213109
3213690
3214164
3218587
3220100
3221118
3222420
3224127
3227027
3279879
3288657
3289397
3290244
3290946
3291648
3293327
3293903
3294936
3295834
3304029
3308692
3309605
3310071
3311346
3312768
3315547
3316699
3317685
3319119
3320940
3321863
3323572
3324279
3326496
3327468
3328534
3329281
3330718
3332112
3341137
3343675
3344315
3345496
3348267
3350277
3352045
3353856
3353887
3356737
3357458
3385100
3402238
3403842
3404451
3404925
3405669
3408588
3409166
3410536
3411794
3412638
3413176
3421583
3423365
3424190
3424726
3428192
3429095
3430073
3431072
3432000
3432710
3434697
3435661
3457592
3458724
3459599
3460212
3510702
3514994
3516607
3517567
3519245
3520055
3521283
3523287
3525257
3525280
3525964
3527273
3527709
3529256
3530020
3530666
3532407
3534196
3535444
3536193
3536842
3537490
3539473
3541065
3542538
3545297
3546604
3547280
3547913
3548483
3600112
3607906
3611790
3613632
3614420
3614955
3615652
3616269
3617019
3617913
3621324
3627331
3628307
3629727
3630816
3634382
3643865
3644763
3645448
3645995
3647341
3648353
3649647
3650693
3654293
3655457
3656425
3657540
3659184
3660094
3662899
3667800
3752803
3753568
3754228
3754875
3756379
3763008
3763665
3764620
3767684
3768991
3773354
3774752
3776996
3787331
3814473
3851107
3856159
3859437
3860671
3862260
3867645
3868494
3886756
3887259
3887727
3888234
3888937
3889666
3890736
3891638
3892704
3893486
3894090
3895133
3896741
3905868
3906662
3907439
3925175
3926752
3930118
3931407
3934355
3937152
3951265
3951768
3952198
3952717
3953359
3954015
3957106
3957569
3958052
3962090
3962732
3968332
3970305
3972503
3973348
3976700
3978396
3978951
3979467
3980353
3981053
3981950
3983435
3984072
3986479
3996840
3997578
3998725
4001045
4002460
4004848
4031950
4032729
4033581
4034199
4035586
4035930
4037739
4042589
4075221
4076677
4077202
4080453
4081409
4082956
4083847
4084535
4085252
4086044
4086877
4087852
4089221
4091527
4092081
4092570
4093281
4094918
4095590
4096466
4097751
4098405
4101473
4103196
4104638
4114603
4120158
4133384
4136086
4137434
4138828
4140222
4141197
4143388
4146142
4147421
4149401
4151286
4152200
4166297
4167326
4191589
4192571
4193213
4194575
4195182
4196686
4201638
4202351
4205209
4207163
4208352
4212501
4214782
4249333
4250367
4251737
4252410
4252913
4253301
4253725
4256168
4257849
4258942
4260146
4261082
4263483
4264330
4265693
4267088
4269172
4273433
4274802
4278283
4279860
4280425
4281042
4282734
4284094
4284971
4285780
4286586
4287198
4288152
4288806
4292154
4292841
4293853
4293932
4294877
4295630
4297434
4298638
4311651
4312242
4312751
4313161
4313544
4314022
4342795
4343394
4345090
4345712
4346167
4348482
4348889
4349510
4350032
4350923
4352298
4352742
4353244
4353702
4354784
4356748
4357190
4358447
4359533
4361139
4362207
4371408
4377651
4379360
4380343
4381269
4383552
4389524
4391915
4393025
4393631
4395376
4400833
4404137
4405848
4406547
4407228
4411425
4412852
4455811
4456454
4457166
4458159
4459009
4460071
4461155
4463482
4464616
4465536
4466355
4466867
4467308
4468228
4468714
4471006
4471748
4472385
4472972
4473660
4474707
4475860
4485075
4485917
4486872
4488050
4489811
4490863
4492410
4492917
4495317
4501502
4502923
4504732
4510876
4516890
4518393
4527542
4528227
4528694
4533200
4534001
4535328
4536466
4537029
4537567
4538051
4538721
4539351
4540120
4541413
4548056
4550161
4550865
4552579
4553740
4564442
4565375
4566132
4566547
4567086
4567741
4568582
4569888
4575014
4575607
4576635
4583033
4592852
4595403
4598377
4599568
4602270
4603532
4607465
4609168
4610064
4610948
4611944
4614293
4615455
4615969
4616569
4617255
4619664
4620622
4621122
4660632
4662408
4663579
4668033
4669262
4669808
4671331
4672301
4677599
4678944
4679480
4680228
4681306
4681772
4682433
4683109
4686298
4687359
4688102
4688910
4689995
4690993
4692052
4692636
4693245
4693927
4694529
4695276
4697699
4700051
4712874
4713793
4715132
4723256
4741449
4742330
4750075
4759841
4771756
4772288
4773590
4774416
4774996
4775763
4776593
4778023
4779247
4780400
4781415
4782515
4783909
4803649
4804661
4807883
4809852
4811682
4812664
4813917
4818492
4820282
4820651
4821280
4822227
4822861
4823716
4826357
4827391
4828083
4828563
4829392
4829823
4830311
4830712
4831196
4831730
4832737
4833396
4834498
4835374
4836582
4837512
4845340
4845841
4846235
4847723
4849316
4850018
4850446
4851094
4851728
4852382
4853240
4853830
4854234
4855717
4857009
4857585
4867598
4868472
4869174
4870941
4872276
4873497
4886711
4917168
4917886
4918608
4919139
4920405
4921549
4922389
4924038
4926076
4927493
4927988
4928592
4929225
4931414
4932293
4933305
4937926
4951542
4963873
4966069
4966675
4969591
4971646
4972294
4973399
4974972
4976654
4980270
4981357
4984911
4987662
4989308
4989840
4990686
5007179
5009821
5022764
5023524
5024360
5033872
5034740
5035700
5036407
5055894
5056620
5058013
5059070
5059638
5060226
5061052
5061868
5063318
5064758
5065323
5066873
5069354
5075339
5076386
5078388
5080675
5082571
5083527
5084513
5087069
5093129
5094103
5107439
5108139
5108824
5110262
5113770
5122279
5124022
5125204
5125849
5126858
5154375
5155486
5156638
5159688
5160534
5161043
5161648
5162225
5168811
5170436
5174099
5175860
5177292
5178007
5178649
5181340
5186089
5186715
5187171
5187709
5188655
5189675
5190901
5192154
5193246
5194301
5194996
5195954
5198901
5199819
5200560
5207752
5208471
5209454
5210170
5212061
5212484
5212854
5213381
5213845
5214318
5215359
5215875
5217055
5218312
5223984
5226826
5227488
5229675
5230934
5233363
5239003
5240344
5249801
5260213
5260784
5261633
5264884
5265601
5266717
5267438
5267872
5268418
5269747
5271211
5272424
5273316
5274756
5276533
5277865
5280654
5283347
5286555
5289842
5289969
5291693
5292644
5293656
5295840
5296413
5296840
5298164
5299825
5301051
5302400
5306145
5314714
5317161
5317728
5318822
5320061
5320854
5323389
5388377
5389074
5389782
5391365
5392114
5424452
5425965
5426579
5428661
5429346
5430059
5431003
5431738
5432239
5432980
5433766
5434650
5435726
5436741
5438719
5455868
5456438
5457099
5457902
5458674
5459126
5459856
5461472
5463521
5464600
5466803
5467976
5475191
5477063
5477606
5478348
5479281
5480686
5481445
5485537
5487433
5488480
5493491
5496462
5497724
5498476
5499136
5499821
5501100
5505727
5506468
5512383
5513781
5514487
5516115
5517087
5518908
5519819
5520439
5520967
5521728
5524663
5548604
5549500
5549913
5550300
5550739
5551226
5551803
5552749
5554466
5554584
5556014
5556597
5557341
5558175
5559283
5559983
5561832
5562507
5564859
5566034
5570074
5623387
5625418
5632499
5640335
5641365
5641796
5642262
5643599
5644159
5645005
5646065
5647121
5647881
5648353
5650498
5652817
5653596
5654713
5655750
5657857
5672747
5673617
5675652
5677803
5680588
5681359
5682864
5684003
5684773
5685360
5686063
5689631
5693052
5694422
5696313
5697417
5707282
5712780
5714140
5717344
5718261
5720017
5720810
5721436
5722055
5722523
5722861
5723333
5723802
5724509
5726557
5727373
5732613
5735531
5752087
5752967
5754380
5756857
5759803
5760790
5761575
5778548
5780664
5781581
5783198
5783924
5786294
5787339
5789194
5791959
5794201
5800247
5800959
5807208
5808375
5809416
5810821
5813643
5815419
5816064
5816980
5818270
5821052
5823312
5824167
5827452
5829739
5831326
5833079
5833732
5834785
5835422
5836108
5837106
5837840
5838493
5840064
5841095
5841763
5842488
5843030
5843771
5847488
5849711
5856131
5868746
5883513
5884477
5885330
5885906
5893970
5895189
5896062
5900285
5909117
5910769
5912870
5915519
5916392
5917081
5917789
5918337
5918847
5919441
5920607
5922351
5923015
5923945
5924753
5926156
5926781
5928013
5937833
5960297
5962795
5964626
5965957
5966982
5967656
5968316
5970127
5979311
5980282
5980833
5981407
5982841
5983650
5984316
5986230
5987188
5988520
5989311
5990091
5990805
5991567
5993859
5994964
6007690
6036606
6054107
6055460
6057549
6061650
6065044
6110931
6113321
6129441
6134001
6147148
6148598
6149102
6150093
6150817
6155731
6156902
6157805
6159603
6168912
6174395
6202196
6203638
6227633
6228443
6229626
6230627
6232758
6234125
6234693
6235272
6236790
6239852
6240573
6241240
6242067
6252501
6253142
6254088
6254704
6255270
6256085
6256635
6258214
6281379
6293202
6314443
6316112
6317999
6319775
6321074
6322840
6324044
6324971
6334408
6335150
6335891
6336590
6337271
6338490
6342899
6345030
6346668
6348156
6348707
6350213
6350670
6351381
6351871
6352387
6353768
6355028
6355532
6356144
6357965
6358779
6360093
6361134
6362932
6363988
6365534
6367346
6368413
6371628
6373030
6381938
6382751
6383399
6384178
6392573
6393126
6393739
6394789
6396941
6400812
6402722
6409647
6410977
6412017
6417886
6418449
6418993
6419476
6422333
6424555
6425204
6425995
6426683
6427267
6427698
6430434
6431097
6431724
6432453
6436581
6438084
6439134
6440778
6441523
6441984
6442404
6443356
6443855
6444838
6446643
6447849
6448223
6448578
6449002
6449367
6449891
6450453
6451368
6454626
6455400
6456852
6459854
6460834
6468650
6472532
6481602
6482472
6483198
6484002
6484517
6485203
6486120
6487389
6488627
6489643
6491283
6518925
6519431
6519730
6520902
6521426
6522025
6522578
6522964
6523520
6525735
6526858
6527428
6527893
6528347
6528767
6529653
6530542
6531779
6532474
6548893
6549657
6550630
6551121
6551523
6551930
6552493
6554197
6555162
6556139
6556710
6557886
6558683
6560283
6561425
6561998
6562552
6563026
6563625
6565248
6565691
6566516
6567299
6567961
6568410
6568773
6569240
6570025
6570955
6571404
6572575
6579673
6582983
6585022
6586253
6587158
6588184
6592208
6594757
6603100
6603734
6604875
6606526
6607012
6608002
6608396
6608770
6609443
6611652
6612873
6614020
6615351
6616703
6617548
6618021
6618612
6619724
6621549
6656185
6657190
6657767
6659602
6664378
6665000
6667717
6669267
6672590
6685878
6689268
6690572
6691411
6692422
6698554
6699725
6700998
6701430
6702015
6702577
6703036
6703914
6704928
6706412
6708479
6710097
6711813
6715360
6716941
6717837
6718683
6719328
6723286
6723784
6724337
6725432
6742817
6743634
6744171
6744835
6745520
6746169
6747821
6749734
6754470
6756190
6756786
6757168
6758463
6758953
6760033
6763235
6765196
6765857
6766501
6767056
6768530
6769371
6770419
6771251
6772613
6774254
6779042
6779956
6781039
6782074
6814230
6814654
6815236
6817378
6819983
6820837
6822663
6824419
6825721
6828030
6828690
6830100
6831513
6834813
6836823
6838692
6839872
6840391
6841774
6842645
6850528
6852148
6853526
6854269
6855000
6855644
6856757
6901158
6902212
6902671
6903234
6904687
6906687
6908436
6910325
6910822
6911193
6912214
6913637
6915354
6916490
6917219
6918931
6920394
6922883
6923925
6924563
6925893
6927648
6928299
6929637
6930796
6931143
6931576
6933017
6940901
6943281
6972467
6973467
6974264
6975326
6978661
6982694
6984070
6984766
6986521
6987315
6988414
6994987
6995780
6997185
6999888
7031954
7035809
7037988
7039975
7040708
7041214
7041675
7042274
7043049
7063400
7081126
7083773
7084426
7084570
7085090
7091507
7132720
7133379
7134145
7134647
7135826
7136412
7137013
7137423
7137807
7138469
7139044
7141477
7142385
7142914
7143559
7144796
7147565
7148679
7149164
7149913
7150576
7152582
7153099
7154112
7154659
7155296
7155879
7157604
7159875
7162255
7163820
7166568
7167504
7169065
7170950
7174405
7181859
7191565
7192669
7194886
7195687
7210002
7241376
7256178
7256903
7257776
7258422
7259382
7264928
7266723
7270710
7291590
7292432
7293244
7318737
7319454
7320766
7323299
7324539
7326238
7329253
7331112
7331909
7334035
7338117
7339880
7340736
7341172
7356097
7358606
7359311
7360251
7360957
7385640
7386229
7386737
7387341
7388143
7398715
7400129
7402098
7402834
7405187
7409516
7411179
7412846
7413505
7414966
7469595
7470530
7471020
7471577
7472407
7473219
7475022
7475952
7477321
7478751
7480911
7509348
7513059
7519820
7521163
7536132
7537126
7538983
7545484
7546325
7549555
7550864
7552368
7552914
7554677
7557050
7557910
7559135
7561822
7565772
7567082
7570854
7573168
7573936
7574770
7581948
7584843
7586078
7586903
7587925
7588678
7591808
7592361
7593311
7594077
7595681
7596626
7597322
7599537
7604867
7607733
7608896
7610699
7611251
7611832
7612914
7613354
7614515
7615193
7616366
7618211
7619548
7650707
7668199
7669049
7669646
7670070
7670648
7671452
7672338
7672773
7673181
7673684
7674547
7676097
7676720
7683148
7683961
7686252
7687092
7688580
7689433
7694633
7698019
7699037
7700955
7702272
7703136
7708217
7709507
7718832
7738816
7739766
7741053
7751292
7751947
7753714
7754630
7755682
7756311
7757004
7757599
7758804
7760675
7762174
7770909
7774255
7778594
7780827
7781800
7782775
7783598
7784685
7785441
7788298
7790097
7818104
7818765
7819392
7820405
7821662
7822394
7823559
7825549
7826350
7827226
7828834
7830538
7831165
7835427
7838900
7839952
7840708
7842052
7843099
7843921
7860171
7864702
7866070
7882075
7883069
7886171
7887091
7888411
7889149
7902347
7904555
7905194
7907425
7907865
7908318
7908714
7909791
7910453
7912769
7913277
7917180
7937970
7941608
7945112
7946054
7946674
7949936
7951422
7952208
7953102
7954545
7955928
7960486
7961040
7962049
7969007
7969993
7971507
7972685
7979766
7980526
7981567
7982869
7983562
7984834
7986274
7989903
8000261
8002231
8003339
8004384
8010478
8052907
8072600
8074447
8076626
8110195
8111736
8112344
8116193
8119416
8121048
8121880
8123003
8124010
8125753
8127237
8132884
8136597
8148336
8151736
8152587
8153401
8154210
8157941
8158054
8158773
8159764
8160439
8162468
8166788
8167340
8170942
8171939
8173268
8174824
8175487
8177129
8178364
8182735
8185354
8187656
8193567
8196125
8207966
8209392
8209662
8210826
8212380
8213275
8214126
8214874
8215617
8216331
8219396
8221995
8223731
8224481
8225029
8225805
8226568
8227383
8228936
8237314
8254439
8255805
8256935
8257871
8258773
8259629
8260495
8263647
8264215
8265852
8310580
8311591
8321204
8323691
8324946
8326094
8327623
8330824
8332098
8332865
8333941
8334725
8335516
8336380
8342511
8343465
8344545
8345217
8346484
8356962
8357718
8359528
8363705
8364378
8365036
8365822
8366897
8367922
8370546
8372289
8376799
8379396
8380855
8381701
8383217
8383638
8384132
8384499
8384892
8385244
8385686
8386386
8388068
8388676
8391931
8401218
8446667
8453137
8454809
8456141
8457380
8458014
8459366
8460427
8461616
8466272
8468322
8469577
8486073
8487032
8487937
8490251
8493193
8495676
8497844
8501282
8502742
8504295
8507137
8509047
8509647
8514057
8515457
8525540
8581166
8583281
8583680
8584106
8584553
8585042
8586694
8587507
8588747
8590581
8591413
8592565
8594189
8600566
8601276
8602640
8605783
8606609
8607288
8611233
8612506
8616759
8618641
8619213
8620754
8621443
8623525
8624736
8626099
8636281
8637356
8638621
8639372
8644551
8645234
8646586
8648701
8649777
8652283
8653516
8654548
8657427
8657479
8658876
8660464
8661970
8664138
8669328
8678460
8679148
8679746
8680992
8681996
8683036
8684121
8684933
8685423
8686097
8686898
8687644
8688839
8691869
8694519
8701358
8702435
8703284
8703873
8704500
8705781
8706348
8706977
8707629
8708281
8709046
8709731
8710428
8711432
8715085
8716577
8717431
8717980
8718455
8718967
8719450
8719901
8720460
8721123
8721883
8722418
8722876
8723681
8724278
8724839
8726003
8727430
8728209
8729417
8759233
8766005
8768282
8769109
8770257
8771452
8772539
8774534
8775293
8776223
8777080
8778570
8808044
8808588
8809149
8809622
8810429
8811197
8811772
8812679
8814612
8816263
8816888
8819452
8820385
8826447
8844656
8845530
8846362
8847440
8854111
8855407
8856696
8858325
8859260
8859659
8860208
8860596
8861133
8861662
8864090
8865289
8870232
8870967
8925727
8926280
8927837
8928406
8929057
8929899
8931134
8937228
8937910
8938970
8942359
8943150
8944210
8944813
8945360
8945972
8946529
8948072
8948673
8985464
8986357
8987199
8988574
8989932
8991538
8992661
8993436
8995170
8996344
8996827
9010976
9015596
9017914
9019085
9019794
9052186
9052847
9054175
9054846
9055881
9056634
9058202
9059316
9059972
9063255
9064390
9065016
9065743
9067058
9067683
9071604
9073252
9074498
9075215
9075902
9076556
9077087
9077685
9078327
9078808
9079629
9080153
9080756
9081686
9082532
9084018
9084441
9085072
9087025
9088933
9091343
9092444
9094086
9094988
9107263
9108670
9109206
9110531
9120023
9129856
9130465
9130898
9131827
9133582
9135254
9136147
9158594
9159583
9160033
9160458
9160797
9161188
9161525
9161951
9162473
9163386
9164302
9165219
9165896
9167923
9168315
9168813
9170434
9172749
9173695
9174672
9175497
9181901
9185986
9186708
9187106
9187621
9189789
9190302
9191514
9192170
9193864
9198558
9199051
9199959
9204825
9206082
9207567
9208701
9214335
9215758
9217184
9217793
9218355
9219253
9219868
9221119
9222061
9222761
9223335
9224182
9225336
9225745
9226525
9229506
9230268
9231487
9232187
9238098
9238841
9240802
9242222
9244011
9244702
9245340
9245807
9247088
9257399
9260947
9261578
9263215
9275816
9277224
9280320
9281348
9281909
9282564
9283488
9286749
9288433
9289482
9290266
9291085
9301522
9302077
9302879
9303398
9304024
9304663
9305359
9305780
9306238
9306776
9307379
9308035
9308632
9310644
9314762
9315530
9316025
9316672
9318381
9319034
9319608
9320073
9320741
9321250
9322658
9323463
9324188
9325849
9326625
9327854
9340625
9341863
9342578
9343932
9344395
9345195
9346187
9347817
9348403
9348885
9349456
9350178
9350988
9351462
9351960
9352369
9353237
9353631
9354089
9354947
9366504
9367191
9369268
9370058
9370981
9371398
9372485
9373536
9373901
9374335
9374969
9375367
9375843
9376311
9376837
9377869
9378622
9381648
9383636
9401764
9405466
9406477
9407236
9408660
9410747
9412009
9413448
9415758
9416473
9417308
9429438
9430512
9432429
9436429
9443045
9444467
9446104
9447217
9448008
9449014
9451016
9452559
9453155
9454964
9466660
9475605
9477321
9478144
9481570
9482463
9483727
9484901
9485862
9486346
9487069
9489061
9490208
9495425
9496163
9496906
9497517
9498225
9499360
9500042
9508064
9509468
9510432
9510870
9511402
9513248
9583846
9584527
9585243
9586005
9586737
9588591
9589576
9591507
9593015
9594822
9595382
9608321
9623763
9625012
9625616
9626854
9627672
9628661
9629414
9630444
9631049
9632310
9633360
9634241
9634917
9635537
9642718
9643308
9644032
9644755
9647309
9648314
9648699
9649210
9650446
9651517
9652480
9653125
9653634
9654159
9654609
9666514
9667757
9669288
9695062
9695865
9702145
9703375
9707486
9739837
9740974
9742139
9743283
9743942
9744731
9745960
9746672
9747279
9750867
9753225
9753878
9755618
9757757
9759645
9760510
9764754
9773027
9773786
9775701
9777015
9779691
9780457
9781881
9786517
9787944
9788936
9790133
9793911
9805167
9806126
9810844
9811570
9815473
9816725
9817707
9820045
9821548
9822001
9823014
9823464
9824120
9824841
9826795
9828710
9829453
9830344
9830669
9831535
9832736
9839730
9841314
9843066
9845761
9849234
9850107
9850859
9851594
9852281
9852852
9853969
9854481
9854900
9855607
9856944
9873124
9874066
9874694
9875511
9876037
9876483
9876984
9877435
9877983
9879107
9879511
9880044
9880734
9881271
9882434
9883546
9884274
9896663
9900445
9901296
9901878
9902390
9902994
9904222
9905429
9907154
9908618
9909818
9910384
9910990
9912194
9916527
9920639
9921547
9923527
9930703
9931930
9947904
9948591
9950797
9951550
9953161
9954492
9956297
9957047
9958144
9959168
9960135
9961469
9963377
9973808
9975331
9976223
9977138
9977864
9979276
9980373
9980526
9981738
10005893
10006945
10007507
10008678
10010133
10011920
10012589
10016133
10016980
10020940
10036857
10038359
10039219
10039912
10040996
10042542
10057024
10057575
10058499
10059849
10068399
10069474
10070898
10071044
10093449
10094440
10094846
10095252
10096085
10097018
10098323
10100960
10101479
10102875
10103890
10104416
10104929
10106157
10108421
10109298
10109993
10110561
10111390
10111937
10116649
10117760
10118857
10120386
10123271
10124343
10125071
10126788
10131785
10132253
10133075
10135470
10137705
10141336
10142555
10143026
10143572
10144213
10144831
10145440
10146040
10147090
10147885
10149099
10149753
10150572
10154973
10163627
10164497
10165356
10165977
10167989
10168810
10169466
10171015
10184046
10185341
10214864
10217143
10218833
10220528
10221250
10222033
10222493
10222957
10223508
10225780
10229720
10230967
10234828
10237586
10238643
10241139
10241827
10242348
10242980
10243989
10250129
10251605
10258936
10259241
10320977
10322112
10323642
10324185
10324839
10325551
10326261
10327167
10329457
10330115
10330758
10331581
10332487
10333550
10334948
10337349
10338778
10340593
10341944
10344017
10344891
10346035
10347111
10347947
10348746
10349179
10350022
10350637
10351305
10352563
10353791
10355621
10363573
10364880
10366657
10367951
10371777
10373316
10374068
10374786
10380910
10382326
10385668
10387479
10389519
10390378
10390764
10391041
10391795
10400955
10402826
10478926
10481985
10483259
10483906
10484539
10501552
10513131
10514631
10516999
10557035
10557803
10559411
10572449
10573115
10573844
10574439
10575703
10577265
10585474
10589992
10592191
10592633
10593123
10593520
10593978
10594488
10594836
10596336
10597826
10599340
10600183
10604000
10604680
10605766
10606307
10607128
10607938
10608608
10609287
10610116
10629470
10651626
10653234
10654492
10656220
10656838
10657499
10670754
10686428
10687042
10688161
10688971
10689794
10691035
10692854
10695403
10706703
10707330
10721339
10730014
10731062
10733281
10735643
10742793
10748590
10762898
10763818
10764135
10778961
10780049
10780998
10781902
10782725
10783579
10786080
10790323
10803276
10807211
10808064
10808698
10808993
10809181
10810219
10828555
10829985
10831643
10834191
10838007
10839581
10848011
10848794
10849352
10852739
10853257
10854756
10855376
10856000
10858076
10866294
10867006
10868094
10868821
10870615
10872355
10873859
10874455
10876116
10876947
10893944
10894755
10897839
10898688
10899163
10899664
10900334
10900802
10901168
10901835
10903588
10906516
10907266
10926111
10926150
10926669
10928411
10929448
10933451
10936382
10937131
10937866
10938860
10940188
10943596
10947163
10948273
10951540
10952920
10953747
10954418
10955807
10957082
10958601
10962906
10964794
10966016
10967690
10968611
10969665
10970202
10970697
10972296
10972924
10973763
10974683
10976340
10977604
10980521
10985507
10987489
10990408
10995705
10996560
11000024
11001387
11001900
11002497
11003225
11003780
11004178
11004578
11005088
11005451
11006357
11006747
11007202
11008932
11058642
11060009
11060480
11061526
11062841
11063640
11064349
11066929
11067939
11068946
11069953
11074287
11074999
11077070
11092832
11093609
11094247
11101467
11103345
11104882
11105444
11107109
11108575
11110967
11111612
11112432
11112958
11113689
11114589
11117476
11118373
11123074
11124945
11127399
11128367
11129010
11129970
11131318
11131793
11132516
11134650
11141585
11144113
11145345
11146362
11153616
11154139
11154647
11155421
11168817
11169493
11174025
11186060
11196643
11198051
11199433
11200832
11201448
11202324
11202971
11203699
11204257
11205543
11205963
11207574
11208312
11208888
11210980
11211520
11212100
11213434
11228606
11280134
11280798
11281402
11281940
11282891
11283548
11285882
11286761
11287609
11288491
11290775
11291915
11294074
11294885
11296008
11299551
11300477
11301620
11303971
11305957
11307572
11308828
11309939
11311090
11313343
11314001
11315870
11319772
11320805
11321897
11326530
11331738
11340726
11341542
11342608
11346517
11347391
11348266
11349318
11350014
11350923
11358615
11359805
11360188
11373573
11375704
11377634
11378438
11379310
11381083
11382937
11383659
11384137
11385925
11388216
11394274
11394965
11400437
11400900
11401948
11402798
11408663
11409952
11418008
11434487
11435429
11436970
11443870
11445112
11445841
11450067
11450775
11451282
11452004
11453788
11454787
11455999
11458818
11481051
11482284
11484873
11485568
11486052
11486751
11487436
11489174
11490222
11491033
11494319
11494751
11495606
11496189
11496931
11517553
11540586
11542463
11565194
11596595
11603394
11604528
11607528
11610153
11610621
11612107
11614768
11619051
11620065
11622831
11631636
11633845
11646587
11654766
11656752
11657538
11658626
11659391
11660144
11660723
11661358
11663140
11663915
11664892
11665930
11669018
11673088
11673924
11674446
11675047
11676492
11682389
11683328
11684540
11686002
11687333
11688710
11692606
11693220
11693803
11694356
11695477
11714802
11717311
11718814
11719271
11720666
11722921
11723493
11724523
11727502
11746493
11747942
11750359
11751416
11751866
11753503
11753947
11754347
11754950
11755537
11756473
11758072
11759724
11761384
11765087
11766494
11767244
11769963
11770852
11771546
11773354
11773730
11775125
11777166
11777959
11778593
11778991
11779941
11781890
11782469
11786352
11787542
11788548
11789672
11791748
11796890
11797996
11806501
11828006
11828567
11828955
11829323
11829910
11830433
11831712
11834452
11835665
11836684
11839499
11840149
11854285
11855040
11859899
11864636
11865135
11865956
11866445
11871636
11872138
11873523
11874051
11874890
11900135
11915278
11916348
11918685
11919783
11921844
11924434
11965281
11982437
11983204
11983728
11984572
11986305
11987485
11988044
11988629
11989216
11991141
11992836
11993508
11995339
11996718
12007053
12030201
12036813
12037679
12038733
12039719
12040697
12042766
12049600
12050269
12050916
12051853
12052312
12052756
12054328
12055300
12058984
12059571
12060362
12064360
12066576
12067412
12068484
12069679
12071128
12072514
12132331
12133558
12134987
12135923
12136383
12137467
12141908
12143015
12144893
12145865
12147493
12148143
12148728
12149406
12150230
12150947
12152343
12152912
12153354
12161220
12162166
12163015
12163639
12165177
12166098
12166593
12167041
12167845
12168496
12169300
12176399
12179237
12184979
12187184
12188428
12189041
12191064
12191918
12192555
12194033
12195159
12195684
12196240
12196666
12197226
12197869
12198509
12200080
12200582
12201014
12201973
12203087
12223319
12224077
12225940
12226870
12228701
12234335
12237889
12238449
12239242
12240190
12241725
12242588
12243282
12244224
12245158
12246173
12246922
12247495
12259939
12270522
12271568
12272101
12272829
12273531
12275211
12281878
12285616
12287324
12291414
12295900
12296711
12301651
12303412
12323458
12324555
12331395
12348725
12350361
12351864
12353095
12354203
12359369
12360137
12363469
12365153
12395714
12396947
12399290
12400616
12401370
12402608
12403461
12404430
12405449
12406445
12407690
12408989
12410071
12410879
12411278
12412470
12413162
12414294
12416058
12417801
12418531
12419100
12419740
12420439
12421046
12421732
12422396
12432540
12443647
12446907
12448191
12449040
12450482
12450955
12451638
12452714
12460630
12461371
12462056
12463167
12463845
12464834
12465555
12467158
12467645
12468308
12468909
12469671
12470302
12470875
12471866
12472546
12481135
12482196
12482859
12484166
12484691
12485154
12485916
12486801
12488502
12490258
12492228
12492984
12494037
12494664
12495698
12498492
12500345
12500721
12501404
12502083
12503200
12503778
12504801
12505561
12506001
12506686
12507552
12512251
12517703
12522364
12523856
12525540
12526732
12527764
12528674
12529830
12575279
12577546
12578995
12579740
12580762
12582996
12596264
12604787
12606369
12610183
12611090
12612184
12612912
12613468
12614293
12616975
12619822
12620528
12622481
12624374
12625217
12625800
12627171
12628553
12632895
12633738
12636842
12637852
12638787
12639883
12642533
12643772
12645915
12647207
12649321
12650037
12650523
12651057
12651598
12652170
12653059
12653490
12654361
12655194
12661882
12662444
12662962
12663596
12664187
12664732
12673020
12723719
12724994
12726400
12727936
12741573
12743915
12744445
12745712
12746825
12747635
12747655
12748375
12749222
12749820
12750544
12782542
12783580
12784497
12785784
12796165
12806541
12808207
12808673
12809161
12809854
12810329
12810927
12811967
12812496
12813001
12813533
12814072
12815689
12819490
12820013
12820646
12821284
12822605
12828591
12839433
12840693
12841991
12843116
12844309
12848678
12853175
12854719
12855778
12858027
12868686
12891735
12895127
12895645
12907529
12908338
12908875
12944583
12945262
12947466
12949945
12951266
12952006
12952659
12953330
12954529
12957026
13008814
13009628
13010249
13010640
13011210
13012769
13013501
13014343
13014925
13015598
13016137
13018180
13019616
13021395
13022620
13024227
13026103
13026795
13027335
13028175
13029358
13030691
13031378
13033968
13035139
13035858
13036659
13037461
13038836
13039928
13041109
13042050
13043318
13043872
13044495
13046113
13046797
13047763
13048969
13049864
13051125
13061208
13067452
13068979
13069469
13070259
13073024
13073928
13074803
13075510
13076198
13094285
13099156
13102611
13103293
13106200
13107446
13109206
13110370
13111910
13113033
13114373
13115477
13116240
13117215
13117925
13118548
13130447
13132030
13132826
13133679
13134507
13138069
13139580
13143840
13145751
13146675
13148146
13155050
13156038
13156718
13157194
13158444
13159835
13167421
13168776
13169500
13169991
13170669
13171472
13172194
13174918
13175464
13175924
13187907
13188600
13189487
13190394
13191228
13192332
13193155
13195837
13197410
13212332
13214011
13237252
13237891
13238258
13239439
13245866
13246760
13248379
13250753
13251304
13252911
13253449
13254819
13256952
13257854
13258573
13261130
13264284
13267149
13267623
13268328
13280123
13280530
13281264
13281611
13282512
13283029
13283454
13284217
13284747
13286053
13287183
13288434
13291179
13303018
13307917
13332175
13332897
13333589
13334288
13335544
13337780
13338471
13381366
13382071
13382564
13383028
13384232
13387546
13400393
13403296
13404848
13448075
13454580
13462749
13463919
13467074
13473786
13475280
13478692
13481306
13484136
13488214
13489289
13490182
13495715
13512081
13513108
13514318
13516381
13517738
13518621
13520060
13520740
13521480
13522945
13523784
13526731
13529234
13529845
13530609
13531833
13532846
13534538
13536431
13544641
13546250
13548371
13549227
13549925
13551009
13552354
13552812
13553274
13553769
13554409
13554994
13556182
13556649
13557971
13564903
13582402
13583191
13583716
13584219
13585193
13585841
13587045
13588479
13589290
13595784
13605017
13605558
13606124
13606735
13607246
13609031
13613772
13615462
13622678
13623698
13626584
13631476
13648405
13649712
13650951
13652160
13653656
13654893
13655753
13656435
13658563
13764071
13765790
13767130
13769590
13773997
13775434
13780671
13781320
13782046
13790818
13791998
13792842
13846671
13848447
13851264
13851870
13852349
13852914
13853535
13854156
13854706
13862283
13864269
13865608
13868194
13868901
13870176
13870793
13871366
13872061
13873745
13874560
13876463
13881466
13882390
13883518
13888978
13899596
13901793
13903378
13904397
13906417
13907777
13909314
13912662
13915208
13916639
13917499
13918098
13918865
13919726
13921282
13924354
13925574
13926976
13928094
13928782
13931270
13933190
13936449
13937081
13939334
13942114
13943888
13977892
13984158
13985034
13986711
13987437
13989604
14007015
14009227
14010307
14010826
14015650
14016878
14018280
14021747
14048256
14049005
14049852
14051460
14057688
14121154
14122026
14122714
14123574
14125186
14125947
14127159
14140346
14140915
14141559
14162044
14187664
14188576
14189621
14193637
14197647
14198289
14199257
14200305
14201510
14205820
14208754
14209404
14209944
14222447
14223965
14224665
14227679
14228897
14240068
14295859
14296848
14297428
14298337
14308353
14316510
14322114
14322909
14323590
14324420
14325700
14326185
14326736
14328739
14330373
14332189
14333696
14340818
14341974
14343073
14345365
14358194
14359158
14359971
14360733
14361359
14362053
14363157
14364329
14412986
14415206
14415858
14417364
14418230
14418934
14419683
14421097
14424545
14425328
14428006
14451218
14451636
14453682
14454724
14479107
14481272
14485835
14489971
14493165
14496182
14498593
14499480
14500029
14500901
14504500
14506742
14548979
14549786
14551015
14553824
14564243
14565451
14566748
14568872
14569613
14579856
14580695
14582023
14583472
14586590
14588658
14590185
14590991
14591435
14592424
14595473
14598116
14603593
14604217
14604872
14606675
14620446
14621177
14621690
14623890
14624873
14625900
14628037
14629356
14629934
14630871
14631851
14632887
14635474
14639410
14640380
14642315
14643296
14664933
14695096
14695987
14701382
14703697
14705237
14705952
14706468
14708882
14709633
14710650
14711539
14713218
14715221
14716324
14716862
14717527
14719290
14722097
14723932
14757371
14758265
14759679
14761338
14762984
14764246
14765204
14794101
14796340
14796846
14797478
14797998
14798432
14798932
14800811
14802097
14802792
14803885
14834609
14835827
14836470
14836972
14838788
14839810
14840721
14842442
14843386
14844483
14846283
14849195
14851030
14851797
14853285
14853748
14854505
14855198
14856003
14858922
14860171
14860554
14860879
14862055
14862659
14863410
14865166
14866102
14866838
14867943
14870340
14871287
14872899
14883306
14890366
14891167
14891908
14894309
14895707
14896625
14897490
14899653
14900521
14901478
14902623
14903777
14905418
14906833
14907261
14907966
14908503
14913628
14917188
14920690
14922971
14925397
14927834
14929486
14955203
14958097
14966118
14976556
14977778
14979398
14981341
14984061
14985554
14987199
14989130
