852.3073
1566.536
2048.037
2703.206
3186.402
3733.119
4603.501
6845.945
9479.926
10326.42
11661.9
14831.23
15635.09
16376.25
18702.39
25476.42
26855.19
28006.62
30028.66
31753.84
32615.91
34045.95
34352.09
35784.27
36757.36
40246.01
42193.37
46168.62
49794.62
50924.36
60115.44
60730.72
62702.2
65022.62
65491.73
67588.32
70917.18
71917.98
73814.09
73862.85
79639.51
82380.63
82904.41
83444.15
86257.04
87091.62
87779.69
88976.77
93423.7
94591.2
95852.24
96402.9
96941.93
97974.29
98629.07
98919.15
99198.9
100274.1
107998.9
108135.1
108733.4
109199.7
109832.3
110495.7
111369.3
113183.9
120462.3
122165.3
123025.1
123889.5
125572.9
142579.2
148083.9
151469.2
158895.7
178436.9
179216.8
180243.2
180856.8
181264.1
181619.6
182645
183389.6
184250.5
185413.9
186863.8
187780
189965.6
194748.5
203458.8
204809.4
205414.3
210486.3
217383.1
218161.1
218751.6
219380.9
219953.9
220473.4
221664.8
222482.3
223130.1
223670.7
224511.5
225444
226384.7
251628.4
255277.3
256808.3
258202.8
259211.5
262754.6
266913.1
268419.4
269640.2
270991.4
272274.7
273232.9
280562.3
287430.4
289261.4
301689.4
307634
312664.5
314948.1
315824.4
319477.9
322400.1
338506.7
338930.2
338931
339367.4
339641.2
341282.9
344417.5
344772.4
347310.7
350258.9
350881.2
354789.8
355339.2
355944.4
358217.4
368431.4
370542.5
371117.7
371823.8
373448.1
374308.4
375019.1
376628.3
378800.2
380110.2
380958.5
381537.9
382433.7
383282.5
383758.5
384562.1
385396.4
386715.5
388052.3
392428.8
393031.4
393620.8
394441.8
395106.4
395879.1
396570.1
397589.5
398721.6
404189
406871.4
412343.8
416928.3
419288.5
421235.5
423226.7
423265.2
425000.3
429831.2
442398.9
446800.9
448028.4
448971.9
449672.8
450085.2
450774.1
451038.4
451377
451480.7
451941.5
452598.3
453152
453377.7
454660.1
455649.9
476419.8
487923.8
489721.7
498575.8
505694.5
511375.1
512049.2
513819.2
516221.9
517975.9
519014.8
519691.8
520360
522172.2
522623.9
523340.1
524067
526076.3
527076.6
528178.4
528965.3
529651.6
530818.2
531493.2
532237.6
532808.7
533555.8
534098.3
534436
535147.1
535964.3
537368
539184
549019.7
551244.7
553284.8
566905
568618.1
577855.2
578421.5
579239
579911.7
580419.2
580984.1
581685.4
582735.7
585170.3
599592.7
602481.8
603005.8
605765.8
615187
616280
617242.9
617978
618633.2
619307.5
619962.2
620811.2
621930
622749
623397.2
623897.1
624466.3
625212.2
626062.2
626530.5
627062.1
628614.8
629588.2
630838.1
646004.1
653476.5
656251
664213
664838.5
666107
667348.5
671395.8
672211.9
672784
673381.3
675197
677002.4
683067.2
683723
684849.3
685595
686401.8
688017.8
688673.8
689394.5
690739.6
691829.6
693909
695470.5
698808.7
703421.9
704886
705344.8
705766
706102.5
706105
706493.8
707324.4
708387
709070
720992.4
731248.2
733214.2
734000.1
734866.2
736052.2
736892.6
738401.2
739599.2
741637.4
742597.2
743548.8
744397
745027.1
746022.9
746731.1
749424.5
753091.6
755222.4
755879.8
756707.5
757704.8
760123.2
761534
762859.9
763368.1
763739.9
764758.2
773598.2
781337.5
786501.6
786998.5
789430.6
790312.6
794179
798471.5
803920.3
804011.2
804581.5
805333.5
806255.8
819131.7
823407.5
823819.6
824210.2
824986.8
831305.4
831331.2
832303.3
833587.3
834579
836609.8
837293
837843.8
838265.3
838898.9
839436.3
840152.7
840409.9
840875
842161.5
843264
845437.9
847192.5
848007.6
849089.4
850811.5
858048.6
868759.8
883354.1
884921.8
890305.1
890899.3
891484.7
891984.3
