664.1303
2026.844
2947.061
15380.79
19621.87
20506.63
23386.95
24413.53
25494.46
26308.33
29542.57
32250.93
33891.5
34344.77
47052.96
51166.01
51864.15
53117.15
55811.09
64701.14
87367.82
90636.62
97829.92
112828.6
113377.7
115252.2
123583.4
123602.3
124605.7
131013.2
133225.9
134012.5
134515
135132.6
135681.1
136164
136932.4
137256.2
137607.8
138410.8
139107.2
139356.1
142792.5
143192.7
150491
150853.8
151815.3
151883.7
154445.4
155430
155432.4
156492.1
156494.8
162658.6
171638.7
175162.9
183524.7
189998.2
191959.2
192425.2
198235.8
198910.3
208227.1
210542.6
211054.6
211304.7
212717.2
216200.4
217336.5
218262.2
219643.6
224687.8
231886.4
233492
237786.1
250734.3
255211.8
264014.1
264444
270363
274925.1
280744.9
281407.3
291824.3
292387.2
293537.6
296168.4
304971.7
305942
309021.7
310521.9
310646.3
319527.6
320258.1
323148.9
326700.9
327863.7
329364.7
334643.6
349756.8
350194.7
351834.2
355317.8
356524.5
358709.6
383726.3
395060.8
395517.9
418044.5
420964.9
422527.3
423041.7
423048.6
426097
426414.1
426414.1
427070.2
429695.4
430014.5
436266.1
436267.3
448697.4
454494.8
458340.4
459664.4
463854
467243.3
467583.4
469450
469475.7
472543.5
473255.4
478074.3
487254
502364
503697.4
505219.2
515097.8
517344
518202.8
518814.1
521950.8
522934.9
523366.1
524528.1
527016.5
533557.1
535764.4
536760
537581
544354.6
545770.8
549432.5
551066.5
551434.8
551438.1
553182.4
558819.1
559239.6
559939.1
568202.7
572176.5
584542.3
595935.7
603881.8
610629.7
611062.7
615671.5
617268.3
620978.4
621960.4
623558.6
624666.1
632085.9
639958.3
642241.6
642560
643990
645670.8
649003.3
649569.6
653159
654291.1
654810.8
655859.4
659013.4
660987.5
665139.3
671978.8
677861.5
679990.5
690263.1
691167
691172
691369.9
694601.4
696035.4
696344.4
696935.4
703938.7
705283.7
708054.7
711605
724805.5
732249.3
740473.7
745648.2
748178.1
749341.3
760422
767182.9
769256.2
770279
773661.3
778102.3
779293.3
780347.2
783678.4
785121.1
785626.8
786185.4
789173.5
795192.1
798947.6
802009.2
805706.2
808420.3
809846.9
817026.8
830160.8
838461.5
841242.1
853722.5
854238.6
856943.7
863297
863337.4
867126.9
869288.4
870355.4
872455.7
874075
876194
876196.8
889405.1
892910.8
894578.9
896234.3
901844.9
904054.7
904652.3
904952.8
905831.7
907316.5
913974.8
914874.6
915602.7
917017.5
927501.2
928893.8
936597.3
936769.2
940555.4
944666.1
947741.1
947744.1
952155
960595.9
963500.6
968705.2
969366.1
974143.5
975682.8
982202.4
983280.2
991413.6
994563.1
995203.1
995843.9
1005333
1019525
1019568
1020306
1023071
1024604
1026349
1028365
1035590
1037650
1041211
1046769
1047838
1051022
1056860
1056999
1057862
1058698
1059484
1060016
1060538
1060704
1060831
1061579
1062710
1065241
1068485
1075807
1080305
1080711
1082807
1107466
1114299
1124722
1127961
1128828
1132909
1133608
1136580
1137547
1138009
1157992
1175614
1175820
1175827
1176515
1179209
1180882
1184095
1187010
1192131
1192133
1192691
1192848
1193578
1195935
1200361
1202800
1205488
1207785
1208954
1209755
1211851
1212837
1214414
1217544
1218961
1221579
1229205
1231587
1244229
1251854
1284539
1299570
1299992
1308634
1309203
1316808
1317782
1318264
1339265
1341185
1341492
1342513
1344687
1352429
1352533
1353187
1353653
1355557
1360601
1364297
1365051
1365215
1365217
1365639
1365977
1368037
1372500
1378334
1378992
1379964
1381268
1389290
1402264
1402266
1407673
1411352
1411355
1415827
1416959
1417627
1422502
1422836
1434578
1436385
1442004
1443420
1446848
1450888
1454985
1456064
1462108
1465158
1470896
1486969
1492209
1494390
1496487
1500167
1501853
1506582
1507967
1513906
1514169
1517730
1530589
1542382
1553171
1557581
1558309
1560242
1572620
1573022
1574410
1577857
1580890
1590545
1591976
1593820
1593888
1618784
1621271
1637265
1642179
1642724
1645465
1648806
1661693
1662328
1662677
1677317
1678153
1687800
1689776
1689956
1696494
1700292
1703241
1706117
1724605
1727755
1728937
1729971
1730550
1731825
1731830
1733341
1734077
1737953
1739862
1745307
1745740
1746681
1747511
1750705
1752999
1756847
1757269
1757859
1757881
1758732
1760923
1760960
1769333
1776311
1779042
1779795
1780354
1780355
1781185
1782592
1784858
1788203
1792955
1795580
1809063
1810640
1815149
1821758
1830267
1835980
1837727
1839431
1840159
1840834
1841915
1843826
1845290
1845498
1846145
1847418
1849039
1850844
1855456
1891705
1901913
1907681
1908813
1911337
1931426
1933177
1937715
1938463
1939178
1941184
1941515
1942754
1953491
1956879
1957633
1961832
1968034
1990247
2001980
2009042
2010278
2010782
2010784
2016330
2016940
2016941
2016963
2019727
2023954
2024996
2025642
2026225
2028646
2030331
2041821
2050555
2054169
2055622
2058476
2073501
2076497
2078209
2078904
2081285
2082432
2096213
2103446
2104288
2104775
2105229
2105602
2105989
2105992
2106248
2106252
2107155
2107542
2108013
2108492
2110142
2110144
2110526
2112191
2121465
2122614
2122757
2122773
2125190
2125426
2133146
2142696
2155052
2155958
2155971
2157612
2166867
2168879
2170163
2175369
2177233
2191988
2195935
2202150
2202151
2206487
2208440
2209724
2217970
2228184
2233382
2233743
2238528
2241858
2250002
2251289
2257755
2259166
2259447
2259825
2262977
2265344
2265580
2269708
2275238
2277980
2278040
2280257
2287999
2288642
2295392
2312824
2312904
2313751
2314906
2318737
2326021
2327978
2328461
2329391
2329878
2332900
2336844
2338570
2346099
2346156
2347940
2349301
2355671
2363619
2363826
2365666
2368892
2369291
2371954
2379719
2387743
2403444
2410877
2410897
2412170
2414765
2425838
2428578
2431455
2439091
2441777
2443210
2444846
2450219
2452100
2452769
2456147
2457907
2459959
2478169
2480399
2480953
2482448
2488859
2492257
2492832
2500063
2502878
2503412
2504900
2506447
2506557
2507308
2507495
2507498
2512049
2521168
2522024
2522026
2522971
2523367
2524493
2527772
2530291
2530805
2531281
2531406
2532480
2533809
2537937
2538341
2538643
2540969
2541633
2548456
2549817
2553223
2556202
2557949
2560177
2567758
2568478
2569983
2585203
2587323
2588583
2589111
2589593
2589676
2589735
2599338
2600905
2602379
2604450
2612814
2613832
2616820
2623263
2624097
2627103
2628082
2629697
2629775
2631164
2632246
2632249
2636527
2637007
2637865
2638430
2638432
2641513
2642649
2645212
2649923
2662211
2662222
2666535
2666951
2667454
2668436
2672913
2680920
2690232
2691677
2701474
2706715
2707434
2707435
2709985
2710922
2721038
2721039
2721799
2730331
2733111
2734350
2736103
2740396
2743274
2744012
2746185
2746837
2747403
2750776
2750806
2754777
2755605
2760949
2765299
2766500
2769477
2775301
2778653
2780131
2781063
2781630
2781981
2781984
2782220
2782911
2782918
2784268
2785120
2786180
2787064
2790488
2795419
2800636
2800638
2805234
2805949
2807446
2823135
2828667
2829431
2829435
2838761
2838907
2841911
2842052
2846169
2848274
2848276
2853888
2856410
2856444
2858825
2860500
2862067
2862069
2864232
2875045
2875143
2875364
2876103
2879018
2881112
2881809
2882876
2884462
2885533
2887078
2887919
2889486
2892846
2914898
2916936
2927607
2928424
2935115
2937184
2944205
2944973
2958520
2960110
2962586
2966311
2970701
2971919
2973802
2987674
2989409
2989411
3006929
3018397
3021525
3022265
3026294
3026295
3026466
3027619
3028648
3029769
3034047
3034564
3035470
3035473
3035547
3036377
3036381
3037323
3040252
3042103
3043106
3044265
3049576
3052736
3062588
3067383
3067869
3070456
3078493
3084234
3084235
3085118
3089601
3090801
3094153
3096487
3100101
3117556
3118200
3119382
3125818
3127924
3129220
3137418
3138723
3141611
3154192
3173501
3182358
3184838
3185164
3185880
3200374
3201616
3206800
3210803
3221930
3227276
3227481
3228069
3228071
3228281
3229043
3229068
3229464
3229659
3231138
3236335
3243367
3246237
3248028
3248030
3250228
3252712
3253261
3253963
3254561
3255442
3257779
3259498
3261002
3261345
3262309
3266853
3267562
3268397
3269037
3272138
3292834
3309278
3311900
3312390
3315424
3316598
3321992
3322162
3325277
3325279
3327526
3329018
3329652
3329740
3336894
3338823
3338849
3341903
3344587
3345373
3345700
3360498
3366102
3366281
3380683
3384120
3385259
3386305
3388415
3388423
3389112
3393490
3397836
3403989
3406171
3406955
3408112
3411177
3412661
3428592
3431424
3433890
3436025
3438366
3445813
3452122
3457758
3461914
3463616
3477695
3482014
3485273
3486399
3488542
3488738
3497332
3505758
3507041
3522920
3529556
3542802
3542806
3545336
3551109
3555572
3558978
3562193
3568142
3572229
3572231
3572924
3574752
3578728
3585562
3589013
3591551
3593191
3593511
3594461
3596686
3601460
3605376
3607671
3608326
3610033
3614499
3616472
3617359
3624910
3625457
3630974
3633949
3636849
3637757
3639744
3654115
3654626
3661253
3671904
3685828
3688575
3693019
3697764
3700398
3704550
3714618
3715396
3719238
3723100
3736941
3747152
3747583
3749733
3751838
3754813
3754822
3756266
3756626
3759372
3761029
3766495
3767929
3771904
3776531
3785390
3787178
3794479
3796531
3806671
3815726
3816118
3827594
3830854
3833904
3849178
3853477
3854342
3855460
3858200
3860077
3861670
3864004
3878354
3882693
3885396
3890793
3890794
3894140
3896467
3902820
3909259
3911584
3915362
3918620
3919358
3931416
3933124
3933745
3935860
3940085
3941087
3941098
3942713
3945184
3946103
3969088
3974647
3976504
3978825
3982131
3983610
3988456
4003732
4010011
4021589
4022233
4024436
4029350
4034071
4035447
4037627
4044156
4048205
4053069
4053998
4056036
4060593
4066705
4070413
4072306
4072605
4073147
4091215
4096817
4097216
4106963
4111333
4112916
4113913
4116588
4118596
4119667
4121739
4122150
4125996
4127565
4132517
4133901
4141782
4148899
4157431
4173636
4178007
4182096
4182529
4190380
4191284
4193223
4200311
4205450
4207725
4210876
4215983
4221072
4227123
4229884
4229886
4229926
4230713
4231108
4231500
4232633
4232656
4235621
4244357
4248550
4250935
4254150
4266519
4278523
4279442
4284867
4286376
4287792
4293230
4293896
4299945
4301637
4305339
4305402
4313090
4314529
4314533
4322569
4332272
4338030
4341307
4341329
4345070
4347719
4351650
4355144
4360453
4361175
4363998
4364147
4364286
4366043
4373152
4373156
4377035
4393136
4393879
4397690
4407557
4408550
4417269
4417889
4418153
4418435
4419441
4419850
4420352
4420536
4423719
4424305
4425551
4432997
4442012
4444350
4448760
4450033
4454978
4454980
4459833
4462502
4479615
4505774
4509067
4511738
4518522
4519675
4520078
4520739
4526175
4527215
4528034
4531495
4531498
4532325
4532868
4534053
4542248
4542273
4542824
4543138
4544676
4548788
4560319
4561514
4561515
4563079
4563856
4583654
4585239
4595897
4599435
4601227
4610247
4613830
4629306
4631687
4642837
4649216
4649770
4650999
4655066
4655068
4657637
4659679
4663989
4669551
4670524
4679898
4680622
4682354
4686818
4688958
4695701
4697486
4701366
4702552
4704560
4707109
4707766
4708009
4709243
4710625
4711344
4715763
4717872
4724374
4725917
4727947
4744781
4744781
4746497
4746832
4746996
4747018
4748030
4750889
4756352
4770962
4771546
4771981
4772604
4774653
4775991
4776990
4778733
4779436
4779974
4785345
4789924
4802737
4809799
4811703
4813332
4832634
4834848
4838443
4841158
4841192
4842528
4850787
4852293
4853034
4865523
4877963
4878785
4887152
4887154
4887542
4888894
4889929
4894211
4894373
4894819
4895102
4897448
4899305
4899469
4900035
4900039
4904847
4908921
4909991
4913853
4931934
4934781
4939140
4942442
4946844
4955197
4967766
4993321
4993665
4994214
4994896
4994901
4995395
4997919
4998150
4999016
4999111
4999115
5003031
5007876
5010826
5016450
5019076
5019080
5020547
5023406
5033542
5035291
5036035
5039099
5040174
5042949
5046061
5047688
5052824
5057375
5061970
5064308
5070582
5075620
5076963
5078612
5079074
5079085
5081028
5081408
5083397
5092914
5095848
5095849
5101313
5110055
5132363
5138223
5141756
5141814
5141874
5143454
5143902
5161793
5165453
5166196
5166714
5167699
5168505
5172101
5181345
5183313
5183982
5193468
5193981
5203514
5209017
5209281
5210684
5211627
5222568
5223227
5227544
5231226
5240237
5241799
5243513
5250637
5250643
5252346
5253507
5256856
5266029
5266221
5267274
5278662
5279522
5284029
5291716
5292999
5295642
5303816
5303831
5306430
5309811
5312171
5312274
5313836
5325394
5326156
5327583
5328330
5328620
5331884
5336863
5344764
5347044
5347045
5350453
5353688
5354177
5367157
5368686
5370189
5381064
5382130
5382329
5384207
5384682
5387468
5387471
5389424
5401611
5402670
5402861
5403708
5403964
5406840
5408760
5411251
5417426
5423365
5423995
5425456
5428223
5436176
5437258
5438025
5438926
5439248
5442535
5447840
5477014
5481720
5482417
5494617
5496604
5497245
5501951
5504627
5510449
5512994
5517932
5520323
5521907
5524578
5525291
5525700
5542853
5543616
5544422
5550304
5551289
5551749
5552797
5553392
5553614
5567374
5568133
5569185
5574546
5580089
5596386
5611867
5612938
5613743
5615381
5618015
5622418
5623527
5625675
5627012
5627013
5634828
5634878
5637288
5638332
5640091
5648263
5649983
5660737
5664827
5665580
5669357
5669703
5671403
5673229
5674182
5679932
5708417
5708888
5708890
5710965
5711362
5712242
5712285
5712365
5714383
5717818
5730194
5736878
5736881
5737873
5739068
5739960
5742853
5743398
5743881
5746119
5748066
5754937
5756021
5756031
5760904
5762223
5764624
5765928
5771238
5775271
5782438
5788181
5791075
5791077
5792349
5793839
5795859
5800064
5800229
5809409
5815887
5817771
5819673
5821566
5824212
5825316
5831471
5831632
5833545
5834066
5836212
5838071
5843321
5847843
5855030
5856569
5872655
5872698
5872954
5875319
5882921
5883534
5883565
5884341
5885237
5894878
5909053
5910775
5929870
5931424
5932171
5932436
5932437
5932654
5932754
5934957
5939810
5941605
5943116
5946868
5947774
5948786
5949042
5953505
5953507
5957858
5959295
5961763
5970402
5977557
5978879
5980956
5980998
5982919
5984608
5987125
6002823
6004839
6005574
6008894
6011776
6013399
6021339
6022493
6026385
6028025
6029090
6033178
6036755
6042906
6043833
6044746
6052589
6068669
6075444
6077857
6083360
6085289
6100218
6101533
6102386
6104706
6105996
6106831
6117413
6118204
6123694
6124952
6126183
6128748
6130696
6132018
6134271
6134765
6138232
6138964
6141718
6148086
6175894
6179756
6184545
6186326
6195336
6201922
6209352
6210395
6213721
6216867
6217032
6217181
6218385
6218541
6225655
6229761
6248525
6250185
6265835
6267585
6268713
6274742
6277649
6278537
6279693
6284018
6284731
6288640
6300293
6302364
6306061
6306986
6308020
6312606
6314865
6318001
6318490
6327464
6328505
6330090
6330769
6333723
6336570
6338269
6340236
6341246
6343852
6352665
6353636
6355734
6376994
6378009
6381124
6382469
6383385
6384871
6392073
6392074
6399800
6406223
6409216
6416514
6425053
6425205
6426787
6426918
6458009
6462969
6463012
6465559
6466071
6468807
6469718
6478704
6478705
6479029
6488762
6494503
6499386
6501577
6503935
6509270
6513998
6516244
6522666
6525222
6525654
6538766
6541438
6560045
6560383
6567808
6569260
6592840
6609960
6613977
6618675
6620093
6620816
6621559
6623033
6625608
6635737
6637289
6639646
6645182
6646795
6650378
6652144
6652942
6653521
6654851
6655758
6657156
6679065
6682113
6695025
6695922
6698395
6705261
6706341
6706786
6709916
6716478
6727191
6729232
6731538
6738931
6741971
6760711
6771717
6772522
6777429
6777924
6777926
6778988
6779797
6781495
6781498
6781887
6782507
6784513
6784748
6786945
6787108
6788401
6789320
6813536
6814710
6823971
6824877
6828035
6828212
6834506
6836041
6841168
6843970
6846841
6854590
6857851
6858363
6860072
6884285
6885809
6893962
6895706
6904801
6910204
6915249
6915912
6919774
6923200
6925102
6931081
6933332
6934212
6934708
6940587
6943147
6947666
6966614
6966616
6969570
6971421
6982953
6985397
6992031
6992038
6995075
6998944
7000075
7000571
7001553
7009964
7011572
7012975
7022095
7023800
7026621
7028243
7033716
7034866
7036325
7036329
7042859
7043638
7050093
7061540
7062905
7067170
7067630
7068459
7070098
7076280
7089837
7089854
7093395
7094549
7097527
7098360
7100270
7100923
7111162
7111322
7112326
7113739
7122414
7124701
7129759
7139870
7141521
7141977
7146848
7161785
7166021
7166769
7168474
7174989
7175751
7176847
7176848
7179786
7180605
7182058
7182607
7204670
7205732
7206395
7206727
7207887
7212503
7216388
7223336
7226712
7231454
7236226
7239416
7241546
7242228
7250371
7251017
7255921
7261446
7261697
7269034
7272594
7275081
7278788
7280614
7280853
7283273
7283899
7284986
7289199
7291607
7293554
7298571
7301318
7304773
7311521
7312308
7313330
7314760
7315647
7317326
7331804
7333141
7335356
7336001
7336004
7339954
7343257
7346108
7350381
7366428
7367905
7372028
7380560
7382115
7382116
7385572
7390645
7391047
7405612
7411032
7411824
7412560
7413856
7424764
7427826
7428555
7428558
7429488
7430305
7432299
7433554
7434269
7436182
7437023
7437593
7440827
7441063
7441899
7442460
7444694
7453377
7457572
7458999
7460872
7464280
7470821
7481223
7488616
7491363
7493264
7494004
7494044
7500067
7500562
7500795
7500821
7501498
7501642
7501960
7504345
7511949
7517414
7518719
7527948
7528329
7528872
7532454
7533128
7540156
7543927
7544954
7555122
7556122
7560756
7564286
7565601
7574686
7578289
7579010
7581010
7581452
7582061
7582252
7582253
7585281
7587496
7587914
7589179
7592570
7600832
7609341
7611016
7611591
7611673
7612307
7616636
7618373
7618458
7619040
7619351
7619978
7621164
7622680
7622898
7625072
7627455
7629821
7633808
7635639
7637045
7642752
7646802
7646805
7647923
7660015
7660855
7660858
7665529
7669889
7670447
7673725
7676070
7676880
7680758
7682341
7686966
7689857
7695410
7707393
7709129
7710962
7714133
7717856
7717860
7719390
7722116
7722360
7723275
7723746
7731869
7744592
7750354
7750546
7750584
7752487
7752531
7757494
7757727
7758290
7759857
7767087
7770462
7770464
7771152
7771931
7774552
7774946
7775492
7780533
7781757
7782861
7783271
7783605
7783605
7792204
7794625
7805430
7805682
7809861
7810245
7816041
7816048
7822997
7823093
7823793
7825515
7837207
7841378
7849377
7857479
7857762
7866499
7874931
7875601
7879467
7885887
7886619
7888748
7890881
7904274
7905416
7905960
7905982
7905986
7909319
7910772
7922524
7930406
7934020
7934721
7936345
7936347
7939056
7949508
7949971
7951575
7953375
7953954
7965522
7966513
7967095
7969073
7969727
7969728
7969845
7970877
7971788
7977960
7979974
7984675
7986657
7988145
7994934
7998008
8003523
8009151
8009975
8010470
8011960
8018078
8018079
8019142
8020721
8029703
8035512
8036678
8041800
8043511
8051398
8058407
8061730
8066163
8071046
8077997
8078911
8087013
8091486
8093962
8101139
8103539
8103539
8104718
8107160
8112205
8112287
8114577
8121284
8126308
8126840
8145427
8145767
8146663
8146666
8148282
8149046
8154704
8156946
8179769
8193694
8197638
8206313
8215635
8224280
8224284
8233194
8234924
8235228
8235810
8236283
8237562
8240317
8242292
8246079
8246409
8249149
8252131
8266050
8268060
8268646
8270535
8271205
8273461
8274096
8277825
8278889
8279786
8279822
8285560
8291803
8293693
8293699
8298114
8298117
8298347
8301816
8303541
8304192
8307554
8313477
8317987
8336034
8337885
8338661
8341963
8342427
8342870
8343448
8344277
8346488
8366895
8368156
8370330
8374855
8378980
8379501
8380813
8387275
8404521
8407783
8414303
8415350
8416130
8416874
8417726
8417729
8418205
8418950
8419332
8420120
8421174
8425040
8425347
8426226
8434537
8438917
8439236
8440629
8441669
8442661
8443204
8447025
8449136
8464190
8470184
8472008
8476599
8479664
8484307
8489873
8492399
8498013
8499115
8499401
8499711
8500260
8500585
8500754
8500755
8508401
8518382
8520475
8521957
8523178
8523708
8532557
8533306
8535858
8548761
8549672
8550453
8550959
8551719
8567612
8574943
8580023
8589567
8599095
8602414
8610626
8619316
8629335
8638857
8645294
8648994
8656528
8657812
8663558
8679198
8685138
8686468
8688132
8693945
8706645
8707294
8711799
8713469
8725328
8727526
8730037
8732349
8733946
8736648
8753509
8753757
8757368
8762181
8771656
8774348
8777970
8782011
8787279
8794774
8794836
8797570
8799855
8801397
8801862
8802414
8804212
8806897
8810411
8810545
8815122
8819885
8828187
8830588
8830592
8831435
8838068
8838735
8840778
8865938
8869434
8874691
8877986
8888032
8889330
8891019
8899826
8900811
8901571
8901585
8902429
8903191
8903229
8909752
8910810
8912631
8912883
8915339
8920241
8921437
8921437
8922133
8926130
8928354
8932091
8938622
8946514
8946937
8948198
8949945
8950637
8956595
8957239
8960675
8971523
8981538
8982869
8986029
8989638
8990119
8995160
8995161
