3076.931
4448.828
5674.868
12300.54
13426.98
16983.18
19471.8
20036.04
21930.42
24165.29
24980.76
25852.21
26580.15
27875.46
48102.41
51739.14
52903.49
55333.73
62245.39
63382.47
64695.83
65377.26
66722.17
67179.45
68019.42
71562.97
77336.64
109261.1
109721.3
110193.6
110626
111005.9
112259.7
114589.4
115549.9
116076.1
117518
118750.3
119539.9
119953.5
124792.2
134529.8
144649.2
146540.5
157305.7
158647.5
159404.8
161632.7
162291.5
163033.3
164610.6
165708.4
166970.6
167542.8
168432.8
169874.2
170413.8
172721.5
173220
175482.4
176086.3
185127.8
209059.1
212868.3
214845.3
242473.1
244872.2
246531.7
256347
264279
268420.4
279046
280605.7
282199
284388.2
285045
285740.6
286486.1
287234.8
288176.7
294198.9
308854.7
322628
324001.5
326666
327564.4
330002.7
344772.6
345434.3
346274.7
347302.8
350516.5
359540.1
360689.4
365230.5
366016.4
370065.1
370602.1
371234.2
371740.6
372300.6
379344.2
383228
396859.6
399004.5
410558.9
416652.2
417853
427195.2
449854.1
450512.1
451622.5
452722.8
453486.6
462353.1
463409.2
464061
465483.5
467470.4
468682.6
470618.8
475029.5
477925
479302.2
479874
480616.5
481861.9
483702.6
484894
487829.7
490269.1
496524.7
497296.5
506110.3
506559.4
507439
508104.2
508594.2
509245.3
511952.9
512703
515417.5
518955.2
520392.3
542915.7
543534.4
544235.7
544727.3
545318.5
547240.7
547710.8
548767.7
550191.5
552237
553324.8
553466.4
556849.3
558947.2
560802.9
562413.9
565546.3
565890.5
580114.2
583884.8
584625
586255
603887.9
607346
607998.4
609258.9
610551.9
612568
616880.4
622372.1
623327.8
625805.8
652151
654026.6
654643.3
655279.5
658309.5
660550
665089.8
666000.9
666909.8
667679
668669
679354.3
680765.9
682226.5
688944.4
696252.8
697782.5
698813.3
702636
705263.8
706359.8
707619.7
708301.3
710493.6
729183.3
730230.9
731307.3
731603.4
735623.6
735846.8
736414.9
778923.3
783537.2
792575
810769.4
811704.4
814603.3
817865.1
818482.2
821528.8
823587.1
840884.9
852533.1
852982.3
853416.5
853875.8
854377.3
855928
856783.1
857172.5
857642.5
858129.3
860003.9
864281.1
888028.6
890144.4
890727.9
891295
892063.7
900410.8
902098.5
903559.4
905001.3
905820
908753
928628.7
947041.9
947671.7
948908.9
967246.7
968546.8
969337.3
969969.5
971920.7
974210.7
994116
1001340
1006578
1009660
1011549
1012003
1013389
1013903
1016406
1027197
1030095
1031010
1031952
1032446
1033005
1033836
1038417
1039605
1045021
1048328
1049070
1051278
1053015
1054749
1057200
1080981
1091719
1096637
1102179
1106086
1106820
1107807
1109720
1110464
1111627
1114252
1125265
1128561
1129612
1138587
1140715
1142458
1143883
1145165
1155427
1156190
1166080
1169337
1172398
1175045
1179446
1182575
1183831
1185963
1187060
1190155
1190519
1190988
1191938
1194056
1195350
1200637
1201388
1203800
1204860
1215672
1218382
1220108
1221115
1227235
1229756
1230609
1232807
1233484
1235490
1237696
1239191
1240873
1244995
1245949
1249567
1252083
1253674
1254729
1257499
1258728
1261518
1262874
1264903
1266780
1268139
1271106
1272964
1273346
1291793
1293551
1295534
1297874
1300235
1300988
1301674
1302588
1303604
1304441
1334872
1335401
1336591
1337693
1338155
1352391
1355223
1366641
1367087
1367638
1368028
1368456
1368929
1369408
1369850
1387285
1403400
1404047
1404588
1405017
1405799
1409269
1411738
1449396
1480744
1482377
1485894
1495000
1495818
1496395
1502526
1517893
1537460
1539673
1541471
1542794
1544562
1545211
1545961
1549956
1552516
1554420
1557362
1563467
1564455
1566087
1566797
1568936
1569473
1570072
1570648
1574273
1574797
1576352
1577310
1581736
1585135
1586042
1586921
1588284
1589496
1593762
1597792
1610539
1619187
1619272
1621143
1629016
1631716
1636719
1637855
1639151
1650289
1653500
1654707
1669969
1721902
1724181
1736171
1741345
1750555
1751514
1759529
1760398
1762148
1763094
1764546
1765185
1768384
1769904
1770550
1771248
1787889
1809539
1811194
1815382
1815892
1817067
1832983
1846937
1851082
1855597
1864493
1891617
1900829
1922615
1929071
1932186
1933010
1934590
1936270
1942819
1971645
1972407
1989821
1991434
1993326
2010288
2011608
2026376
2028127
2031195
2033272
2054052
2056640
2074233
2078314
2084610
2088527
2101661
2145399
2151780
2153947
2160448
2161132
2182015
2183844
2218129
2225175
2229575
2236078
2239089
2319456
2349708
2374565
2405567
2407086
2426245
2427801
2459908
2464271
2474894
2485508
2547165
2548923
2559458
2561079
2598483
2599261
2600167
2602076
2607155
2612268
2629145
2649271
2656485
2657106
2663456
2666954
2667620
2668563
2670829
2702873
2703622
2706789
2708173
2719868
2726915
2737614
2740388
2740953
2743085
2744723
2747857
2748883
2758342
2761799
2762284
2788930
2812485
2817931
2823608
2827524
2836200
2846032
2849758
2856622
2866218
2876635
2878967
2893503
2907918
2908573
2910781
2928303
2932817
2934534
2936294
2958982
2965318
2970071
2976021
2981932
3000659
3000932
3002785
3007824
3017730
3018178
3018586
3019070
3019718
3020891
3022667
3025021
3032357
3044674
3048470
3075946
3076445
3078327
3078763
3080270
3081624
3098087
3106225
3134813
3164664
3165295
3167074
3175384
3179640
3190536
3191201
3192528
3193342
3195198
3206647
3227070
3227609
3228970
3229680
3230921
3233917
3234892
3235926
3236864
3246809
3248948
3255296
3256158
3259764
3260550
3262573
3274504
3281649
3283272
3305446
3310225
3335265
3348683
3365187
3365686
3369297
3370879
3386276
3387521
3400095
3421303
3422555
3423208
3425146
3440778
3441836
3442754
3443899
3444336
3445131
3461272
3463034
3466044
3469448
3470223
3474798
3493780
3506812
3526603
3527855
3530747
3532238
3532878
3535232
3535822
3555499
3556247
3584382
3589734
3590470
3601624
3609548
3612973
3629744
3643057
3652351
3653447
3657780
3660063
3662202
3664128
3665057
3666538
3667965
3678770
3681610
3689189
3690127
3706001
3707843
3731951
3743263
3755219
3765500
3766260
3768312
3768503
3771296
3772413
3789130
3790396
3791033
3799912
3800997
3804308
3806053
3808191
3815481
3818566
3821475
3822203
3824823
3826699
3833892
3838402
3840219
3841623
3843398
3844348
3850227
3851646
3858130
3861499
3866253
3874566
3878407
3900430
3900661
3901391
3903578
3906492
3914006
3914980
3915426
3915786
3917748
3924404
3927579
3928234
3928714
3929632
3938250
3941036
3946645
3957096
3963669
3964162
3966572
3969292
3970646
3971134
3993544
3996641
3997188
3998717
4014880
4020383
4021615
4022563
4023044
4023573
4024087
4025190
4025602
4026167
4031452
4032171
4033692
4034921
4042570
4043207
4046574
4048068
4052051
4057170
4065870
4105046
4110757
4113517
4117806
4126795
4132311
4132992
4134884
4135961
4150968
4151699
4155156
4162254
4162711
4174216
4174873
4176286
4177802
4182203
4182748
4184808
4185642
4186234
4202706
4204033
4204585
4206252
4207594
4208008
4208522
4211081
4212415
4220627
4221658
4222807
4223812
4244626
4251144
4252475
4253256
4258205
4260123
4264110
4266182
4266804
4270214
4273650
4282108
4283190
4285217
4290315
4291249
4297972
4298543
4304894
4306686
4311355
4318254
4318834
4323909
4325302
4327511
4329080
4368900
4382162
4389139
4393497
4403658
4405158
4405556
4407197
4408672
4412094
4442364
4451814
4453058
4454847
4455367
4458297
4487100
4488983
4500668
4503126
4504866
4507789
4510068
4510162
4512690
4514261
4521027
4536017
4538934
4541152
4542636
4546016
4547068
4550698
4555848
4592213
4602728
4636081
4656630
4657245
4662569
4664902
4668378
4676310
4676883
4677897
4692177
4695493
4697099
4714916
4715504
4719807
4723713
4725911
4731530
4732101
4735086
4752598
4753770
4753852
4755964
4756600
4758481
4760342
4769684
4771512
4773960
4775425
4781403
4786358
4804816
4826032
4830141
4832651
4833337
4834135
4835127
4839320
4841981
4847250
4849320
4865243
4865992
4881145
4885287
4907127
4921182
4922792
4944302
4944998
4947189
4948256
4953655
4957608
4959887
4960549
4966444
4970413
4972449
4973819
4975266
4976188
4994554
5004960
5006204
5007755
5008153
5010337
5014256
5022674
5023576
5028677
5029435
5031570
5042918
5043426
5044192
5048879
5058500
5077759
5084817
5094815
5096999
5115746
5117312
5119668
5120610
5123769
5125465
5131669
5133909
5159101
5162659
5164019
5164725
5168219
5168721
5170827
5185502
5189050
5197691
5207518
5209574
5211410
5214919
5217183
5226521
5227341
5230617
5233545
5234954
5239159
5262383
5266133
5277139
5280691
5280981
5288393
5292375
5293551
5294535
5296601
5297660
5298331
5298421
5299076
5302327
5306635
5307830
5310174
5310974
5312678
5320180
5346871
5360062
5369150
5370000
5377506
5379593
5380830
5381177
5387461
5412060
5415939
5417313
5420661
5421974
5424123
5425380
5426622
5452606
5454079
5456133
5463338
5465450
5475780
5489997
5497333
5574037
5575169
5583382
5587525
5636851
5639777
5642417
5650464
5677622
5700994
5701603
5790713
5835954
5898862
5938346
5949257
5974855
6009404
6023487
6042887
6078104
6088272
6089220
6094392
6099340
6115636
6126077
6126615
6127417
6145185
6162142
6169847
6173122
6173624
6192798
6197648
6200404
6201109
6203566
6212649
6214346
6230720
6231474
6240492
6241008
6245314
6246317
6251185
6259127
6260348
6260972
6265381
6266122
6278322
6279375
6289525
6300782
6301953
6303477
6306939
6309026
6309662
6310060
6310362
6311470
6314836
6329504
6333915
6335656
6337287
6338681
6341289
6341843
6343449
6356837
6363742
6365611
6367017
6367823
6368983
6371349
6372850
6378056
6389201
6390598
6392554
6393759
6399104
6400342
6401468
6402623
6403763
6408657
6411291
6421308
6424580
6427680
6428983
6429982
6432580
6433581
6434144
6435946
6437549
6440261
6442599
6443953
6444949
6445228
6461418
6480935
6482227
6482475
6495416
6496300
6499446
6502127
6502987
6513749
6516682
6525351
6527677
6533500
6534881
6542056
6542574
6544950
6549012
6549708
6550787
6557243
6557355
6573682
6576250
6577652
6582555
6583142
6583838
6601928
6606259
6607209
6608167
6608296
6610043
6617292
6620218
6629957
6632974
6635554
6636465
6643247
6644100
6644877
6645565
6646203
6650610
6656293
6664482
6668993
6672786
6676272
6676760
6678611
6680095
6682022
6689077
6689652
6690657
6703953
6713617
6714365
6715564
6726186
6726756
6745420
6747533
6748408
6749425
6750272
6751624
6756883
6759070
6759143
6760537
6762830
6765551
6772687
6784779
6786751
6788309
6788829
6792087
6792781
6802324
6813867
6818965
6821994
6825212
6843300
6876416
6902221
6903731
6904334
6913378
6917466
6921742
6927228
6931885
6933153
6941898
6942500
6945058
6946232
6965999
6968365
6971737
6972532
6982642
6992102
6995534
6996919
6997449
7008439
7015464
7017881
7037068
7037932
7052314
7053626
7057304
7057964
7059118
7061656
7066125
7073730
7082526
7106984
7120240
7123428
7141338
7150018
7154206
7156101
7159685
7160355
7161630
7189920
7200184
7220220
7228343
7244901
7245799
7247989
7251663
7255528
7263734
7267999
7271643
7272210
7273727
7275223
7289205
7316328
7321773
7322684
7323640
7325445
7328355
7330431
7330536
7340753
7344008
7344671
7348652
7350610
7352361
7360096
7361878
7362725
7363937
7374597
7387213
7388242
7389633
7390894
7396409
7397056
7414282
7416253
7418697
7421559
7432918
7442700
7442883
7452294
7454436
7470828
7472682
7483544
7485711
7489884
7490237
7491994
7492614
7506084
7506615
7507283
7510748
7541544
7545454
7550001
7550975
7576329
7588837
7590927
7592068
7592587
7595839
7602502
7610767
7615515
7626441
7628089
7628774
7629356
7632994
7648668
7651293
7658382
7661897
7677990
7681843
7684290
7690240
7693055
7705800
7707562
7709350
7727925
7740405
7741413
7743608
7773119
7778961
7779708
7781780
7784800
7788721
7790521
7790942
7792452
7793159
7795912
7810487
7812814
7816797
7817839
7854600
7864329
7882906
7946589
7947106
7948232
7952996
7959907
7984762
7989211
8005693
8007396
8010224
8017667
8017700
8021041
8021737
8025090
8031797
8033928
8034379
8034680
8035127
8035324
8045639
8047873
8049158
8050571
8054828
8057053
8059934
8073076
8075214
8076021
8077255
8078747
8088316
8103469
8118384
8131560
8138975
8140133
8141877
8142545
8145344
8146626
8152287
8153992
8168347
8169814
8172415
8190898
8191360
8201326
8202031
8234617
8238980
8246828
8260888
8278084
8310358
8311721
8332828
8334683
8354293
8358468
8385656
8386207
8402283
8403893
8407764
8414753
8429464
8439586
8441211
8447548
8449305
8449912
8451272
8464023
8466176
8475033
8480894
8482211
8484642
8498094
8506344
8511682
8514394
8515273
8519436
8532827
8535559
8542352
8547828
8551739
8553270
8554677
8555213
8558617
8559461
8577499
8578579
8582881
8587484
8588010
8588435
8594552
8604296
8611228
8612045
8615219
8616887
8619907
8622817
8624070
8624786
8628309
8633960
8637780
8644394
8644941
8646627
8649060
8670285
8673330
8689704
8737586
8782947
8791322
8798912
8813294
8836786
8855375
8855399
8905419
8949589
8976426
9035263
9056172
9058758
9059516
9081034
9089029
9089704
9091288
9092081
9098799
9100375
9103907
9107127
9121918
9135156
9150303
9151692
9153630
9158185
9162966
9171872
9172701
9173305
9178420
9180935
9187193
9191166
9197417
9199248
9200949
9204567
9224454
9225241
9232775
9233582
9238749
9239890
9244328
9247624
9249358
9250990
9255664
9260548
9268294
9269324
9271817
9273030
9276628
9277587
9281059
9282863
9287564
9291231
9291817
9295296
9306794
9308138
9308237
9310998
9312455
9312998
9313828
9315427
9315971
9317563
9321018
9322979
9339701
9340354
9346948
9347804
9351248
9366774
9369518
9380187
9380794
9381320
9381664
9382575
9387037
9405282
9406309
9408783
9415789
9418150
9420228
9421731
9424978
9425462
9425903
9426359
9426825
9427142
9469827
9474541
9482220
9482743
9485283
9486098
9491015
9498427
9499331
9544327
9565058
9566038
9571981
9572642
9573409
9574689
9589724
9600984
9605453
9605873
9607369
9608331
9609673
9632942
9640233
9642805
9665396
9665841
9666373
9667552
9668154
9669083
9671626
9673558
9679895
9684376
9684901
9686131
9686939
9692631
9700137
9701813
9705790
9714884
9716829
9735637
9736207
9738101
9740178
9741285
9742082
9756343
9758539
9760662
9761606
9763106
9766729
9771305
9777548
9778268
9783575
9784413
9794171
9795914
9803742
9804882
9807002
9813099
9816337
9822056
9824212
9829617
9831295
9831955
9834107
9863795
9865711
9866354
9867718
9874616
9883075
9884438
9886614
9893208
9901672
9919807
9923547
9924820
9925513
9928093
9929154
9935437
9935576
9946755
9954758
9955425
9956070
9957305
9958766
9962571
9963903
9964802
9965433
9965872
9970636
9976321
9976923
9978498
9979914
10005609
10010720
10011064
10013413
10014051
10019680
10023226
10097089
10098683
10103310
10110080
10111352
10143781
10146378
10159797
10163935
10166298
10167773
10168834
10170355
10170867
10171430
10173410
10176442
10178209
10178885
10179459
10179831
10188846
10194638
10194904
10211882
10219042
10227004
10228739
10233692
10235783
10237608
10246245
10249403
10264071
10283145
10287506
10289088
10292844
10294605
10302912
10317417
10334052
10335780
10340344
10342292
10343206
10346959
10348993
10349955
10384915
10386435
10387553
10390608
10392334
10408940
10410154
10425248
10432197
10433608
10438407
10441277
10441337
10445698
10448710
10451159
10454281
10471648
10479306
10492980
10493706
10510349
10511737
10535172
10540919
10551569
10557169
10562718
10564184
10565118
10566205
10591453
10592479
10593198
10593439
10597478
10598372
10599364
10607793
10609255
10610156
10611068
10625275
10663766
10666777
10667457
10668965
10669776
10673193
10674081
10693604
10695161
10696865
10698148
10705076
10743685
10750079
10750712
10753093
10755763
10770012
10771234
10772847
10773756
10774299
10775048
10777780
10777949
10778576
10782341
10794511
10803201
10813523
10814077
10816200
10817328
10825485
10864526
10865943
10877108
10893189
10910329
10914512
10920121
10925337
10937912
10943084
10944604
10946446
10952772
10953752
10962253
10964631
10965491
10988049
10993084
10995443
10997814
11003634
11005001
11007189
11007842
11010010
11010671
11012733
11014022
11017380
11025572
11026260
11027157
11034356
11039034
11043099
11101421
11103911
11106585
11128809
11148606
11150732
11155325
11157762
11158508
11164848
11165320
11166808
11168646
11169608
11170365
11172106
11174857
11175599
11176096
11180404
11186069
11187253
11190293
11202272
11204517
11215912
11227699
11233216
11247281
11258465
11296714
11299665
11305057
11307226
11307994
11309542
11312908
11338928
11352510
11359473
11360661
11372802
11376875
11381659
11382532
11385219
11388855
11389404
11390849
11391862
11401419
11421124
11443576
11454047
11462348
11464704
11467356
11467835
11481270
11482220
11498868
11499892
11500556
11501660
11502961
11542047
11544690
11552432
11553236
11576541
11586481
11708516
11710167
11762208
11806132
11819123
11837375
11861016
11879190
11887770
11942556
11995385
12006864
12008875
12046931
12048746
12057492
12058102
12063327
12074484
12076168
12077887
12108833
12125741
12140332
12147108
12149798
12154633
12154808
12157600
12161787
12165559
12169337
12170167
12171833
12175447
12177710
12178807
12181381
12181962
12183977
12185288
12185950
12189034
12191899
12201778
12203829
12206383
12207955
12222878
12228108
12230022
12232522
12233457
12240651
12241447
12243623
12244119
12245349
12250767
12252880
12253402
12254004
12255672
12258112
12283348
12284363
12285135
12291403
12300224
12300933
12301476
12323221
12326121
12372439
12378480
12379147
12379792
12380388
12382184
12384253
12384703
12386590
12387713
12388333
12397617
12400342
12411886
12412472
12414087
12415759
12416853
12418510
12419060
12420175
12422182
12437262
12447915
12471683
12488721
12489471
12490588
12494024
12494869
12556837
12566799
12568011
12570283
12570887
12572341
12583688
12585101
12602196
12606327
12622225
12627249
12627764
12633775
12636867
12637207
12637634
12639668
12646658
12666877
12668316
12669352
12670150
12683009
12704113
12705396
12706263
12707661
12708920
12709431
12727636
12730012
12734870
12736577
12741128
12745634
12746278
12747867
12748832
12752502
12753870
12759238
12762349
12776427
12779632
12779709
12783058
12785220
12786276
12788617
12790335
12793690
12805643
12807295
12810284
12811136
12815184
12818272
12824935
12830298
12857875
12859451
12863367
12867527
12869045
12870927
12877673
12890303
12890764
12895671
12915666
12920073
12922576
12923272
12931067
12931226
12932549
12965228
12969586
12975321
12994564
12996269
13017110
13019311
13020057
13022455
13026980
13036009
13043777
13054190
13056605
13058151
13059782
13076124
13099715
13101078
13101668
13103156
13103526
13106831
13108838
13113975
13116423
13122498
13124615
13137341
13139051
13139818
13146863
13148041
13152266
13153733
13158850
13162475
13163420
13168311
13172246
13173579
13179612
13183053
13203334
13204128
13206864
13219380
13219702
13249731
13251013
13251614
13252671
13253966
13254888
13265628
13266565
13266957
13268620
13278610
13280642
13281537
13283093
13285798
13292974
13298892
13300636
13302418
13308770
13333805
13344254
13345364
13366339
13373775
13375378
13389455
13390526
13391485
13399824
13408020
13410865
13418271
13422509
13450391
13451366
13458125
13462775
13463108
13463926
13464953
13465919
13467343
13476152
13476559
13478215
13479186
13488388
13505178
13511480
13514229
13527535
13531644
13539353
13541304
13541906
13542368
13545555
13546341
13564214
13564923
13565500
13566463
13569166
13588680
13592546
13593482
13594788
13617600
13618306
13632537
13634199
13635300
13644677
13647001
13647792
13649104
13653391
13654839
13655382
13657821
13663435
13697608
13702197
13708641
13720198
13726765
13742658
13761446
13783107
13784064
13804162
13809289
13820352
13821681
13847763
13849527
13852786
13858272
13861868
13863307
13866809
13868055
13881150
13884889
13887582
13905342
13909137
13941563
13949225
13949557
13951816
13961109
13970720
13974697
13977622
13986488
13987618
13989771
13992643
13997413
13998553
13999450
14000375
14006193
14011378
14017285
14041208
14045944
14052038
14052874
14057470
14058572
14088056
14089807
14091618
14092974
14093222
14095551
14120127
14124529
14129171
14129854
14131148
14131918
14184832
14187359
14188112
14198593
14238089
14242219
14259803
14278409
14279457
14294775
14307809
14308816
14310446
14338718
14350562
14352399
14353349
14354065
14355376
14356895
14369234
14376381
14395213
14395621
14403112
14415820
14427546
14438597
14440526
14444667
14453138
14456601
14460355
14463101
14463530
14466730
14467171
14467991
14468467
14469023
14474938
14475534
14477865
14478391
14479101
14504532
14521389
14527809
14528611
14529832
14530516
14531749
14535637
14536626
14571173
14571913
14573577
14574213
14575633
14576916
14578544
14601219
14608247
14643754
14644508
14658994
14663448
14684224
14688376
14711030
14726585
14727214
14730140
14766067
14774023
14788013
14789314
14790257
14807287
14829852
14836329
14837571
14883760
14886029
14894485
14896184
14898842
14904110
14904192
14904852
14905480
14907641
14960688
14975524
14976066
14977142
14978165
14979965
14980694
