2964.195
3822.514
4728.95
16860.62
18053.71
19170.12
20017.77
20620.54
51282.38
52207.44
52938.62
53440.98
53817.55
54218.38
54650.69
55326.91
55787.28
56450.48
57305.98
57874.84
58817.06
64243.18
65874.66
69188.19
69980.87
70524.76
70916.44
71303.59
72548.84
72997.77
73733.19
74536.43
76409.02
77176.64
102687.6
103474.8
126891.6
128038.6
129589.5
139185.8
140043.5
140688.9
141294.9
141792.1
142573.5
144083.4
145451.1
146597.5
151144.3
153424.9
154446.2
156526.5
160680.9
161984.3
195473
196258.2
197475
206211.5
206828.2
213177.2
244309.5
246024.4
246893.6
248178.1
249329.1
250225.1
254074.5
270726.5
271608.2
272449.9
273704.6
282604.9
284274.9
285344.9
286558.4
296062.5
299800.5
302247
305728.9
310618.9
311631.6
312625.4
319739.7
321122.5
337909.9
338707.5
339860.4
340300.9
340960.4
341832.5
342775.3
344275.7
376036.3
377682.2
379506.2
380576.8
402388
402954.6
403416.9
403905.7
404445.4
404901.3
405475.6
407728
408296.2
408954.1
409665.7
419502.8
465931.9
470507.3
471936.8
473142.4
473831.5
474600
475294
503592.8
530482.7
531204.9
531780.3
533886.4
535317.2
536938
547703.7
548270.5
548920.5
549291.5
549919.7
550528.5
552504.1
555132.5
557810.5
559137.2
560616.9
561657
565853
566399
567060.6
567516.6
567914.9
568326.1
568809.7
569289.8
569960.9
571801.3
574719.3
624557.5
625427.5
626294.4
627646.8
629713
637552.4
692678.2
693880.3
695168.3
696110.1
697079
698212.6
699460.1
700524.6
701468.9
702644.5
715731.9
717246.1
724197.1
734374.1
748739.5
751769.6
757678.5
761190.6
762114.5
763697.2
764055.8
765155.4
773579.6
774884.4
776876
786414.4
787205.4
790106.9
791834.3
808900.2
809522.3
810193.9
812201.9
813192.9
813903.1
814678.7
815261.8
815958.1
816517.6
817284.5
817739.7
824754.6
825690.5
826732.7
829725.4
830409.2
830844.8
831558.6
831983.3
832403.5
833410.2
834070.4
834799.1
835604.4
837789.8
839018.6
856215.6
857045.7
857505.7
858549.7
859169.6
859685.5
861131.6
861819.1
862444.7
862949.9
863842.5
865234.1
875422.8
882532.4
883508.6
