2751.168
4130.718
8362.098
18026.27
18709.46
19430.1
21624
28693.26
32470.01
33494.68
34517.1
35416.57
36278.69
47866
73120.53
74895.64
76944.3
90896.27
101943.9
113285.9
117742.9
118820.9
119487.6
120007.3
121973.9
123891.2
124966.4
126356.9
127300.8
130101.1
141100.2
141816.7
142707.7
152055.2
153201.2
156317.3
157617.6
159291.3
160482.6
161621.8
190042.5
205173.7
206410
207813.1
210121.9
223612.2
224416.8
226010.1
231760.6
233974.8
237076.7
238061.6
239469.3
246303.6
247270.7
248640.8
250428.9
252723.2
255873
269788.8
270772.8
271916.4
272824.2
273903.8
274680
275857.6
277264.4
278017.5
280531
281743
287990.5
291211.3
300531.4
304257.2
305947.1
307058.9
307891.9
308921.3
310442.3
311489.2
312184.8
312871.3
313751.2
314591.7
320667.8
321513.8
323222.3
324583.8
325233.2
326292.6
328092.4
330342.5
331240.6
332925.2
334275.5
336841.5
338703.4
340023.2
382416.7
384416.3
385508.3
386052.4
389284.8
392873.1
394978.7
424016.9
424727.3
426808.5
435686
436715.1
437900.5
439008.8
440340.9
441632.2
443424.5
444020.8
445393.9
446085.6
447527.3
448754.9
479669.9
484322.7
485316.2
486444.5
487626.2
488678.6
489537.4
510718.3
513119
514214.5
517001.3
522248.6
523890.8
525894.7
526930.2
528306.2
529349.8
537400.7
538992.4
552302.6
554758.1
555412.6
569638.7
571488.6
572182.1
572763.8
591807.6
593982.8
594860.9
596633.6
604523.4
605254.7
606102.4
640323.5
642353.7
658672.2
676295.4
677821.4
678927.7
679996
681106
681968.4
682605.5
683236.7
683799.8
684989.4
693106.7
728472.8
731107.2
732786.2
735215.5
738748.3
755598.7
759402.4
760177.4
761463.4
762253.9
763099.9
763983.6
764445.7
765312.1
766128.6
766846.3
768243.8
773220.5
782807.4
784957.8
787726
789836.6
790776.9
806763.4
816733.3
824159.8
826859.4
829294
831570.7
835653
836746.8
841565.1
852454.8
853460
876083.4
878309.6
880214.8
888838.6
890181.8
891868.7
893448.2
894938.5
896734.3
901266.3
901817.6
902489.7
903188.2
904279.1
912107.1
922778.7
924193.3
925664.2
973568.6
974807
975768.1
976567
977279.8
977973.6
978502.1
979114
979849.6
980910.9
981425.6
981995
982658.4
997260.4
1001183
1002000
1002708
1003577
1004338
1005059
1007345
1008114
1008738
1010119
1011264
1013390
1017643
1034361
1035334
1036531
1039194
1040984
1041812
1048317
1050504
1051620
1053251
1079857
1080386
1081067
1082029
1083248
1084191
1085521
1092797
1094331
1095851
1096850
1098170
1100917
1102180
1113464
1114879
1120243
1120992
1122108
1122905
1132587
1159425
1162081
1163244
1163975
1164620
1165384
1176325
1179700
1187364
1205207
1207932
1209196
1213077
1219060
1219912
1220975
1242568
1244410
1274000
1279996
1281703
1284627
1285478
1286679
1287395
1288261
1290687
1292307
1295645
1298359
1305456
1306120
1306693
1307387
1308038
1310160
1311804
1328869
1330186
1334657
1340342
1344415
1345383
1371088
1371956
1374800
1392267
1393303
1395554
1403474
1421704
1423428
1424170
1426044
1448162
1449267
1492687
1502039
1502867
1503466
1504691
1509814
1512019
1515013
1515746
1516531
1517307
1518720
1520706
1522766
1523817
1527711
1528811
1530115
1531601
1533287
1535101
1536324
1537346
1539296
1585323
1627365
1637034
1640416
1641265
1644123
1648565
1651185
1657110
1658378
1659463
1674360
1676955
1680975
1683567
1684505
1685274
1686614
1688208
1688875
1690209
1695494
1697496
1698013
1698551
1699976
1704258
1706245
1744648
1747359
1747935
1748769
1749360
1749923
1750622
1752637
1763607
1792301
1793362
1794368
1796041
1807320
1832886
1839143
1840171
1844434
1847443
1858013
1862866
1879650
1881555
1898092
1919960
1923929
1941607
1942521
1943598
1944961
1948797
1949995
1957085
1959146
1971269
1979453
1982544
1984757
1986668
1988681
1990265
2004387
2006000
2006807
2007871
2008822
2042639
2043807
2046800
2048098
2050538
2052649
2061158
2062145
2063943
2068822
2074071
2076192
2077529
2078684
2093657
2095540
2100964
2113776
2178215
2180374
2181137
2186929
2187764
2188502
2194562
2195352
2196770
2197664
2203636
2208193
2210482
2228080
2250060
2251954
2252769
2253777
2254875
2255654
2257393
2260958
2273486
2274107
2274816
2275830
2277607
2278674
2295100
2296450
2320107
2334825
2337754
2340199
2341649
2364962
2378719
2379963
2381073
2390002
2392992
2394513
2396323
2437510
2439080
2440477
2441238
2442009
2443066
2444190
2472000
2473342
2474388
2477840
2478918
2479722
2480740
2481604
2483819
2487198
2510536
2513445
2514680
2516178
2519368
2537790
2542347
2558729
2561342
2563370
2564185
2565395
2567295
2568095
2568949
2570264
2586602
2587627
2588610
2595418
2596707
2599785
2600692
2601332
2627181
2628104
2628742
2630072
2630801
2632028
2637820
2638980
2640730
2645747
2646426
2647307
2648542
2670488
2671539
2704950
2706855
2709350
2717274
2718784
2720592
2722447
2725627
2727042
2730448
2739670
2780013
2780917
2783054
2783997
2785147
2800599
2817539
2865254
2866624
2907022
2907824
2908785
2909791
2910714
2911227
2912080
2912973
2914173
2916213
2917020
2918903
2936545
2937998
2939519
2944681
2946634
2947678
2948471
2949142
2949963
2951588
2953895
2969030
2971636
2972842
2974032
2977514
2979722
