4169.627
6325.561
14471.25
15660
16511.62
19241.12
19519.07
29794.33
35247.48
36207.62
36967.67
37954.26
38049.14
44220.99
47560.38
49186.12
49616.17
49829.11
50569.35
50782.01
50906.53
51148.57
51947.34
52188.29
52736.9
54719.47
55355.01
57604.16
59369.46
60422.35
61157.43
72649.86
88015.58
90519.89
93331.22
99441.66
111191.9
130696.7
134087.4
135167.5
142355.1
148277
154285.6
172496.2
174072.2
179580.1
180945.7
191102.8
192059.4
195573.2
218671.8
235725.5
236368.8
242662.2
253194
253848.6
277861.2
280567.5
284662.8
288098.9
288239.7
295835
300708
306322.8
310042.8
314332.3
324603.8
328061.9
329244.5
338199.5
339606.9
343750.8
348312.9
348743.7
349053.9
349311.5
349770
349907.8
352704.3
355669.7
356986.9
358201.5
358693.3
359253.7
359700.8
387666.5
388838.2
405411.6
419155.2
426934.2
431592.4
434886.8
444109
447503.1
447960.2
448747.4
451722.3
459859.7
464898
482429.9
487094.8
488654.5
494045.6
500695.5
505928
515190.1
516083.8
518707.6
526415.4
528934.2
529641.6
530075.3
531524.4
543325.9
545722.9
548786
549417.7
551112.3
561205.1
561619.7
567816.5
571146.9
573335.3
574957.5
577875.5
600086.9
603444.1
605186.8
606477
618531.5
626984.3
629607.8
637357.2
641805.1
648083.5
648458.2
650349.1
651256.2
651880.2
652077.6
652180
653754.9
653848.2
654432.7
656602.4
657860.5
658420.3
672408.3
677224.1
683688.5
698810.7
708791.8
717149.6
717641.5
726771.9
739301.5
742191.4
747717.4
757319.9
757726
759675.6
767522.9
771285.4
773980.7
792668.4
793065.1
795568.9
798213.3
799455.7
810766
822422.4
828346.7
828641.8
845955.5
846113.2
868259
877019.4
878638.1
894507.5
896071.6
904030.7
905680.4
909344.9
935079.3
942453.3
942458.4
947844.2
949964.8
950360.2
950618.9
950777.7
951419
951547.9
954605.5
954991.6
956761.9
958143.5
959401.5
963510.3
965962.5
986358.3
991591.5
998750.3
1000459
1001027
1007765
1012708
1051705
1053751
1057660
1058568
1062824
1090086
1091833
1093576
1099660
1104195
1116920
1117753
1118405
1122388
1128651
1129649
1131302
1144337
1150913
1152416
1176470
1182739
1183504
1189365
1191188
1194854
1204049
1209832
1209919
1210967
1217244
1224168
1240762
1241788
1248842
1249073
1249856
1251359
1251670
1251670
1254160
1255346
1255883
1256668
1256672
1256809
1267171
1275256
1279120
1290666
1294430
1294455
1296276
1297193
1306793
1308754
1308758
1310423
1318454
1321225
1331845
1332412
1333222
1351972
1357008
1362564
1366009
1377504
1380923
1386275
1396621
1410091
1415702
1420021
1422878
1423255
1426252
1432349
1432352
1433121
1470846
1477878
1479121
1490065
1492553
1503796
1508837
1515584
1516070
1521202
1526059
1547860
1548217
1548462
1548790
1549160
1549357
1549483
1549588
1549952
1550523
1550654
1550936
1551062
1551283
1551571
1551826
1551897
1563429
1571519
1579010
1585502
1588036
1596690
1599026
1599798
1606910
1615846
1622559
1622691
1647061
1655807
1660058
1660936
1661759
1663655
1665317
1667884
1667895
1674642
1675991
1680289
1683580
1683742
1686285
1694456
1708986
1711138
1733602
1733729
1753104
1756453
1756675
1757487
1757617
1758863
1760848
1767786
1768325
1768991
1770082
1771840
1774128
1781392
1785253
1802437
1824556
1825386
1832571
1834643
1838516
1838574
1844776
1845805
1847532
1848350
1849237
1850639
1851101
1851260
1860498
1871357
1883275
1886332
1888116
1889815
1890361
1896278
1907511
1913224
1919374
1920957
1930799
1935292
1946019
1964384
1966658
1971367
1986007
1987295
1989889
1999888
2003986
2007665
2010591
2013918
2019684
2024460
2025485
2027481
2044233
2045224
2046156
2048553
2048554
2049568
2051688
2052885
2053863
2069630
2071001
2072158
2074254
2075745
2095887
2108578
2111182
2114098
2119596
2129812
2134850
2148427
2148555
2148590
2148644
2148982
2149044
2149164
2149643
2150389
2150571
2152989
2153531
2153897
2155980
2156397
2158040
2164515
2186340
2186932
2188094
2188560
2192188
2210896
2213034
2213135
2213191
2217679
2217682
2222676
2227847
2229506
2235402
2257384
2257829
2257832
2260036
2260738
2263142
2266505
2267619
2269993
2279317
2294241
2295070
2297244
2297845
2304229
2314502
2317251
2322406
2329069
2332913
2340757
2343669
2361687
2361690
2362566
2363102
2364320
2376154
2380753
2380852
2390428
2401293
2402649
2405813
2418300
2420105
2421508
2422927
2424822
2426349
2431451
2433091
2448615
2448989
2449032
2449351
2449414
2449492
2449810
2452542
2460060
2461362
2463125
2464054
2487128
2495216
2498934
2499904
2501385
2504560
2506644
2507951
2509241
2514208
2518824
2521513
2538247
2539131
2540633
2540823
2550030
2552168
2558458
2575831
2577401
2578257
2583088
2597241
2609137
2635438
2643951
2646834
2648169
2650817
2655774
2673140
2673974
2674086
2725393
2729629
2738368
2744153
2747989
2748429
2748605
2748680
2748880
2749182
2749304
2749615
2750088
2761265
2762917
2775191
2784058
2784584
2787981
2796007
2796856
2800689
2802954
2813213
2816959
2821055
2833732
2834713
2836245
2837613
2841039
2844232
2844938
2852280
2853417
2864981
2871225
2877741
2877989
2880873
2896443
2897405
2918387
2924013
2931426
2932442
2937388
2944336
2947524
2958234
2960704
2960884
2962499
2967112
2969316
2971770
2976036
2993295
3011551
3014901
3018531
3024959
3037819
3040601
3040801
3042077
3042486
3048182
3048542
3048880
3050838
3051526
3051616
3057367
3057501
3060213
3064571
3068449
3080283
3084351
3086755
3087008
3087465
3091679
3094789
3102559
3106159
3122796
3125871
3129228
3134702
3135152
3166579
3167351
3169939
3176500
3177479
3178939
3218225
3224243
3225696
3236386
3241137
3242062
3242116
3242864
3256311
3267768
3271162
3272125
3274211
3285326
3304173
3305622
3312181
3312597
3312982
3321301
3325521
3328760
3332133
3336531
3339010
3341350
3341542
3344630
3348493
3348858
3349114
3349167
3349894
3352354
3353502
3354241
3354825
3356052
3357229
3358088
3384595
3384905
3394555
3400981
3404272
3404275
3415418
3416482
3417709
3439983
3442752
3451745
3453538
3462698
3464226
3465101
3468956
3484871
3494097
3496866
3504122
3507298
3508684
3516686
3532517
3544102
3550128
3551201
3557520
3569435
3573585
3580270
3584817
3596234
3600790
3601865
3603017
3609321
3613934
3616085
3628009
3632651
3635435
3647252
3649218
3650967
3658635
3661246
3661628
3663109
3663798
3668732
3676269
3677505
3690683
3693541
3701996
3705723
3706983
3717129
3720718
3721848
3724465
3726957
3727131
3728282
3728635
3732940
3733880
3741488
3754244
3770495
3771160
3781587
3788262
3794574
3799422
3802934
3812645
3817204
3826180
3840483
3840620
3843735
3850342
3852498
3865232
3876576
3879718
3886412
3913334
3914536
3915784
3928305
3930319
3936636
3941296
3944951
3947827
3948177
3948575
3949381
3949427
3952676
3960643
3962096
3963402
3983593
3996911
4005076
4008927
4014233
4032931
4038005
4040881
4049130
4051774
4060717
4064572
4069680
4071539
4072130
4081694
4095437
4101445
4103640
4103946
4105281
4114221
4120313
4121471
4123437
4128826
4135720
4136892
4139470
4145056
4146861
4157520
4159464
4162219
4162320
4171318
4172823
4174406
4182551
4194133
4202929
4206665
4208175
4210361
4217075
4218388
4225662
4227313
4231599
4245111
4247146
4247805
4248176
4248378
4249743
4259286
4260773
4261762
4263880
4282269
4283449
4285482
4287274
4287418
4290700
4297069
4300349
4305576
4309214
4310181
4314506
4314578
4316497
4323696
4325216
4350998
4353656
4354947
4380497
4392702
4402407
4407080
4418887
4423281
4424471
4434264
4435524
4437594
4441774
4446613
4453725
4454738
4455678
4460214
4461641
4472756
4474035
4475116
4488345
4528383
4533265
4535545
4541172
4541340
4542750
4548228
4549321
4550419
4551540
4555638
4558622
4560245
4564494
4564901
4581844
4582858
4585862
4595358
4602804
4603959
4607691
4612923
4616009
4619656
4619705
4622470
4629798
4631427
4650118
4656098
4657374
4677439
4689087
4690688
4708164
4708571
4712106
4716457
4722742
4724130
4724224
4726494
4731850
4734634
4746795
4752759
4757729
4771005
4791659
4811093
4811681
4818733
4830711
4831689
4832591
4841866
4843338
4847529
4847843
4847968
4848244
4849330
4849382
4849744
4852432
4853742
4856332
4857503
4862567
4896009
4896570
4898022
4910349
4922745
4924037
4952811
4954726
4957013
4959374
4973397
4977588
4989576
4991936
4993674
4995266
5010913
5011759
5018687
5033379
5033983
5038692
5039031
5043308
5044480
5045145
5054639
5056507
5059498
5060916
5066238
5070314
5078613
5083669
5085419
5085609
5087744
5088787
5089428
5090419
5106280
5109478
5109797
5111240
5111298
5113316
5136784
5147945
5148420
5148692
5149221
5149401
5154254
5163244
5165948
5190621
5200020
5203420
5206862
5215459
5218203
5221049
5225833
5238737
5253230
5260268
5267592
5272173
5276181
5276606
5278406
5281750
5284747
5287574
5288781
5323554
5324706
5325420
5334054
5335714
5341674
5342102
5350446
5353519
5354060
5376802
5377992
5379089
5386802
5417933
5420148
5425539
5426008
5428987
5430421
5438517
5441026
5443000
5448167
5448210
5448610
5449722
5452674
5454067
5455357
5456385
5456792
5470834
5477008
5482531
5486770
5491640
5492945
5506536
5506918
5506962
5513925
5520751
5538182
5539256
5541210
5557205
5558768
5579276
5579303
5580378
5590934
5591977
5594927
5597951
5600191
5606814
5614716
5626051
5631222
5637953
5638207
5640064
5640761
5644677
5645305
5647586
5650109
5650748
5651381
5653400
5661715
5663431
5670037
5677734
5679814
5680941
5685119
5705617
5706528
5711447
5714005
5722286
5724683
5725342
5733530
5737927
5745284
5748222
5754133
5764322
5787178
5790000
5796139
5798833
5800503
5811714
5812492
5817629
5820941
5824518
5831729
5831775
5835661
5838188
5843522
5844480
5848745
5856875
5858636
5862272
5864846
5890742
5898842
5916111
5954838
5956715
5968881
5969564
5970558
5981111
5989094
5990462
5994796
6005241
6016424
6024033
6048702
6048790
6050015
6051943
6053343
6057694
6064273
6073590
6089007
6091995
6092529
6094348
6109739
6114905
6123745
6125159
6144064
6151189
6165688
6165904
6172385
6174715
6179097
6188760
6198132
6204726
6214802
6226571
6243561
6244030
6253889
6262512
6273181
6287901
6288321
6289688
6291357
6315493
6315548
6326469
6338351
6344405
6344408
6345337
6347484
6347716
6348421
6348433
6349116
6352036
6363496
6383042
6386326
6387867
6393886
6394828
6396535
6400748
6403636
6405285
6412327
6413763
6418828
6423768
6423769
6426671
6441840
6460103
6469601
6470045
6479213
6503432
6506939
6509718
6521618
6538362
6540241
6555182
6555799
6558027
6561454
6563843
6564259
6564260
6566242
6578415
6590166
6593812
6594773
6597004
6602604
6606493
6611360
6635460
6640821
6642963
6643331
6643678
6644735
6648189
6648399
6649280
6650273
6652790
6654672
6656950
6662644
6665461
6695321
6699135
6700207
6705207
6716060
6720404
6721629
6723095
6728007
6729471
6741043
6742204
6745169
6746824
6768767
6770223
6776097
6777122
6786013
6787547
6800068
6818344
6822007
6836820
6849324
6853511
6862168
6910796
6910839
6917397
6919296
6941103
6948212
6948288
6948321
6948756
6949218
6952080
6952763
6965020
6965052
6986195
6986848
6987212
6987219
6991569
6998046
7016710
7017388
7017943
7018994
7019387
7019930
7020435
7032273
7042425
7061305
7081524
7085237
7102162
7103252
7108068
7122439
7122439
7128688
7138622
7145966
7152068
7156504
7161461
7162813
7165907
7181592
7182952
7184676
7191354
7229957
7232472
7240631
7243005
7243999
7245948
7247952
7248078
7248953
7249083
7250613
7251327
7253396
7260216
7265585
7272414
7282229
7282482
7305013
7305706
7310514
7347178
7349266
7350264
7354647
7355627
7361130
7364164
7367931
7368670
7373780
7378960
7379218
7382472
7391539
7405265
7415617
7439882
7442188
7443428
7443433
7448096
7452614
7454842
7471361
7473172
7503528
7505204
7511080
7511473
7527202
7530632
7531922
7534908
7535390
7543264
7548407
7548797
7549914
7550471
7551246
7552320
7552875
7559571
7561701
7569916
7596701
7599516
7602908
7607005
7608039
7627324
7629205
7636893
7639916
7648648
7649178
7651026
7655402
7659121
7683848
7685109
7688863
7688939
7689397
7692331
7697006
7699943
7701111
7718229
7725633
7727156
7737724
7751027
7763451
7779387
7780176
7793436
7795483
7802066
7826349
7826836
7828607
7843829
7848182
7848989
7849062
7851406
7851466
7852405
7854099
7854720
7860714
7863718
7879395
7882940
7887498
7890847
7891562
7894928
7899523
7903168
7935825
7951198
7967486
7977038
7977238
7980763
7985522
7992975
8001424
8013724
8021429
8023114
8038850
8039989
8061485
8063760
8076227
8091544
8103725
8115925
8116273
8118632
8124059
8124148
8130143
8133811
8147408
8147646
8147648
8147855
8148178
8148235
8148660
8148708
8149245
8149377
8149651
8159240
8165786
8168634
8181611
8186522
8206068
8211259
8217402
8228353
8230114
8230155
8244068
8246109
8260179
8261813
8278342
8279898
8280642
8301197
8310490
8311021
8312483
8329940
8337827
8339569
8358629
8373515
8376540
8390820
8394617
8396282
8396749
8406674
8409077
8420709
8430163
8441297
8443943
8446748
8447700
8448012
8449525
8450144
8450692
8456967
8458880
8463219
8474299
8475821
8488936
8490769
8497557
8525051
8540332
8552785
8569408
8571222
8571743
8572899
8578184
8581059
8591912
8594883
8623464
8626134
8642466
8661672
8663885
8668657
8679430
8690168
8693109
8696080
8714539
8731265
8734630
8738564
8748211
8748277
8749035
8763266
8764344
8764750
8766208
8783612
8804978
8812472
8830108
8850036
8852582
8880514
8880620
8881306
8881563
8883097
8891018
8907824
8916208
8920714
8939287
8968725
8969639
8979692
9005749
9006857
9010046
9024201
9041319
9043967
9048084
9048110
9048157
9048534
9050018
9050611
9052247
9052541
9054301
9064188
9075666
9076030
9076466
9083120
9087930
9090459
9093771
9097520
9120208
9122897
9124706
9125066
9127006
9132909
9139709
9143549
9152127
9152600
9167662
9172157
9172985
9175994
9177328
9182539
9191437
9194889
9195796
9201237
9210776
9222671
9223775
9233143
9240917
9242199
9249611
9260985
9263510
9271259
9271271
9272576
9272630
9275687
9282221
9293611
9293616
9296229
9300520
9303347
9305230
9306769
9308326
9312560
9324629
9347855
9347874
9385752
9395197
9396882
9406205
9406451
9410292
9422796
9428121
9432075
9434533
9442373
9444122
9444126
9457071
9495704
9496931
9500754
9509029
9515783
9518780
9524407
9524711
9531113
9532568
9536286
9544180
9547257
9556834
9561890
9563914
9564200
9583217
9583218
9587380
9589245
9595493
9601220
9614081
9642692
9648220
9649860
9650793
9650849
9651159
9652544
9654325
9660389
9679814
9690634
9706258
9706857
9707837
9708001
9711967
9715790
9726218
9732696
9734150
9743589
9759048
9760401
9768739
9779970
9784552
9786080
9796723
9806044
9806477
9807774
9825937
9826713
9842109
9851340
9855848
9861638
9862009
9862234
9865952
9867342
9873059
9873552
9875899
9877030
9877505
9885754
9887318
9894315
9901191
9907449
9911993
9946099
9948341
9948373
9948834
9951118
9951875
9953255
9955045
9955620
9959477
9971835
9981277
9982495
9986621
9988475
9991742
9997002
10010593
10011400
10016336
10018993
10031649
10034461
10045597
10050071
10054523
10056003
10056827
10056870
10058199
10089315
10089933
10102834
10136421
10153508
10155899
10156384
10160009
10160540
10166751
10174147
10191381
10193259
10208642
10208706
10214257
10215519
10237663
10242998
10248043
10248337
10252788
10252851
10263309
10267559
10290290
10307612
10309052
10313492
10316202
10322694
10322927
10323759
10338384
10347213
10352105
10358626
10374113
10378395
10380938
10394294
10396102
10398304
10400328
10406673
10408070
10409530
10411576
10425440
10433009
10433668
10434998
10436431
10441858
10458175
10465631
10467519
10468825
10476089
10502160
10510501
10522907
10523505
10526190
10529669
10537263
10544872
10547609
10547928
10548059
10548412
10548458
10548483
10548951
10552217
10553816
10559143
10562352
10562653
10563432
10564485
10565552
10566436
10588074
10596960
10597520
10605659
10608090
10609766
10616414
10617526
10621086
10628015
10629023
10633695
10654990
10661266
10683249
10699534
10709251
10715283
10720375
10742740
10745901
10767857
10768651
10769197
10792021
10796435
10802335
10815351
10829829
10832537
10837849
10837860
10839382
10840234
10841406
10841698
10846417
10847569
10847860
10856203
10858675
10866027
10882728
10888958
10916742
10921910
10927185
10932924
10950921
10955126
10962937
10966168
10966657
10987312
11001297
11009125
11017126
11020592
11022733
11027741
11029749
11042863
11044042
11045865
11045871
11046579
11047411
11050586
11052219
11053588
11075833
11090090
11100095
11100777
11103004
11106368
11115140
11121612
11127511
11130774
11132085
11145693
11147311
11148163
11149536
11150166
11152335
11157247
11161775
11176043
11190131
11192429
11202788
11215348
11222701
11225391
11228456
11229462
11233427
11238754
11244472
11261579
11261582
11282902
11284956
11310799
11325110
11329062
11330437
11331844
11335732
11344599
11353762
11390546
11409296
11431358
11438959
11441428
11445994
11446542
11447864
11447865
11448430
11449236
11450572
11451170
11451647
11454431
11457322
11464359
11479707
11486439
11493403
11506620
11514398
11518193
11523833
11524177
11525315
11530256
11552482
11559361
11561711
11562263
11562834
11564651
11573685
11587841
11592972
11595563
11605801
11606891
11622519
11634099
11640153
11643834
11667362
11675482
11702405
11703984
11717947
11718895
11725821
11746138
11749073
11758082
11758134
11758643
11760510
11764263
11764700
11765335
11768775
11777317
11790189
11792901
11802949
11803791
11811575
11815600
11826112
11850097
11852237
11864391
11866561
11871523
11874333
11874371
11877508
11877754
11918674
11926657
11931410
11938498
11943151
11961247
11974508
11979670
11989268
11992451
11995435
12001036
12012844
12015549
12029428
12033989
12048363
12049469
12049594
12050076
12051311
12052382
12076393
12078220
12079685
12082502
12086593
12103590
12107077
12113616
12119383
12126916
12128179
12132209
12134886
12135091
12148513
12149278
12151843
12155813
12161372
12162008
12165557
12166864
12170223
12174845
12184836
12197724
12200203
12205730
12212215
12224263
12230277
12230660
12237250
12238985
12247661
12249183
12249186
12267711
12270092
12278481
12301749
12305591
12310123
12313577
12321048
12338768
12341962
12351817
12352347
12363844
12365292
12365664
12382768
12385881
12389813
12394537
12407780
12409612
12410319
12414003
12417723
12418434
12431003
12438567
12443648
12462734
12465012
12467256
12468914
12478252
12481762
12481763
12487569
12496747
12497475
12504556
12506478
12512940
12528375
12532374
12535922
12536187
12540955
12547173
12549319
12554218
12560685
12560773
12561448
12563657
12566859
12568083
12584540
12605743
12634609
12637097
12637659
12639639
12647967
12648466
12650459
12652535
12656646
12660008
12661989
12663785
12674741
12699132
12699941
12703057
12707595
12711673
12743693
12754526
12771462
12780937
12783673
12805139
12811110
12823920
12826309
12834615
12834961
12836018
12841937
12846465
12852311
12867274
12871169
12873149
12873960
12878226
12878277
12881998
12895990
12902916
12908117
12911066
12914728
12918015
12921127
12926448
12933236
12936233
12947930
12947979
12948204
12948299
12948325
12948678
12948724
12950220
12952511
12958148
12964476
12971957
12972598
12983501
12989233
13005953
13008102
13008420
13009178
13013558
13015409
13026644
13029912
13039405
13041287
13043155
13048395
13050476
13051974
13067733
13077527
13080574
13081678
13083109
13084478
13086036
13087305
13090545
13093778
13097260
13099993
13105359
13117672
13121754
13133274
13140338
13140382
13145007
13147483
13148908
13163062
13168511
13170652
13177788
13195641
13202908
13204847
13206472
13208396
13221233
13223879
13227554
13229217
13231722
13238971
13247594
13248112
13248147
13248965
13250349
13251551
13251801
13252722
13253839
13261241
13261833
13262460
13263113
13265386
13289751
13298257
13303996
13324550
13326929
13333070
13341327
13345898
13346652
13347734
13347804
13350395
13352870
13356663
13362238
13402498
13405059
13417880
13418358
13420781
13422800
13455724
13462176
13466645
13471537
13473332
13475126
13477098
13486736
13492173
13494159
13506484
13513392
13534556
13544831
13547622
13548127
13549730
13551310
13551669
13552786
13553303
13554873
13555448
13561936
13562702
13563736
13564728
13567592
13570185
13576888
13586972
13589441
13608255
13612956
13614819
13620786
13627773
13631170
13639290
13644622
13648689
13649421
13664130
13664371
13664977
13673424
13678151
13678678
13680398
13684434
13686558
13689349
13699399
13702404
13707296
13708290
13708743
13714985
13724481
13729686
13733219
13736618
13737425
13740900
13764788
13765693
13767591
13771515
13771517
13772284
13773668
13776784
13778065
13779475
13806387
13810422
13819601
13822772
13824000
13831011
13847916
13848158
13848544
13850165
13850469
13850733
13850781
13853384
13856567
13862980
13865818
13865940
13867442
13878621
13905003
13912493
13922953
13928600
13929401
13933815
13933816
13944644
13948139
13971412
13985443
13988367
13993114
14011492
14033521
14033741
14041201
14046611
14053465
14071955
14078277
14094796
14113576
14114221
14126370
14133337
14146366
14148316
14148360
14150615
14152760
14156691
14177858
14178088
14179688
14193508
14222757
14226416
14234077
14246838
14248489
14251176
14252906
14254098
14256479
14273771
14282134
14282180
14295041
14302769
14309266
14315463
14325206
14336761
14342628
14345394
14350127
14373526
14380998
14381132
14386214
14389155
14430261
14437879
14442773
14447596
14448975
14450944
14457156
14459456
14461076
14464914
14475577
14521275
14526873
14528061
14540532
14543861
14546731
14566794
14580562
14590059
14593073
14600200
14614355
14614705
14615871
14616636
14621809
14627141
14627967
14629262
14631203
14631294
14639180
14643331
14647427
14650456
14653572
14682357
14682982
14706100
14710745
14713449
14715174
14716563
14717173
14720299
14722825
14725386
14738207
14738257
14747537
14748001
14748846
14749885
14750759
14751345
14752713
14753653
14753944
14756377
14763177
14766336
14771630
14783352
14801575
14819648
14822359
14826788
14842642
14851244
14869325
14898814
14899374
14902967
14904080
14905551
14908879
14913066
14917679
14921695
14924684
14927946
14929072
14929297
14934539
14941819
14945716
14948438
14973628
14973678
14982971
14982976
14984371
