79213.37
101603.5
142485.9
163594.4
201027.1
320636.1
322124.1
396702.1
477471.1
575238.5
586308.2
619745.4
633610.4
636282.6
661078.7
691035.2
721031.3
726724.6
912592.9
918705.7
932046.9
940113.5
1003557
1068711
1232567
1235276
1281937
1300760
1324326
1326601
1334158
1353651
1366381
1367192
1460038
1541796
1545006
1598476
1677119
1691918
1696568
1702691
1767667
1786449
1821706
1838085
1859565
1887377
1894391
1922129
1986755
1997299
2041536
2107173
2175914
2181549
2201287
2202759
2203372
2207496
2208094
2217650
2230655
2262803
2282618
2295450
2307478
2335603
2379587
2383630
2491318
2497415
2504457
2527083
2535438
2664541
2666609
2678273
2679286
2684464
2690511
2707375
2774594
2797509
2798340
2807424
2809276
2829196
2841073
2862593
2911662
2912968
2919107
2926311
3000272
3090309
3196956
3226030
3236489
3312062
3313216
3314131
3367032
3367652
3375045
3379949
3383217
3434864
3441716
3493674
3534106
3588835
3595379
3608097
3623548
3763506
3792523
3793226
3797618
3800099
3811206
3835078
3837867
3838452
3840117
3840730
3911652
3915102
4000329
4047178
4048008
4056580
4107053
4171627
4192014
4259264
4279212
4280121
4283091
4285612
4358666
4376784
4378953
4409057
4418946
4474169
4540302
4598643
4602138
4634033
4791910
4813519
4827619
4928537
4929594
5041977
5073537
5078099
5235480
5485883
5513354
5546639
5604839
5605777
5808148
5815699
5850088
5852431
5900491
5963481
6046703
6132521
6251495
6257593
6382454
6386429
6392662
6410796
6413191
6414607
6553831
6772403
7004143
7007821
7010692
7014900
7016390
7109678
7154760
7172863
7195232
7203493
7204890
7311506
7347243
7396369
7444134
7447952
7685028
7724364
7748235
7756610
7774506
7808099
7831409
8060659
8061513
8229000
8286198
8312456
8369139
8540684
8564543
8565291
8566605
8603571
8630088
8742672
8765312
8870139
8983064
8987460
9196297
9240037
9262739
9326549
9335118
9341909
9397426
9398773
9435790
9457566
9579139
9581483
9582153
9621697
9771418
9807779
9815464
9892001
9934251
10019845
10064960
10105732
10152898
10208767
10226791
10277832
10289358
10322467
10353834
10377673
10379461
10382564
10383420
10389040
10500505
10542184
10606561
10607810
10720607
10745005
10761499
10840326
10843219
10904126
10904954
10932224
10996225
11043325
11054686
11059219
11061680
11063338
11194660
11196196
11208289
11212668
11330547
11332235
11360129
11360585
11425413
11441125
11524659
11545050
11550902
11551771
11603669
11610277
11705599
11711745
11803800
11919343
11971796
12005770
12007945
12008590
12016594
12099803
12197178
12211418
12453488
12700265
12883413
12886211
12887067
12923008
12997748
13214823
13215748
13316016
13323578
13381229
13459174
13520217
13585352
13660614
13678823
13679837
13681307
13713887
13762701
13763361
14020917
14082534
14084949
14181837
14208641
14209786
14288390
14290452
14363374
14367316
14373588
14375316
14423089
14481654
14544573
14571112
14691061
14798610
14802742
14920509
14937050
