5150.901
45174.81
53185.3
97271.42
209028.2
222919.4
228111.7
228918.4
230105.1
282100.3
351885.8
365885.6
375491.8
411823.2
538263.2
591336.7
619018
651042.4
652600
744722.2
773749.8
798547.1
829215.8
872946.4
937951.5
980602.7
1122093
1220205
1262991
1282631
1439807
1468090
1619720
1632895
1669000
1709408
1724644
1748092
1780007
1790528
1827895
1945262
1954961
1961840
1977841
1992659
2066438
2124239
2127440
2204920
2309885
2312021
2351106
2370660
2377103
2378997
2409418
2448374
2477345
2493025
2538267
2544686
2546513
2562588
2579077
2636309
2643513
2686163
2687966
2800328
2886274
2894668
2922869
2939123
3023760
3054128
3102505
3112402
3114473
3213334
3244688
3261598
3263294
3277560
3383011
3442767
3466877
3477478
3495314
3525199
3556325
3578163
3614407
3651204
3717599
3783902
3790749
3815036
3820747
3822418
3841784
3857881
3858683
3862366
3903713
3952695
3953696
3954453
3982221
4046156
4103674
4107759
4109973
4112044
4119299
4131499
4141656
4142564
4151836
4158372
4163704
4192011
4226545
4229617
4251045
4251176
4306317
4314440
4335788
4385584
4386156
4455064
4455884
4456676
4457279
4458003
4460731
4462084
4485826
4490630
4520987
4531306
4570320
4650694
4656855
4668198
4686752
4688600
4689901
4691156
4707583
4708593
4742128
4749763
4766804
4770335
4771079
4780340
4788028
4794137
4794681
4823150
4825882
4827014
4837917
4847250
4865875
4878724
4890393
4925045
4927590
4934150
4978546
5001055
5038767
5084959
5117408
5119538
5127927
5228882
5248442
5316861
5328465
5329347
5330350
5337630
5342262
5345536
5352529
5407945
5409892
5418414
5452366
5529739
5579217
5661453
5664237
5671609
5679818
5685792
5693292
5701839
5727223
5751871
5756783
5796859
5814996
5816125
5821955
5829136
5846291
5882051
5958343
6052659
6053489
6104456
6138030
6152271
6176459
6180845
6186332
6211664
6248995
6265940
6271521
6275328
6318212
6320072
6326339
6353078
6380084
6409288
6415096
6425860
6432351
6458787
6483367
6503329
6620926
6625290
6651893
6697272
6717537
6789788
6817897
6824305
6827616
6829884
6840838
6849348
6856146
6872346
6874020
6879777
6884289
6886592
6967412
6993942
7024918
7058430
7059946
7061070
7089865
7097105
7098535
7103083
7124430
7226732
7236817
7242807
7251322
7253389
7268055
7270295
7282191
7329298
7347210
7382394
7385713
7471486
7486992
7521325
7522346
7543700
7549116
7552235
7552781
7574660
7591911
7604417
7635564
7638021
7683819
7686104
7729897
7747145
7750658
7756371
7759508
7771795
7810050
7851534
7930942
7988889
8001846
8012134
8021043
8024733
8031874
8040091
8054902
8064413
8066635
8077558
8085074
8095563
8132017
8147444
8151253
8151654
8193299
8235739
8237796
8247918
8269792
8289221
8297395
8298836
8300334
8300787
8301433
8320474
8322971
8362524
8406636
8411395
8423334
8425756
8449447
8450572
8453656
8534569
8544659
8547382
8551283
8568746
8575019
8586023
8641448
8643507
8751688
8778064
8787770
8803072
8819636
8860631
8870008
8883236
8893403
8895577
8896231
8907693
8913399
8916995
8972794
8978615
8979499
8980744
8986456
9001011
9012740
9031874
9032618
9033646
9038010
9051998
9053044
9094905
9115751
9121163
9174688
9175958
9203771
9230479
9278559
9307638
9350584
9351561
9352452
9353366
9353769
9397070
9432156
9438058
9458856
9497727
9560303
9613862
9621093
9649479
9651031
9651528
9652287
9652966
9690441
9694638
9732925
9772094
9805279
9807089
9811757
9855580
9871179
9895201
9904819
9907180
9913444
9915742
9919782
9926070
9952693
10047296
10049780
10064600
10092073
10095690
10146474
10168122
10168976
10194815
10195875
10201409
10231132
10249934
10251519
10251859
10255151
10314219
10347760
10349857
10350883
10353608
10416322
10428981
10445023
10485509
10516801
10535093
10553233
10610077
10612963
10615446
10621038
10649797
10668226
10669397
10672725
10752639
10755300
10756127
10773337
10788805
10790602
10828756
10829344
10830596
10852078
10854955
10889729
10894352
10896500
10905708
10929383
10950339
10953810
10971913
10988004
10988557
10997240
10998491
11003409
11019659
11043982
11046872
11061901
11065191
11072586
11129424
11154606
11178999
11179991
11211785
11230817
11234981
11240922
11244137
11295434
11299079
11329348
11354953
11356272
11386188
11396790
11440149
11451597
11453181
11481913
11505564
11542760
11544149
11545501
11552271
11557477
11573964
11575285
11601531
11620986
11636903
11641549
11651285
11652170
11653591
11654634
11748005
11752483
11753289
11753941
11788496
11819471
11821483
11822469
11824921
11826982
11842708
11874997
11899621
11995362
11996956
12000574
12008137
12009847
12047118
12051716
12075231
12103769
12104457
12143070
12152535
12153538
12161320
12187960
12206940
12208776
12242544
12243052
12243684
12244484
12274633
12279475
12300286
12307262
12323222
12341217
12349481
12405267
12408235
12423021
12424663
12451767
12456415
12460385
12470488
12498430
12499931
12513047
12514341
12517237
12544857
12550733
12560194
12571332
12607141
12651760
12692653
12718034
12718759
12736658
12750907
12763069
12802411
12823850
12875672
12879116
12888392
12900985
12951025
12951471
12952728
12996734
13011960
13017645
13079555
13081653
13085350
13094137
13095991
13107416
13112215
13119055
13182670
13185333
13190065
13214307
13217684
13221180
13228680
13246428
13252494
13253136
13273232
13338201
13340336
13382323
13406205
13407784
13424975
13445698
13446774
13480135
13510511
13515646
13519883
13529449
13536846
13536882
13546529
13553185
13554293
13613915
13616181
13617036
13622160
13646967
13649677
13723984
13732675
13755501
13790858
13802968
13805923
13825697
13844515
13852365
13853018
13870363
13909715
13910714
13916534
13923813
13950639
13958602
13969998
14016203
14020857
14027997
14056386
14114134
14151355
14152814
14213244
14219043
14258117
14259905
14273942
14279758
14286932
14290595
14292333
14293492
14294154
14304684
14312353
14313247
14328765
14377058
14378080
14388640
14389441
14424816
14427360
14451856
14503878
14504911
14511069
14556838
14560958
14580700
14586500
14614226
14639307
14643945
14665354
14667884
14681458
14683492
14753820
14847454
14847948
14863078
14946488
14949230
14949911
14953492
14994806
14995421
