934.313
1978.061
2833.15
3865.315
10057.82
14601.05
18601.31
23853.13
24595.14
25636.73
33327.63
35875
36641.94
45628.88
50135.66
50982.05
52507.66
53439.07
54006.76
55039.23
98295.68
107949.4
118700.5
120408.8
121204
121864.7
124328.6
132788
134729.6
136228.6
137837.3
151988.6
175150.1
187610
188535
190264.5
195115.4
205025.2
223701
237515.9
238945.2
239796.5
241311.1
244538.3
249379.1
259094.8
262248.1
267004.9
269513
270522.2
271370.1
272372.6
273729.6
274559.8
276769.8
283623.8
287168
288597.5
290014.7
295926.1
311455.1
316625.1
342579.9
349442.6
349994.6
350522
350892.2
351312.9
352044.2
353452.8
354348.5
401913.9
428810
437317.2
439529.3
440533.2
441765.9
446784.4
447751
448727.5
462814.1
503352.3
506430.9
508392.4
509430.9
562444.3
569225.4
571450.8
574893.2
576378.7
585656.3
592054.4
601887.8
629897.3
631396.5
632903.5
633869.4
635235.6
650125.3
650681.2
651199.6
651717.9
652569.3
653051.5
654146.3
696578.8
698611.5
713565.4
714702.8
728123.9
732939.5
735019.4
736239.3
737253.4
760242.2
809344.8
824132.4
827660.6
836378
838085.3
842101.1
850239.8
851892.7
853580.8
860421.6
865955.5
871104.8
872650.6
885718.5
921482.7
922434.4
925118.4
926065.7
928319.7
929955.5
938893.7
944500.9
951757.8
953054.3
954181
995726
997528.3
1056637
1084688
1088588
1089133
1089928
1091347
1112461
1114325
1115599
1136994
1162063
1208950
1209724
1210461
1212237
1213426
1240153
1249956
1251783
1252483
1253021
1253602
1254780
1255712
1302015
1321870
1347103
1347897
1349424
1351904
1353544
1367999
1396047
1398216
1419702
1445696
1446515
1470123
1478171
1480472
1482841
1483787
1484587
1487803
1529057
1530211
1545310
1550405
1550994
1551548
1552626
1553148
1554307
1644549
1646136
1659869
1660940
1715644
1742502
1753550
1774925
1795504
1851308
1851965
1852478
1852926
1853726
1945643
1947771
1958628
2001100
2002042
2003191
2022597
2036493
2055305
2082906
2100463
2142867
2150300
2151631
2198386
2254193
2299347
2305109
2376026
2422589
2423901
2424619
2425449
2426235
2427386
2429921
2434559
2449651
2450338
2450925
2451531
2452045
2452658
2522284
2523815
2536319
2538301
2539690
2584063
2589006
2608852
2626013
2630784
2649080
2665666
2679153
2701010
2703511
2704619
2712792
2720001
2720780
2721994
2732015
2736264
2746212
2750388
2750946
2751501
2751945
2752416
2752881
2753473
2834311
2835308
2849317
2850140
2852968
2910064
2924604
2930175
2934126
2962977
2964277
2965141
2967241
2972406
2981888
2983351
2987343
2988125
2992175
3013160
3014638
3016571
3023390
3024954
3025672
3026668
3036057
3040073
3042137
3049560
3050455
3051008
3051416
3051865
3052227
3052721
3138754
3143067
3165771
3166809
3167394
3168249
3172203
3175491
3176444
3181836
3207927
3227615
3229067
3230517
3265767
3286329
3306997
3307960
3309588
3312682
3313444
3314095
3318117
3320593
3326026
3328261
3350920
3351466
3352113
3353499
3405869
3480140
3481663
3487464
3488832
3491128
3497045
3498288
3500153
3501183
3502002
3539790
3543721
3559039
3560003
3560628
3584824
3605409
3609958
3626978
3630055
3649449
3650037
3651050
3651767
3652334
3653060
3717740
3719051
3719955
3720992
3745506
3747859
3748963
3768015
3771856
3772787
3774607
3775606
3857418
3876495
3878304
3881509
3883075
3888671
3891678
3919096
3921820
3928483
3929379
3930560
3932649
3936442
3944842
3950509
3951218
3951819
3952356
3953192
3954061
4013189
4037036
4042542
4043963
4045124
4091582
4095428
4096782
4100437
4101601
4108868
4111469
4112076
4113156
4114322
4116241
4117190
4118526
4119340
4120555
4123169
4125249
4131139
4137551
4138723
4142970
4144187
4145360
4147972
4150458
4178353
4180322
4186312
4188072
4193604
4195384
4208720
4216749
4229758
4247596
4248405
4250048
4251076
4251603
4252251
4253206
4328990
4330095
4342167
4349691
4351836
4359013
4360168
4361248
4364744
4370625
4376337
4390236
4421436
4422038
4445904
4449135
4468255
4473223
4475018
4477754
4500940
4505930
4524127
4542020
4543009
4544178
4546614
4596445
4599273
4675355
4678503
4679710
4680942
4683307
4696049
4699734
4718414
4723543
4728403
4729155
4750238
4764195
4765878
4800436
4822681
4823765
4825039
4826414
4828418
4829020
4829806
4832093
4832902
4835005
4846280
4850119
4850802
4851170
4851609
4852027
4852408
4852761
4853318
4854047
4908540
4914040
4915205
4917270
5036109
5054674
5058862
5059872
5060857
5072548
5073485
5085173
5086232
5086833
5087444
5088224
5089399
5090288
5092802
5093740
5094794
5124257
5126037
5131110
5132070
5133129
5134997
5135837
5136865
5137712
5140790
5144694
5147496
5148699
5149459
5150348
5150915
5151363
5151841
5152211
5152632
5153177
5194652
5196731
5198291
5210162
5212600
5216692
5218424
5219732
5220536
5221782
5223775
5286307
5288692
5297732
5300685
5301348
5303931
5306654
5309981
5311208
5318593
5334333
5335833
5342880
5351473
5355447
5356889
5357556
5358008
5358480
5362580
5366415
5367415
5368161
5369265
5370381
5382475
5383535
5386946
5388829
5390113
5391546
5423259
5424758
5425836
5428465
5430821
5433683
5435076
5437387
5439249
5440763
5445385
5449980
5451485
5451852
5452169
5452972
5522505
5528709
5529550
5530556
5533691
5535110
5536262
5536933
5537934
5538695
5539886
5541197
5543008
5544077
5545150
5546365
5549726
5551807
5554304
5554882
5555844
5557358
5558086
5558996
5559724
5560633
5564400
5566090
5568156
5569503
5573481
5576404
5577526
5578584
5580113
5582702
5583373
5584069
5584684
5585552
5588756
5589831
5591327
5592809
5594973
5596243
5597748
5598952
5600623
5610433
5614797
5616659
5624066
5625017
5625760
5626534
5641097
5642335
5643211
5644550
5645540
5647046
5647737
5648727
5652864
5657422
5659108
5661719
5665609
5666339
5668959
5680167
5680786
5681476
5682214
5683673
5684800
5685762
5687718
5690863
5694985
5695832
5720587
5722331
5723227
5731489
5733870
5735881
5740882
5744092
5750669
5752009
5757245
5758505
5760476
5780539
5792201
5802649
5807194
5810095
5811650
5853281
5854252
5855598
5883835
5884869
5885713
5886622
5895350
5902372
5903862
5904885
5905608
5908368
5911298
5912228
5943713
5944439
5945739
5949983
5954298
5957011
5958447
5961624
5975720
6000204
6015075
6018758
6024748
6026031
6041836
6050081
6050707
6051252
6051645
6051994
6052370
6052826
6053831
6099473
6103256
6107507
6108989
6110422
6115400
6120738
6139194
6154727
6155616
6158247
6177362
6181153
6215039
6215874
6229035
6248592
6316586
6318374
6329390
6333601
6347031
6350678
6351318
6351768
6352192
6352566
6352997
6353624
6414490
6478503
6504584
6510567
6513891
6531193
6539347
6540132
6542454
6566673
6573796
6576200
6587061
6607924
6610058
6610668
6623670
6625703
6639317
6640320
6642508
6643291
6644785
6650655
6651331
6652012
6652749
6653312
6653905
6696010
6750370
6758053
6759353
6761723
6766065
6780426
6781123
6782182
6785394
6788175
6801631
6803424
6808394
6810012
6810688
6855684
6892600
6896801
6900750
6901677
6911152
6940773
6950483
6951830
6952758
6953671
7044440
7048809
7049737
7057571
7081533
7098503
7113797
7117201
7120204
7125616
7134673
7135655
7139380
7160749
7188307
7189760
7238972
7247608
7249677
7250721
7251265
7251885
7252775
7253201
7254081
7299276
7300215
7301358
7311139
7315783
7319691
7321603
7334748
7368562
7369711
7380640
7386243
7394015
7405969
7406635
7407549
7422847
7430491
7437677
7438969
7440424
7452355
7458105
7468344
7472065
7504469
7505417
7507595
7508970
7511334
7512385
7550801
7551338
7551897
7552440
7552816
7553225
7553767
7554570
7624324
7632043
7651804
7680768
7708593
7738574
7744475
7781958
7788786
7790611
7816292
7851054
7851681
7852311
7852802
7853310
7854127
7904264
7929390
7939518
7940218
7941515
7945267
7952554
7988865
8003498
8007732
8008566
8009803
8011278
8012424
8022481
8024314
8049591
8055619
8057116
8064486
8066012
8076120
8077734
8078883
8081546
8082601
8083538
8085540
8087176
8088081
8088563
8089079
8089686
8091515
8092041
8092589
8093286
8094436
8095026
8095606
8096273
8096872
8119950
8121002
8124691
8147108
8149070
8149730
8150314
8150728
8151191
8152037
8152439
8152995
8153752
8240522
8245204
8260438
8263960
8271427
8275096
8290645
8291826
8298603
8303324
8305926
8308689
8310418
8351293
8365838
8367714
8371503
8429595
8450372
8451280
8451844
8452561
8452984
8453502
8454313
8455029
8497705
8547616
8549264
8550820
8566304
8568953
8581142
8582772
8584045
8584749
8585833
8587054
8587813
8589229
8590746
8592619
8606125
8607710
8609550
8610682
8623325
8625704
8626846
8627690
8676118
8681509
8700370
8701325
8703906
8705391
8741175
8743517
8749733
8750275
8750716
8751160
8751632
8752058
8752465
8752871
8821263
8827148
8831122
8855401
8857343
8859576
8914618
8916327
8943141
8954207
8955836
8964828
8978114
8985555
9001118
9010194
9015589
9016880
9028587
9029253
9030291
9031796
9032742
9033928
9035795
9041265
9049930
9050467
9050932
9051274
9051612
9051961
9052294
9052663
9053073
9102917
9106171
9132543
9141392
9142908
9170879
9173747
9225571
9226535
9234390
9251333
9267408
9274679
9281935
9283927
9285167
9285883
9287093
9320726
9321591
9322561
9323646
9326978
9328009
9337543
9338636
9340967
9341879
9348953
9349962
9350500
9351494
9351924
9352327
9352719
9353172
9434215
9439047
9440514
9467418
9474935
9491565
9500026
9511053
9513170
9515221
9516630
9523899
9525185
9539693
9540930
9547476
9559416
9565836
9616271
9618783
9644064
9646168
9649514
9650142
9650849
9651252
9651602
9652197
9652528
9652882
9653237
9698975
9745602
9780231
9794705
9803806
9806319
9812789
9813671
9814611
9817072
9825197
9851733
9853452
9876212
9878711
9880061
9884669
9885496
9886069
9886676
9887508
9888945
9901676
9906358
9907560
9925096
9930241
9939890
9940476
9941295
9944209
9947810
9949287
9950488
9951243
9951700
9952594
9953124
9953875
10018898
10048386
10055602
10056535
10065119
10068203
10072107
10102457
10132912
10134031
10136086
10137662
10138711
10139352
10140647
10148018
10173783
10175528
10176728
10177665
10178813
10180930
10213629
10221282
10245727
10247095
10249518
10250923
10251587
10252201
10252782
10253924
10254864
10304727
10305725
10328378
10329701
10346267
10371303
10384800
10385928
10423043
10459093
10478277
10530756
10550241
10550802
10551291
10551695
10552093
10552530
10553020
10553962
10601331
10603088
10618379
10619050
10620118
10669359
10672232
10674333
10711175
10715772
10727137
10778860
10790643
10792648
10794055
10802158
10805918
10833919
10835074
10836200
10837898
10838654
10840152
10841040
10846630
10849219
10849877
10850579
10851111
10851584
10851930
10852588
10853967
10917740
10975886
10976622
10977287
10978222
10979967
10981258
10994532
10996929
11022351
11031147
11033064
11065201
11080030
11081889
11083522
11095089
11131847
11139796
11142243
11150568
11150988
11151551
11151973
11153500
11225317
11246825
11260134
11262888
11268020
11269204
11271207
11273267
11289195
11298650
11299983
11373725
11417344
11418916
11420608
11422549
11442290
11450139
11450669
11451131
11451627
11452442
11453016
11487089
11510079
11510890
11512175
11512912
11513867
11539538
11564240
11579772
11596657
11598696
11631023
11682476
11684249
11692845
11708084
11710040
11712447
11721317
11723186
11724493
11749881
11750563
11752728
11753540
11791350
11792730
11794584
11845800
11848520
11849518
11875509
11876765
11877662
11878829
11893632
11910615
11914289
11932955
11941836
11945506
11949110
11971763
11992631
11993958
11994724
11996927
12001089
12005411
12007157
12009256
12012535
12013860
12032352
12045551
12050253
12050775
12051192
12051588
12051897
12052458
12052817
12053160
12053882
12128772
12133580
12138300
12144626
12146638
12148853
12150310
12151400
12152746
12154259
12167665
12190102
12202257
12213284
12216622
12217343
12221134
12224538
12225343
12229908
12234414
12237081
12260046
12263920
12264969
12266474
12268069
12269221
12271132
12274222
12276067
12283250
12284317
12303154
12332010
12334044
12350228
12350731
12351216
12351579
12351944
12352288
12352616
12352994
12353408
12406408
12407687
12408844
12410343
12412058
12413227
12415655
12417241
12418802
12462112
12473199
12474875
12482402
12485521
12487193
12488799
12489989
12495589
12512937
12516491
12531886
12534596
12565478
12577522
12602772
12604149
12605297
12609686
12611192
12612691
12639292
12649391
12649914
12650741
12651058
12651665
12652227
12653225
12701771
12707977
12717996
12736109
12743988
12746010
12747260
12747942
12749066
12749887
12750676
12752426
12762585
12763970
12774770
12781634
12782812
12792228
12793437
12794456
12796179
12818085
12821812
12823615
12828912
12835322
12836335
12838254
12839742
12840901
12849324
12850887
12851696
12862887
12864023
12875651
12877668
12891872
12895247
12896389
12900954
12918617
12924409
12925342
12949575
12950240
12950644
12951062
12952009
12952312
12952616
12953152
12953737
12999342
13000883
13004930
13015937
13053301
13065068
13080619
13081684
13091770
13105346
13113221
13126817
13161444
13162811
13174206
13179424
13180486
13181532
13217748
13233367
13234267
13237365
13241091
13245693
13249735
13250259
13250707
13251022
13251362
13251685
13251999
13252383
13252771
13253439
13330875
13332156
13347028
13353204
13361878
13401768
13403625
13404609
13405672
13406781
13411619
13416991
13417968
13419527
13420658
13461704
13463934
13473086
13483691
13484344
13485265
13485887
13487882
13491016
13492100
13514199
13534400
13535181
13549692
13550375
13551062
13551571
13552090
13552582
13553292
13553847
13624234
13625214
13627592
13628459
13630495
13631347
13688170
13691044
13693930
13695035
13696774
13697326
13697939
13706397
13717519
13720568
13731195
13741392
13802128
13803032
13825040
13828296
13829999
13831386
13832722
13849557
13850295
13850823
13851289
13852164
13852777
13949155
13949898
13960087
13962261
13963325
13986899
13987840
13989438
13993195
13996017
13998990
14000057
14001095
14018316
14040193
14041096
14043504
14044225
14046333
14048356
14065761
14067425
14075799
14077181
14078865
14080656
14081885
14083081
14084134
14102902
14104599
14105632
14115242
14123198
14130430
14131716
14132872
14134558
14145759
14146983
14148374
14149672
14150128
14150598
14150911
14151598
14152321
14152711
14153240
14153998
14198492
14200709
14205312
14206547
14208129
14209141
14236499
14237917
14240638
14259003
14259796
14261028
14262456
14263943
14266547
14268624
14279583
14284093
14299257
14300261
14301602
14302085
14302721
14304040
14306257
14307356
14308654
14310074
14310905
14312800
14314830
14315960
14316853
14321110
14322902
14326322
14333579
14334672
14335937
14350102
14356027
14358614
14366218
14379484
14380779
14381934
14389692
14402355
14410350
14415801
14427573
14433332
14435222
14436333
14436966
14437531
14441074
14442005
14445899
14446954
14448206
14449361
14450317
14450760
14451601
14452349
14452961
14453636
14530855
14532747
14534422
14537334
14538073
14538773
14562195
14624752
14625651
14634506
14658611
14659700
14660434
14661259
14662076
14662734
14670626
14704886
14707700
14731383
14732845
14750044
14750525
14750899
14751226
14751935
14752303
14753494
14807394
14811958
14833469
14835640
14837687
14838970
14842345
14857397
14859720
14904584
14906356
14906979
14907493
14919728
14921847
14947600
14951034
14974897
