655.6016
6501.685
6827.988
8442.544
9001.621
9118.658
9586.837
10042.93
10444.11
10990.35
11694.52
12155.53
12507.44
12681.16
13370.53
15277.49
15630.6
16283.18
18397.65
19258.66
19349.32
27166.23
32157.52
32159.11
32291.68
32487.2
32779.03
33117.01
33427.04
33762.09
34106.7
34492.64
34878.29
34955.34
35649.32
35736.61
36402.22
38431.17
39920.97
40027
43217.06
43956.87
47261.18
47578.56
47992.88
49354.57
51770.44
53813.64
57340.97
60544
63890.45
64559.52
65850.74
70836.54
72638.06
74435.75
75695.28
76529.96
80847.66
81336.82
82392.14
83615.31
85203.82
86938.49
88126.71
91304.77
97285.33
98907.76
105410.1
106248.1
106919.6
107964.4
117867.3
121739.9
122219.9
122984.5
123545.3
124572.1
125219.5
125306.2
126893.2
128638.1
130363.2
130799.2
137368.9
140956.2
142915.8
143150.7
146324.3
147023.1
149597.5
149809.1
156441.3
161760.8
164675.5
166289.8
167072.4
168094.1
168297.5
169421.4
169709.4
169882.7
176142.4
184234.3
184865.1
185993.7
190454.8
190455
191123.9
192410.3
192414.8
193101.2
193737.9
195787.1
196798
196918.7
196965.2
197712.5
197908.1
198394.3
200204.2
200225.9
201052.8
201379.5
202072
208054.5
210507
212672.4
215154.3
218384.7
220152.4
220619.5
222585.9
224347.9
225890
227040
228301.3
228699.1
230193.2
232401.8
233877.9
243617.8
244985.8
245756.5
245842.1
246385.6
247136.7
248570
248570.5
250793.5
252333.3
253107.9
254827.2
258071.1
259252.1
262509.4
263365.2
264310.7
269567.5
270210.9
271109.7
273141.2
273856.1
273940.5
279423.6
280763
281031.4
281439.1
283994.3
285507
286834.2
287263.2
292306.9
292529.1
293680.1
294501.1
300192.7
302818.4
304151.3
304276.4
304461.3
306570.2
308010.8
310607.5
312599.5
312748.4
321528.9
322837.4
324651.9
330456.2
335729.7
336091.2
340590.3
341964.3
344296.2
347110.4
347159.5
350126.4
352432.1
353659.6
359252.6
360181.3
360798.5
361083.2
361392.4
362235.9
362771.3
363320.5
363894.2
364049.8
364314.7
365019.1
365224.5
365319.2
365650.9
365906.6
366637.2
367502.4
367647.2
367849.4
367979.9
368240.2
368396.6
368838.8
369603.7
369605
370113.5
370250.4
370745.1
371271.3
371738
372600.5
373638.1
375651.4
376870.3
377820.1
379297.5
383573.3
387241
391170.1
392229.9
392447.2
399873.5
402372.2
403152.3
404974.5
407901.2
409855.8
413359.3
415400.1
416237.5
416308.1
420013.8
420671.6
421100.9
421752.3
421860.3
421925.8
422681.3
426209.2
427038.4
429971.6
430369.4
431201
434978.4
435719.9
436569.1
438374.4
439455
440608.6
445540.5
445807.5
446459.4
446962.3
448564.4
449194.1
450709.1
451539.7
452693.7
455062.4
457354.6
457780
459047.2
463797
468313.6
470202.8
470615
471062.6
472432.3
474336.6
476550.4
476680.4
479370.2
479495.4
481170.9
482343.5
484582.3
485156.9
486123.9
486929.9
487241
492517.2
493384.8
496221.4
499186
499413
500047.5
503086.1
503286.8
507311.4
507956.8
510707.4
510721.5
511135.4
511416.9
511705.9
512107.6
512395.6
514758.9
516116.5
517310.4
517951.4
520130.4
520369.4
521227.9
524378.2
525057.2
525403.4
526423.8
529514.2
529962.7
530126.4
530427.1
530784.4
530930.6
531317.1
531795
533138.9
535166.3
537266.1
539380.6
543408.6
555773.8
556855.8
557030.5
557375.4
557877.8
559733
560478.5
561518.8
564770
567683.5
568531.9
568552.8
571159.2
572476
572861.5
574842.5
574952.3
576167.9
577403.2
577416.7
578383.8
579513.8
579777.9
580154.4
588949.4
595113.9
601059.2
601309.7
602339.1
603772.8
604358.1
612520.1
612662.5
615446.5
615867.6
617286.9
617906.4
618336.4
619745.7
620374.1
623342.3
628431.5
631087.3
631893.8
633202.6
633283.7
635822.9
636990.8
637843.5
638942.2
639331.8
639398.6
639846.4
640433.6
640449.9
640872
641447
642064.6
643297.1
644525.5
646024.9
649218
650624.9
650719.1
651268.9
651528.2
651773.1
653091.8
653646.3
654141.4
655214.8
655461.1
655596.2
656172.3
656849
657803.5
658343.3
659216.3
660160
660359.1
661728.6
662627.7
663864.4
667939.6
668831.7
668945.9
669366.3
674127.7
676314.7
677419.8
677656.6
677718.9
678560
678726.5
680813.7
681804.3
682354
685466
686191.3
686576.6
686868.1
686994.6
687664.9
688457.4
689079.3
689645
689907.9
690187.3
690825.1
691241.1
691316.4
691612.4
692322.3
692877.4
695281.5
697876.3
702208.3
703580.5
703618.4
704162.3
711570.4
712447.3
715934
716438.8
717440.7
720262.7
720492.9
727076.7
727419.3
727665.1
728181.5
729126.3
730657.1
731616.7
735525.4
736279.3
737944.3
738913.5
739031.4
739138.4
739725.7
740115.4
740281.6
740633.7
741159
741159
741594.3
742544.5
743220.3
745644.3
746822.2
748158.7
748348.5
749614.6
750212.8
750444.7
750987.5
750989
751681
751682.1
753439
753776.7
754506.6
756328.6
756876.7
757133.5
759090.3
759702.5
763664.3
764161.4
764621.3
764672.9
764982
765351.7
765734.9
766103.8
766725.5
768969.5
771420.3
772343.2
774765.8
777507.6
778897.1
780155.8
780532.6
780562.7
781197.1
781715.9
781925.7
782342.9
782573.5
782842.4
783305.6
783431.8
783789.1
783866.3
784625.1
784950.2
797751.2
798072.5
799004.5
799299.3
799885.2
800392.7
802378.3
802808.4
804959.5
805912.2
806124.3
806657.6
807188.2
807725.2
808248
809512.2
809664
809702.6
811033.3
811971.1
814371.8
814626.5
815907.1
816950.9
816994.5
820161.7
823923.9
825279.5
826770.5
832309.2
835303.6
836105.4
850228.4
850794.9
852129.7
854434.6
854979.4
858421.2
859669.4
860198.8
860640.5
860929
861218.1
861228.8
861247.4
861308.4
861459.9
861714.8
862012.2
862169.2
862958.9
863802.4
864506
866515.4
874039
876694.3
878388.2
879296.3
879681.1
880800.3
881094.8
881732.7
884757.5
887057.4
889174.3
889299.9
889729.3
890732
891377.9
891995.8
892996.5
893491.7
894239.2
895069.9
896834.5
897029.5
901046.8
901135.8
902241.4
903948.6
904439.4
904982.5
905423.7
905830.1
906370
906460.9
906575.1
907393.3
907418.8
908184.7
910709.4
913699.4
913729.4
915397.3
916072.7
927830.2
928514.8
934497.7
938077.3
938906.8
939580
939823.4
939871.4
940282
941044.4
941602.9
942047.3
942049.9
942450.9
942878.8
943338.5
943945
944850.3
944938.9
948184
949390
949478.1
949823.3
952616.2
954751.3
955520.9
957971.6
959455.4
964439.4
969263.4
970173.3
971993.4
972538.4
972780.9
973443.6
973772.9
974356.7
974669.2
976897.7
977594.3
978259.6
979498.9
980056.3
980479
980884.9
981300.4
981347.9
981543.6
981718.3
982135.5
982305.6
982707.5
983307.8
983426.1
983871
984202.3
993330.9
998476.8
1000607
1001958
1002243
1003631
1003669
1004260
1005276
1007531
1010795
1014629
1016844
1017991
1027727
1028871
1030912
1031625
1031892
1032395
1033220
1033274
1034245
1034418
1034758
1035944
1038573
1039454
1039487
1040277
1040483
1040568
1040965
1044612
1045088
1045734
1046697
1047290
1047854
1048603
1049076
1049793
1050921
1053715
1054354
1054439
1056113
1060422
1060949
1062206
1063235
1063613
1072708
1076427
1078057
1080724
1081978
1082191
1082596
1082693
1082939
1083541
1084184
1084885
1085597
1087369
1088233
1090029
1094103
1094837
1095476
1095964
1096269
1097376
1098014
1100660
1103806
1104636
1105101
1105260
1105830
1106315
1106702
1106779
1107202
1108782
1108864
1109895
1112794
1114385
1115248
1115959
1115960
1116469
1117039
1117598
1117799
1119074
1119385
1120002
1120406
1120671
1121058
1121380
1122446
1122691
1124070
1125357
1125423
1127202
1127246
1143454
1147932
1148137
1150459
1151783
1152746
1154593
1168274
1168299
1169763
1177271
1177478
1190585
1202711
1204746
1204798
1209342
1209962
1209963
1210743
1224205
1225047
1243805
1246462
1246824
1246891
1247797
1249815
1250963
1254153
1258183
1261522
1261547
1263289
1264821
1265965
1269793
1269867
1270065
1271006
1271161
1272194
1273593
1273904
1277747
1286051
1289922
1293090
1293792
1294626
1294627
1296989
1299870
1302047
1302139
1306472
1307846
1308015
1311953
1312315
1312732
1313075
1313328
1313634
1313910
1313911
1314204
1315015
1315799
1315947
1316375
1316375
1316564
1317338
1318024
1320482
1320567
1325591
1326687
1328671
1329614
1332384
1334589
1335030
1335030
1335549
1335669
1335959
1336632
1336979
1337389
1337710
1337853
1338478
1340323
1340940
1341046
1346833
1355325
1355763
1356102
1356436
1356791
1357125
1357497
1357533
1357847
1357888
1358262
1358281
1358694
1359176
1359274
1359494
1359710
1359914
1361923
1362711
1364481
1364929
1365001
1365498
1365926
1365928
1366370
1366860
1367402
1367772
1368740
1369856
1370044
1372422
1376456
1377238
1377731
1377910
1378107
1378590
1379117
1379118
1380089
1380531
1380999
1381361
1381410
1381707
1381762
1382007
1382271
1382859
1383190
1383385
1383386
1383467
1383955
1384916
1385424
1385458
1385630
1386337
1386592
1386744
1386909
1387584
1387871
1388024
1388212
1388538
1388585
1388963
1389991
1391325
1396719
1397420
1398848
1399095
1403631
1405193
1407381
1408759
1409222
1410369
1410954
1412281
1415718
1416318
1417173
1418759
1418941
1419555
1420268
1421059
1422517
1423939
1425161
1428109
1429806
1430579
1430631
1431765
1437426
1438266
1440397
1443419
1445723
1445786
1446145
1446882
1447601
1448323
1448773
1449217
1449585
1449973
1450176
1450367
1450859
1451247
1451599
1451632
1452025
1452437
1452863
1453275
1453470
1453565
1454213
1454284
1454523
1454700
1455964
1456503
1457553
1457686
1459365
1464800
1471271
1471863
1472125
1472389
1472570
1472684
1472943
1472945
1473032
1473904
1476275
1483153
1490566
1493662
1495216
1495884
1496168
1496430
1496431
1496597
1496756
1497050
1497321
1501939
1504327
1505789
1506469
1506591
1508692
1509957
1511937
1514596
1514858
1516385
1519509
1520857
1522132
1523334
1527349
1531692
1532298
1539641
1540850
1542469
1542997
1543174
1543982
1544893
1553062
1554371
1556181
1556467
1557156
1557756
1557848
1558640
1559379
1561069
1561163
1564561
1568766
1571480
1572077
1572600
1573259
1574159
1574981
1578946
1581694
1581869
1588386
1596674
1598399
1599600
1599853
1600805
1602447
1604667
1604889
1609526
1611288
1611534
1611959
1612918
1615916
1616016
1616743
1619628
1628784
1629967
1633307
1633769
1633876
1633928
1633965
1634687
1635753
1636455
1637099
1637252
1640921
1642649
1644773
1645186
1645189
1647438
1648238
1648390
1668376
1668719
1669719
1670272
1670514
1670853
1671001
1671719
1672003
1672037
1672897
1673248
1673419
1675100
1675202
1675580
1675787
1676120
1676442
1676864
1676878
1677214
1677557
1677594
1677741
1677910
1678035
1678386
1678737
1678781
1679293
1679332
1680294
1680724
1687636
1689703
1690339
1691220
1691291
1692609
1692676
1694145
1694522
1696899
1697839
1698182
1702021
1708584
1712212
1715430
1717729
1718497
1720034
1722087
1722620
1728049
1732727
1736014
1736582
1738242
1739017
1739225
1740644
1741258
1745077
1750495
1751615
1753857
1755902
1755990
1756662
1761544
1763694
1768492
1770629
1771660
1773358
1774299
1777648
1783172
1783404
1785511
1788274
1789470
1790098
1790288
1790998
1793071
1800098
1803320
1804168
1804611
1807186
1810651
1811524
1811967
1812190
1812286
1812555
1813435
1813524
1814549
1818650
1823115
1823778
1824680
1825081
1825529
1825597
1825841
1826190
1826211
1826580
1828762
1833098
1835451
1835912
1840407
1841153
1842118
1842571
1843512
1845082
1846517
1847835
1850422
1857096
1857868
1858153
1859245
1860721
1861749
1862546
1862863
1863040
1863689
1863728
1864155
1866070
1867040
1867686
1868710
1868779
1870044
1870818
1872231
1872554
1872902
1873791
1874094
1874996
1875521
1875631
1876292
1877733
1879002
1880096
1882310
1882855
1883411
1883787
1884873
1885400
1885436
1885860
1888163
1888842
1889315
1891671
1892029
1892732
1894152
1895322
1897506
1898107
1898386
1900142
1900315
1900654
1907675
1909018
1910499
1913877
1915423
1916157
1916279
1917863
1918292
1918694
1919131
1919429
1920068
1921159
1924466
1927867
1930243
1932187
1936444
1937327
1937916
1941394
1941482
1942208
1943455
1945078
1948162
1963651
1964192
1964225
1965535
1966625
1968766
1970606
1971760
1971901
1973484
1973564
1973975
1977950
1979087
1980552
1982160
1983151
1984744
1985901
1987815
1989278
1991245
1998983
2009028
2010304
2010881
2011674
2012401
2013855
2015637
2017714
2019284
2022631
2023987
2024836
2029684
2033084
2033584
2034378
2035323
2035483
2035704
2036003
2037320
2040216
2044755
2045008
2045877
2050726
2051609
2052524
2053125
2053786
2055187
2057198
2057556
2059552
2059731
2063021
2063528
2063988
2064374
2064808
2064809
2065283
2065329
2066681
2067632
2068074
2073114
2075148
2079048
2080124
2080882
2081989
2082737
2083071
2086735
2088351
2089463
2090279
2091618
2091855
2094519
2096018
2100469
2100680
2101562
2102322
2102374
2103766
2104401
2104450
2104488
2108696
2114674
2115711
2116603
2116604
2116972
2117243
2117847
2119657
2120118
2121362
2121401
2121472
2122170
2123399
2123414
2124080
2129854
2144137
2146334
2149133
2152457
2152864
2157416
2158160
2158471
2161103
2162674
2165807
2166842
2168393
2168903
2171265
2171267
2171452
2174773
2175839
2175872
2177643
2177752
2178650
2182406
2183929
2184294
2184916
2185704
2186400
2186401
2193442
2193443
2194093
2195421
2198296
2199218
2201411
2205473
2205754
2207299
2209308
2210243
2211118
2213042
2216449
2217294
2218448
2218849
2220047
2220326
2220345
2233124
2236515
2237096
2237654
2238234
2240524
2241769
2241855
2242027
2242148
2242753
2243558
2245709
2247307
2248442
2251946
2253083
2253386
2254113
2255521
2259042
2260201
2260882
2263852
2265408
2265998
2273736
2274545
2277564
2277859
2278465
2278690
2278883
2279799
2282920
2290215
2292506
2292694
2293813
2293814
2294804
2296016
2296274
2296721
2299797
2299884
2300312
2302018
2310882
2312890
2315500
2315976
2317395
2318890
2319475
2320823
2322944
2323515
2324087
2324467
2327067
2328685
2331885
2334197
2335825
2338280
2344775
2345404
2345899
2345984
2348419
2348653
2348813
2349560
2350079
2352978
2353984
2357423
2369163
2374691
2376318
2376637
2379306
2381679
2383262
2384284
2384473
2385224
2385655
2386409
2388618
2396285
2401154
2402573
2407067
2409066
2409305
2419388
2419849
2420826
2420861
2421287
2425000
2425361
2426777
2431669
2434079
2434854
2435653
2436467
2437132
2441433
2441948
2443569
2451108
2452522
2455727
2456595
2456933
2457355
2457471
2458720
2459460
2460097
2460289
2460736
2461375
2462607
2465940
2467293
2467910
2468606
2469352
2469623
2469800
2470857
2471112
2471164
2472043
2473356
2473828
2474072
2474095
2475685
2477809
2479426
2479936
2481215
2484488
2485788
2486320
2486442
2488997
2489597
2490694
2490788
2491983
2493194
2494156
2494979
2499566
2508120
2516102
2517849
2519904
2519950
2520791
2520886
2522226
2523109
2524887
2526254
2532029
2533236
2534742
2536682
2537020
2538855
2539407
2539965
2540630
2541140
2541827
2542221
2542622
2543163
2544005
2545059
2546883
2547630
2554280
2554698
2559950
2563444
2567195
2571413
2572926
2573626
2573683
2575111
2576606
2577286
2578588
2580719
2581372
2581483
2582190
2582843
2583742
2583751
2584283
2584293
2587330
2589553
2590032
2590068
2590542
2590612
2590996
2592307
2597933
2598797
2600387
2600969
2601936
2606588
2606752
2607902
2610463
2611627
2611786
2614188
2615372
2616913
2617141
2617884
2620606
2630336
2630914
2630945
2631370
2637011
2638230
2641917
2644818
2644819
2645087
2645332
2645814
2645931
2646368
2646535
2646942
2647117
2647456
2648113
2649338
2655811
2656671
2656747
2657073
2657422
2657728
2658236
2658468
2658911
2659322
2659338
2659774
2659840
2660302
2660317
2660897
2661474
2662042
2662491
2663292
2663433
2664035
2664272
2664321
2666952
2668159
2668505
2669920
2670738
2670829
2671372
2671779
2672180
2672586
2672947
2673542
2674165
2674278
2674550
2674709
2675190
2676117
2677183
2677749
2677771
2678272
2679811
2681890
2683295
2683366
2683818
2685937
2690467
2696375
2703270
2704648
2705421
2705882
2706524
2707161
2708434
2710098
2714905
2716652
2716774
2717867
2719070
2721278
2722184
2726803
2727679
2730142
2735115
2735462
2735716
2740260
2742050
2747940
2748195
2752159
2756786
2758351
2758996
2759659
2760847
2760891
2761589
2761798
2762290
2763064
2764154
2765824
2766562
2767331
2767509
2769261
2769303
2770254
2773121
2774736
2776061
2776886
2777935
2777972
2781159
2782270
2782461
2783004
2783640
2786500
2790322
2800717
2803092
2803198
2803745
2807543
2809668
2819842
2820905
2821429
2821429
2822518
2822984
2823290
2823403
2824287
2825813
2826766
2828059
2830947
2831314
2834873
2836112
2843015
2844675
2845829
2845942
2845952
2846943
2848466
2851729
2852756
2855282
2860891
2861102
2861523
2861835
2862566
2862790
2863030
2863313
2863659
2863866
2865368
2866385
2867605
2867815
2868297
2868723
2869576
2871847
2872487
2872578
2873077
2873478
2873717
2873736
2874070
2874099
2874446
2874776
2874910
2875041
2875190
2875688
2876754
2877525
2880705
2891361
2891955
2895448
2895816
2900191
2901467
2902336
2903600
2906513
2910293
2916224
2916636
2920295
2921514
2921659
2923077
2925204
2931201
2931364
2931853
2932373
2932459
2933594
2934058
2940451
2947344
2948566
2949638
2949897
2951009
2951350
2951390
2951790
2954360
2962923
2967145
2968157
2969445
2972354
2972529
2972946
2974212
2979081
2981267
2982029
2984213
2985036
2988736
2989726
2990413
2990780
2991129
2993846
2994159
3002987
3003540
3004252
3005063
3005714
3011330
3011888
3012457
3014460
3016078
3018162
3020331
3021589
3023959
3024040
3026998
3029137
3029822
3034796
3035109
3036072
3036862
3038159
3038599
3039198
3041373
3045228
3045397
3046216
3047240
3048436
3053243
3056568
3056930
3058530
3058760
3061073
3064939
3066478
3066519
3068056
3068894
3070567
3071085
3073489
3074224
3074321
3074694
3076683
3077753
3077794
3078665
3079563
3080588
3082637
3083030
3084207
3088724
3089847
3089932
3090215
3090862
3090936
3094147
3097581
3100083
3100820
3100820
3101588
3102223
3103319
3103839
3104378
3105023
3105025
3105643
3109993
3116473
3117095
3117267
3129077
3135325
3136053
3138857
3140570
3141317
3144206
3144840
3148615
3148992
3153020
3153949
3159729
3163139
3165114
3165383
3167609
3175639
3177686
3178617
3180862
3185289
3190831
3191947
3196054
3196141
3196330
3199056
3199180
3200496
3201532
3203033
3203523
3203858
3204720
3205471
3206383
3207778
3208389
3210611
3211109
3211644
3212013
3212238
3212271
3212643
3212947
3213420
3215453
3218644
3220144
3220330
3221274
3221644
3221644
3224593
3224642
3225481
3228161
3228552
3229616
3229706
3230295
3230784
3231389
3232443
3233316
3234411
3236404
3238663
3240799
3241371
3242174
3242893
3244998
3254370
3255731
3257389
3257433
3259236
3260320
3261781
3262029
3264079
3265537
3266241
3267902
3269217
3273074
3273605
3273771
3273771
3274480
3275135
3275172
3276221
3276286
3276809
3277277
3277914
3279792
3280885
3282808
3283021
3284027
3285302
3286325
3287916
3288474
3289241
3291460
3292477
3293292
3294994
3302527
3304804
3305348
3305615
3305859
3306241
3306564
3306601
3306921
3307584
3307593
3307990
3308174
3308343
3308712
3309180
3309648
3309713
3310715
3310771
3310940
3313167
3315562
3315909
3323509
3331961
3333262
3333685
3336243
3337107
3337264
3338817
3338860
3339420
3340788
3341037
3341255
3341295
3343860
3345393
3345801
3346252
3348231
3348895
3349596
3349716
3349717
3352932
3353708
3355933
3363156
3363705
3364132
3364590
3366133
3367063
3367306
3367654
3367860
3368141
3368173
3368463
3368464
3368908
3369173
3369196
3369413
3370542
3370909
3371079
3371254
3371499
3371877
3372277
3372799
3373131
3373620
3374110
3375390
3377490
3380157
3382598
3384014
3384990
3385291
3385454
3385866
3386256
3386576
3386644
3386766
3387019
3388204
3388340
3389352
3390640
3390757
3390844
3394154
3397112
3398573
3398884
3400168
3409420
3414636
3417152
3420400
3426341
3426943
3431475
3433874
3441406
3441867
3452187
3454276
3462512
3466182
3467208
3467251
3467439
3467671
3468022
3468234
3468511
3470577
3473105
3478342
3480659
3485112
3486100
3486441
3493598
3504235
3505948
3508690
3509713
3512794
3516432
3518302
3518344
3520324
3523300
3523496
3527331
3528354
3529956
3530601
3530748
3531031
3531555
3532736
3532869
3533549
3535236
3537533
3545214
3545377
3545469
3548392
3550675
3555424
3560120
3560405
3562163
3564094
3564570
3564783
3565920
3570955
3571931
3574796
3575851
3576911
3577765
3579822
3580060
3584920
3585488
3588293
3588614
3589919
3590358
3596801
3597273
3600437
3601109
3601290
3601540
3601623
3601978
3602178
3602387
3602684
3603373
3603709
3603764
3604072
3604589
3604750
3604840
3605048
3606223
3606889
3609087
3610033
3611437
3613343
3627567
3627623
3627661
3628666
3629347
3629725
3634525
3635045
3635252
3640314
3643967
3646755
3650241
3656468
3657754
3657877
3664265
3664607
3665902
3667183
3667901
3670622
3671812
3672062
3673853
3674487
3674658
3675590
3675827
3676172
3684036
3687183
3687209
3687345
3688558
3690007
3693022
3695477
3698244
3702974
3706199
3707469
3707470
3711036
3713587
3717651
3720824
3721460
3721668
3722216
3722439
3724723
3726843
3727012
3727148
3727908
3730899
3731633
3732625
3734600
3735712
3738524
3738605
3741462
3742702
3744613
3745191
3748106
3751795
3753456
3754119
3755307
3757305
3760348
3762844
3763485
3765875
3766248
3773199
3774126
3779220
3789007
3791339
3792957
3793438
3793784
3794271
3794817
3795064
3795136
3795597
3795779
3798537
3801078
3801398
3802311
3804624
3813241
3813875
3817010
3824959
3826614
3829500
3830701
3831450
3832445
3833552
3834144
3834736
3838206
3840596
3841859
3842736
3845677
3853946
3854494
3858030
3869717
3872807
3873950
3875516
3875771
3877013
3878214
3878942
3879713
3881125
3882193
3882770
3883420
3887471
3888065
3888499
3893134
3893135
3894141
3896319
3900657
3900869
3902126
3903183
3903207
3904208
3908569
3910658
3910897
3910961
3911452
3912032
3913032
3913917
3914360
3917429
3917475
3918428
3919980
3921229
3921928
3927557
3928990
3929587
3932011
3932243
3932840
3933863
3934133
3935066
3935894
3937179
3937179
3941062
3941510
3941967
3941968
3942274
3942331
3942767
3943225
3943370
3946262
3946510
3948267
3949718
3949846
3952218
3953257
3955020
3960633
3961579
3963726
3964338
3965274
3968566
3970831
3970998
3972219
3973521
3974441
3974929
3975532
3975654
3976430
3977505
3979139
3980267
3980384
3982083
3982628
3983399
3984243
3985489
3986052
3986506
3986506
3986925
3987222
3987435
3987521
3987692
3987841
3988123
3988274
3988532
3988863
3989068
3989169
3989523
3989865
3990485
3991487
3992219
3997024
4000646
4000988
4007076
4008739
4009741
4010353
4011067
4012126
4012457
4012908
4012918
4013126
4013982
4015371
4015458
4015965
4016090
4016163
4016360
4016541
4016837
4017075
4017128
4018404
4018442
4019026
4019521
4019684
4020235
4020913
4021414
4021650
4026857
4028597
4029535
4030476
4030562
4036039
4040598
4041707
4043327
4044199
4044843
4045589
4050258
4058262
4061850
4064318
4064390
4065017
4069464
4071731
4072016
4072241
4072991
4075947
4077223
4077695
4078316
4082382
4086015
4092226
4092716
4093389
4093992
4097266
4098875
4099330
4101727
4101728
4102663
4109203
4111144
4114800
4118659
4118963
4119467
4122032
4123310
4124466
4129735
4135056
4139930
4141253
4141606
4141980
4142426
4143309
4143788
4143892
4144731
4145587
4147522
4148224
4148715
4149808
4155446
4156476
4165251
4172979
4182854
4183554
4183783
4183819
4185216
4185453
4186316
4186574
4186575
4191067
4192311
4195107
4195216
4195817
4202600
4203186
4203616
4204081
4204751
4214573
4215461
4215859
4224908
4225468
4225928
4226275
4226651
4227097
4227494
4227677
4227760
4227974
4229140
4229257
4229376
4229592
4229957
4231013
4231989
4232813
4234748
4235013
4239432
4243322
4243482
4244591
4245753
4246397
4247594
4247672
4249396
4249599
4254020
4255081
4255104
4263613
4266371
4268324
4269072
4269074
4269891
4270511
4270530
4270642
4270902
4271538
4271989
4272441
4272871
4273344
4273645
4273904
4274340
4274646
4275630
4276959
4277330
4277394
4281467
4281891
4282411
4285673
4286989
4288266
4289691
4293710
4298760
4300452
4303917
4305235
4305237
4306673
4308202
4310029
4314656
4316716
4317919
4323310
4323562
4323728
4326275
4328040
4328708
4329933
4330253
4330403
4331873
4331883
4333252
4335606
4341563
4351085
4353903
4354720
4357307
4358114
4359456
4359633
4361399
4361400
4363899
4364759
4367709
4370192
4370494
4372229
4372853
4372980
4372994
4373339
4373656
4374002
4374288
4374418
4374544
4374839
4375216
4375570
4375666
4375917
4375989
4376147
4376287
4376744
4377250
4378535
4379842
4380858
4383188
4384251
4389982
4391444
4392049
4397654
4397686
4398100
4398472
4398944
4399891
4400608
4400699
4401139
4407379
4408456
4408513
4412940
4419196
4426671
4442850
4446416
4448513
4448514
4449112
4449327
4450232
4451127
4453606
4461257
4463764
4464845
4470265
4470504
4471186
4471461
4471795
4472490
4473521
4487675
4491988
4496825
4497419
4497527
4500190
4500916
4503129
4505321
4507918
4510511
4511019
4511475
4511952
4512506
4512750
4513058
4514916
4516168
4517605
4518644
4520809
4522353
4524924
4526043
4526703
4527264
4527863
4528250
4528319
4528557
4528870
4529191
4529516
4529724
4529797
4529810
4529893
4530240
4530756
4531632
4536764
4536852
4543506
4546341
4547445
4547708
4548186
4548292
4548758
4548798
4549438
4549556
4550788
4552291
4552513
4555596
4562037
4564059
4564183
4564751
4565319
4565329
4566038
4566337
4566652
4566990
4567324
4567713
4567735
4568169
4568729
4568807
4569672
4570102
4570195
4570943
4570959
4571647
4571887
4571911
4572517
4573776
4574301
4575127
4576410
4577134
4577222
4577696
4577907
4578105
4578634
4579608
4579968
4580794
4581082
4581558
4581977
4583618
4584023
4587009
4590667
4594556
4594992
4597949
4597981
4598269
4598575
4598703
4599186
4599695
4599709
4600144
4600173
4600721
4601285
4601339
4602382
4607437
4611553
4616177
4622153
4624644
4625753
4626212
4626280
4628319
4628491
4631056
4632480
4633625
4635487
4638656
4639188
4646020
4647264
4649609
4650295
4651150
4651591
4652005
4652413
4652426
4652943
4653849
4654147
4654821
4655015
4656415
4659338
4662988
4663376
4664903
4665227
4666295
4668360
4668775
4669507
4669677
4669727
4672037
4675634
4678488
4679343
4680330
4682105
4685529
4685709
4686379
4686420
4686757
4687267
4687293
4687384
4687939
4688102
4688526
4688553
4689760
4690930
4692567
4693007
4693489
4693808
4693954
4694160
4694617
4695065
4695482
4695549
4695549
4695984
4696301
4696529
4696530
4696583
4697132
4698943
4698995
4704228
4704798
4711984
4715879
4717162
4720510
4720661
4725227
4734823
4737639
4738674
4739160
4739459
4740495
4743770
4744657
4746953
4746993
4747930
4748203
4749835
4753207
4756944
4757712
4758200
4759897
4760100
4761444
4761592
4762485
4762572
4766284
4768499
4768532
4770623
4775196
4776530
4778354
4778379
4779064
4779894
4780711
4781803
4782077
4782404
4785110
4785850
4786131
4786419
4787404
4795868
4796731
4800610
4800737
4800876
4801167
4801234
4801773
4802326
4802633
4802770
4802937
4803468
4804095
4804147
4805027
4806145
4806880
4817901
4819437
4823380
4824336
4829472
4830976
4831264
4832799
4834184
4835125
4835376
4836149
4836729
4836851
4838348
4841039
4842360
4842892
4843468
4844025
4848509
4849690
4852791
4855826
4856854
4857098
4857680
4858193
4859655
4861316
4861836
4864178
4864179
4864528
4865014
4865015
4865530
4865530
4865996
4866593
4867135
4867623
4868737
4869009
4870710
4874973
4876695
4877822
4878344
4880931
4882330
4883344
4884066
4884515
4884730
4885389
4885995
4886369
4887200
4890813
4892375
4900821
4901879
4904879
4920266
4921175
4925246
4930738
4932494
4937680
4939584
4941699
4942904
4945132
4947982
4952809
4958665
4960736
4961833
4962407
4962903
4963690
4965756
4968024
4968685
4969720
4975376
4976769
4981054
4983267
4984657
4984658
4984914
4986550
4987371
4987589
4988922
4991237
4991238
4991892
4993013
4994071
4994540
4997833
5006260
5007863
5008398
5009239
5009385
5011319
5011977
5016657
5016659
5017402
5017447
5021319
5024329
5027849
5029638
5029893
5029961
5031426
5032094
5033437
5035931
5037754
5038704
5039175
5041419
5042203
5045240
5045356
5053020
5053589
5053988
5059698
5061172
5061859
5064366
5064847
5070173
5081202
5081889
5082426
5083091
5085754
5086745
5087228
5088017
5089981
5090196
5092113
5093891
5095030
5095922
5101152
5101881
5102712
5103027
5103499
5105153
5115979
5116039
5116500
5119242
5121277
5122526
5122558
5125465
5127828
5129601
5130492
5134059
5137428
5137905
5138165
5139245
5140061
5140924
5141807
5143773
5144721
5145110
5146418
5148918
5150086
5153544
5157079
5162320
5164469
5165136
5165216
5166686
5166771
5166771
5170981
5172594
5173816
5174788
5175821
5178562
5182179
5182742
5194167
5195166
5196295
5196785
5197271
5198005
5198087
5201099
5204709
5205505
5206077
5206456
5207698
5211583
5212203
5213977
5214932
5216874
5219396
5220299
5221315
5222428
5223150
5223582
5228069
5228287
5228920
5229162
5229612
5229837
5231592
5236924
5237408
5237497
5237776
5242060
5242696
5243253
5243350
5244109
5245199
5246412
5246572
5246582
5248920
5249203
5249398
5249419
5249883
5250672
5251903
5253155
5253224
5254179
5254212
5255784
5256566
5256878
5258401
5261291
5262351
5262494
5264414
5266851
5269297
5276450
5278549
5280400
5280800
5281720
5282375
5282808
5289828
5296192
5298892
5299963
5300308
5301881
5302469
5305021
5305700
5306475
5310369
5310370
5311026
5311932
5312886
5315935
5319602
5321550
5322368
5323465
5325230
5326988
5330396
5330423
5331728
5334022
5335290
5335509
5336332
5337067
5337617
5337655
5337921
5338591
5341321
5342011
5344979
5345035
5346198
5347239
5347397
5348269
5348826
5349439
5351973
5352897
5354235
5354496
5355056
5355324
5355830
5356199
5356296
5356437
5356885
5357535
5358174
5358291
5359859
5360465
5362357
5366064
5367070
5367269
5367407
5369682
5369803
5370712
5372774
5373159
5381617
5384935
5387625
5388560
5389336
5390042
5390093
5391876
5392318
5394882
5395294
5395720
5397453
5401192
5402187
5402280
5403698
5404549
5406325
5406409
5408126
5409964
5411183
5414678
5414740
5416057
5418428
5420204
5420551
5425726
5428415
5431441
5441649
5443117
5444350
5445447
5445688
5445728
5446780
5447744
5448081
5448521
5448750
5450296
5450981
5451627
5455112
5457703
5458317
5461645
5463617
5464710
5465549
5466259
5466298
5468309
5468859
5469447
5470909
5472350
5473189
5474944
5475718
5477697
5478914
5479459
5479974
5481149
5481182
5482464
5483233
5484012
5489424
5489517
5491053
5493601
5496105
5496328
5497511
5498634
5500478
5509651
5510911
5515616
5523085
5526257
5527355
5529331
5531332
5536593
5536746
5538134
5538583
5539714
5543718
5544318
5545430
5545907
5546121
5547055
5547561
5547562
5549422
5550300
5553544
5555526
5556238
5557665
5562261
5564333
5564763
5565208
5566722
5567947
5570077
5570254
5572393
5572997
5581227
5581427
5583071
5583577
5583785
5587801
5590809
5591993
5592476
5592529
5593221
5593818
5594493
5594567
5595097
5595640
5595689
5596294
5599359
5599758
5602213
5603187
5603772
5604323
5607867
5609148
5609373
5609928
5611632
5611740
5611857
5611975
5612773
5613975
5614681
5618061
5620423
5620993
5621448
5622689
5624571
5625526
5625570
5626145
5627040
5627715
5628335
5629093
5630886
5631487
5637554
5645884
5646612
5648401
5653151
5653807
5656625
5659713
5663784
5669244
5671094
5672952
5676115
5677483
5678253
5678286
5678511
5678684
5682158
5684423
5685211
5685516
5687814
5689705
5693153
5694177
5695016
5702606
5703182
5703537
5703933
5704304
5705128
5707227
5709099
5720722
5723091
5724829
5726143
5730742
5743684
5744630
5744876
5745247
5746003
5746507
5746554
5746796
5746984
5747144
5747520
5747861
5747883
5747907
5748242
5748803
5749084
5749646
5750189
5750795
5751080
5751243
5752450
5755586
5756149
5758000
5759494
5760259
5761718
5766141
5766344
5766711
5766809
5766902
5767530
5767704
5768049
5768803
5770057
5770272
5771568
5772524
5775276
5775785
5776514
5782634
5783838
5785207
5785650
5791113
5793131
5795377
5795982
5796451
5797533
5799522
5802361
5805903
5807689
5808003
5808908
5809078
5809914
5810009
5811671
5812777
5813188
5813455
5814208
5816511
5817274
5818614
5825485
5825650
5827788
5829096
5829940
5830135
5830600
5831745
5831974
5832695
5833035
5833933
5834611
5834716
5835432
5835466
5836620
5837097
5837319
5838103
5838202
5838897
5840748
5846989
5848407
5848735
5849113
5853417
5855598
5861439
5862995
5863495
5866255
5871822
5880048
5880420
5884848
5887406
5894933
5896094
5897625
5897653
5899392
5900258
5901453
5901789
5901846
5903698
5905391
5909921
5914858
5915340
5916496
5921486
5922695
5922840
5923877
5923896
5924767
5925441
5925503
5926550
5926553
5927091
5931611
5931839
5932837
5936552
5937047
5940042
5941272
5941690
5943864
5946786
5947862
5948216
5948778
5949977
5954129
5956277
5957376
5960373
5960635
5961498
5964110
5964392
5965175
5966671
5966722
5966948
5973865
5989272
5995096
5996351
