7822.457
9246.468
9861.216
10352.31
11003.78
11510.8
12055.05
13144.7
16730.56
18633.6
20312.06
21882.1
22009.1
22614.74
23176.68
24001.61
24837.7
35418.34
36285.62
48879.65
49184.76
49442.59
49668.75
49890.94
50094.75
50270.82
50442.41
50606.92
51120.85
51290.02
51476.69
51637.48
51792.25
51995.63
52225.72
52460.3
52662.09
52906.56
53173.15
53543.62
53848.92
55088.76
55468.79
56702.84
57127.81
57554.61
58194.43
58518.91
62005.09
62821.24
63786.98
64269.31
65646.36
66374.72
106474.6
108433.6
109811.5
110582.3
112164.2
116041.9
116744.8
118406.8
123788.7
124635
126253.4
127430.3
128657.9
129426.3
130065
130871.7
132835.4
134191.8
135495.3
136635.6
138109.8
138854
139603.4
146964
160346.8
161796.7
177306.1
178235
178836.8
181023.9
182220.3
186904.2
187809.1
189360.4
191223
193527
198626.8
200282.4
201770.1
202649.8
203760.8
204805.7
205872.4
221091.8
222231.9
224465.5
226501.4
227548.7
234817.6
237078.7
241704.5
242791.8
243981.3
246900
247672.1
248469.1
249134.3
249897.1
250818.9
251397.4
252570.6
253320.2
278426.3
281508.6
283012.3
284098.7
285103.4
288704.6
296435.9
300441.8
301436.2
302390.5
303346
304050.6
304704.2
305485.9
306447.7
307077.7
307816.4
308918.8
313551
314163.5
314191.3
314724.2
323138.5
325224.4
333183.2
339746.7
348899.2
349687.5
350165.8
350539.2
350897.8
351413.2
352005.3
352992
353824.5
354722.2
355953.8
357542.1
359376.1
360652.7
361330.3
361938.3
362398.4
363530.3
364051.7
364623.2
365442.1
388709.9
390869.9
392037.5
393103.6
394147.1
402986.1
403782.4
404514.2
412732.6
413930.2
415207.2
416385.9
417776.6
420235.4
421042.3
426228.6
427239.2
438909.9
439821.3
441189.5
446868.3
449125.5
449876.9
450501.8
451373.3
453340.6
453989.3
454936.9
456198.4
457192.6
459859.8
462787
465752.6
466494.7
467034.3
467780.4
473284.7
477833.8
479238.7
481886.7
482373.8
483054.5
484107.2
485286.4
501023.8
502088
505412.1
506722.5
507781.7
510966.6
512037.7
514242.1
516217.1
518212.5
522661.1
524272.1
525753.1
526753.4
528472
532129.6
533221.3
540145.6
543439.3
546418.7
547407.5
552153.5
553660
555072.1
564917.9
566197.1
592528.3
594036.5
594812.7
595496.2
596336.9
597093.2
611192.8
612002.8
613205.3
615905.7
616012.7
617018
617799
620345.2
621197.2
622962.4
628045.7
629427.4
630417.8
633304.8
647682.2
648843.5
650532.9
652265.5
653863.8
654513
655160.3
655706.8
657695
658419.3
658550
659267.3
659908.2
660410.6
660869.5
661659.1
662558.8
663002.2
663680.9
664139.3
664515.6
664975.6
683992.7
688431.3
690693.4
692152.4
693823.9
695650.6
699482.2
705641.5
707855.7
713251
716431.8
719151.1
720067.7
721287.5
728123.6
732048.8
733302.4
738369.4
739226.6
739744.6
740482.5
741777.3
743152.2
743754.6
747714.1
754775.2
756515.7
770480.2
771637.2
772503.4
775715.8
777389.1
778202
778229
778900.8
779758.3
781549.2
783843.2
797308.6
797688.9
800937.2
803847.1
804557.8
805221.2
805747.8
808696.9
810130.1
818351.2
821322.2
823233.6
826083
826796.6
827339.8
827926
828499
829327.9
839277.6
845300.2
847061.6
848386.5
849810.9
851076.2
854012.5
856535.1
857216.9
859001.4
861354.6
862328.1
875446.4
878058.3
878861.4
879237.1
881004.8
882273.8
883752.8
887507
900584.9
901163.8
901724
902211.2
903002.9
903555.3
904440.9
904968.1
923273.8
935801.6
936799.4
937416.1
937935
938900.9
940380.2
940563.6
946801
947889.3
949005.5
950076.6
952538.5
953811.6
955148.8
956040.7
956841.4
957509.4
958778.3
959489.1
960027.7
960577.4
961311.2
961748.5
962639.8
963114.3
964030
964525
965471.9
989367.6
990386.3
995319.2
996924.4
998233.8
999017.6
1018090
1019330
1020389
1021818
1022927
1026405
1031835
1036293
1036915
1039799
1045540
1046100
1046992
1052046
1052719
1053550
1054354
1056095
1063383
1064028
1065446
1066737
1067778
1069867
1070580
1072562
1077402
1079483
1083922
1085600
1088164
1094789
1096418
1097064
1097902
1098898
1104826
1105687
1106083
1107233
1108106
1109722
1111567
1113517
1116157
1117544
1119630
1121074
1121737
1122544
1123221
1124430
1125329
1131022
1131779
1133181
1135128
1143681
1145164
1146263
1147371
1148658
1149730
1153139
1155769
1156402
1157064
1157939
1158566
1158995
1160211
1161033
1162064
1163336
1164392
1165850
1166584
1167227
1168329
1169019
1169569
1174414
1176705
1177323
1181227
1185959
1193484
1194501
1194858
1195624
1200964
1204727
1209505
1210311
1210945
1210964
1211373
1211856
1212570
1213210
1213760
1214596
1215287
1215771
1216232
1218304
1220429
1221112
1222047
1222992
1228743
1239256
1239874
1240567
1240982
1241841
1242348
1243636
1244376
1245001
1245503
1246559
1248118
1251906
1252977
1253514
1253931
1254723
1255243
1256837
1257747
1258896
1260765
1262453
1263041
1263493
1264075
1264536
1275453
1275854
1276289
1276670
1277050
1277804
1278900
1280731
1285260
1288753
1289540
1291086
1291623
1292126
1292791
1293725
1298113
1298977
1301350
1302515
1305844
1307105
1308007
1309610
1315573
1316282
1317165
1317779
1319062
1338415
1339852
1341041
1341549
1342123
1342735
1343483
1344086
1344835
1350342
1351928
1353311
1354185
1354792
1358589
1359185
1359930
1360528
1361611
1362530
1363412
1364141
1365236
1366786
1367734
1367963
1381121
1381739
1383332
1384242
1384991
1385608
1387959
1391316
1393396
1400514
1408855
1409736
1410746
1413301
1414349
1421104
1424782
1431690
1435110
1436703
1441583
1442697
1443610
1444544
1445394
1446700
1448105
1458803
1459651
1461364
1467193
1469215
1473021
1476790
1478637
1479607
1489083
1489661
1490510
1490965
1491385
1491944
1493281
1494462
1511314
1513260
1514268
1517220
1518071
1518843
1520644
1530631
1536958
1538230
1540286
1541217
1542234
1543871
1552209
1552852
1552907
1553626
1554078
1554582
1555144
1556556
1556985
1557615
1558759
1559534
1560325
1560781
1561760
1562399
1562925
1575113
1575680
1576133
1576566
1577097
1577888
1578670
1582795
1584028
1584931
1585807
1597297
1599266
1603828
1607847
1610941
1612135
1620349
1623073
1623669
1624394
1629314
1630712
1632353
1633610
1636159
1637109
1649464
1650252
1654068
1655561
1658412
1662298
1662970
1666141
1666957
1668652
1671012
1673583
1674900
1676707
1681853
1682902
1684583
1702723
1703706
1705157
1707071
1711648
1717336
1718147
1720052
1720836
1728748
1730279
1731476
1733377
1734135
1736228
1737231
1738358
1739782
1741634
1747470
1748605
1761382
1774920
1777139
1777438
1777903
1778898
1780700
1782223
1783817
1786420
1788915
1790853
1791718
1792468
1793123
1793870
1794462
1795148
1795826
1797179
1806136
1807186
1807967
1808722
1809867
1810827
1812276
1812977
1813590
1814323
1815161
1816247
1818830
1819883
1827448
1838895
1840108
1841240
1842486
1848015
1848805
1851221
1851768
1852470
1853356
1853803
1854653
1855255
1855788
1856414
1857431
1857991
1858884
1859496
1860070
1860560
1861244
1861863
1862394
1862820
1863314
1863870
1864315
1865137
1866702
1888256
1888947
1889766
1890932
1892057
1897960
1899015
1900119
1901377
1902267
1905643
1906522
1907186
1907927
1909606
1922572
1923446
1924118
1924944
1925975
1926944
1928471
1931236
1942527
1943341
1944544
1950705
1952437
1954872
1956715
1960925
1966572
1968433
1970079
1971085
1974823
1975699
1977053
1979381
1984397
1985747
1989423
1994670
1997204
1997999
1998816
1999410
2000445
2007003
2008314
2009848
2011125
2014037
2017142
2018827
2019300
2020261
2021325
2022144
2024749
2025899
2026906
2027888
2029840
2046454
2047614
2049160
2050013
2050768
2051507
2052319
2054598
2055811
2058106
2059278
2062934
2068019
2070153
2072027
2073192
2073945
2074958
2076704
2077329
2078165
2079049
2080667
2083249
2084272
2084835
2085705
2086997
2092115
2094049
2101114
2102589
2120271
2121459
2122244
2122800
2123027
2123661
2124402
2124754
2125380
2126656
2128115
2129739
2136624
2137479
2137772
2151664
2152262
2153610
2154184
2154808
2155372
2156345
2156949
2157647
2158637
2159776
2160369
2161357
2161988
2162382
2162822
2163301
2163712
2164092
2165094
2165959
2166666
2167662
2183457
2190231
2191587
2194425
2195266
2195872
2196790
2197990
2199145
2204944
2211590
2212247
2213137
2217973
2218980
2219572
2220422
2221242
2222399
2227241
2227872
2228538
2229289
2230657
2235617
2236423
2237198
2238020
2238726
2239414
2240396
2257024
2258636
2259880
2260682
2261383
2264038
2264679
2265420
2266477
2272998
2286706
2287460
2290098
2291141
2292357
2293216
2293956
2294685
2295728
2297081
2298151
2299682
2300644
2301745
2310291
2311632
2321740
2322335
2323272
2323988
2324641
2325184
2326219
2336021
2337961
2339060
2339742
2341052
2345908
2346789
2348319
2349670
2351059
2357440
2358172
2358934
2359761
2364575
2366421
2367283
2367892
2369034
2375780
2376822
2379512
2388642
2389031
2389964
2390429
2390679
2391312
2392089
2392655
2393949
2395081
2400693
2401881
2402525
2403353
2404516
2407972
2410029
2422158
2427801
2434850
2439626
2440336
2441071
2441780
2442692
2451745
2452151
2452698
2453310
2453941
2454238
2454580
2455036
2455459
2455852
2456227
2456661
2457176
2457583
2458169
2458607
2459023
2459580
2459937
2460819
2461291
2462207
2463932
2464398
2493395
2502382
2505368
2507310
2507931
2508814
2509841
2512365
2513269
2517940
2520616
2522180
2524248
2531777
2532574
2539290
2540060
2541826
2554842
2555798
2557053
2572244
2574110
2574875
2575625
2577934
2579021
2580010
2586557
2587426
2588248
2590404
2592743
2593844
2594953
2600952
2601513
2602334
2602941
2603987
2605190
2617693
2621517
2622430
2631435
2632550
2633398
2634187
2635099
2636229
2637402
2638016
2639624
2641182
2642510
2644376
2645087
2650273
2655539
2655979
2656533
2657119
2657721
2658258
2659201
2660683
2663225
2666614
2667950
2670216
2672768
2673626
2674831
2679716
2682804
2683745
2684874
2690883
2692259
2693223
2694824
2695483
2696230
2697020
2704483
2705229
2705750
2706254
2706916
2707379
2707873
2708548
2710069
2711296
2713057
2715801
2718451
2720107
2722034
2727629
2728869
2730748
2731699
2732821
2733545
2735959
2739852
2741111
2741825
2742826
2746844
2752965
2753689
2754294
2754845
2755283
2755831
2757083
2758331
2759072
2759685
2760231
2760978
2761667
2762306
2763398
2763840
2764250
2764741
2765413
2765892
2766490
2766922
2799316
2806944
2809619
2811276
2812060
2814603
2815894
2818349
2820485
2821980
2822327
2825360
2826626
2828483
2829606
2830587
2831434
2832427
2833756
2839725
2840539
2841126
2841766
2843037
2844213
2846170
2847014
2848570
2851071
2853441
2858418
2866292
2875982
2876719
2878455
2879363
2880015
2882652
2884155
2889557
2890475
2891595
2892235
2893808
2895820
2913908
2914897
2917055
2928928
2929708
2930699
2931302
2933341
2934325
2943014
2943981
2944909
2946558
2948128
2950152
2952719
2953529
2959244
2961341
2966668
2967329
2968039
2969062
2969768
2971653
2974446
2975062
2986572
2987782
2988763
2992224
3000594
3001510
3002821
3003612
3004678
3005707
3014837
3015687
3020066
3024398
3036780
3038118
3040628
3043613
3044380
3049754
3050832
3052208
3052999
3053540
3054339
3054961
3055802
3056397
3057294
3058522
3059444
3059968
3061340
3062015
3062480
3063022
3063698
3065347
3079505
3080283
3088405
3092772
3094835
3098194
3099001
3100042
3101267
3102511
3104017
3106363
3116447
3118821
3120334
3121114
3122629
3124114
3125512
3131732
3132856
3135521
3137204
3140091
3142801
3151610
3152648
3153394
3154160
3154792
3161384
3164149
3167686
3168482
3169155
3173931
3174689
3175949
3176812
3177451
3177987
3178785
3180042
3181238
3186338
3188526
3190404
3191110
3192021
3194378
3196995
3197775
3198640
3200691
3201950
3204646
3216943
3219650
3223889
3224871
3232980
3233551
3234188
3235074
3235799
3237170
3240273
3244233
3245134
3246147
3247055
3247825
3261346
3262755
3264996
3265820
3266908
3269239
3275762
3276659
3278638
3279374
3280302
3282507
3283485
3291203
3291999
3292877
3293677
3294558
3295287
3296084
3301013
3302325
3302433
3303231
3305042
3306108
3307264
3317419
3318062
3319915
3320689
3321472
3326214
3326929
3327532
3328286
3328950
3329983
3332861
3333622
3337464
3337999
3338674
3339292
3339892
3340682
3341373
3342321
3343170
3344964
3353552
3354149
3355174
3355553
3356670
3357849
3358352
3359180
3359940
3360468
3360992
3361484
3361943
3362522
3362983
3363338
3363698
3364275
3364612
3365249
3365885
3366272
3367092
3388985
3391190
3397442
3402685
3403503
3405855
3406499
3413302
3418984
3422631
3423806
3424700
3426313
3427093
3427877
3429923
3431886
3434623
3435506
3436806
3439099
3441489
3448858
3449719
3450556
3451780
3453487
3459711
3460793
3462006
3463396
3465413
3469982
3470925
3473159
3475084
3476692
3478088
3484810
3486102
3487538
3497982
3498811
3499562
3500178
3501658
3503753
3505964
3525098
3530593
3531152
3531595
3533153
3533774
3534714
3535825
3536434
3537893
3538399
3539449
3540540
3541186
3542139
3542768
3543872
3546086
3547006
3552455
3553603
3563137
3567854
3568939
3569756
3571312
3579113
3580910
3582027
3583497
3595308
3604983
3609703
3611105
3612432
3615096
3616554
3618228
3618639
3619298
3619919
3620972
3622268
3625027
3625723
3632581
3633960
3635127
3644545
3645515
3646245
3649738
3651981
3652589
3653373
3654225
3654745
3655742
3656637
3657905
3659097
3659634
3660064
3660468
3660961
3662250
3662574
3663457
3664232
3664738
3665361
3665932
3693340
3695704
3705335
3706314
3707099
3708137
3709058
3709845
3711312
3717353
3718561
3721075
3723727
3725424
3726977
3727883
3730373
3731945
3732473
3742594
3744005
3746370
3747792
3755847
3756450
3757757
3762157
3763712
3764719
3765468
3786812
3787724
3789380
3799309
3800734
3802080
3802972
3804048
3810105
3811067
3811684
3812470
3812913
3813458
3814139
3814628
3815261
3815914
3816515
3826411
3831367
3841124
3842526
3843939
3847649
3849167
3850922
3853523
3854959
3862453
3868409
3870694
3872958
3873697
3875136
3875825
3877385
3877650
3878522
3883991
3885550
3886858
3888059
3889421
3891090
3891949
3892843
3894182
3894735
3896205
3903896
3909134
3913092
3913726
3914364
3914943
3915592
3916211
3916931
3917389
3917764
3918701
3925939
3926983
3927547
3929788
3930849
3931687
3932548
3933586
3934352
3935289
3936927
3941352
3943636
3945275
3947214
3951428
3952576
3952674
3953315
3953969
3954618
3955558
3956024
3956882
3957373
3957773
3958387
3958922
3959340
3959658
3960077
3960522
3961178
3961724
3962451
3962764
3963097
3963702
3964016
3964729
3965035
3965408
3966300
3967305
3982644
3989481
3995370
3996802
3997905
3999261
4000244
4001409
4007291
4008217
4009954
4017245
4017276
4018145
4019300
4021007
4023118
4024053
4025036
4037562
4044846
4046440
4050216
4052926
4054401
4058199
4059122
4060236
4060971
4061508
4062168
4069907
4070629
4071350
4073428
4074842
4075524
4076241
4076803
4087011
4087892
4088477
4089451
4090874
4091987
4093171
4096489
4097495
4101444
4103170
4106244
4106985
4108159
4111936
4118679
4128135
4131533
4132139
4132655
4133413
4134231
4134838
4135241
4136336
4137046
4139309
4139922
4140654
4141373
4142690
4143721
4144412
4147552
4148058
4156535
4157378
4158332
4158947
4159519
4160293
4161034
4163103
4164318
4166293
4174407
4181023
4182876
4183700
4184313
4184747
4185517
4186294
4205165
4206981
4207675
4208636
4209065
4209573
4211036
4217995
4218698
4219254
4219761
4220376
4220906
4221601
4223060
4223819
4224354
4238080
4239013
4245873
4248725
4251319
4251969
4252434
4252744
4253612
4253880
4254412
4254730
4255016
4255497
4256096
4256478
4257038
4257621
4258308
4258778
4260014
4261610
4262383
4262878
4263515
4264367
4264971
4265952
4283646
4284581
4300192
4301219
4302292
4302532
4317141
4317928
4318602
4319451
4320373
4321340
4321988
4322906
4323660
4329786
4332570
4336007
4336688
4337305
4337940
4338499
4339426
4340834
4341634
4355265
4359550
4366254
4366824
4367543
4368310
4371759
4372351
4374193
4375833
4385137
4385747
4386431
4391821
4395743
4396240
4397105
4400564
4402674
4403367
4404821
4414514
4418004
4419596
4419676
4421682
4422764
4423783
4425530
4432529
4433377
4436123
4444398
4446082
4447503
4453119
4454580
4457321
4458003
4459009
4460594
4466944
4468040
4469015
4469567
4470821
4471708
4473051
4474478
4478444
4489493
4491029
4493753
4500074
4500710
4501588
4502773
4504913
4514673
4517862
4532852
4534631
4536465
4537891
4538705
4539695
4541555
4545506
4547015
4552294
4552824
4553431
4554006
4554368
4554895
4556154
4556836
4557222
4557985
4558686
4560810
4561323
4561850
4562398
4562755
4563171
4563647
4563997
4565319
4565838
4566534
4602350
4603152
4603702
4604173
4604728
4605058
4606164
4606884
4615115
4616060
4617210
4620940
4621967
4623299
4624176
4625289
4627696
4628530
4629461
4630202
4631661
4643672
4644547
4645565
4647627
4661561
4664114
4665595
4666974
4669136
4669954
4671194
4672040
4673165
4674331
4675899
4680577
4682747
4683922
4685040
4686694
4691681
4695367
4698889
4700216
4701288
4709741
4711074
4712862
4723053
4723794
4724875
4725775
4727116
4727784
4728338
4729135
4730349
4733484
4735709
4736489
4737414
4738244
4739148
4747886
4748474
4750048
4755688
4756567
4757392
4758204
4758797
4759440
4760211
4761190
4762393
4765544
4773573
4774349
4776242
4786235
4787234
4790651
4803290
4803293
4808337
4809101
4809621
4810222
4813586
4814507
4816182
4817224
4819049
4819730
4822135
4823445
4829266
4831746
4833024
4835061
4841231
4842965
4844619
4845596
4846455
4847710
4848779
4849637
4852605
4854283
4855041
4855876
4856457
4858353
4858976
4859540
4859932
4860316
4860773
4861306
4861815
4862195
4863061
4863533
4863820
4864328
4864749
4865222
4865925
4892541
4893395
4895672
4898630
4899434
4900130
4903122
4904865
4905693
4910260
4911563
4917066
4921682
4922858
4924909
4938094
4941388
4942919
4944564
4945319
4946377
4947036
4947659
4948684
4949935
4955469
4957945
4961057
4961656
4962489
4963785
4970945
4974431
4975572
4976363
4977243
4991610
4992760
4996676
5000842
5004591
5005425
5006590
5007406
5008339
5010421
5012470
5023820
5027970
5029019
5030071
5033100
5034729
5040029
5042578
5043481
5045879
5046996
5049146
5050450
5062148
5063884
5064861
5065452
5068386
5072401
5075164
5076300
5078772
5080155
5082253
5087060
5091356
5093313
5096379
5101296
5102173
5103453
5104700
5105450
5108227
5109541
5110545
5111559
5113525
5114781
5115968
5116597
5117470
5118345
5120033
5121428
5122717
5123631
5124667
5125654
5126913
5128904
5129636
5130567
5135868
5138833
5139576
5140105
5140714
5141186
5141889
5142968
5147402
5149591
5151754
5152586
5153802
5154285
5155332
5156173
5157145
5157878
5158564
5158920
5159348
5159785
5160237
5160572
5161133
5161585
5161942
5162324
5162613
5162964
5163778
5164041
5164728
5165123
5166604
5188429
5195945
5200818
5201408
5222675
5224219
5225591
5232049
5233473
5241691
5242435
5243257
5244628
5245892
5249060
5258284
5259005
5260134
5264014
5265440
5267957
5272850
5273503
5284134
5285036
5285615
5286048
5286606
5287033
5288236
5289458
5290045
5292800
5294893
5297304
5302010
5302832
5304339
5305168
5305892
5317552
5318331
5320279
5320923
5326453
5332575
5337308
5338824
5339652
5340864
5343155
5346260
5347797
5354448
5355172
5355914
5356422
5357215
5357945
5358854
5359582
5361933
5367390
5374184
5375521
5376212
5376922
5378089
5384094
5384641
5385299
5386424
5404540
5405742
5406484
5407042
5407939
5408770
5409370
5410137
5413757
5415433
5416244
5417394
5418396
5419457
5420763
5421932
5423135
5424361
5424995
5426463
5428485
5436906
5437680
5439191
5439887
5440551
5441003
5449571
5453262
5453925
5454608
5456854
5457561
5458127
5458666
5459156
5459692
5460301
5460833
5461693
5462316
5462747
5463188
5464165
5464930
5480828
5482314
5486791
5496256
5519101
5520108
5521434
5522315
5523079
5523874
5525845
5529273
5530824
5531500
5533317
5535945
5551298
5553728
5555088
5556756
5557391
5558190
5559483
5567804
5569848
5570780
5573321
5576104
5577571
5581401
5585438
5586421
5587416
5588245
5589620
5590258
5592037
5592201
5601670
5602335
5603137
5603895
5605470
5606659
5608741
5610204
5624842
5626223
5627207
5628941
5634637
5635345
5636101
5643099
5646645
5647582
5647718
5648532
5650021
5657115
5666853
5667702
5673619
5676986
5678751
5681302
5686075
5688367
5692275
5694333
5695392
5696755
5700368
5701176
5702093
5702567
5704147
5704931
5707205
5708844
5710276
5715668
5716545
5717395
5718016
5719008
5719672
5720451
5721034
5722042
5722682
5723506
5724923
5725995
5727438
5728151
5728930
5729980
5737378
5738499
5738960
5739577
5740430
5744145
5754052
5754688
5755417
5756135
5756797
5757461
5758304
5759178
5760163
5760583
5761219
5761813
5762632
5763014
5763386
5764111
5764504
5765017
5765570
5778488
5779560
5783700
5784911
5810229
5811033
5812869
5816188
5818902
5819776
5819904
5822334
5824671
5825750
5826526
5827257
5828608
5831005
5832894
5839801
5840602
5842075
5847707
5849743
5851412
5852642
5853153
5854496
5855495
5861894
5864617
5873197
5875115
5880150
5881131
5882383
5888232
5890299
5895048
5896130
5897180
5900034
5914844
5919288
5921082
5921986
5926839
5928011
5929509
5930358
5931413
5932562
5938075
5948821
5949768
5951293
5951984
5956220
5957125
5959583
5960441
5961445
5962846
5964876
5965826
5966481
5967622
5968409
5970330
5971679
5972764
5973421
5974430
5976348
5979477
5984225
5991691
5992503
5993085
5995798
6004464
6006150
6006853
6008007
6009041
6011397
6014846
6016982
6017809
6019325
6021126
6023170
6027357
6028998
6030560
6031320
6035203
6036893
6047139
6048221
6050828
6051066
6051780
6052245
6052583
6053911
6054284
6055179
6055481
6055989
6056517
6056846
6058147
6058503
6058977
6059773
6060380
6060908
6061301
6061757
6062441
6062799
6063162
6063579
6064878
6065407
6081897
6082862
6084217
6085872
6087859
6089543
6092723
6094032
6098131
6111474
6112022
6112688
6113276
6122868
6127954
6131057
6132093
6132636
6133875
6142936
6144816
6145432
6147324
6148763
6149910
6151240
6158223
6164182
6166680
6168548
6172970
6173877
6175278
6177423
6178390
6180508
6181501
6182588
6184592
6185426
6187731
6188262
6189315
6191127
6192253
6192946
6192969
6194003
6195410
6200615
6210096
6212906
6214168
6215206
6216035
6217755
6219542
6221308
6222584
6223185
6223764
6224471
6225412
6227467
6228245
6230557
6241841
6242979
6243501
6244554
6244983
6245398
6245874
6246403
6247112
6247688
6248243
6250062
6250920
6251560
6252317
6252915
6256192
6272455
6273234
6276033
6277608
6278644
6279492
6280362
6286761
6287400
6287831
6288875
6289498
6290509
6290917
6291869
6292325
6292923
6293618
6295021
6301981
6303665
6304250
6304885
6306105
6306791
6308801
6310255
6318455
6319904
6336897
6338993
6339349
6339792
6340405
6341156
6342273
6343289
6351848
6352346
6352872
6353512
6354066
6354497
6354905
6355426
6355776
6356250
6356971
6357373
6359263
6359748
6360458
6362082
6362502
6364004
6364501
6365165
6366480
6367830
6386140
6388226
6389578
6390194
6390961
6392306
6419438
6421911
6422614
6423912
6425784
6431631
6442324
6442943
6443776
6444924
6447040
6453378
6454983
6455656
6461413
6462864
6479594
6480383
6481083
6481825
6482620
6490265
6498181
6499249
6499323
6500186
6501029
6509715
6515047
6517599
6519198
6521262
6536441
6536623
6537765
6548912
6550277
6551062
6554461
6557059
6558242
6559552
6560517
6562108
6563086
6565999
6566788
6567524
6568346
6570152
6574887
6579888
6589475
6590571
6591628
6593173
6596266
6603323
6603326
6604789
6606070
6607055
6608354
6611371
6619470
6620400
6622512
6624296
6626552
6628339
6629692
6630606
6631241
6632199
6635580
6636763
6638313
6641477
6642281
6643764
6644843
6645696
6646966
6652760
6653339
6654142
6654651
6655427
6656006
6657411
6657822
6658567
6659744
6660231
6660867
6661365
6661980
6663062
6663422
6663741
6664120
6664680
6665114
6665912
6666272
6666757
6667230
6697035
6697999
6699703
6703726
6704439
6705064
6707556
6714149
6718011
6718787
6719891
6722215
6729208
6730275
6732166
6733205
6733878
6734818
6736751
6737799
6738445
6739083
6739817
6740540
6741327
6751234
6752502
6753521
6760237
6764064
6765393
6767895
6773394
6776131
6785407
6786414
6788607
6799014
6801849
6802939
6803527
6804401
6805156
6808149
6823858
6827672
6828706
6829533
6834419
6835229
6838309
6839253
6839867
6840753
6843290
6848235
6849302
6850092
6850884
6851658
6859453
6864785
6866637
6867859
6869485
6870695
6871912
6872593
6873608
6879175
6884367
6885145
6885915
6891517
6893277
6894311
6895420
6896605
6903324
6904609
6905349
6906383
6909420
6910652
6912875
6913604
6916369
6922348
6935822
6936813
6937546
6938059
6938830
6939775
6940630
6944270
6945771
6947127
6954950
6955774
6956578
6957277
6958169
6958901
6959468
6959903
6961115
6961653
6962070
6962556
6963388
6963703
6964009
6964385
6964694
6965318
6965747
6966026
6983733
6984676
6985797
6988663
6990414
6991621
6992457
6993297
6994257
6996533
7000380
7003015
7004084
7005429
7006622
7012685
7014083
7014831
7015919
7016638
7017412
7019700
7020459
7033840
7035512
7036261
7037181
7043841
7046037
7047494
7052495
7053272
7054326
7057294
7067590
7069583
7070509
7071502
7078357
7079326
7081488
7084032
7086469
7087712
7089393
7090722
7091506
7092292
7092911
7094013
7098838
7101046
7103615
7104515
7105190
7106117
7107104
7120631
7121728
7122701
7123737
7126078
7130846
7132335
7133360
7134266
7135296
7136015
7136990
7137662
7141154
7143174
7144931
7161510
7162126
7163631
7167274
7175219
7176543
7182286
7194631
7195178
7196273
7202037
7203783
7204790
7207911
7209374
7220598
7221412
7222091
7226409
7237852
7237924
7238915
7240225
7241188
7242109
7243200
7245336
7246459
7251184
7251754
7252354
7252704
7253248
7253397
7253853
7254576
7255180
7255717
7256149
7256894
7257498
7257909
7258399
7258839
7259146
7259711
7260690
7261021
7261462
7261808
7262248
7262640
7262992
7263289
7263694
7264371
7264820
7266121
7282428
7283544
7284403
7286818
7303922
7309232
7309980
7310801
7311424
7312548
7313618
7315646
7325173
7328008
7328710
7329550
7330606
7331979
7362940
7365501
7366010
7366428
7367130
7371897
7372742
7374529
7378919
7379982
7380734
7382431
7383872
7385556
7386458
7387397
7388914
7389981
7390836
7391663
7403419
7405032
7406296
7409255
7410286
7423106
7424012
7425204
7433149
7435313
7435905
7436421
7437680
7440466
7443935
7444624
7445384
7447836
7449820
7466251
7469536
7470452
7471102
7471703
7472864
7473819
7478030
7480344
7481392
7486261
7487281
7489110
7489694
7490481
7491161
7509554
7510204
7511921
7519597
7521023
7522236
7524188
7525240
7527029
7529109
7530317
7531460
7532536
7533467
7534380
7536374
7536986
7538135
7539404
7546047
7547385
7553351
7554245
7554813
7555816
7556541
7557963
7560391
7561346
7562070
7562464
7562835
7563195
7563595
7563898
7564302
7564955
7565563
7578159
7579666
7583213
7583900
7603858
7614402
7615405
7622186
7622751
7623675
7625719
7626799
7627696
7638057
7638952
7647014
7647896
7648587
7650237
7661149
7666019
7667048
7669146
7670256
7679465
7681820
7685827
7687088
7689612
7693286
7695076
7703392
7704358
7704886
7705998
7710453
7712553
7713413
7714942
7716155
7717020
7721374
7722274
7723432
7727992
7730906
7732280
7736340
7744112
7744846
7749757
7751840
7769924
7770636
7771604
7772216
7774646
7775944
7777183
7778576
7782102
7785567
7808654
7809792
7811269
7812296
7813473
7814201
7816601
7817926
7821605
7823298
7824728
7825700
7829155
7832924
7836815
7844975
7847389
7851932
7852400
7852607
7853548
7856292
7856708
7858339
7859121
7859659
7860480
7861192
7861669
7862676
7863109
7863404
7864216
7864573
7865060
7865939
7866780
7886529
7887412
7889874
7890844
7897568
7899833
7900930
7902707
7911054
7911789
7912600
7914690
7915559
7916349
7917090
7926137
7928810
7930902
7932240
7935625
7937567
7939293
7940403
7941271
7942301
7943051
7944478
7946012
7949244
7949929
7950811
7951743
7963952
7968002
7970051
7971076
7973908
7974997
7976831
7977485
7986691
7987451
7988732
7995169
7996131
7997207
7998491
8000296
8008117
8009840
8012095
8012808
8013856
8016542
8017520
8018333
8019202
8020164
8022904
8025078
8037049
8038107
8054143
8055313
8056592
8057933
8058676
8059212
8060051
8060969
8060985
8062150
8062732
8063472
8064564
8077301
8078678
8080024
8080866
8081864
8082578
8083074
8083687
8084131
8084533
8086446
8088113
8110275
8110932
8111524
8112046
8112596
8113216
8113859
8114567
8117220
8120325
8121104
8123293
8129346
8131686
8132812
8138641
8139381
8140235
8141011
8143169
8144028
8148204
8150839
8151585
8152282
8153454
8153823
8155115
8155467
8155913
8156278
8156595
8156882
8157451
8157979
8158316
8158903
8159988
8160382
8161095
8161635
8162318
8162797
8163170
8163472
8164310
8164809
8165238
8166625
8167184
8167627
8187788
8199275
8201175
8204845
8209130
8209735
8210727
8211402
8221497
8222582
8229256
8230154
8233900
8235272
8237954
8239822
8240900
8242048
8252294
8254719
8256482
8257309
8258409
8263357
8264581
8266687
8268016
8277713
8278876
8279611
8289502
8291017
8291782
8292499
8294612
8299706
8327408
8329466
8331189
8333536
8336391
8337169
8338725
8340602
8341800
8352521
8353461
8354079
8354786
8358207
8358781
8360209
8368507
8369108
8369652
8370329
8374977
8375759
8376704
8381851
8385804
8386559
8387602
8390047
8391584
8392570
8393320
8394146
8395515
8396285
8400480
8401252
8412965
8415568
8418024
8420010
8421833
8424645
8425510
8426256
8427287
8429228
8435407
8436102
8437490
8438332
8439141
8439866
8440445
8440873
8441781
8442367
8442877
8443348
8443874
8444281
8444873
8451913
8452743
8453335
8454080
8455093
8455600
8456683
8457414
8459520
8460367
8461027
8462631
8463589
8464390
8465640
8487541
8494908
8495910
8504740
8506208
8507570
8509194
8511348
8512382
8513146
8513729
8514386
8515191
8518992
8519811
8520777
8521342
8522107
8525005
8527066
8529366
8539194
8540554
8541358
8552813
8555922
8563061
8564228
8565661
8566937
8567650
8591032
8592770
8593458
8594106
8603305
8604774
8606237
8606996
8607780
8608530
8609604
8613227
8614823
8634366
8635189
8635781
8637226
8640658
8641346
8641906
8643722
8648880
8649444
8650349
8651216
8653061
8654103
8655420
8656291
8657547
8658692
8660097
8661628
8672842
8675428
8678076
8678633
8680160
8681200
8681872
8684075
8694750
8708720
8709502
8710554
8711350
8722440
8723694
8739549
8740824
8742043
8743875
8745717
8755449
8756594
8757584
8758186
8759002
8759559
8760221
8761017
8761741
8762519
8762864
8763580
8763910
8765553
8766066
8767331
8791288
8792466
8793844
8794634
8795454
8797775
8800157
8802108
8803046
8803833
8804918
8805532
8807328
8813497
8815262
8825361
8852430
8853125
8853920
8854647
8856708
8858429
8873865
8878395
8879225
8879999
8881059
8888133
8889801
8890411
8890917
8891616
8892328
8893947
8896129
8897710
8900500
8901961
8903916
8904832
8905622
8907028
8908432
8909184
8919640
8921975
8923825
8925409
8931700
8932713
8933531
8934523
8935434
8949813
8955296
8965887
8966586
8969114
8972957
8973767
8975481
8985926
8987065
8988142
8988953
8989932
8990518
8991251
8992073
9007772
9008611
9009731
9011377
9012410
9013452
9014609
9015525
9016175
9030125
9032925
9038216
9038974
9039588
9040488
9045392
9049580
9050463
9051731
9053408
9054898
9055880
9056422
9057183
9057817
9058534
9059106
9059569
9060180
9061047
9061607
9062438
9062945
9063805
9064484
9064969
9065508
9065824
9066913
9067695
9090548
9091969
9093680
9096860
9097995
9122037
9122799
9123626
9124290
9128542
9129456
9132228
9137586
9138363
9138988
9139810
9143372
9145318
9146364
9146981
9147769
9149510
9150176
9164474
9165204
9175404
9176592
9187958
9189976
9193250
9194492
9197832
9213962
9215749
9218790
9222973
9235124
9236214
9237485
9239684
9241121
9257125
9259392
9260047
9261533
9263055
9264113
9266179
9269108
9270403
9274270
9274787
9275343
9276129
9276886
9278016
9279119
9280328
9280897
9282386
9282928
9283535
9284199
9284608
9285575
9286466
9287424
9301515
9302185
9302650
9304547
9305568
9305992
9309149
9327906
9331256
9331947
9333257
9333971
9335778
9337532
9340391
9351039
9354019
9354854
9355620
9356326
9357924
9359625
9360720
9361974
9362605
9364180
9365038
9365462
9366015
9366684
9398086
9398787
9400068
9401739
9406264
9407165
9407778
9408956
9412327
9420730
9421730
9434801
9435599
9438806
9439922
9441328
9443193
9449399
9450117
9451024
9453520
9454786
9457050
9459907
9461813
9462729
9463630
9471403
9474828
9475010
9475481
9475981
9476630
9478350
9480162
9481755
9483634
9486457
9487447
9488922
9491642
9492959
9494509
9501130
9502739
9520992
9521561
9522071
9523382
9523953
9525310
9525816
9531114
9542487
9545213
9546995
9548896
9549698
9550313
9551289
9552506
9553375
9554046
9554644
9555967
9557312
9563379
9565235
9569146
9580297
9581425
9582452
9583829
9584710
9585395
9586115
9586587
9588283
9589989
9594455
9603037
9605885
9606900
9608239
9609119
9610824
9613906
9617767
9619769
9622930
9625016
9626290
9637677
9638306
9638999
9640231
9641646
9647525
9650906
9653499
9654434
9654992
9655704
9656458
9656932
9657465
9658184
9658970
9659877
9660688
9661179
9661712
9662284
9662691
9663978
9664363
9664905
9665348
9677942
9679140
9680275
9681217
9681972
9682741
9685507
9691789
9693011
9697307
9709154
9710156
9710670
9711290
9712616
9714591
9716034
9717012
9718223
9719624
9744004
9744669
9745357
9746643
9748081
9754342
9755549
9761343
9761926
9762619
9763277
9764043
9764624
9765437
9767165
9770629
9771719
9780692
9781907
9784370
9785852
9789890
9791019
9800294
9801199
9801946
9802647
9803194
9804139
9804759
9805288
9809386
9811078
9816675
9818104
9820337
9823176
9824843
9825530
9826002
9826715
9826882
9827593
9835499
9838529
9839202
9839930
9840709
9841442
9843504
9844254
9845615
9849846
9850651
9852361
9852980
9853459
9854211
9854889
9856741
9866959
9869160
9870640
9883413
9888184
9890111
9895232
9902560
9903275
9907868
9909969
9911711
9914277
9925995
9926681
9927196
9927816
9928567
9930821
9931991
9937042
9939758
9940965
9942302
9954358
9955062
9956245
9957001
9957452
9958565
9959078
9960028
9960675
9961410
9962431
9962973
9963561
9964360
9965276
9966049
9996308
9998987
10000170
10005422
10006394
10007559
10008854
10009477
10010119
10012430
10013331
10014659
10015195
10018218
10030728
10031423
10032405
10034743
10035600
10036434
10037166
10037629
10038115
10038597
10039051
10039548
10039935
10040324
10040742
10041152
10041465
10042130
10048590
10050150
10053637
10057470
10058363
10075635
10076579
10080529
10081466
10083561
10084999
10085780
10086641
10101514
10104549
10105435
10107095
10112831
10114375
10115163
10115817
10116554
10117458
10118677
10119361
10120226
10122710
10123773
10124571
10125527
10126753
10128352
10130237
10131397
10132768
10134052
10147663
10152797
10163640
10165270
10167531
10168559
10170874
10171746
10172371
10173300
10173923
10174558
10175578
10176686
10178714
10180375
10181380
10182150
10183049
10188674
10190671
10192535
10194214
10195193
10195736
10200811
10202911
10205329
10206157
10207209
10208389
10209912
10211608
10212511
10216112
10222801
10224504
10225464
10226260
10227343
10227898
10229271
10230228
10254231
10254948
10255619
10256349
10257043
10257591
10258361
10259497
10259948
10260341
10260770
10261171
10261673
10262163
10262475
10263043
10263614
10263974
10264646
10265554
10266148
10266978
10286491
10287595
10288317
10289316
10304239
10305226
10310342
10314363
10315167
10316860
10317625
10318332
10319978
10321611
10322722
10331896
10332986
10337972
10341078
10349418
10352511
10354021
10360485
10364932
10365610
10366393
10367739
10369112
10371109
10372267
10379825
10380859
10382166
10383242
10384430
10388747
10391064
10391745
10399169
10400267
10402941
10405625
10407544
10408309
10409050
10409971
10411201
10412154
10413780
10414746
10415987
10417268
10422231
10423614
10433557
10434601
10435547
10450803
10455036
10456012
10457271
10458898
10460311
10463244
10463861
10464443
10465064
10466290
10467887
10469021
10469480
10470195
10471881
10490815
10491809
10492400
10493481
10494189
10500785
10508732
10510979
10512361
10518980
10521869
10522822
10524024
10524696
10525274
10525780
10526338
10527607
10528133
10529727
10534221
10538977
10539605
10540355
10541168
10543536
10546772
10548192
10548877
10550920
10554851
10555335
10556239
10556695
10557284
10558354
10559558
10560275
10560797
10561204
10561797
10562257
10563029
10563787
10564148
10564811
10565231
10566031
10566923
10599621
10600741
10604283
10607390
10608781
10609994
10627690
10636209
10638575
10639621
10640799
10642107
10644134
10652827
10653551
10654958
10656716
10658231
10659365
10662347
10673748
10677223
10677856
10678900
10679855
10683048
10691028
10692059
10693531
10694478
10695935
10698220
10699128
10700074
10700726
10701559
10701581
10703494
10706523
10708308
10711709
10713279
10714036
10714798
10715647
10716641
10717821
10718850
10719769
10721338
10721947
10738034
10738863
10739703
10741733
10744771
10748637
10763823
10764446
10765342
10767981
10770264
10777244
10778313
10778955
10779985
10785872
10786721
10788267
10788376
10790028
10794867
10803578
10808943
10810402
10813232
10816068
10819640
10825661
10829830
10833272
10835576
10836655
10840082
10842378
10843461
10845459
10850724
10854321
10855078
10855787
10856232
10856984
10857807
10858317
10858859
10859252
10859954
10860391
10860825
10861273
10861714
10862308
10862637
10863181
10863503
10863972
10864434
10864938
10865399
10868216
10894713
10895674
10896251
10896742
10897392
10897892
10898637
10899695
10900587
10901586
10903491
10927070
10935310
10936503
10937094
10948800
10949350
10950144
10952592
10953125
10960079
10964031
10964396
10964838
10965780
10966484
10976853
10979417
10980175
10981320
10983249
10984042
10985115
11017563
11018512
11019357
11021264
11023181
11024498
11025430
11027051
11037337
11043784
11044361
11045022
11049644
11050428
11052208
11054885
11056013
11058111
11060316
11076702
11077253
11079010
11079946
11081028
11082111
11085939
11087338
11088083
11088968
11093088
11094399
11109825
11110944
11115140
11119999
11120782
11122360
11124355
11125077
11127380
11140902
11144126
11144986
11152898
11153574
11154429
11155890
11156512
11157957
11158770
11159556
11160130
11160790
11161308
11163297
11163662
11164305
11166900
11200308
11204278
11205379
11206096
11207178
11208350
11212781
11227409
11228540
11230204
11231352
11232145
11233479
11234840
11235858
11236678
11237411
11238181
11247265
11252076
11253039
11254081
11255279
11258373
11260140
11271518
11272705
11273907
11278012
11279229
11286532
11287414
11293840
11294866
11295932
11300852
11302038
11302803
11303404
11304332
11311541
11312160
11313032
11319866
11322410
11324536
11328303
11330095
11334877
11336337
11337190
11338683
11340451
11341627
11342963
11351338
11353766
11354769
11357077
11358368
11359345
11360948
11362391
11368849
11376540
11377557
11378377
11379157
11380774
11381533
11382480
11384755
11385777
11387121
11388382
11390869
11410086
11411078
11411700
11412519
11417463
11419016
11420060
11421049
11428451
11429645
11430109
11431060
11431319
11431511
11432094
11433843
11434668
11435895
11437909
11439744
11451575
11452151
11452515
11452757
11453290
11453515
11453658
11455025
11455473
11456908
11457719
11458256
11458772
11460281
11462061
11462510
11462941
11463454
11464999
11465948
11466519
11486499
11487509
11489621
11514640
11515373
11516305
11517067
11517717
11518804
11519385
11520352
11521076
11523119
11525179
11526060
11529115
11532638
11538529
11548370
11549411
11550349
11552516
11554382
11558750
11560379
11561189
11561763
11563367
11564085
11566100
11586172
11586909
11587990
11588554
11588990
11589590
11590006
11590218
11590388
11590773
11591661
11592425
11593540
11593935
11594855
11598012
11613131
11614331
11614991
11615590
11617382
11618811
11632532
11633802
11635949
11636921
11640420
11646916
11648168
11649112
11650136
11651207
11654624
11657103
11659044
11661362
11663188
11676262
11681181
11682271
11685332
11687175
11688144
11689513
11690805
11691980
11701161
11711546
11712680
11713406
11714765
11715601
11716300
11718724
11720290
11721617
11727662
11731572
11750731
11752804
11753444
11754171
11754827
11756337
11757097
11759813
11761704
11762313
11762769
11763272
11763722
11765903
11768493
11791927
11796675
11797745
11804448
11811034
11812337
11813555
11818980
11821492
11822338
11838729
11843122
11844230
11845077
11846042
11847328
11850054
11854104
11855109
11856178
11857140
11858130
11859776
11863286
11865025
11866582
11885380
11886650
11888375
11889446
11890617
11893117
11896214
11897732
11898716
11909418
11910890
11911501
11914335
11919886
11920860
11937375
11939563
11940422
11941803
11949258
11950365
11951294
11952840
11953501
11957270
11959288
11971772
11978816
11980436
11982560
11987000
11994298
11995982
11996729
12008097
12014218
12014840
12015711
12016170
12016963
12018478
12021285
12022653
12024168
12027698
12029003
12040657
12042841
12046678
12049519
12053991
12054833
12057466
12061285
12062288
12063020
12063565
12064215
12065083
12079989
12080703
12081277
12081820
12082412
12083143
12083643
12085077
12085761
12099862
12111609
12115500
12116473
12121492
12122100
12122808
12124101
12131567
12133269
12156390
12156996
12157702
12158791
12159916
12160636
12162562
12163458
12164461
12173509
12175579
12176505
12177254
12183762
12185749
12196576
12197671
12201149
12201827
12202417
12203026
12204056
12206787
12210617
12214129
12218591
12220185
12224421
12225293
12242853
12245531
12249848
12250655
12251665
12253181
12255513
12263365
12270373
12271006
12271795
12272425
12273990
12276647
12278605
12280052
12288376
12289893
12316487
12317512
12318260
12319158
12336124
12336967
12337705
12338099
12338589
12339120
12339845
12340256
12340807
12342827
12343528
12353335
12354466
12355106
12356667
12357391
12358288
12359107
12361324
12362270
12362984
12363375
12364487
12388966
12390302
12393241
12395023
12408357
12409612
12409644
12410886
12412539
12417642
12436477
12437504
12439496
12442735
12444105
12459057
12459611
12460502
12461054
12461595
12462038
12464157
12464788
12467414
12469738
12470607
12471445
12474283
12478497
12479105
12480721
12483036
12491308
12492211
12493119
12493968
12495549
12499270
12505422
12508058
12516216
12525605
12528909
12529561
12530273
12535485
12538191
12550185
12552763
12555927
12556763
12557275
12557512
12558332
12559781
12562611
12567321
12568987
12574181
12593375
12601939
12603830
12604897
12606877
12611211
12637096
12641025
12644227
12645146
12646421
12652009
12652487
12653602
12653976
12654282
12654789
12655143
12655490
12655858
12657280
12657847
12658331
12659162
12662689
12663143
12664777
12665556
12666754
12698796
12699346
12700161
12704681
12720504
12721338
12722035
12723091
12723854
12729333
12733783
12743952
12745191
12746075
12746834
12749188
12750237
12752170
12755684
12766193
12767657
12769573
12772505
12773340
12774374
12779558
12782778
12783654
12784451
12798489
12801629
12808947
12812799
12816769
12817524
12818763
12820531
12823559
12824596
12825926
12830199
12838817
12850668
12853578
12853583
12854064
12855578
12857854
12859231
12861295
12863233
12863593
12868126
12868804
12870062
12871018
12872461
12877713
12879035
12885096
12886059
12886820
12887659
12897123
12901039
12902097
12903519
12904400
12906867
12910224
12911334
12912312
12933642
12934718
12935300
12935953
12936658
12937488
12938541
12944568
12945848
12946740
12949756
12951433
12952684
12953442
12954157
12955089
12956029
12957629
12958925
12959747
12960353
12960770
12961272
12962198
12962720
12963285
12963688
12964165
12964919
12965298
12965816
12987106
12988147
12990614
12993482
12994863
12994865
12995534
13001312
13002431
13004403
13016687
13017899
13018583
13019200
13019688
13020241
13021752
13029159
13030627
13031805
13034150
13036013
13037107
13037930
13040388
13042002
13044928
13047204
13047883
13049359
13056177
13058235
13059674
13064377
13066295
13070384
13076435
13077003
13078064
13078679
13079253
13079893
13083259
13089236
13090092
13090621
13091516
13091997
13092376
13092717
13093249
13094391
13095999
13096887
13126729
13128416
13129143
13130098
13136730
13137758
13147905
13148947
13149652
13150454
13151546
13152463
13154395
13155632
13157531
13160290
13162864
13165091
13188736
13189836
13190744
13191733
13193243
13196449
13202324
13203679
13205607
13206440
13207452
13209946
13211054
13216455
13217181
13218293
13226499
13226985
13227531
13231229
13231718
13232538
13232890
13252021
13254604
13255363
13255834
13258074
13258868
13259333
13261069
13264263
13264886
13266135
13281627
13289449
13292187
13294053
13295356
13296889
13304861
13305574
13306928
13323752
13325276
13327743
13329855
13331198
13333273
13334128
13334690
13339586
13343256
13346733
13347857
13368132
13369927
13371338
13374141
13381022
13390339
13391700
13393259
13394239
13394844
13396047
13397045
13403221
13403664
13405033
13405574
13406388
13407078
13409250
13415643
13416631
13417641
13419511
13422169
13441181
13443299
13444588
13445541
13446633
13447332
13448637
13451520
13471396
13472306
13472836
13473997
13474481
13476811
13481721
13482965
13484285
13485599
13500996
13501759
13506655
13508029
13510123
13513905
13516379
13517805
13534092
13535314
13547139
13552598
13554120
13554674
13555219
13556082
13558189
13559223
13560294
13560835
13561394
13562319
13563200
13564093
13565159
13583174
13585156
13588518
13592155
13594369
13609018
13611115
13614380
13615082
13616649
13617231
13618604
13620227
13621679
13623863
13633725
13634916
13635914
13637813
13654109
13655711
13658460
13658801
13659337
13660034
13666311
13668562
13669978
13679299
13680361
13682895
13693594
13696338
13697358
13700326
13704887
13713707
13715039
13715589
13716630
13717541
13718236
13718725
13719676
13720885
13722485
13730535
13732643
13739245
13739881
13742139
13742943
13745159
13749977
13756184
13757183
13758468
13763067
13763721
13764395
13770497
13771580
13772885
13775102
13776423
13816192
13820478
13821261
13822155
13822832
13825891
13827902
13841683
13842662
13844707
13845107
13845512
13845940
13846312
13846843
13847256
13850165
13853576
13854672
13855509
13856515
13857308
13858886
13859430
13860019
13860611
13861367
13863467
13863900
13868349
13906559
13907945
13910322
13912097
13913317
13922438
13923468
13924393
13925498
13926833
13928500
13937075
13939469
13942240
13950909
13951627
13952648
13954153
13956024
13958124
13959846
13970356
13971048
13971712
13972641
13974210
13983950
13984654
13985319
13987410
13993207
14000549
14004368
14010307
14011123
14013235
14013996
14014559
14015362
14016275
14018991
14020333
14022142
14023179
14024173
14026195
14026819
14027825
14028937
14029839
14041097
14041895
14043943
14055689
14061862
14062690
14071196
14072061
14072867
14073644
14075858
14095929
14096738
14112390
14114100
14115394
14116738
14117328
14118321
14126069
14126815
14129324
14130724
14132224
14151491
14151517
14153446
14154059
14154522
14155040
14155762
14156197
14157166
14157521
14158350
14159473
14159804
14160205
14160834
14161231
14162292
14162646
14163154
14163647
14163982
14164533
14165107
14165799
14167004
14167850
14190385
14192193
14210392
14211392
14213587
14216774
14217540
14218246
14219167
14219747
14220357
14220890
14221816
14222671
14223582
14225096
14225773
14227520
14228672
14230017
14231074
14239413
14240248
14241100
14241997
14244330
14249149
14251745
14252355
14253006
14253544
14255744
14257240
14284782
14285565
14286204
14287663
14294542
14295650
14296979
14297858
14299878
14301251
14305318
14310016
14311689
14315075
14316474
14317399
14318763
14322233
14323189
14323972
14325842
14326836
14327991
14341971
14346373
14348132
14349334
14352171
14355967
14365774
14374204
14374905
14375708
14393553
14394294
14395287
14396031
14406581
14409361
14410413
14412660
14413868
14420506
14421870
14422750
14434518
14436359
14442162
14444434
14445249
14446343
14446850
14453253
14453902
14455194
14456342
14457090
14458105
14458709
14459396
14459937
14460613
14461528
14462097
14462552
14462993
14463306
14463627
14464039
14465417
14466553
14486054
14486602
14487144
14488183
14489001
14489637
14490811
14504599
14505571
14507220
14514956
14515553
14516807
14530774
14531475
14532092
14532800
14533438
14534177
14535678
14536674
14538458
14542218
14559411
14561919
14563993
14578735
14579892
14581205
14581919
14582933
14586731
14587725
14588751
14594454
14596319
14614212
14615413
14616009
14617233
14617901
14620345
14638464
14640170
14641598
14649224
14651071
14654214
14654833
14656364
14658191
14673081
14673809
14674801
14678007
14679760
14694509
14694917
14696167
14700980
14701787
14702869
14704144
14704770
14712203
14712913
14713623
14714142
14714832
14715306
14716017
14717791
14726475
14727131
14728009
14729166
14730989
14732105
14744479
14745751
14748460
14752561
14753264
14754888
14755416
14756995
14757866
14758806
14760967
14761926
14762601
14763895
14766060
14766895
14795847
14796963
14798306
14806039
14815239
14820671
14821350
14823771
14825673
14826618
14828013
14829117
14838956
14841890
14842525
14844197
14846125
14847464
14849407
14859042
14859715
14861535
14864355
14865873
14866994
14869814
14878126
14906933
14908062
14910076
14914108
14922506
14923380
14923902
14926320
14929964
14930716
14934678
14939046
14940215
14941033
14941829
14942393
14943292
14944773
14946714
14947683
14949211
14957913
14959743
14962437
14980818
14981687
14988942
14990374
14993556
14994247
