52729.06
54154.56
72218.08
74001.64
124596.1
129019.4
191004
202486
205105.3
209712.2
214773.5
218520.7
296085.1
351514.8
386833.5
438732.4
450082
451212.8
455182.6
469061.8
527268.2
528545.9
532448.8
580349.2
608929.4
625584.8
637060.3
643517.4
652172.6
716031.3
746871.2
782517.4
795901.2
838348.7
846799.6
870304.8
874634.8
922342.1
952138.7
953001.1
977849.5
989130.8
1161416
1177035
1204793
1252343
1304182
1374467
1407612
1420427
1442864
1443991
1463713
1467429
1469389
1470052
1470189
1493622
1543803
1571825
1573175
1703253
1720952
1764056
1772402
1791407
1801323
1821563
1824966
1827067
1850470
1850938
1851851
1875877
1877658
1908517
1946655
1951821
1976832
1984659
1988619
2026587
2058421
2091456
2129738
2133092
2145991
2199002
2230567
2231102
2241654
2272825
2275239
2301696
2354546
2481123
2483055
2497787
2533727
2545768
2573549
2577089
2636951
2684760
2687220
2706839
2742806
2781819
2789738
2798866
2876021
2887452
2889224
2912447
2951126
2952795
2954003
2958867
2986036
