3446.878
4044.721
4157.089
5447.15
8247.194
9944.016
11607.81
12569.07
14286.47
15895.47
16261.51
17192.57
20279.66
21615.55
23962.19
24202.76
26220.26
29565.86
30411.08
31963.71
32629.17
32658.02
36269.8
36810.94
38847.99
40772.48
42694.75
43161.05
43339.83
45557.39
48252.51
48844.64
49094.85
49220.7
49851.4
49938.82
52981.53
52994.25
64873.08
65572.69
67764.65
68630.32
69599.08
70181.44
73093.8
73382.54
74782.87
75228.11
75473.63
76132.71
77425.54
79947.58
80271.68
82347.01
85870.9
96930.54
101332.9
104539.7
105553.3
108987.1
114472.4
115971.2
119954.6
120402.4
121001.3
121486.9
123704.7
128718.5
129532.8
130599.7
135224.5
135541.8
138400.2
140930.3
142085.5
143430.4
144139.5
144900.6
147400.1
149453.4
154582.7
156337.5
156929
157194.7
158778.5
160174.5
160476.6
161099.7
161834.1
164645.2
165132.9
171860.3
173558.1
174153.3
177678.5
180632.4
182925.8
184221
189297.2
194223.2
200028.5
204568.4
205147.8
205166.5
206805.1
217281.9
220436.8
221119.4
221144.3
222536.6
223085.7
226002.1
226111.8
227036.1
227605.3
227721.8
229034.5
229198.8
233383.8
234049.1
234657.7
237594.4
238168.3
238629
238794
239999.1
240336.2
240526.9
242189.3
243884.5
244573.5
245003.1
247263.5
247302
248242.5
248632.1
252153.6
253031
254931.7
255532.3
255816.8
257621.5
267164.7
270694.5
272097.7
272814.5
272977.6
274308.5
274336.9
275277.2
280523.4
288277.4
291201.9
300132.2
300397.4
301204.2
303387.8
305168.7
308846.6
309707.5
310216.4
310652.1
311023.5
311480.6
311628.5
311914.3
312785.6
314072.9
314582.4
317359.7
319930.2
321154.9
323941.5
326288.3
327163.2
329719.3
332504.5
334266.3
336821.1
336988.1
339615.6
340561.4
341550.6
345455
349080.5
349099.8
350666
351287.6
352291.4
352962.3
361932.8
364018.8
366777.6
368313.3
368513.7
368855.2
371514.9
372279
372484.2
372740.7
373913
374179.8
375026.3
375529.4
376132.4
378949.9
379006.6
379779.3
380902.9
381301.9
381638.1
381816.6
381997.3
382149.4
382259.6
382486.1
382509.2
382750.7
382990.5
383282.1
383559.6
383886.4
384397.1
389276.9
394602.2
395443
399289.8
403051.2
407149.2
407224.5
409842.2
409909.8
411175.3
411798.7
412988.8
413671.1
414545.5
416108.2
416500.2
417046.1
417499.4
417920.8
418064
424718
433081
434301.3
435568.5
437686.7
439002.2
444013.1
447519.6
450625
452408.5
452483.2
458928.9
460684.6
463863.3
464175.3
466567.2
467051.4
468259.7
468602.2
472893.2
474451.7
479000.4
482797.4
494391.2
495290.2
496067.6
499335.1
499814.4
500130.8
501713.3
501827.4
503552.8
508380.2
509845
510187
512168.7
514207.5
515135.9
519082.1
520748.6
522480.2
522824.5
523883.8
524562.4
526922.7
527327.4
527354.7
528257.2
530330.3
531803.8
535061.5
535712.6
536357.9
536537.4
538983
539645.6
542804.3
543318.1
546022.1
549192.9
549248.2
549315.4
553405.2
553778.1
554009.5
554114.3
565206.3
567718
569630.8
570638.5
572009
572238
572756.8
572863.6
573168.5
573681.7
579229.2
580023.5
593066
596626.3
596947.7
604226.9
605246.7
606343.9
606400
611663.8
611771.9
612146.7
612449.4
612674.9
613205.5
623845.9
627334.4
628053.2
628089.6
630509.8
630863.7
638146.5
639456
639941.2
642093.4
642347.4
642602.6
645507.3
645571.3
648769.1
648967.3
649187.2
649408.1
650544.7
651552.3
661107.6
666461.5
667435.4
670198.8
671229.2
671908.8
672477.2
673689.5
673702.9
674454.8
674537
675128.8
675547.4
676317.5
677195
677405.5
678093.9
678232.3
678256.2
678714
680469.2
682020
682597.3
684144.3
684822.6
686312.8
689473.4
692079.2
693496
699322
700691.8
701681.6
702542.6
703026.7
703778.5
704606.2
706855.4
707720.5
711567.9
712498.8
714185.3
715460.8
715502.1
716314.9
716730
717350.3
718217.4
718680.3
719530.5
724340.8
726459.7
728464.4
731397.9
732667.1
733733.8
735540.1
739918.5
748335
748704.6
749830.3
755075.1
755454.2
769211.4
770842.8
770887.4
771484.5
771581.9
772076.4
772484.5
773095.4
774455.1
774683.9
774710.6
776377
777882.4
779512.6
780461.8
782798.4
783589.5
786044.6
787718.9
789830.5
793319.9
797506
808175.7
808433.1
810465.1
814217.6
814893.2
816292.6
819270
824438.7
826683.3
829148.3
830328
830841.5
830880.4
832110.4
835646.3
837586
841646.4
842449.5
843330.7
844390.6
845071.1
846293.4
846391.5
852632.6
860942.2
863646.3
864122
865757.9
867795.6
868407.7
868408.1
869039.6
869440.8
870096.1
877362.8
883021.3
885499.9
886174.2
887659.5
889648
892189.2
893060
894414.4
894929.5
901110.2
901257.4
902483.5
907527.5
907757.2
907876.5
908515.8
913521.6
913843.8
917853.7
918292
919173.3
919782.3
920684.9
921033.2
924989.5
926211.7
926552.5
928784.3
934090.4
937015.8
941967.6
943751.4
946505.6
947281.4
948138.7
948961.1
949179.3
949219.5
950767.6
961382.3
964198.9
967439.7
970068.4
970664.8
973299.2
973561.6
973718.6
974638.8
975962
976370.9
977744.2
978404.3
981754
983643.2
984552.5
984672.6
985345.9
989095.4
998181.3
998267
1001897
1001992
1002881
1003344
1003569
1011090
1011256
1011503
1012164
1013383
1017635
1019153
1019195
1026891
1028663
1031974
1034049
1034809
1036193
1039188
1040411
1042491
1043724
1044323
1046960
1047295
1053244
1055459
1056936
1057528
1058756
1059433
1061131
1061233
1062827
1062829
1064691
1065118
1065118
1067255
1069668
1070302
1072211
1072641
1073084
1073593
1076793
1080375
1080872
1081898
1083679
1085877
1089894
1091569
1094502
1094871
1095216
1095457
1096124
1096361
1096717
1096823
1096997
1098911
1099253
1101397
1101479
1102231
1103810
1103882
1104615
1105224
1105877
1108526
1111842
1114503
1114871
1117246
1120237
1120842
1121898
1122101
1122831
1124443
1125340
1125428
1125959
1126500
1129762
1131402
1132578
1134323
1135181
1137016
1138699
1138844
1139866
1140590
1140640
1142207
1143054
1143589
1143935
1144893
1147093
1148152
1149672
1157014
1159895
1164313
1164611
1165676
1169313
1180416
1180946
1182921
1183503
1183693
1184147
1184839
1185504
1185675
1186950
1187863
1188207
1195782
1201646
1202453
1203388
1204292
1204818
1205552
1207330
1209045
1211006
1211740
1215127
1219962
1223445
1225615
1229349
1229485
1230027
1230402
1230897
1231567
1236458
1239624
1241502
1241586
1243616
1244317
1244367
1245021
1246845
1249406
1249692
1249919
1250979
1252207
1270692
1274244
1275025
1275092
1277671
1278056
1279291
1285137
1287152
1288255
1290115
1290289
1291333
1292117
1293190
1293341
1294783
1295638
1297647
1305548
1308600
1308667
1308758
1313042
1316911
1321058
1324012
1324603
1325062
1326495
1327081
1328333
1330725
1333712
1341917
1343458
1345090
1345186
1345929
1347608
1350062
1356922
1363778
1366244
1367590
1374640
1375770
1382014
1386977
1387398
1390485
1399070
1400802
1407271
1409616
1410902
1413106
1413810
1416683
1418001
1420377
1422883
1426537
1428331
1428919
1434318
1448016
1449528
1449557
1452455
1453650
1455098
1457759
1463222
1467696
1468359
1468436
1468745
1468904
1469029
1469463
1469638
1469830
1470019
1470249
1470642
1470711
1470911
1471121
1471536
1471560
1471642
1471692
1472330
1472494
1472687
1474589
1476170
1477251
1479049
1479383
1479471
1480785
1482023
1482207
1484597
1487986
1488709
1488982
1489289
1489577
1490054
1490396
1490821
1491259
1492062
1492532
1493070
1495575
1501252
1506663
1507538
1507779
1511447
1512653
1512712
1512797
1513524
1514882
1520384
1525984
1526511
1530106
1532584
1532728
1533526
1533963
1534644
1536082
1538573
1539789
1540447
1540501
1541194
1544033
1548306
1548855
1549372
1550061
1552288
1554430
1568070
1570284
1572556
1573590
1573932
1578751
1583023
1583105
1587155
1587626
1587754
1589902
1593197
1598259
1598409
1598621
1599147
1599599
1600486
1602518
1602781
1605307
1606483
1613031
1615832
1617580
1619667
1621853
1623154
1624523
1624999
1626113
1627862
1628854
1629762
1630096
1630631
1630944
1631362
1635536
1638621
1638893
1639808
1641225
1641277
1649681
1649855
1650620
1652894
1657242
1657577
1658603
1662613
1664419
1665215
1665478
1669130
1670838
1671473
1671830
1672191
1674229
1674652
1676688
1677005
1677154
1678847
1682833
1684080
1685881
1687200
1687887
1688200
1688867
1690793
1693198
1697855
1698542
1699130
1701054
1701852
1703343
1705295
1707473
1707698
1708423
1709271
1710181
1710511
1710782
1710794
1711521
1711688
1712000
1712189
1712374
1712768
1712778
1713218
1713817
1713865
1713897
1713950
1714423
1714458
1714500
1714540
1714935
1715050
1715410
1715978
1716054
1717486
1720240
1722579
1724034
1724780
1734018
1734149
1734923
1737465
1738035
1738877
1739600
1740021
1740204
1740696
1741020
1741748
1742166
1742243
1742538
1750437
1757507
1757787
1763908
1764772
1765178
1766953
1767859
1767904
1780687
1780832
1781261
1781563
1788883
1789761
1805395
1809881
1811648
1812109
1813432
1817379
1817854
1821995
1822188
1823022
1824263
1824273
1824979
1825799
1826454
1827380
1828535
1830660
1831361
1831378
1832169
1832262
1833860
1835705
1835894
1838092
1839875
1840075
1842760
1843254
1843964
1847883
1848598
1850650
1851995
1852121
1852916
1858611
1866563
1866964
1868129
1870037
1870680
1871229
1871848
1873166
1873405
1873605
1874431
1876959
1879492
1881119
1882536
1893090
1895499
1897802
1898750
1900073
1901052
1903010
1907602
1911937
1911938
1916744
1920047
1922339
1929252
1929835
1930021
1930084
1931184
1932011
1932674
1934414
1935147
1935364
1940268
1942091
1942919
1944066
1944523
1947180
1948789
1953654
1955250
1960041
1961235
1962494
1963044
1963953
1964650
1965109
1965196
1965566
1966587
1967952
1971825
1973195
1973306
1973747
1974205
1975904
1976237
1977696
1977879
1979346
1981828
1985348
1989422
1991569
1992164
1994650
1999734
2001233
2001909
2002794
2003933
2007136
2007864
2008814
2009066
2010610
2012420
2013303
2015200
2015623
2020792
2022824
2023083
2023352
2025608
2026196
2026198
2026450
2026744
2027207
2027871
2028807
2031509
2031762
2032941
2037525
2042113
2046347
2048128
2051871
2052551
2053565
2053728
2055894
2056111
2057751
2067936
2072542
2074561
2082480
2085050
2087074
2087699
2088662
2089324
2089817
2090139
2092172
2095065
2095432
2096638
2100957
2105437
2107207
2113577
2116394
2119118
2124802
2126510
2126816
2126989
2128306
2128844
2131293
2133170
2133381
2135076
2136038
2136351
2136525
2138974
2141904
2142189
2148109
2148274
2148693
2148855
2149279
2150513
2152156
2152578
2160617
2165565
2167354
2169883
2170051
2170994
2174350
2180163
2184861
2185956
2186156
2187340
2188041
2188481
2188771
2189480
2190605
2192019
2192208
2192912
2194943
2195992
2197715
2198978
2199037
2199069
2200264
2207186
2207784
2208123
2214112
2218577
2224427
2225096
2231494
2234215
2235247
2235458
2249736
2253218
2254147
2255274
2258308
2267541
2272653
2273055
2273478
2282811
2284229
2285507
2287974
2292701
2293609
2294378
2294430
2295455
2295798
2297243
2297655
2298352
2300774
2301658
2309615
2311245
2312412
2312672
2312997
2317248
2318602
2320145
2321446
2323777
2326238
2330344
2330804
2334416
2337452
2337949
2338252
2341717
2353250
2354012
2354431
2355183
2355927
2361949
2362078
2364183
2368068
2368659
2368782
2369821
2369926
2371024
2372138
2376897
2377668
2379098
2379541
2384765
2384939
2385786
2386581
2391292
2392159
2392287
2395400
2396992
2405405
2405593
2407185
2411540
2413811
2419668
2423165
2423724
2428573
2429173
2430528
2432414
2432862
2436380
2438413
2439094
2441232
2443353
2443739
2444530
2446208
2446671
2448827
2449110
2449204
2449392
2449695
2450295
2459780
2460028
2462798
2464116
2467786
2468244
2469229
2470417
2470670
2470770
2471130
2471556
2473359
2473426
2474784
2478290
2478541
2481647
2482611
2484334
2485494
2485972
2485974
2486491
2487190
2487745
2488230
2488691
2488943
2489003
2489131
2489685
2490217
2496082
2509713
2517786
2521265
2521726
2522103
2522529
2523045
2524114
2525604
2526305
2527062
2527561
2527746
2528731
2530710
2535833
2541125
2541250
2543969
2551801
2553175
2554071
2558752
2560599
2562457
2565411
2566089
2568472
2570249
2571346
2575010
2581552
2583598
2586595
2594552
2594990
2597532
2597532
2598144
2598657
2598790
2599289
2599329
2600239
2600836
2601568
2602178
2602736
2603410
2604524
2605324
2607834
2608118
2614161
2615121
2616806
2616943
2619991
2621347
2624092
2628563
2634244
2636950
2637603
2637605
2637902
2638279
2638871
2639374
2639865
2639875
2640418
2641238
2643982
2644983
2656653
2657021
2657770
2658233
2659238
2659698
2660891
2661505
2662814
2663630
2664073
2665322
2666014
2667203
2668109
2670345
2670602
2671530
2674336
2675124
2682181
2688115
2688863
2689725
2690229
2690538
2690882
2691859
2692911
2692981
2693315
2694115
2695013
2695875
2703125
2703364
2703707
2704662
2707034
2707410
2707838
2707921
2708091
2708307
2710632
2712933
2717166
2722439
2728013
2728255
2732608
2735737
2740562
2740648
2741848
2745038
2745629
2748744
2749606
2750097
2751230
2752368
2755663
2763834
2765537
2765762
2765875
2766713
2767389
2770240
2772464
2774903
2775009
2776623
2777468
2777726
2779152
2779240
2780234
2781663
2781979
2782158
2782544
2782936
2783310
2783560
2784540
2791376
2796011
2796198
2799170
2803161
2803976
2805022
2819929
2820897
2820986
2823655
2824185
2827396
2827845
2829126
2836246
2839964
2842131
2847702
2848771
2850293
2851854
2858834
2858925
2859392
2864951
2869223
2869235
2874706
2877152
2879030
2879181
2879789
2879962
2881162
2881239
2883526
2883639
2886897
2891726
2893692
2894246
2895422
2901175
2901479
2902959
2910270
2912072
2913259
2913940
2918440
2919128
2924531
2930484
2933821
2935674
2936536
2937783
2942416
2942928
2945609
2949683
2950176
2950719
2950806
2951579
2951637
2952367
2953000
2957504
2962844
2965055
2965304
2966157
2966840
2969060
2972548
2973539
2976216
2977534
2977986
2978195
2979524
2980562
2981950
2985947
2986650
2987065
2987954
2989014
2991041
