3587.019
27011.45
28107.61
29166.81
36453.28
37315.38
38899.52
42805.13
56482.03
57065.5
57766.99
58433.58
58864.36
59703.53
60530.45
61260.05
61723.33
62188.85
63673.1
64181.58
111471.2
118269.2
121301.9
122150
164626.9
170595.2
196001.6
196990.2
206121.7
207178.4
211905.9
212936.9
216827.2
225961
230647.9
231709.7
233150.3
234740.3
237252.3
238292
239047.3
240512.3
241629.1
242458.5
243964.3
247871
252811.5
267853.8
269240
287687.6
288554.9
314764
316097
316921.4
317529.4
318058
324339
326882.7
328872.2
335429
338065.7
341503.9
344145.4
345349.6
347263.9
348257.2
349082.8
352921.6
353376
354560.5
355213.1
356884.5
357503
358114.8
358670.7
359200.2
359588.9
359980.2
360685.8
361346.1
361661.5
361989.5
363334.8
451539.7
468605.1
469534.9
470128.1
470635.9
471305.6
471890.9
475162.6
480034.1
480984.4
483603.6
492843.7
544210.7
545102.4
548096.7
549171.3
551173.7
562737.3
570921.9
573340.9
576754.4
577905.7
579035.6
582234.6
583497.1
584527.7
588013.7
590037.8
600322.9
632185.7
639340.2
640322.1
640944.8
641705.5
642668.3
644044.6
652138.5
652726.4
653174.1
653614.1
653970.7
654324.7
654672.4
655004.4
655325.2
655657.3
656295
656962.2
660529.9
661022.8
686002.5
706487
720396.5
722480
757770.5
776858.9
777508.6
779210.8
780990.7
782030.8
797594.9
805094.6
806702
811647.3
832716.3
836030.9
837497.1
838034.3
839164.8
929485.3
930329.7
931331.2
933601.7
937211.5
938887
941495
950095.4
950523.4
951066.8
951418.7
951792.1
952545.3
952919.9
953807.1
955350.9
955869.9
956310.3
956835.1
957399.1
958169.9
959514.2
1005314
1006515
1008800
1013066
1033062
1051352
1133136
1134458
1135500
1141571
1142417
1144068
1146188
1147103
1147921
1148933
1160853
1161803
1163392
1168946
1174718
1178804
1180607
1181689
1183263
1184554
1188162
1191035
1192109
1193779
1194395
1195263
1202251
1203552
1204646
1205631
1219964
1236744
1246472
1248069
1254712
1256582
1257705
1258972
1260184
1261209
1267198
1268969
1270247
1299614
1300423
1301104
1301840
1302883
1304538
1307346
1307910
1308663
1309508
1310269
1311175
1328680
1330963
1332448
1333407
1333939
1334596
1335330
1353375
1417308
1428546
1430498
1431277
1431879
1432582
1435734
1436843
1464015
1506702
1507662
1509542
1510333
1511342
1512107
1522724
1525433
1526507
1533988
1543709
1552231
1552838
1553404
1554027
1554693
1555212
1555649
1556939
1557548
1558343
1558935
1559520
1560217
1560784
1561529
1562144
1562763
1563874
1581721
1583653
1619811
1621584
1624458
1632061
1641049
1648356
1650150
1650883
1651882
1653403
1655397
1656594
1659809
1661966
1663218
1664704
1676762
1677627
1678992
1688214
1700764
1726206
1727097
1730097
1781554
1783328
1787815
1788600
1802796
1804621
1823371
1824394
1825231
1826131
1826864
1827479
1828713
1829579
1834202
1835781
1838434
1840529
1848080
1849149
1851501
1853352
1855071
1857171
1858042
1858828
1859489
1860695
1862483
1863039
1863682
1903196
1904168
1907399
1916997
1934540
1943796
1955658
1971845
1993784
2006724
2020686
2023065
2023777
2026595
2027839
2029892
2031276
2032457
2033368
2047557
2076789
2090748
2116448
2119198
2127508
2128826
2148251
2150001
2151481
2153260
2154494
2155202
2155759
2156254
2156797
2157440
2159062
2160789
2161591
2162262
2163495
2165419
2197863
2198581
2199430
2200450
2201378
2204322
2204882
2210232
2215017
2237073
2238256
2239851
2241885
2243293
2311906
2325282
2327305
2330232
2331904
2369077
2370371
2372365
2383088
2384419
2388579
2391484
2393230
2394350
2395441
2406390
2407234
2409037
2410284
2417360
2419768
2420783
2421816
2426476
2438083
2455323
2457745
2458757
2460107
2460743
2461437
2462240
2493544
2502898
2509440
2515899
2517857
2520315
2570412
2571003
2571597
2572493
2575600
2577087
2579926
2600644
2602905
2604045
2620060
2702760
2703650
2704750
2706414
2713580
2717828
2724194
2730715
2736128
2753654
2755353
2755868
2756423
2757441
2758489
2759154
2759728
2760421
2762042
2762685
2795233
2796587
2797529
2798346
2799167
2800519
2815859
2820660
2822769
2846168
2855260
2867698
2876436
2893165
2893928
2895950
2897103
2915044
2915898
2918380
2929647
2931524
2932487
2933235
2933849
2934744
2936198
3018406
3019826
3020860
3024471
3025192
3026592
3033442
3039438
3040149
3040726
3041393
3041907
3042501
3044256
3061094
3064329
3066044
3097765
3131629
3137967
3139106
3139783
3140600
3142069
3173694
3175423
3181674
3182756
3197076
3198956
3200202
3203523
3204867
3216012
3218046
3219063
3238647
3242758
3243740
3244337
3245007
3250358
3252528
3257735
3258482
3259164
3260152
3270983
3295260
3326896
3328311
3330318
3331556
3332651
3333691
3334555
3354352
3355058
3355689
3356130
3356582
3356975
3358132
3358514
3358975
3360121
3362106
3419755
3420400
3421073
3422161
3424437
3446915
3450742
3451609
3453004
3455878
3456779
3458375
3493488
3494362
3494983
3495461
3496611
3507339
3509785
3516450
3517456
3518996
3520526
3522279
3523427
3524094
3524646
3525425
3526840
3555609
3556697
3558148
3558852
3561795
3563298
3564192
3571582
3572507
3575284
3576610
3579882
3581426
3583920
3584926
3646959
3648576
3660997
3665130
3667417
3670923
3680495
3726614
3729230
3729906
3742871
3754274
3763553
3771019
3772015
3791235
3848473
3876224
3877317
3879521
3886812
3890228
3895727
3922445
3934187
3935369
3938916
3939812
3940747
3941713
3955876
3957095
3960925
3961691
3962297
3963150
3999594
4001883
4003655
4020428
4021791
4070192
4071090
4071862
4072519
4073757
4074440
4091162
4093019
4111404
4133399
4141823
4157198
4161709
4176662
4177708
4182969
4184297
4216088
4220974
4233545
4240660
4241560
4244935
4245742
4256169
4257165
4258373
4259455
4260481
4261728
4287149
4295051
4296305
4301291
4302261
4350964
4352647
4353499
4354506
4355917
4356659
4358046
4359080
4359705
4360451
4361315
4362346
4364957
4367265
4424789
4426899
4438482
4441296
4448974
4456539
4483244
4484447
4524337
4524971
4525848
4552990
4554187
4555072
4555606
4556483
4557054
4557505
4557925
4558345
4558743
4559835
4560294
4561590
4668812
4670257
4671346
4672709
4752183
4791897
4793908
4796215
4801799
4803687
4804343
4804943
4805644
4807298
4810327
4827434
4828251
4835275
4836595
4838776
4844293
4855846
4857303
4858065
4858878
4859731
4860284
4860986
4862759
4892570
4902947
4904902
4932507
4959829
4985681
5004557
5020741
5034437
5058927
5059803
5065699
5066451
5068656
5069821
5083230
5086047
5087894
5090302
5122035
5122670
5123741
5152558
5154663
5155239
5155906
5156871
5157964
5158647
5159959
5162328
5163422
5192941
5252944
5277978
5364226
5400054
5434012
5435982
5437229
5439727
5454691
5457240
5457925
5458459
5459437
5460134
5461647
5493049
5494228
5496202
5499618
5500244
5571237
5617705
5660821
5663975
5700330
5711174
5723497
5726961
5728301
5750988
5752086
5752969
5754969
5755950
5756813
5757390
5757972
5758639
5759118
5781084
5782324
5792232
5795026
5974397
5983435
5985545
5990484
5992397
5994718
