5034.612
7330.887
8139.909
8470.429
10312.3
11675.16
14060.52
14231.17
17632.79
25911.15
31656.5
32352.36
36273.75
38161.21
39725.16
39787.19
43367.65
43790.66
44862.17
45272.14
46999.54
47641.09
48946.87
49111.66
49135.45
49245.43
50310.46
50530.28
51470.9
64852.3
66477.17
69412.4
70773.74
72247.37
74091.68
76077.02
76694.37
77087.07
77444.37
77673.23
78658.31
78659.05
78933.11
78997.42
79263.53
79535.08
79779.03
79779.11
79990.69
80111.57
80197.64
80222.21
80435.9
80673.5
80955.31
80983.5
81225.52
81347.19
81510.48
81544.46
82355.94
86901.1
95432.72
97778.05
105884.8
108468.8
109627.7
110228.4
110861.4
110917.7
111504.6
112108
112364.3
112513.8
112613.3
112904.4
117159.2
121724.8
134914.5
137843.6
142942.8
147040.9
149184.5
149874.6
150090.5
155287.4
157625.5
157673.4
157977.3
160333.5
161253.5
163578.5
163819.1
164001.5
164600.3
164636
165715.5
166627.5
166645.5
168028.6
169372.9
173569.2
175934.8
176401.9
177440.7
182118.5
186562.9
187424.7
190623.4
194071.2
194356.7
197472.1
197790
198362.4
199509.9
199895.1
202031.5
203044.7
214053.6
216011.6
216737.5
218188.3
218690
221582.1
227755.2
230834.4
231877.3
231924
233272.6
233331.5
234197.5
239592.4
240208.7
241451.6
242891.6
246541
247879.2
248006.7
249410.1
253034
256401.3
257639.4
259081
259241.1
259241.4
259740.9
260573.2
262980.8
267271.4
268430.1
269544.5
272510.4
272909
274297.4
274440.6
276753.2
280375
280376.3
281014
281897.7
282748.9
283864.2
284218.7
285405.5
287925.7
290624.5
291163.5
293471.2
294528.6
295757.3
296951.3
300286.4
300825.3
301258.7
303446.6
304479.6
306753.4
307864.3
308205.5
311150.2
313827
313827.1
316914.4
317026.6
317863.6
318355.4
318379.7
318779.3
320261.5
321596.7
322492
323715.9
326437.3
331819.1
332083.2
332491.4
334084.3
335373.7
336464.5
340879.1
343359
343953.5
345101.8
346044.2
346669.1
347089.2
347253.6
347417.5
348837.5
349002.6
350440.3
351470.7
351653.4
351671.4
351675.8
352324.3
354194.1
365112.4
366140.9
366228.4
366683.4
366943.1
367536.5
367966.6
368419.4
369296.4
373241.9
374349.3
375371.8
375956.7
376379.2
376705.8
377361.4
378843.6
379656.5
384749.8
386266.4
388611.4
389164.3
390267
394562
396304.8
397739.9
397760
401790.1
404763.4
407881.6
410431.5
415764.5
418162.7
418305.1
418590.3
418622.3
419181.3
419222.1
419488.5
422968.4
424387.5
425796.4
426053.9
426935.1
428387.9
428474.2
429909.5
429919.5
433778.9
437285.1
438108.4
438650.5
441074.3
442182.7
446341.1
448922.9
452502.5
452867.9
452951.4
453375.2
454843.3
464507.1
466809.8
468066.5
469572.9
470470.3
473920.4
475867.1
480651.6
482220.2
485705.8
486898.9
487136.9
488922.6
490254.9
490407.6
491046.2
491702.1
493240.2
494534.8
497379.2
497652
498005.4
499332.6
501230
502197.5
502551.9
502831.7
503388.4
504014
504454.4
504914.1
505311.2
511286.1
513123
514935.9
518115.2
519785.9
519881.4
523871.3
525026.4
527101.5
527277.6
530310.1
533046.2
539103.3
540633.2
543885.6
544735.8
546790.6
546996.3
548413.2
550176.5
550454.4
551264.2
552089.4
552194.6
553354.5
556687
556907.3
558351.8
559362.9
569407.8
570341.3
575949.7
577840.9
579465.9
580556.3
582893.9
584123.1
586104
586524.9
588354.6
589623.9
589743.3
592802.6
592893.8
596676.3
600822.9
602640.5
603160.3
604235.5
605722.3
607965.7
608351.1
611731.9
616177.8
617034.8
617831.4
618890.4
619224.9
619817.7
620147.6
620400.9
620905.2
621782.2
622603.4
623291.7
624602.9
625621.2
627078.7
628196.5
631000.2
631088.8
633294.6
639102.1
639326.6
640377
645706.5
647920.1
648673.8
648824.5
649083.3
649439.8
649663.9
657699.8
666962.4
669006.5
669163.7
670495
671134.9
671371.1
672163.5
672287.2
673208.7
673705.5
674039.7
674294.1
674319.4
674548.1
675851
676755
677852.5
678449.5
678819.9
679964.4
680072.5
680880.9
682196.6
682564.6
682734.7
684537.6
684568.4
685370.2
685971.3
686538.1
688079.4
692603.7
694046.4
694620.8
696240.5
696754.1
697435.2
700830.7
701689.8
707584.5
711627.3
714361.9
715444.1
716792.4
716990
724833.6
728671.3
729352.8
730580.1
733352.5
734111.5
736240
736688.4
738143.5
738854.5
739931.4
741377.4
746429.7
749242.9
749905.5
750556.5
750770.2
752290.7
755866.3
757657.9
758685.9
761235.5
769497.4
770352.3
770526.1
770802.2
771961.6
773263.3
776196.3
776534.3
777290.5
778107.1
778847.1
779412.2
783083.1
783680.3
785382.3
792361.6
796184.2
800552.5
802079.3
803242.1
804265.9
812564.1
813774.1
814452.4
822284.4
823525.6
823980.2
825022.6
825226.3
828347.1
829755.5
829780.4
832695.1
837186.4
837249.2
838212.7
843369.8
843574.9
844646.8
844844.6
847431.3
850796.6
851636.7
852242.8
854177
856262.9
857644.8
858685
861024.8
863904.7
867255.3
869239.7
871585.3
873692
878223
879403.9
880612.6
885675.6
891016.7
891793.6
892984.5
894776
895927.2
895993.1
896271.9
901309.5
903017.7
906424.4
907589.2
909399.3
911533
912629
912718.1
913848.5
914251.2
914558.2
918572.8
920151.2
920209.3
920509.2
921874.7
923054.1
926038.3
926142.4
926628.3
928674.9
932055.5
932968.1
934068.7
937896.9
939111.7
939152.2
940979.8
941011
942217.6
943017
945580
948190.3
948857.7
948919.4
949128.7
950215.8
955587.9
964928.1
965357.8
966469.8
969378.7
969517.5
969885.5
974817
975359.5
976939.3
977219.5
978400.6
978629.8
981119.5
982620.7
986342.9
986670.1
988356.7
988469.2
990368
992708.4
993769.3
994024.4
996141.2
997668.7
999902
1000034
1013594
1014624
1016727
1017183
1017765
1017919
1018179
1018314
1018730
1019209
1019798
1020250
1021041
1021693
1023684
1023803
1024353
1025170
1025554
1033266
1033290
1035164
1044901
1046170
1046655
1049938
1053034
1053686
1054484
1055774
1055805
1055991
1057192
1061604
1066389
1074021
1075153
1079937
1082092
1082827
1086826
1087378
1088598
1088818
1092404
1101341
1102999
1103766
1104129
1104165
1107653
1110794
1111125
1113784
1114330
1114563
1115225
1116173
1119325
1121829
1124160
1124752
1125403
1129078
1131388
1134623
1135235
1137332
1137807
1137938
1140058
1145281
1147939
1148384
1148906
1149705
1155256
1155800
1157523
1158183
1162077
1162616
1163002
1166743
1168028
1168368
1169936
1170676
1170952
1173640
1174479
1175755
1176605
1177696
1180630
1186115
1187510
1191964
1193480
1194053
1195206
1195295
1196002
1200952
1201686
1201817
1203419
1205138
1206303
1207090
1210322
1210576
1212226
1214740
1220622
1221838
1222464
1223215
1223239
1226629
1226867
1229825
1230678
1234635
1235404
1235691
1236218
1237904
1238513
1240181
1240265
1242258
1243006
1243574
1243972
1246304
1246391
1246413
1248536
1248909
1249247
1249541
1250096
1258434
1260030
1261431
1265712
1267435
1268260
1269354
1269485
1270108
1270464
1271087
1271973
1272727
1272742
1274684
1275131
1275668
1276135
1276866
1277716
1277880
1278896
1279257
1279341
1279419
1279484
1279908
1281984
1283216
1286356
1287134
1287686
1288032
1288527
1289363
1290387
1291417
1292134
1293427
1293566
1293926
1295322
1295471
1296130
1296761
1297802
1298344
1299928
1299977
1300654
1301389
1302489
1305530
1307301
1310563
1314051
1322029
1323154
1325368
1326326
1326546
1337269
1342146
1345950
1346979
1348188
1349806
1349843
1351504
1355671
1361486
1362468
1362631
1370467
1371714
1377560
1379987
1381818
1382839
1384105
1385453
1386581
1389728
1392996
1400497
1400828
1406283
1406863
1407278
1407802
1408556
1408948
1409419
1411152
1418098
1418567
1419221
1420268
1420411
1420440
1421810
1422051
1422561
1425069
1426213
1426231
1427345
1427359
1427455
1427572
1427961
1429477
1431127
1431384
1431807
1435138
1436978
1437078
1437908
1439702
1443390
1445349
1446007
1446018
1446493
1453662
1455496
1456811
1457663
1458611
1458651
1458873
1460069
1468126
1472712
1472964
1476310
1477804
1479502
1487785
1488540
1493262
1500237
1500509
1500769
1500924
1502072
1502162
1502650
1502838
1503648
1505131
1506710
1506748
1509128
1509401
1513782
1516730
1522634
1523827
1526362
1527560
1529119
1530615
1530938
1531951
1532057
1532202
1533171
1533772
1536532
1537176
1537541
1537920
1538299
1538815
1539386
1540665
1541541
1541730
1543132
1546163
1546186
1546669
1550071
1565055
1565284
1565941
1567501
1567622
1567998
1568399
1568944
1569397
1569538
1569666
1570058
1570641
1574533
1577426
1577931
1578703
1579810
1581479
1582423
1582706
1582970
1583319
1583396
1583871
1584495
1585782
1586337
1586358
1586519
1587319
1593892
1594707
1594742
1599295
1600726
1601243
1601629
1605101
1605728
1605973
1607690
1613123
1616709
1616845
1617614
1619882
1620414
1621345
1621600
1622777
1626205
1627009
1627424
1632094
1632525
1634014
1635915
1637415
1642754
1643032
1643690
1645172
1647193
1647881
1649018
1649953
1652604
1653032
1655834
1659656
1659977
1660173
1660246
1662736
1667815
1671234
1672488
1675381
1675609
1676138
1676433
1678642
1682784
1683887
1684738
1685506
1690858
1695679
1697230
1698342
1700017
1700798
1701221
1703305
1704845
1707168
1707934
1708606
1710420
1712035
1713792
1713826
1714155
1714702
1716413
1719331
1719385
1719956
1721053
1721159
1723725
1726061
1726870
1729886
1730030
1730941
1734270
1743856
1744307
1745344
1749633
1751219
1751756
1752256
1753042
1764077
1765391
1766921
1768062
1768933
1768959
1769691
1770500
1770796
1772827
1772859
1790174
1791096
1791898
1794549
1795694
1796872
1801730
1802718
1803844
1804604
1810653
1813766
1814020
1814276
1814870
1815860
1816356
1821124
1821306
1822217
1824856
1825756
1826773
1827989
1828817
1830937
1831179
1836625
1837135
1840464
1844749
1846720
1846883
1848037
1848121
1848437
1848821
1849501
1849718
1850746
1866829
1869914
1871242
1872222
1872464
1872764
1874651
1875758
1876443
1880198
1880360
1881184
1881947
1884322
1885210
1886192
1888749
1891629
1891797
1892564
1893005
1893244
1894007
1894692
1895239
1895302
1895872
1896584
1897417
1897914
1898218
1898593
1899162
1900057
1901485
1901612
1902684
1903023
1907909
1914935
1916181
1916990
1917499
1917827
1918933
1920455
1921132
1923654
1925069
1926229
1927273
1937221
1937569
1938040
1939305
1939436
1949898
1958487
1961343
1961449
1962772
1965207
1967537
1968237
1969439
1972226
1972353
1974247
1976498
1976708
1980704
1980762
1982047
1985584
1990644
1990689
1991581
1995072
1997725
2011810
2012290
2013095
2014494
2015177
2015221
2016304
2016461
2017554
2020048
2022598
2023669
2023913
2027625
2028110
2029981
2033260
2035797
2038960
2043359
2044643
2048715
2053702
2056511
2058760
2061929
2061984
2066967
2070873
2070978
2071425
2072825
2073670
2074626
2076484
2077582
2079194
2079274
2081696
2082121
2084782
2086653
2089043
2091692
2091845
2094888
2095401
2096118
2096338
2100674
2100971
2101730
2104577
2107160
2111203
2114779
2116012
2119730
2119918
2120391
2120639
2120728
2120743
2121207
2122857
2125792
2126687
2128168
2128244
2129619
2129803
2130347
2132011
2134716
2136442
2139456
2141209
2145329
2147852
2149062
2149541
2149784
2150128
2150239
2165747
2167512
2168792
2169503
2169999
2170605
2171153
2171703
2171720
2172446
2172823
2173596
2174486
2176603
2181446
2185633
2190518
2192911
2197299
2198058
2198710
2199662
2200560
2204320
2205934
2205968
2206488
2206742
2210260
2211233
2214623
2217737
2230170
2230680
2231219
2231306
2231680
2232092
2232549
2232756
2233215
2233874
2234449
2235350
2235606
2241576
2241867
2242137
2242309
2242310
2249226
2249387
2252107
2252864
2253177
2253367
2256936
2261207
2261876
2262085
2265176
2268062
2269168
2272791
2273255
2275092
2275876
2277152
2278172
2278504
2278883
2279619
2279704
2280196
2280812
2280948
2282620
2289742
2291848
2293370
2295982
2298974
2300369
2301024
2303245
2303343
2303754
2304670
2305811
2306738
2306901
2310230
2310925
2317049
2320677
2326048
2326441
2328627
2328973
2331845
2333415
2333415
2334137
2334233
2334794
2335870
2339620
2343082
2343846
2343847
2344613
2345102
2352563
2353155
2354248
2363699
2364687
2364976
2365407
2367134
2371851
2378530
2379791
2380733
2382063
2382821
2384770
2385536
2386132
2386974
2389144
2389787
2395339
2401950
2404498
2404753
2405357
2406113
2406937
2407966
2416463
2416608
2419471
2421133
2430115
2435556
2435702
2435717
2436680
2436833
2436890
2437415
2439130
2448527
2449171
2449185
2449401
2450168
2452050
2452214
2452890
2467290
2467501
2468209
2470924
2471702
2472598
2474711
2475513
2475973
2477679
2483832
2485962
2487642
2487690
2487704
2491410
2505990
2511147
2511909
2513348
2513421
2513435
2514886
2515021
2515229
2518497
2519314
2520218
2521001
2522681
2524062
2524377
2524491
2524965
2526963
2527043
2533550
2534050
2535280
2540682
2541413
2541567
2542020
2542619
2543871
2545663
2548509
2556843
2557865
2558666
2561790
2563882
2567096
2567599
2569261
2577215
2577549
2578699
2581564
2581667
2582384
2584176
2584954
2585205
2585409
2585778
2586264
2588339
2593746
2598522
2601119
2601145
2604369
2605048
2609311
2612957
2619132
2623098
2624694
2625171
2625936
2627832
2629984
2630204
2630225
2631364
2631749
2633620
2634101
2635424
2636055
2636627
2638095
2638511
2655819
2655952
2656579
2657161
2660409
2660716
2661957
2664524
2665369
2667497
2668148
2673101
2673523
2674806
2684110
2687786
2689725
2690781
2691461
2703549
2703994
2705312
2710097
2714079
2717458
2719825
2720237
2721807
2722068
2724532
2726427
2728543
2729826
2730742
2730878
2735366
2736989
2737197
2738453
2740269
2746087
2748016
2748311
2748976
2749415
2751471
2751723
2754717
2760251
2766459
2768418
2772528
2772910
2773255
2776184
2777823
2778898
2779094
2780279
2781191
2781429
2782513
2783541
2785060
2785865
2787038
2788236
2788281
2789037
2789997
2794680
2798746
2802623
2803316
2803934
2804461
2804988
2805011
2806290
2811221
2811758
2812612
2812678
2813358
2814186
2816094
2818141
2827423
2828579
2832401
2833111
2833829
2835346
2838864
2841470
2844756
2845301
2845430
2845936
2846427
2848059
2849152
2849773
2851031
2855773
2856494
2857095
2857870
2857979
2858559
2859132
2859737
2860329
2862769
2863960
2867329
2869117
2877535
2881203
2881656
2882284
2884502
2885830
2886878
2888704
2890291
2893255
2894361
2900096
2901054
2902009
2902319
2903765
2905423
2906265
2910455
2910527
2911703
2912211
2913505
2919012
2921382
2922117
2924108
2924370
2927483
2930653
2931969
2932734
2934225
2934726
2934727
2935574
2936872
2937550
2941002
2941701
2942814
2943427
2944306
2944394
2944427
2949406
2951146
2953510
2953679
2954707
2973297
2973607
2973716
2974409
2978320
2978958
2979886
2987972
2990750
2991417
2993352
3002819
3003083
3005042
3012004
3016242
3021819
3026744
3028515
3039558
3048187
3049154
3049934
3051514
3055641
3061972
3062141
3062813
3065277
3068378
3069028
3069769
3070388
3070473
3071572
3072167
3072569
3073516
3073937
3074368
3075390
3077172
3088908
3090156
3091109
3091974
3094377
3095955
3106805
3108184
3110262
3112281
3112320
3115812
3117897
3121042
3122834
3125089
3125368
3126534
3127674
3130775
3131050
3135152
3137304
3137517
3138206
3139039
3141129
3143097
3143097
3143865
3148252
3150067
3152116
3153076
3153200
3154454
3156299
3157554
3158053
3158511
3160670
3164188
3164959
3165253
3168161
3169664
3169704
3174012
3176052
3178893
3182935
3184927
3186234
3186314
3188910
3189808
3190061
3190369
3194512
3197749
3198070
3198489
3198913
3202976
3203265
3208110
3221630
3222261
3222262
3222510
3224016
3224418
3225205
3225541
3227332
3228571
3230145
3230583
3230746
3231155
3231958
3235743
3236665
3237794
3239118
3239660
3246512
3247495
3247546
3248174
3248417
3248819
3249781
3249781
3250780
3251037
3251627
3251639
3253893
3257631
3258057
3258863
3258908
3259054
3259656
3260288
3260962
3261198
3261693
3264258
3267897
3268526
3272201
3273033
3273596
3278893
3281860
3282635
3285171
3285512
3287743
3287890
3288226
3291502
3301294
3301579
3302680
3304047
3310406
3311572
3313650
3318140
3318182
3320970
3325802
3328192
3330853
3342461
3342797
3348219
3354988
3360281
3366018
3367858
3368128
3368156
3368873
3368908
3371624
3372914
3374794
3376325
3376873
3377860
3385229
3386779
3394717
3399256
3401345
3401448
3402239
3402392
3405731
3406232
3406479
3409829
3412278
3413261
3414166
3414799
3416849
3418446
3418619
3421429
3422623
3430342
3432902
3433728
3433751
3434067
3434158
3436008
3437655
3438555
3439190
3439699
3440258
3440733
3442263
3447340
3447507
3447931
3448729
3449628
3451476
3453649
3453978
3454393
3454545
3454986
3455577
3457315
3459032
3460585
3463769
3472429
3473116
3476758
3477801
3478592
3483826
3484409
3485937
3487456
3487687
3489094
3493747
3496812
3497772
3500598
3500760
3501081
3510414
3511638
3512477
3514083
3514481
3515053
3515298
3516447
3516659
3516831
3524508
3529108
3531069
3533524
3535171
3537128
3537202
3538693
3545753
3546174
3548890
3549273
3550024
3551063
3557349
3557803
3558011
3558503
3560179
3561493
3562709
3563193
3566773
3567782
3574207
3576188
3576764
3576957
3585052
3589192
3591996
3593619
3595066
3595869
3604642
3607929
3608890
3608891
3610044
3612408
3625540
3625965
3628343
3629627
3630529
3633440
3634889
3636402
3636883
3638318
3640752
3641182
3643973
3644077
3645967
3646799
3648235
3648792
3649209
3649279
3649340
3651763
3655635
3667321
3670869
3670914
3672068
3672095
3672437
3673090
3673130
3673710
3674569
3675421
3677208
3679375
3690214
3692072
3695786
3695971
3696190
3696588
3697189
3700250
3701706
3705802
3708926
3710013
3711996
3715585
3717107
3717204
3717996
3718351
3718394
3718433
3718517
3722376
3726723
3729442
3733913
3734161
3735448
3735724
3742166
3743931
3746821
3747079
3751452
3755896
3755897
3759049
3765204
3771019
3773991
3777002
3779407
3779912
3780337
3780534
3783207
3789685
3790237
3791012
3791588
3791818
3795625
3797091
3801946
3802883
3803984
3804567
3805273
3808520
3808529
3810166
3810473
3814253
3814253
3815149
3819738
3828159
3836380
3837495
3837961
3839498
3846116
3846174
3850714
3850796
3851372
3851655
3852306
3853949
3856519
3860785
3860930
3863214
3869146
3870705
3872929
3878727
3881268
3886190
3888552
3889884
3891840
3900960
3901005
3909542
3910338
3910485
3911337
3915694
3918082
3919496
3919789
3919969
3921220
3921906
3923432
3926811
3928342
3929980
3933284
3938869
3942288
3944349
3945315
3945588
3948137
3949159
3950644
3951457
3956369
3966135
3966826
3967652
3969309
3969404
3971719
3974353
3976483
3977154
3977236
3980111
3981151
3982266
3982647
3983034
3991299
3992544
3995777
3997842
4000617
4001399
4002153
4005847
4011011
4011184
4011726
4013524
4014101
4017437
4026768
4028729
4034344
4035957
4037010
4038140
4039024
4039959
4048305
4049747
4052800
4063690
4064941
4066728
4068094
4068730
4068810
4069334
4069883
4070779
4071511
4074250
4080628
4080888
4083210
4085020
4086226
4087113
4087305
4087486
4088655
4088704
4088736
4089036
4089294
4089624
4091031
4091880
4092034
4096164
4101746
4105094
4106950
4106959
4107481
4108145
4113006
4118574
4118703
4123923
4132365
4133674
4134098
4134228
4137371
4140727
4146235
4146970
4147162
4147554
4149126
4153911
4155291
4157603
4157962
4162941
4165944
4166047
4166542
4166720
4167675
4170370
4172576
4173736
4176071
4177592
4179358
4184612
4185143
4186850
4193207
4194141
4194322
4200861
4203879
4204015
4205170
4208557
4208797
4209445
4213508
4214223
4215896
4216050
4216851
4218214
4218289
4218945
4219370
4219722
4222091
4223959
4232042
4233501
4236339
4245628
4248187
4248534
4248573
4249552
4251709
4253472
4265693
4266915
4266958
4267371
4268349
4269241
4269977
4270609
4271005
4271882
4271967
4272394
4272594
4273626
4273931
4276490
4277155
4283820
4286232
4288409
4288449
4289178
4289334
4289866
4290070
4290916
4293007
4296258
4296575
4299276
4304525
4313937
4314014
4314952
4320308
4332374
4332888
4333099
4335007
4335235
4342277
4343878
4345056
4348879
4350794
4351508
4351705
4351930
4352062
4352885
4352943
4354524
4356796
4359377
4362852
4366577
4369450
4370830
4373314
4374217
4376553
4381643
4382253
4389040
4389845
4390844
4390912
4391379
4391576
4392104
4395082
4395672
4396759
4397399
4398052
4399443
4401771
4402666
4403176
4403245
4403418
4404097
4404408
4404481
4405111
4405280
4406473
4407576
4408675
4409272
4410284
4419762
4420428
4421452
4422503
4423546
4424254
4426277
4426497
4427410
4427860
4430415
4431709
4432159
4433560
4433658
4434014
4435552
4437289
4437408
4438255
4442299
4442348
4444165
4445045
4445615
4445868
4446069
4447627
4448856
4450552
4450572
4457800
4458517
4458684
4459030
4460466
4461741
4462513
4467049
4473417
4476543
4477493
4478923
4479527
4481105
4481273
4485642
4486486
4486606
4487325
4490110
4491845
4493168
4493962
4500821
4501081
4504644
4508897
4509287
4510174
4518375
4521130
4523215
4524230
4534707
4543867
4544942
4547833
4548582
4548622
4548820
4548932
4549705
4550233
4550258
4554370
4560164
4564124
4568006
4570065
4570656
4570828
4570992
4571423
4573069
4581084
4582280
4582879
4586118
4586526
4587117
4588624
4591040
4598050
4599253
4600354
4605206
4606030
4606054
4608913
4610672
4614364
4616269
4617094
4617287
4620597
4621403
4622630
4624975
4625772
4625800
4627188
4633687
4634701
4635611
4635690
4637622
4639415
4643711
4644400
4647149
4649058
4649423
4651443
4651654
4652297
4655634
4655672
4656297
4656300
4657275
4657465
4657468
4660794
4661131
4663536
4671702
4673314
4674528
4675846
4680212
4683003
4684648
4686178
4686431
4688940
4694888
4696472
4698128
4698382
4700120
4701045
4701095
4701789
4702119
4702555
4704262
4708735
4709721
4710350
4710402
4714776
4715668
4716460
4717278
4717514
4719381
4719398
4719747
4720450
4721725
4726829
4733711
4734609
4735137
4735463
4737470
4737587
4737596
4738063
4739126
4743712
4744504
4747215
4750724
4752899
4753022
4753969
4754037
4754216
4755832
4756557
4756743
4760160
4760973
4762733
4764228
4773861
4776587
4776722
4789057
4789436
4792243
4794615
4796005
4796921
4805035
4805574
4811635
4812001
4813929
4814328
4814516
4816218
4817129
4817416
4817983
4820716
4826991
4827069
4837415
4840404
4840690
4840690
4842175
4842176
4842744
4844275
4845273
4846126
4848228
4848430
4849022
4849156
4849423
4849711
4866264
4867602
4868048
4868242
4869210
4869925
4869995
4870127
4870432
4870672
4874250
4874632
4875863
4881070
4882442
4882495
4883754
4886685
4887119
4888751
4892330
4894507
4894922
4900601
4902171
4904056
4907476
4909288
4910203
4910354
4912191
4919718
4930244
4930429
4937176
4939834
4941842
4942553
4946959
4948574
4950347
4954452
4955958
4956148
4956813
4957624
4958668
4959183
4962137
4968142
4969412
4974433
4977003
4983634
4987652
4988121
4988915
4992038
4992106
4993078
4994641
4994751
4996172
4996197
4996254
4996824
4999672
4999924
5000166
5001213
5001705
5002450
5004570
5004571
5005478
5005591
5005961
5007223
5008114
5008995
5011004
5012967
5015453
5015879
5019094
5030924
5031217
5035298
5036315
5036431
5037424
5038050
5038886
5041493
5043692
5044747
5048148
5049992
5052876
5055627
5056910
5057346
5059079
5059153
5059184
5060184
5062200
5064038
5064083
5064793
5065859
5067078
5068311
5069982
5072127
5072989
5074977
5075278
5076040
5077062
5077305
5077342
5077834
5078109
5078202
5079179
5079831
5081584
5082418
5083159
5084858
5087407
5087999
5088561
5089744
5089885
5092391
5092422
5093365
5106726
5113276
5114973
5116249
5116758
5118134
5120170
5120483
5130127
5130728
5133122
5133894
5134304
5135339
5135508
5136934
5138136
5138220
5142657
5143180
5145966
5148100
5148909
5149469
5149718
5150279
5157318
5165846
5166345
5166487
5168797
5168931
5169214
5169806
5169928
5172355
5173003
5173131
5176054
5178740
5179455
5181926
5185580
5187139
5188746
5189059
5189454
5190891
5194467
5195607
5196232
5197341
5197382
5197717
5200192
5210628
5211220
5218692
5220898
5227716
5230276
5232073
5232091
5232528
5233063
5236456
5237125
5239432
5251707
5253406
5254899
5256182
5256184
5256875
5260440
5261017
5263525
5264683
5265453
5270185
5273817
5277476
5281207
5286561
5289441
5290761
5292670
5293236
5294224
5304217
5306182
5309816
5310417
5317193
5320124
5320186
5321837
5322525
5322653
5324393
5332437
5333993
5337954
5338550
5340725
5342386
5343349
5354175
5357177
5357300
5357408
5361410
5362659
5363432
5365026
5365417
5365991
5372538
5378225
5378226
5378429
5383539
5387047
5388924
5390959
5391991
5392874
5396330
5401036
5401370
5403726
5409039
5414469
5419555
5420356
5422958
5423447
5423448
5423833
5424028
5424418
5425022
5425464
5425821
5426165
5426341
5426383
5426753
5426769
5427086
5427374
5427573
5427711
5428058
5428058
5428431
5428752
5428758
5428858
5429043
5429666
5430196
5430455
5430680
5430917
5431188
5431447
5431808
5432016
5432045
5432615
5432950
5433329
5434090
5435825
5436531
5437442
5438186
5448307
5448331
5448724
5450437
5461239
5469341
5469876
5470157
5470928
5471099
5472376
5472398
5490818
5491004
5491270
5491415
5491815
5492168
5492636
5492636
5493048
5493441
5493657
5494490
5495048
5496808
5500427
5508840
5514733
5521522
5530711
5535102
5536673
5541874
5541876
5542631
5543388
5543488
5544572
5544575
5545085
5545764
5546905
5547385
5547786
5547804
5548385
5549182
5550458
5550495
5551030
5552892
5553820
5559177
5560076
5562015
5568157
5568673
5568793
5569298
5569418
5569944
5570281
5570299
5570729
5570761
5570978
5571110
5571147
5576943
5577046
5577538
5578370
5578403
5578627
5578874
5579296
5579841
5580110
5580445
5580445
5582930
5583817
5586000
5587534
5600999
5602824
5603125
5607712
5610567
5615561
5618119
5618233
5618963
5619679
5626086
5628029
5629080
5631807
5632599
5634095
5636912
5643513
5649265
5656670
5656914
5657248
5657691
5658067
5658398
5659304
5661954
5662412
5677274
5677743
5680742
5681075
5681249
5681598
5682081
5682549
5683015
5683667
5684138
5684731
5685089
5685946
5690222
5701311
5701964
5705815
5707637
5711103
5712089
5716220
5716300
5716457
5716672
5716980
5718000
5719024
5719079
5726984
5728209
5728944
5731088
5739427
5739906
5749884
5750600
5752253
5753946
5766004
5768407
5769923
5771201
5775186
5776632
5778915
5779669
5780144
5783559
5784530
5786368
5789435
5792510
5793628
5794998
5801010
5801058
5802243
5803387
5805221
5805775
5815677
5820223
5821337
5821448
5823894
5825709
5829747
5830720
5831403
5832854
5833253
5833529
5847493
5847508
5848403
5853953
5854905
5860144
5862214
5862823
5864078
5864380
5865404
5866020
5869412
5869555
5870152
5870372
5870630
5872255
5872791
5873275
5874511
5875619
5876005
5881115
5883166
5883452
5884374
5885032
5886735
5887518
5888805
5889273
5890028
5890424
5900470
5905830
5906396
5907043
5909383
5910747
5910754
5911448
5912115
5916077
5916187
5920712
5922707
5923444
5923958
5924119
5924977
5926658
5927097
5927098
5928787
5930764
5931023
5933562
5934208
5937529
5938166
5938325
5939164
5940271
5941016
5946811
5948516
5950049
5950811
5953678
5954022
5954488
5955748
5956130
5961592
5962031
5962352
5963772
5964483
5968621
5971248
5974934
5975572
5976337
5977180
5977663
5979703
5981172
5981468
5983495
5983888
5985400
5986370
5986784
5989565
5989819
5993321
5994959
5997214
6005906
6006710
6006711
6021287
6022850
6022903
6022997
6023423
6023461
6023508
6023509
6024558
6025004
6025549
6026135
6027571
6027821
6033763
6034407
6040946
6041115
6044425
6045444
6048644
6050040
6050636
6050978
6052273
6062834
6065070
6065819
6067713
6068222
6068618
6073059
6074730
6076316
6082996
6086401
6086593
6088751
6092388
6092766
6098311
6099422
6100017
6100420
6101522
6102311
6104229
6105652
6106580
6111007
6111208
6111290
6114162
6119205
6119359
6123209
6124959
6126348
6128203
6128795
6129136
6131865
6132373
6137060
6138841
6139446
6139682
6140640
6146110
6150497
6154762
6155917
6156906
6159267
6160177
6161246
6162265
6163085
6164694
6169039
6175139
6176227
6176314
6184982
6185933
6186150
6189302
6189409
6191114
6191556
6192272
6192273
6196763
6198048
6200693
6201520
6202455
6203048
6205883
6208339
6209453
6210044
6210182
6211063
6211263
6212453
6213311
6215348
6216382
6230526
6231763
6233343
6233989
6235783
6236714
6238531
6239095
6239285
6239770
6244136
6249356
6252876
6252877
6253473
6253913
6255143
6259419
6261552
6262246
6262551
6263597
6264619
6265289
6265417
6266595
6267059
6268775
6269763
6274146
6275496
6279903
6283838
6286132
6287214
6291380
6293578
6293831
6293934
6294861
6295614
6295702
6303010
6308895
6309061
6311330
6311873
6312301
6315428
6315979
6329743
6330277
6335715
6337634
6337718
6338402
6343343
6344736
6344880
6359604
6366358
6366520
6367071
6368500
6369258
6369291
6369954
6370676
6371358
6371803
6371944
6374992
6377387
6377557
6378066
6378154
6378666
6382263
6386817
6387910
6391856
6391958
6392668
6392668
6394200
6394849
6395361
6395463
6396340
6396891
6399197
6403555
6404006
6404798
6407801
6407971
6412709
6416391
6418699
6419625
6420306
6421805
6422450
6422476
6423276
6424008
6424952
6427865
6428960
6429465
6430434
6430435
6431038
6436612
6436898
6440201
6440531
6442108
6442804
6445262
6450091
6452695
6453679
6457503
6460644
6461368
6463531
6464041
6465739
6467691
6468292
6468325
6469473
6471764
6472516
6474864
6475019
6476749
6477135
6477253
6480420
6480462
6481049
6482864
6485661
6486509
6486511
6487125
6488811
6491478
6493318
6496058
6499237
6501625
6503198
6504999
6505273
6507663
6509787
6519449
6520138
6520199
6521511
6522163
6522807
6524125
6524551
6526519
6527265
6529276
6529309
6529832
6530127
6531376
6531539
6533661
6538922
6541390
6542369
6542370
6543967
6546407
6547736
6550205
6554764
6555949
6556689
6560283
6566322
6566336
6567079
6567675
6567707
6567750
6567927
6573993
6575247
6575642
6576196
6578020
6578522
6578703
6580489
6584433
6588430
6592741
6594809
6596326
6597375
6607672
6608350
6608423
6609208
6610666
6611532
6612541
6615050
6619574
6621953
6622038
6624568
6627537
6628081
6628238
6630895
6633048
6633720
6634180
6634366
6635832
6637117
6641520
6641779
6642879
6643645
6643966
6644175
6644750
6648677
6649217
6649700
6650635
6650860
6651485
6655625
6664709
6666672
6668207
6669654
6671050
6675207
6675967
6684080
6685273
6688094
6691767
6693420
6693472
6695881
6697751
6699102
6701503
6704100
6705354
6708137
6709090
6709832
6710938
6711216
6711449
6712126
6712560
6718605
6720225
6721953
6722296
6723330
6723583
6724897
6725787
6727317
6731990
6735681
6736440
6737731
6741321
6741322
6742524
6742768
6743105
6745840
6746930
6747431
6750057
6750058
6751736
6754737
6755323
6761808
6763594
6765013
6768216
6775301
6777101
6778515
6781403
6783208
6784229
6786420
6788991
6789911
6795837
6796221
6801164
6801920
6802725
6804030
6804030
6804877
6804878
6805550
6806456
6807223
6808259
6808318
6810942
6811569
6813253
6814146
6814382
6815142
6815790
6816214
6816271
6816758
6817276
6817754
6817755
6818313
6820335
6820959
6821622
6823736
6824630
6826365
6831145
6831302
6835405
6836697
6837208
6837552
6841893
6844831
6850307
6852638
6854299
6863292
6865620
6867201
6875409
6876153
6878513
6879078
6879625
6879931
6883112
6888500
6890258
6891344
6891499
6892285
6893135
6894689
6895195
6896256
6897332
6902886
6905666
6907587
6907755
6908950
6910307
6912674
6913172
6913719
6914654
6919496
6919684
6922315
6923228
6924150
6925227
6927040
6928250
6929521
6929743
6930796
6933052
6937428
6939435
6941062
6946346
6946843
6947703
6949097
6949901
6950492
6950821
6956331
6967847
6968240
6968911
6970279
6971657
6972840
6973434
6974474
6975256
6975898
6977722
6978323
6978506
6981436
6982153
6982355
6982695
6983022
6983085
6986385
6989320
6989629
6992235
6992935
6994478
6995101
6995175
6995410
6998333
6999075
6999577
7002275
7002318
7002458
7005959
7007248
7009582
7010766
7012695
7016857
7017056
7019310
7019676
7020801
7021404
7029317
7034525
7035033
7035243
7035291
7037378
7041739
7043372
7044053
7044494
7045026
7046406
7046499
7047364
7047435
7049336
7051093
7051166
7054820
7057203
7059157
7060060
7061072
7062447
7063191
7063829
7064341
7064432
7064605
7068369
7068741
7070479
7073561
7075415
7076292
7077529
7079287
7079434
7079953
7080616
7081389
7081898
7082159
7090369
7092397
7093937
7094788
7096982
7097743
7100360
7101512
7106852
7110100
7110528
7112590
7113039
7114415
7115909
7115958
7116401
7118396
7120992
7126697
7127664
7130942
7131968
7133757
7135130
7140909
7147994
7152490
7153856
7155542
7162389
7171049
7172189
7172291
7172882
7173817
7174623
7174708
7175418
7175923
7176712
7176841
7177058
7179257
7183828
7186890
7186925
7189110
7190619
7191772
7192819
7194713
7200133
7201981
7202263
7207998
7209724
7212866
7213293
7215525
7215830
7216573
7218490
7219930
7223906
7229833
7231794
7232385
7232419
7233403
7238078
7239234
7240790
7241147
7243659
7244030
7244751
7246337
7246437
7246729
7247438
7248140
7248310
7249076
7249621
7249835
7251531
7265557
7266154
7267511
7267868
7268575
7269009
7270022
7270329
7271683
7271795
7272777
7272872
7273412
7274760
7275587
7277913
7278373
7278942
7279902
7280615
7282974
7287906
7288126
7289736
7290956
7291951
7293246
7293352
7299969
7300048
7305097
7306304
7306439
7306943
7306943
7312354
7313487
7314717
7316958
7317860
7317888
7320936
7324526
7324842
7327672
7329463
7335000
7336584
7337345
7341457
7341458
7342622
7343394
7347322
7348484
7352153
7357018
7357154
7358108
7359780
7361052
7363684
7369063
7372688
7372915
7373538
7373693
7374524
7377800
7392767
7394337
7394931
7400942
7404257
7406673
7412200
7412727
7415531
7416811
7417587
7422961
7424207
7424595
7425385
7427218
7428070
7429355
7432734
7432807
7434207
7437660
7438377
7438380
7439618
7442224
7442305
7444877
7448917
7449381
7451666
7452265
7453118
7455506
7456401
7456913
7459199
7470942
7471452
7471877
7471910
7474313
7481903
7482538
7484124
7490436
7491681
7491682
7493645
7494260
7494339
7500436
7500523
7501262
7502838
7503581
7504129
7504535
7507458
7509364
7510098
7510674
7513122
7515694
7516303
7525427
7526971
7528330
7528998
7531622
7533861
7541728
7542122
7543039
7543906
7544691
7548517
7550031
7550292
7552347
7553638
7563779
7564839
7565122
7565162
7565649
7566035
7566416
7566437
7569734
7570931
7571853
7572466
7573145
7574490
7576106
7577706
7579330
7581185
7582382
7584855
7586845
7593394
7594327
7595601
7597128
7605077
7606618
7608717
7609562
7610244
7610244
7611143
7612852
7613266
7615781
7616214
7616620
7617221
7617913
7618676
7621478
7622293
7624995
7629753
7630260
7630308
7630956
7631510
7632293
7633724
7635551
7637775
7637816
7638539
7639153
7646003
7647901
7648934
7652029
7653218
7653587
7653767
7654347
7654557
7656419
7656691
7656729
7659248
7665359
7665612
7667033
7667596
7668216
7669330
7672203
7672892
7678515
7680421
7680635
7684645
7684886
7686503
7686591
7689724
7692273
7692969
7694501
7695439
7696044
7696725
7701345
7702945
7705924
7707783
7708587
7710730
7711187
7711404
7712928
7713393
7713614
7715414
7716503
7719172
7720385
7721344
7723295
7725093
7729807
7730398
7734501
7737668
7738027
7742225
7744470
7746285
7749621
7749821
7758248
7758986
7759050
7760789
7771382
7772832
7789422
7791655
7795708
7797017
7800258
7801204
7802913
7803828
7803921
7804907
7805053
7805654
7806799
7807242
7808519
7812200
7819032
7821085
7826289
7826718
7830248
7830376
7831223
7831993
7832578
7834201
7834422
7837263
7838576
7839223
7840505
7842430
7842884
7842884
7843754
7843817
7844063
7845767
7848515
7849282
7849750
7849853
7866704
7867996
7868283
7869239
7870395
7871171
7871358
7873798
7874427
7875167
7875207
7876694
7879109
7880367
7880430
7883313
7887079
7891429
7892461
7895278
7905065
7905847
7906443
7907358
7907359
7908180
7908928
7909061
7910145
7911500
7911837
7912228
7913132
7918013
7919136
7924719
7925361
7929095
7929514
7929744
7930480
7935006
7935653
7942224
7943205
7943359
7943782
7945632
7946818
7947283
7947705
7948395
7948511
7949951
7950145
7953455
7959598
7960350
7961147
7964772
7965874
7968177
7968666
7973353
7975532
7979005
7985677
7986012
7986542
7987466
7987805
7989375
8002071
8010722
8010858
8014685
8014794
8015434
8016399
8017008
8017896
8021632
8023053
8025026
8032695
8032836
8036217
8037207
8037392
8038412
8047945
8048320
8048788
8051383
8051778
8053033
8054444
8056496
8058305
8059929
8060518
8060883
8061313
8061736
8062188
8062703
8063531
8064998
8065220
8067200
8067273
8068403
8069187
8069195
8069293
8069656
8069881
8072113
8072713
8076026
8076428
8076468
8077802
8079675
8081135
8081467
8082210
8083134
8083244
8083875
8085338
8086343
8086536
8087671
8090530
8091373
8094854
8095315
8095817
8095934
8104612
8109387
8109643
8109972
8111624
8114728
8115024
8115526
8122138
8125598
8126432
8128672
8130510
8132040
8132764
8133548
8134243
8134899
8137982
8138391
8144698
8144981
8145357
8148420
8148488
8149601
8150172
8150257
8150789
8154140
8161124
8165314
8165689
8166002
8167191
8167621
8167741
8168778
8172868
8173726
8181626
8182311
8183043
8183809
8187835
8188021
8188493
8188899
8189228
8190012
8191281
8191402
8195006
8197161
8200635
8205131
8211225
8211318
8211454
8211649
8211954
8212756
8213539
8215341
8218819
8220827
8221965
8225497
8226806
8230210
8230551
8233357
8234086
8234202
8235288
8235407
8236485
8238213
8241160
8242847
8243401
8243827
8244204
8246787
8251440
8253188
8253756
8254854
8254900
8258998
8260718
8263106
8263466
8264741
8265565
8265747
8266772
8267330
8267823
8268618
8272535
8273582
8274254
8276803
8278272
8279732
8286729
8290701
8291820
8293354
8294245
8296575
8297203
8297723
8297723
8298549
8299348
8299639
8299639
8301924
8301980
8303019
8303019
8303706
8305177
8306547
8307183
8307236
8308664
8311953
8316360
8316987
8319846
8323671
8328382
8329504
8332260
8340352
8340514
8341114
8341334
8342402
8343930
8347936
8350729
8355716
8356112
8367543
8368700
8369057
8371918
8371987
8374817
8386850
8387867
8388037
8388037
8395234
8401293
8402085
8402275
8403873
8404072
8405738
8405804
8405821
8408773
8409023
8409330
8411246
8412263
8412331
8412758
8412814
8413004
8416165
8416831
8418256
8420825
8421059
8423191
8424636
8425625
8426096
8426440
8428229
8428342
8429485
8429564
8429877
8430129
8431072
8431788
8432115
8432478
8433999
8434302
8436472
8436586
8437904
8439325
8440028
8440580
8441604
8441894
8442585
8443606
8444993
8445725
8447350
8448553
8449076
8449803
8450072
8450471
8453935
8455934
8465583
8466997
8468121
8469822
8471333
8471349
8471911
8472775
8473711
8477837
8480081
8481559
8483026
8483352
8483399
8483609
8484249
8485932
8488840
8489352
8490433
8490447
8493568
8494754
8495138
8495645
8496580
8497643
8499300
8499875
8500298
8500670
8500819
8501857
8501886
8504959
8505382
8507160
8509043
8515347
8516246
8524088
8524395
8524932
8525661
8527791
8529067
8532072
8533002
8536790
8537149
8537711
8539358
8541859
8542416
8543333
8546159
8546984
8557413
8558738
8562596
8566293
8568156
8572646
8575973
8576384
8576842
8580036
8581767
8585064
8588558
8590030
8593266
8595635
8597702
8598657
8601983
8602238
8602978
8603253
8603415
8604821
8604953
8605414
8607374
8610782
8612002
8613760
8614291
8614438
8615232
8618231
8618943
8618984
8620853
8621181
8624679
8625794
8626444
8630158
8630731
8632085
8634425
8636889
8637959
8638242
8639800
8641831
8647547
8651570
8651570
8652636
8657783
8658109
8659314
8662358
8662532
8668328
8669717
8669834
8671065
8672834
8674209
8674557
8675737
8677587
8678458
8681063
8681316
8682591
8684061
8686270
8687790
8687968
8688312
8688921
8689414
8690397
8690845
8691485
8691589
8692168
8694562
8695095
8697177
8700138
8700567
8701072
8701958
8704560
8705897
8706080
8706502
8706503
8708892
8710964
8712115
8719388
8719404
8721221
8723172
8723906
8724503
8729472
8733959
8735056
8735171
8735698
8742572
8744742
8745426
8747462
8748173
8748568
8749070
8749402
8750214
8750624
8754561
8766803
8766888
8768174
8768311
8768441
8768908
8769581
8770213
8770704
8771569
8772098
8772422
8772590
8772848
8773184
8773815
8777461
8778201
8778239
8780448
8780532
8781449
8786106
8789949
8795606
8797523
8797805
8799479
8802586
8802708
8802804
8803389
8803921
8804355
8804878
8805330
8805802
8806429
8807964
8808048
8810255
8810338
8811022
8815057
8815680
8815718
8823810
8824586
8833953
8836441
8836947
8839729
8841461
8842842
8843108
8843831
8845683
8850977
8853574
8853607
8853691
8855660
8857866
8858471
8860338
8860844
8863014
8863999
8865739
8868615
8873427
8875640
8878105
8878192
8879179
8884652
8886072
8888212
8890499
8894841
8895434
8896523
8897539
8897540
8899467
8900084
8900320
8900568
8901177
8901356
8901563
8902328
8902570
8903419
8904189
8911819
8911909
8916613
8921422
8921769
8923235
8931698
8933004
8933398
8933459
8933999
8934830
8941654
8944260
8944978
8951829
8952003
8952510
8952925
8952957
8954690
8955610
8956874
8957434
8961687
8962078
8962903
8963564
8965690
8966197
8968344
8970970
8973857
8975123
8975209
8975713
8976619
8977540
8977595
8978143
8978788
8979401
8979760
8979808
8981509
8982563
8990584
8990792
8991671
8992136
8992254
8993498
9004054
9005200
9010664
9012419
9013385
9016235
9018432
9019839
9020512
9024814
9025542
9025904
9028726
9029400
9030994
9031923
9032924
9033582
9033803
9034706
9034825
9035590
9035632
9039114
9039849
9045799
9046295
9048344
9048764
9049009
9050201
9053422
9055288
9055629
9060733
9063457
9063797
9066116
9067031
9068078
9069154
9069586
9069959
9070858
9071220
9071891
9072142
9072885
9078000
9078871
9079013
9083682
9083728
9084068
9086131
9088510
9089581
9095285
9100226
9103340
9104196
9108437
9109392
9110882
9110942
9111337
9111528
9113332
9114761
9114862
9116111
9119458
9124122
9124685
9126946
9130664
9132573
9135550
9136123
9136124
9136831
9138596
9138682
9138945
9142051
9142371
9144203
9146598
9146924
9151532
9152389
9154772
9158339
9163896
9165642
9166056
9166661
9168058
9170291
9173831
9179020
9179702
9179955
9180536
9181910
9185426
9186174
9186726
9187029
9187747
9188742
9189487
9189861
9190156
9190805
9190937
9195339
9195541
9197349
9197397
9197716
9199258
9199258
9199639
9202316
9207223
9210558
9210949
9213866
9215810
9221425
9221630
9222241
9222485
9223208
9223820
9228578
9230886
9236587
9239252
9240080
9240111
9240156
9243095
9243439
9243476
9245635
9247361
9249090
9254257
9254285
9255028
9255194
9257741
9260455
9260635
9262672
9265766
9266922
9267270
9267523
9267524
9268108
9268665
9269819
9270517
9271501
9274165
9275166
9275599
9278974
9281953
9281962
9282597
9283713
9286643
9287996
9288627
9288972
9289461
9292460
9292694
9293715
9293868
9294230
9300513
9302713
9303520
9304307
9305288
9308251
9312155
9317086
9319461
9322119
9323441
9324884
9325691
9326697
9326823
9327440
9328183
9330301
9330369
9331885
9332915
9333342
9340824
9340852
9341497
9342376
9344118
9344118
9344458
9345999
9349337
9349554
9350931
9352335
9358692
9360162
9365640
9368439
9373804
9374623
9375523
9376683
9378919
9381888
9383429
9384792
9385644
9385791
9386420
9387422
9388283
9388909
9389869
9390924
9392493
9393471
9394792
9395432
9396093
9396616
9396873
9396948
9397000
9397807
9397965
9398419
9398820
9398901
9399413
9400094
9404261
9404707
9405655
9407771
9409825
9412466
9412784
9413063
9413384
9413981
9419476
9421561
9422486
9422996
9423949
9424923
9425078
9426775
9428018
9429824
9429900
9433285
9437260
9437796
9437980
9448795
9449182
9449362
9449392
9449712
9450084
9450469
9450525
9451086
9451237
9451595
9451780
9452523
9453683
9453923
9455035
9455436
9455469
9456749
9456985
9457576
9457605
9459394
9459526
9461074
9462173
9469243
9469652
9473370
9474686
9475785
9476598
9477323
9479489
9481790
9484435
9485226
9488495
9491416
9493120
9500386
9502342
9503612
9505005
9506434
9507280
9510690
9511696
9513563
9514322
9515002
9515679
9516949
9517405
9517828
9521450
9525257
9525805
9526766
9526814
9528039
9529087
9529491
9529904
9530883
9531474
9531717
9532846
9534290
9536591
9545934
9548383
9552901
9561304
9561751
9563012
9565747
9569548
9570287
9572103
9576150
9576597
9586376
9590409
9591294
9592166
9593428
9594048
9595582
9596484
9596566
9602482
9602558
9605883
9606444
9606916
9607001
9607195
9608783
9608984
9610409
9611084
9611900
9612476
9620086
9621817
9624269
9627442
9627585
9631166
9640266
9642138
9642309
9644507
9646247
9646991
9648531
9648625
9649202
9649860
9651380
9656348
9659223
9664107
9664260
9664629
9665263
9668979
9669735
9669736
9670980
9671170
9671411
9672191
9672637
9674254
9677173
9677699
9677851
9678579
9679373
9680158
9689746
9691465
9692398
9693626
9697108
9699895
9702532
9702645
9702794
9704378
9704438
9704696
9705359
9705359
9705437
9706132
9706386
9708617
9709088
9709502
9709737
9710154
9710350
9711710
9714011
9714863
9717097
9718273
9718281
9719887
9720484
9720899
9725855
9727143
9728175
9729025
9731226
9732852
9732991
9733026
9736028
9737408
9739819
9740535
9743995
9744098
9744374
9745357
9751525
9752550
9754332
9755899
9757646
9758830
9759147
9761710
9761710
9774464
9777701
9778766
9779627
9780497
9787994
9788019
9788020
9788486
9791216
9792130
9792663
9793595
9794638
9796403
9799158
9800489
9805865
9807520
9807569
9808263
9810795
9810974
9811655
9823487
9823859
9824371
9826624
9829735
9835155
9840365
9842037
9843021
9844628
9851898
9854927
9856160
9865200
9866683
9866737
9870233
9877478
9877557
9881616
9885337
9887834
9889800
9891310
9892199
9895041
9907688
9908137
9909964
9912693
9915456
9915681
9916325
9916512
9916718
9916739
9918186
9918506
9919259
9919426
9920903
9922861
9924643
9932334
9939006
9939606
9940607
9946210
9948434
9949007
9949053
9949428
9949517
9949766
9950006
9950238
9965229
9966721
9968117
9968424
9968902
9969776
9970367
9970572
9971081
9971230
9972734
9973842
9973926
9974663
9975315
9975396
9975567
9977883
9980919
9981368
9982153
9982605
9983053
9984098
9984667
9984669
9985395
9988951
9988952
9990549
9990924
9992052
9993007
9993397
9996628
10000865
10001143
10001262
10003381
10003722
10005899
10007536
10008832
10009382
10019714
10019900
10019990
10022391
10024070
10024362
10024412
10024633
10025689
10026472
10026730
10027690
10028273
10028576
10028714
10029608
10032324
10032324
10036058
10039536
10040748
10043244
10044721
10046418
10046454
10047193
10048841
10048841
10049338
10050698
10051919
10053081
10053547
10053655
10053776
10058267
10058743
10060976
10063110
10065055
10066283
10066455
10067548
10067643
10068350
10070539
10074817
10081473
10082152
10084787
10085854
10090343
10095556
10098491
10098941
10098997
10099170
10102245
10103973
10104603
10107127
10110684
10111237
10116733
10117588
10118400
10119751
10123113
10124126
10130002
10136613
10136781
10139415
10141294
10143100
10143212
10145785
10148565
10149599
10150046
10150499
10152144
10153608
10154946
10155051
10155116
10156286
10156391
10159332
10160524
10163091
10167649
10170324
10171150
10171386
10174542
10175391
10175906
10176307
10176802
10176881
10177535
10177701
10179413
10180603
10181232
10182400
10183423
10184552
10186814
10186816
10187618
10189963
10191559
10192601
10193682
10200131
10202319
10202320
10202917
10203761
10204364
10204897
10205678
10206853
10212304
10213360
10215901
10216707
10218224
10224062
10235450
10236853
10237286
10237483
10239391
10240117
10240802
10240846
10240921
10244080
10246215
10249231
10249919
10250211
10250913
10251215
10253593
10268045
10268662
10270000
10270599
10272313
10273034
10274201
10274653
10274746
10275061
10275313
10275728
10276099
10276296
10277675
10277820
10278418
10279333
10281127
10281457
10282442
10284459
10284574
10288679
10288978
10292754
10292988
10295647
10300434
10300635
10301602
10302912
10304295
10305661
10307849
10309905
10312055
10314070
10319676
10320436
10326615
10326708
10327036
10327362
10328417
10328699
10329346
10330193
10332159
10332758
10333190
10339352
10342592
10343193
10344302
10344983
10346383
10347830
10349438
10352102
10352450
10352934
10353488
10353849
10355592
10358502
10360662
10362269
10362271
10364407
10368504
10372080
10377398
10378770
10379417
10380759
10381904
10385340
10386165
10388691
10389856
10391305
10392096
10393564
10394398
10394548
10395444
10399254
10399558
10401339
10401738
10402027
10402410
10404161
10414562
10415143
10415574
10418044
10418667
10419985
10438918
10440157
10444878
10447234
10447438
10449437
10450683
10450763
10452058
10453422
10455439
10456640
10457852
10464966
10468091
10468110
10470317
10472556
10479382
10480154
10481001
10483081
10487788
10487957
10488013
10490257
10490684
10495686
10496933
10500407
10503310
10503772
10504867
10505429
10506540
10506762
10507187
10511259
10511859
10516375
10519471
10520871
10521226
10522688
10523279
10523616
10524762
10525708
10526071
10526899
10527467
10529616
10529950
10532127
10532720
10533435
10537226
10537925
10538391
10539305
10539486
10540803
10541036
10541419
10544542
10548104
10548257
10549131
10549410
10550464
10556778
10564119
10566349
10569966
10570283
10570887
10574243
10576416
10576574
10580144
10580993
10582325
10583348
10584487
10586536
10587481
10587567
10593018
10594443
10594732
10599703
10600220
10600525
10603390
10608302
10609647
10612537
10613430
10615718
10616328
10616587
10616929
10617777
10619403
10620479
10620908
10620910
10621393
10621883
10622135
10622380
10622520
10623131
10623926
10625125
10627021
10629515
10632060
10637501
10639328
10640073
10642186
10647549
10647549
10647629
10650455
10651998
10653447
10657060
10659476
10663110
10663327
10664446
10664695
10666074
10672241
10674354
10674530
10675623
10676447
10677507
10681930
10683862
10690915
10693052
10693750
10699404
10706077
10710356
10720052
10720709
10721812
10722518
10723552
10724154
10724752
10725324
10725425
10725681
10725765
10726227
10727815
10728096
10729388
10729613
10730086
10730517
10732503
10732952
10733907
10734261
10736987
10739865
10740303
10740782
10744567
10748581
10749538
10759334
10761491
10763785
10768174
10774737
10775567
10776103
10776745
10776971
10777467
10778001
10778124
10779126
10779292
10780877
10784058
10785473
10791319
10792580
10795039
10795408
10800751
10803885
10807573
10808303
10809088
10809091
10809342
10809558
10810247
10810323
10811015
10814941
10816118
10816530
10820747
10822573
10829922
10830106
10832832
10833134
10833587
10834001
10834425
10834877
10835214
10835272
10835846
10836490
10837348
10839996
10844285
10847241
10848712
10848774
10849626
10853475
10863936
10864749
10867870
10870823
10870904
10872481
10874954
10875335
10877418
10878201
10878320
10878451
10879312
10879888
10880421
10880758
10880991
10881555
10882105
10882721
10882932
10883649
10884215
10884523
10884692
10887429
10892391
10893233
10900749
10906076
10906544
10906922
10907618
10908082
10908859
10909286
10909934
10912823
10930281
10930512
10931840
10932370
10934997
10935741
10936319
10950703
10951122
10951802
10953000
10953169
10962942
10967181
10968736
10969760
10971794
10973888
10974662
10974877
10975148
10975608
10975839
10976714
10977195
10978511
10978557
10979274
10980809
10988586
10999088
11007683
11010262
11010464
11015317
11016940
11019086
11022092
11023639
11026376
11027792
11028053
11028520
11028900
11028950
11030237
11031433
11031827
11032393
11033201
11033800
11034155
11034531
11034925
11035189
11035252
11035671
11036166
11036723
11037477
11037526
11037842
11038974
11039032
11040635
11042693
11043249
11044389
11045806
11048342
11049271
11051027
11051988
11052793
11053562
11054271
11055333
11056435
11058108
11058986
11061700
11064019
11065933
11066872
11072001
11085941
11089341
11091629
11092128
11095333
11096164
11097355
11102461
11102869
11103447
11105847
11105925
11106573
11106595
11106749
11116305
11135994
11136373
11137318
11137730
11137791
11140122
11141981
11144365
11145498
11148307
11148489
11149009
11149496
11151020
11152519
11155443
11159543
11166012
11167849
11169229
11169797
11169912
11170426
11170550
11170642
11171357
11171944
11172219
11173974
11175094
11176711
11180290
11180810
11186358
11188133
11191868
11192718
11193643
11194543
11195283
11195284
11196837
11197686
11198348
11200433
11205668
11209258
11211204
11218902
11219601
11219898
11223995
11224067
11224929
11224944
11225422
11226196
11230606
11232446
11232533
11242450
11245995
11247136
11247518
11250635
11251245
11255101
11256837
11262640
11265833
11267052
11274026
11274158
11277833
11278517
11281967
11284330
11284712
11285149
11285384
11286517
11287146
11287232
11290026
11290708
11291849
11293057
11294262
11294722
11297719
11298258
11303022
11303676
11305521
11306206
11307559
11307598
11307983
11308182
11308504
11308544
11309002
11310355
11312614
11314020
11321781
11323401
11326046
11326305
11327717
11328246
11333233
11333405
11335260
11336384
11338060
11338602
11338647
11338674
11338901
11349617
11350522
11359584
11359977
11361697
11362483
11363949
11367425
11369323
11374283
11374507
11374901
11377199
11378875
11379042
11382354
11386112
11388676
11389590
11389590
11389841
11391386
11392073
11392680
11392794
11393226
11394366
11396506
11407417
11410170
11413660
11414515
11419304
11422976
11423484
11425614
11429542
11430891
11434846
11438371
11439248
11440369
11440905
11444522
11444856
11444876
11446156
11446532
11447346
11448180
11448406
11448536
11448636
11449176
11449415
11449707
11449958
11451741
11458670
11468549
11471604
11472687
11475216
11476094
11478997
11479283
11480169
11480549
11480830
11481991
11483359
11484978
11487575
11494496
11494627
11497845
11499186
11501957
11502563
11503286
11504625
11508527
11510034
11510621
11514887
11519347
11526681
11528915
11530512
11531412
11531629
11533896
11535003
11535371
11543801
11545602
11550174
11550460
11550833
11551052
11551053
11552198
11554891
11555353
11557323
11560086
11562600
11563284
11568400
11569310
11572144
11574545
11575096
11575404
11576120
11576345
11577077
11577194
11577220
11579291
11580130
11585347
11585689
11586543
11589403
11591555
11591718
11592487
11593996
11595451
11597000
11599607
11599650
11599651
11602523
11602716
11603987
11604135
11605099
11612122
11616047
11620171
11622343
11625291
11628344
11628836
11637259
11637343
11639418
11640367
11640503
11642650
11644366
11644783
11646331
11646499
11647126
11649496
11659969
11660177
11661050
11661557
11661983
11662196
11663762
11664519
11666037
11666800
11666842
11667268
11668005
11668035
11668852
11672352
11673377
11675268
11676033
11678315
11681210
11686755
11687582
11687603
11688598
11694995
11695774
11696633
11700690
11703285
11710606
11712625
11717067
11718614
11720658
11721014
11721680
11722536
11726534
11726741
11730542
11733767
11738262
11738434
11739363
11742952
11742953
11743795
11743960
11744067
11745963
11747981
11748187
11749189
11749434
11750803
11759453
11763748
11766645
11767890
11768316
11768615
11772139
11774855
11775006
11777618
11778784
11782375
11784291
11787632
11787892
11789064
11791744
11797328
11797934
11797976
11798362
11800078
11800590
11801003
11801611
11807960
11810176
11811693
11811769
11812943
11814144
11814203
11814866
11815465
11817112
11817766
11819611
11825568
11827276
11832504
11833398
11833993
11834929
11837719
11838659
11849943
11853197
11853842
11854531
11856884
11861010
11866539
11866577
11866706
11867528
11867564
11868468
11868641
11868883
11868963
11871283
11871679
11872424
11873600
11874514
11875701
11877006
11877620
11877762
11877995
11878427
11878559
11879283
11881215
11881840
11882279
11882280
11883920
11886050
11891635
11892523
11893545
11897135
11898220
11898245
11898308
11899343
11901926
11902429
11903432
11903654
11904197
11904878
11905484
11905640
11906154
11906426
11906529
11907445
11910365
11912339
11912755
11913261
11913603
11913704
11914142
11914632
11915131
11915561
11916000
11916161
11916639
11923136
11930771
11931542
11932749
11933785
11935994
11936591
11937099
11938135
11938310
11938952
11940054
11941133
11941616
11942204
11948135
11948549
11949430
11950859
11952291
11953522
11955993
11960280
11961135
11961828
11962829
11963420
11963561
11963988
11966543
11966700
11970033
11971210
11974914
11976979
11981711
11983714
11985006
11986907
11996001
12000450
12000875
12002243
12002327
12002416
12004893
12005116
12008231
12010258
12015626
12017211
12019586
12020811
12028884
12029492
12030094
12032357
12034894
12034993
12041499
12041501
12043718
12044689
12045314
12045457
12046867
12047077
12048109
12048181
12048516
12049700
12050567
12052683
12062749
12066779
12067469
12068038
12070458
12070682
12072649
12073259
12073489
12074632
12077220
12078095
12089692
12090803
12094911
12097682
12100989
12102754
12102887
12106786
12108376
12111786
12115385
12115754
12119862
12120340
12124869
12130341
12131481
12132105
12133490
12135010
12137420
12137941
12139042
12139548
12140376
12140961
12141962
12142663
12143862
12144137
12146482
12151671
12153786
12154983
12160347
12160516
12161507
12161619
12163481
12163651
12170487
12174052
12175284
12175941
12176059
12176206
12176809
12176856
12176888
12177320
12177792
12178729
12179184
12182442
12182636
12183492
12183661
12183832
12185107
12186101
12187573
12188654
12188677
12188750
12189018
12189615
12189666
12190543
12194539
12195674
12197212
12198448
12199322
12202291
12202857
12205737
12208836
12210615
12211441
12212463
12214666
12217487
12217862
12217916
12219514
12219887
12220299
12224100
12226000
12226220
12227574
12229073
12232148
12232434
12235114
12235534
12236048
12236221
12237621
12237949
12240691
12242880
12242973
12243014
12243070
12243155
12244010
12244172
12244250
12244298
12245091
12247449
12247931
12248396
12248870
12251421
12252135
12253076
12254046
12254194
12257535
12259595
12267228
12269102
12269342
12270123
12270406
12271748
12271774
12272196
12272493
12273272
12273981
12275511
12276699
12282474
12285125
12286146
12291845
12293034
12297127
12307619
12307619
12308480
12308865
12311644
12311711
12312348
12313103
12314040
12314455
12314795
12315127
12315601
12316327
12316504
12317099
12317490
12317520
12319395
12319655
12320629
12323407
12329631
12333593
12334057
12337039
12341353
12345498
12345918
12346355
12348212
12348553
12351701
12358146
12366257
12367580
12369008
12369443
12369777
12369952
12372040
12372937
12373277
12373363
12375300
12376041
12380848
12381788
12381931
12382996
12384739
12386312
12387950
12388098
12389638
12390323
12392542
12394072
12395265
12396990
12399374
12399557
12399763
12401043
12402232
12403590
12403784
12405349
12405921
12406651
12406669
12406920
12407331
12407399
12409211
12409298
12409333
12410363
12412358
12412608
12414740
12419188
12419908
12420874
12420937
12421758
12422018
12422817
12423923
12425253
12426473
12427989
12434953
12437469
12441472
12445504
12446319
12446401
12448158
12453999
12454829
12454883
12454992
12456205
12456828
12457562
12458218
12458299
12458728
12460530
12465088
12467985
12471144
12471454
12472394
12473103
12473704
12476528
12481289
12488364
12490600
12491330
12491622
12492154
12492767
12493430
12494835
12494901
12495349
12499341
12499708
12503235
12510880
12511195
12513543
12513605
12514783
12515514
12521009
12526037
12528725
12533679
12534473
12536011
12538159
12539932
12539933
12540609
12543492
12546361
12548303
12548856
12550257
12550395
12553245
12553763
12555498
12555545
12556564
12557588
12558781
12560013
12560661
12567635
12569701
12572341
12574057
12575554
12575759
12576287
12576324
12576418
12576662
12577063
12578912
12579886
12582518
12585862
12586545
12586751
12587472
12589112
12595819
12596000
12596313
12600138
12600855
12601256
12601836
12602321
12603147
12604885
12605054
12605834
12607364
12632198
12634711
12642143
12648508
12648544
12650437
12652864
12656015
12665314
12669016
12670177
12671431
12672155
12673347
12673600
12674643
12674812
12674953
12675299
12675838
12676521
12676638
12677171
12678092
12678509
12678639
12679054
12680455
12681342
12684598
12689506
12696450
12696589
12700954
12710688
12714438
12715108
12716593
12717033
12717572
12718334
12719179
12719269
12719565
12729734
12730321
12733531
12734535
12734803
12737124
12748931
12759178
12760823
12760850
12761916
12762015
12762549
12765316
12765693
12766024
12770181
12770263
12776051
12778716
12779598
12780753
12785772
12787134
12794727
12796783
12800617
12800729
12801209
12801842
12801886
12804056
12805050
12805800
12806218
12809548
12809949
12810295
12810519
12810838
12814404
12814579
12814897
12815622
12816300
12816553
12818854
12819202
12821667
12822023
12822115
12822707
12823372
12823372
12824082
12825017
12826391
12827541
12827791
12828298
12828299
12828385
12829393
12829957
12830884
12831235
12831301
12831677
12832627
12833132
12833953
12836876
12837444
12838073
12839323
12839830
12840865
12840910
12841212
12846805
12848378
12849088
12849415
12849754
12849833
12850004
12850181
12850615
12850892
12851041
12851095
12852135
12852596
12859551
12860231
12861585
12862377
12862944
12870138
12877099
12878609
12880778
12881205
12886169
12886728
12887617
12890014
12890184
12892410
12893410
12895388
12902133
12906886
12907449
12908123
12908715
12909302
12909506
12913694
12915067
12917964
12918832
12922126
12923526
12926693
12926889
12928070
12929623
12932355
12932505
12934079
12934519
12935850
12937473
12943944
12944286
12945477
12945628
12946321
12946407
12946738
12946784
12947131
12947457
12947865
12948238
12948453
12948453
12948959
12949685
12951406
12957736
12962762
12963194
12964719
12964732
12965313
12965598
12966110
12967036
12967296
12967597
12967643
12968130
12968326
12969435
12971772
12971849
12972035
12972476
12973943
12973955
12974173
12974849
12976656
12977102
12978722
12979382
12979908
12980109
12980276
12980278
12980579
12980718
12981299
12981425
12981476
12981896
12982217
12982536
12982859
12982940
12983407
12983449
12983600
12984313
12987034
12987975
12993752
12997919
12998684
13003227
13009414
13013109
13017423
13018598
13027177
13028697
13029517
13029970
13032687
13033873
13035141
13037969
13038660
13042773
13043373
13044843
13046610
13052491
13054330
13057334
13057728
13059871
13060217
13063440
13063448
13069158
13073116
13074394
13074924
13075805
13077564
13079603
13079975
13080354
13082039
13082041
13083305
13085103
13085206
13087238
13088377
13088544
13088591
13088923
13089177
13089228
13089431
13090288
13091604
13092488
13093193
13093639
13094037
13094251
13094597
13094932
13095229
13098790
13107828
13109938
13111196
13116998
13118208
13120205
13120765
13123756
13124172
13124644
13125063
13125341
13125342
13125598
13125599
13125876
13126016
13126186
13126535
13128221
13128305
13132704
13135128
13140539
13141697
13146247
13155317
13156701
13158001
13160365
13164338
13166123
13168900
13169657
13171108
13172547
13172582
13173858
13175471
13177640
13179214
13183573
13184012
13184869
13187380
13188549
13188789
13190420
13190868
13191443
13193778
13205223
13210113
13210992
13212010
13212326
13221726
13221926
13222531
13224501
13226166
13228486
13229090
13230061
13230400
13231307
13232874
13233611
13235847
13240772
13242338
13242965
13243154
13243281
13243947
13246124
13246669
13248264
13248600
13249152
13249415
13249894
13250181
13250374
13261096
13269821
13270678
13271099
13272755
13274012
13274399
13274738
13275018
13278089
13278375
13278938
13280356
13280475
13280646
13281446
13281935
13281979
13282437
13282888
13283201
13283560
13284219
13285154
13286941
13287747
13291297
13292087
13292655
13299225
13300299
13300905
13301204
13304550
13305470
13306096
13306221
13306571
13306865
13307794
13308179
13308360
13308603
13310103
13310753
13313296
13313563
13314062
13314430
13314465
13315573
13318899
13319419
13319679
13322162
13322351
13322417
13322438
13323414
13324464
13324479
13332554
13335301
13336769
13337859
13339765
13339812
13343145
13343162
13343549
13343550
13343652
13344331
13344537
13345010
13345179
13345269
13345299
13345420
13345851
13346343
13346431
13346458
13346572
13346955
13347298
13347959
13348660
13348832
13349416
13350943
13357869
13358696
13362549
13366039
13372287
13372742
13372743
13373212
13373778
13374245
13374727
13375273
13376204
13379175
13381662
13388090
13396773
13397885
13399334
13400933
13400951
13401731
13402627
13404423
13405357
13406382
13406475
13407180
13407335
13407985
13408495
13409003
13409800
13409800
13413402
13415022
13415561
13416068
13416165
13417021
13417173
13417946
13419916
13423290
13425345
13426284
13426938
13427992
13428604
13429751
13430500
13430841
13433566
13433670
13434803
13435937
13438327
13441093
13442587
13445683
13446274
13454197
13455951
13459342
13466632
13471394
13472853
13473429
13477412
13477775
13478114
13480499
13480499
13480872
13481209
13481502
13481795
13481818
13482045
13482305
13482579
13482884
13483165
13483529
13484153
13484491
13484629
13485781
13486882
13487062
13487589
13492744
13494356
13496148
13502884
13504103
13504466
13508877
13509220
13510147
13511252
13512982
13514367
13517222
13518663
13519051
13520762
13523222
13527510
13528113
13528560
13528900
13528900
13529341
13530109
13536451
13541345
13545785
13546650
13546733
13551010
13552711
13567573
13569118
13569529
13570771
13571785
13572487
13573873
13573915
13575057
13575955
13576115
13576752
13576912
13577491
13577596
13578501
13578572
13578703
13578817
13578829
13578997
13579099
13579437
13579773
13580111
13580501
13580657
13580871
13581164
13581313
13581832
13582304
13582793
13583144
13583344
13583857
13584244
13590859
13590888
13592395
13597091
13599703
13601935
13606267
13608987
13609497
13610353
13611953
13612417
13612745
13613059
13613303
13613309
13613556
13613596
13613599
13613844
13613860
13614090
13614107
13614366
13614641
13616195
13617102
13621001
13621262
13624698
13625700
13626173
13626189
13626718
13627178
13627637
13628337
13629143
13630591
13631018
13632668
13634785
13635439
13636142
13636728
13636878
13637119
13637606
13637760
13638416
13639348
13640740
13641127
13643237
13643928
13646321
13646695
13647153
13647189
13647765
13648301
13649537
13654345
13656678
13657215
13662216
13664676
13665623
13666509
13666741
13668003
13670979
13671634
13674525
13683380
13700550
13707381
13707435
13709404
13715772
13718428
13733492
13738508
13750864
13750938
13752509
13753539
13755914
13756356
13757372
13765827
13768267
13768949
13769909
13770569
13771163
13773122
13777944
13779387
13779434
13779917
13791906
13792899
13795687
13795831
13796599
13800932
13801710
13801782
13802247
13802614
13804373
13805019
13809642
13810223
13810366
13811008
13811537
13812601
13812785
13812872
13814438
13815296
13816963
13818220
13818342
13818427
13818604
13819494
13821331
13829045
13829118
13834054
13838510
13843574
13847471
13847768
13848393
13848857
13849418
13849462
13855972
13860066
13865714
13867498
13869080
13869505
13869556
13870298
13870974
13871079
13873298
13873983
13875295
13877336
13884095
13885880
13892174
13896441
13897513
13897858
13907277
13910820
13910994
13912046
13914615
13919729
13923761
13924332
13924716
13925061
13925207
13925424
13925856
13926064
13926330
13926748
13926978
13927434
13927622
13928003
13929059
13933924
13938636
13940170
13946932
13947106
13947935
13948742
13952099
13959096
13965513
13966027
13967557
13968650
13970330
13971576
13971723
13971739
13974308
13975837
13977616
13978220
13979082
13979257
13979696
13980367
13980740
13981895
13982689
13983313
13983796
13984317
13984623
13984735
13985699
13985987
13989744
13990409
13995952
13997478
13997821
13998205
13998599
13999309
13999861
13999884
14000704
14000994
14001679
14003720
14004820
14007466
14008180
14009077
14009946
14010568
14011329
14011657
14012201
14012765
14013088
14013346
14013552
14016126
14016383
14022007
14024253
14024577
14024752
14024836
14024949
14025394
14025489
14025917
14026335
14026793
14026794
14027409
14029740
14042211
14042730
14044235
14049743
14051285
14054455
14056025
14060689
14064012
14064808
14066210
14066262
14067198
14069834
14073664
14074396
14074557
14074877
14077700
14078632
14080126
14080983
14081536
14084367
14085946
14088507
14091625
14092849
14093848
14094910
14094983
14095388
14096681
14105388
14111693
14114311
14118599
14119843
14120490
14120766
14121478
14123363
14125373
14125809
14127184
14128843
14136560
14137349
14137921
14139177
14144356
14149387
14149559
14149678
14150408
14150832
14162583
14166190
14167698
14169616
14171717
14171970
14174149
14174649
14180778
14181328
14181669
14181742
14182457
14183263
14183726
14184448
14184747
14185870
14189763
14190406
14191763
14195993
14197745
14198103
14200694
14201928
14203397
14204792
14205077
14206084
14206229
14211478
14211908
14216221
14216700
14217109
14218570
14219983
14220657
14222506
14225123
14225722
14225820
14225906
14226585
14227290
14227316
14231571
14233761
14233809
14238857
14239990
14240252
14240326
14242682
14243142
14244796
14245775
14250369
14252253
14254987
14255932
14262816
14265750
14267173
14269120
14269808
14270207
14270322
14273631
14274878
14276557
14279777
14285189
14285823
14286935
14287135
14289708
14295752
14298262
14303444
14312867
14313667
14314448
14314448
14316040
14323290
14323472
14324383
14326320
14326491
14326509
14328179
14328679
14330753
14335723
14336836
14337067
14338364
14339623
14340305
14340850
14341331
14342620
14343642
14344073
14346053
14348541
14350123
14350954
14351523
14352240
14353184
14353240
14353347
14358622
14366223
14366399
14370670
14375790
14376300
14378102
14382785
14382946
14385460
14386686
14387088
14388196
14392284
14396296
14396297
14407673
14408868
14409721
14414914
14420171
14426006
14427676
14427846
14428078
14428809
14429043
14429272
14429290
14430057
14430313
14430349
14430823
14431238
14432170
14434324
14438627
14442675
14443541
14443964
14445122
14445806
14448242
14449797
14459204
14465473
14465697
14469426
14470433
14470547
14470652
14471237
14471683
14472687
14473988
14474087
14474155
14474712
14474913
14475805
14476702
14476726
14477137
14477310
14478744
14479511
14480115
14480196
14480802
14482422
14486915
14488267
14489923
14490420
14499302
14505432
14505609
14509550
14512444
14515010
14516315
14516975
14517398
14518137
14519503
14519890
14520322
14520877
14521995
14529538
14529865
14530289
14532285
14538162
14540974
14542826
14542828
14543541
14544763
14545686
14545696
14550851
14551530
14553440
14554762
14555243
14558034
14568396
14571340
14571686
14572790
14573394
14574138
14578058
14579397
14580616
14580676
14582977
14585282
14589057
14589932
14590959
14591330
14596287
14610094
14612670
14612925
14617296
14617715
14618088
14618381
14618635
14618881
14619140
14619379
14619587
14619856
14620189
14620516
14620621
14620994
14621128
14621771
14622579
14626073
14626221
14627451
14628960
14629267
14629572
14630865
14631121
14633767
14635812
14637015
14640689
14642111
14646999
14649213
14649215
14649392
14650248
14650357
14662568
14662624
14663122
14663467
14663662
14664902
14665761
14669331
14669406
14669776
14670311
14670492
14671291
14671926
14672470
14673120
14675051
14675336
14675473
14675772
14676406
14676489
14676596
14676675
14677016
14677404
14677509
14677675
14678008
14678390
14678414
14678848
14679075
14679206
14680930
14681276
14681932
14683100
14683552
14683669
14685344
14694427
14700377
14702273
14703457
14704718
14704972
14706565
14712321
14716079
14716678
14717789
14718649
14719721
14719860
14721040
14721146
14721366
14721479
14721661
14721929
14722214
14722784
14723082
14723352
14723392
14723713
14724115
14724441
14725201
14727926
14728677
14729410
14730864
14736757
14737930
14738982
14739351
14739397
14739869
14740309
14740628
14741904
14744270
14745201
14748148
14748810
14749313
14749647
14764946
14766403
14766444
14767031
14767603
14767740
14768006
14768386
14768748
14768947
14769259
14769735
14770178
14770258
14770748
14770755
14770841
14771083
14771244
14771715
14772209
14773339
14774371
14779746
14781729
14783741
14783942
14784121
14784142
14784452
14784453
14784797
14785121
14785890
14786456
14787127
14791605
14795156
14798493
14799042
14799538
14799559
14800023
14800124
14801937
14803099
14803815
14811308
14814124
14816731
14816790
14821115
14831160
14832276
14836965
14837868
14838332
14838661
14838719
14838781
14838869
14839037
14839429
14839429
14839974
14842965
14847002
14847854
14848032
14852639
14858878
14860408
14861714
14862259
14862267
14862789
14863022
14863338
14863707
14863732
14864300
14864300
14864731
14864896
14865796
14866182
14867200
14870438
14872958
14876771
14882051
14883252
14890231
14891493
14891540
14893640
14895608
14896127
14896228
14896246
14898727
14899471
14900079
14901312
14902756
14904545
14905575
14907474
14907911
14909225
14910086
14911985
14912917
14913126
14913495
14915289
14921623
14922822
14923383
14928649
14931821
14933949
14939852
14941859
14942647
14943015
14944363
14945603
14945603
14946702
14951990
14958515
14958943
14959507
14959629
14967970
14972484
14973138
14981716
14982088
14982505
14983037
14983676
14984490
14987393
14987678
14988524
14989930
14990650
14990735
14991203
14991605
14991936
14992340
14992483
14992884
14995710
14996358
