3722.251
18664.4
23328.73
25604.15
27363.47
29221.59
32251.56
47733.82
48791.6
48932.37
49344.4
55405.45
56028.59
57368.98
58413.02
95905.97
98179.31
98666.35
100117.5
101751.7
107687.9
134651.4
139650.5
140694.5
142673.2
144955.5
151823.4
152645.6
156734.1
161655.9
169983
190236.4
211216.8
228113.7
236186.1
239003.2
243824.8
256536.8
274645
283793.6
287235
306349.4
310896.2
314158.5
316627.4
319249.5
323984.9
324801.5
327061.6
327530
328574.6
329048.2
329509.7
329964.3
330481.7
332842.6
333415.3
337992.8
339583
341291.7
342143.4
348330.3
348634.9
348772.6
432692.1
437904.3
438573.6
442581
452964.7
458642.4
463765.7
473548.1
479229.3
480560.7
501600.1
522211
542746.6
547739
551310.1
552924.3
554348.9
554892.6
555702.5
557948.3
587706.6
607002.4
607831.7
610759.4
629304
648200.4
648413.4
649101.8
650076.5
651276.6
653096.5
702311.6
704577.1
734884.2
749807.2
754013.3
789570.4
800187.5
804850.3
817875.6
818644.9
823172.7
832798.6
835120.5
846035
847682.3
852166
855066.3
868451.4
883490
900133.6
912746.9
914150.3
919253.3
922292.7
927904.5
931695.1
949749
952713.8
996306.6
1013256
1031805
1032247
1038858
1044343
1058159
1058655
1059646
1063760
1084471
1109072
1123329
1125560
1148848
1160294
1161357
1161917
1162954
1166079
1176566
1183179
1192181
1192911
1209437
1209956
1211232
1231771
1234493
1245693
1247657
1248443
1248656
1249809
1251737
1251992
1252103
1252454
1252609
1255369
1290943
1291813
1292194
1293980
1321501
1331626
1357426
1358192
1361132
1380157
1395536
1399373
1418585
1427496
1428079
1429417
1437628
1446046
1450295
1453853
1465526
1475304
1491957
1507488
1514364
1517768
1533869
1548837
1551477
1552709
1554285
1561501
1600790
1608847
1626864
1627849
1636697
1644857
1646924
1700161
1710120
1716498
1732735
1745319
1750948
1752375
1767972
1769752
1770996
1774732
1776659
1782134
1782416
1783168
1792574
1796344
1807700
1810602
1827405
1848771
1848918
1849391
1851618
1851618
1852103
1852522
1852613
1905205
1906435
1923502
1924472
1948762
1955437
1957386
1958246
1962916
1963901
1965393
1972467
1993900
1995694
1999351
2014455
2015379
2025834
2041973
2043242
2044163
2044990
2045609
2052822
2059097
2084271
2101169
2101172
2107589
2126845
2128063
2132991
2133811
2136780
2145659
2148010
2148506
2158631
2159235
2159863
2160675
2161183
2161845
2204672
2205820
2205937
2206029
2233895
2258716
2285924
2287238
2293115
2307484
2310487
2334872
2345356
2358642
2382431
2401156
2410031
2412436
2441351
2442083
2446898
2448156
2448409
2448584
2449260
2450402
2453899
2458293
2460391
2495974
2502785
2535772
2536596
2550305
2560940
2575531
2578286
2580902
2622064
2622609
2623400
2625640
2630845
2632852
2641555
2642793
2652513
2671030
2673642
2674771
2675041
2693682
2695619
2701202
2705796
2738976
2740038
2740656
2741327
2748458
2748648
2748814
2749113
2749891
2750486
2751648
2754732
2761108
2764130
2767653
2799772
2809898
2810754
2834002
2848044
2851028
2858140
2861864
2865804
2866813
2871788
2876547
2877318
2879768
2891380
2894247
2940668
2942153
2943529
2974705
2983411
2994713
3004833
3005681
3024330
3037213
3046087
3048401
3048575
3050165
3050501
3050796
3089357
3109308
3121089
3129011
3132928
3161671
3162455
3162547
3163566
3164626
3166649
3202416
3204785
3209435
3224113
3224694
3225231
3237290
3261633
3265811
3271831
3276409
3277156
3281190
3291155
3304444
3305537
3307849
3309690
3321836
3323812
3350162
3351024
3359863
3385627
3391694
3402990
3404103
3409278
3410586
3452310
3452792
3457711
3460737
3465563
3477739
3478467
3479974
3481385
3481996
3482535
3492193
3493968
3496706
3497050
3516134
3535228
3545094
3565519
3619957
3628404
3634517
3641229
3645953
3648442
3649188
3652779
3731114
3732654
3769136
3773324
3773530
3773580
3779197
3780252
3782807
3783853
3788765
3813444
3814132
3840337
3841727
3846641
3849807
3863607
3864221
3865120
3866006
3870337
3885878
3901416
3902703
3903432
3903950
3911355
3914422
3917726
3924551
3938565
3939927
3948311
3949313
3949688
3949893
3951319
3952788
3960850
4006985
4025664
4031987
4032574
4038936
4040098
4078807
4079361
4095287
4104692
4115721
4120458
4122155
4126045
4134243
4137546
4145642
4150455
4161209
4164399
4165070
4165916
4174766
4180111
4208086
4248452
4248624
4252667
4266512
4268211
4289326
4327187
4337779
4340532
4341593
4342615
4346923
4347811
4355770
4357177
4373729
4374737
4377313
4378895
4385036
4391580
4398718
4401858
4410435
4413578
4414750
4432942
4433790
4439834
4473398
4474659
4475383
4481055
4482474
4489394
4491677
4495699
4500108
4507552
4531903
4536779
4537399
4544175
4553582
4577528
4617303
4651165
4652495
4653328
4660590
4681570
4687526
4689208
4700653
4711436
4727342
4737750
4738937
4750823
4772227
4780528
4782095
4791011
4795395
4803201
4805554
4816339
4820915
4821695
4829726
4830529
4831740
4834082
4835515
4837825
4847756
4848291
4848456
4848933
4851505
4852653
4852967
4855906
4859604
4866737
4886954
4895742
4897960
4908533
4909245
4917743
4918509
4920073
4925053
4944104
4945906
4959256
4963061
4973560
4974601
4979897
5014788
5034659
5040508
5046828
5058817
5062887
5065479
5069405
5115596
5116720
5119183
5128938
5142794
5148412
5148582
5151264
5151352
5152144
5160622
5188001
5213508
5235979
5236141
5244981
5251272
5259206
5263293
5264609
5292262
5294036
5298532
5313806
5314768
5340497
5340547
5344307
5345697
5355951
5356117
5356983
5358118
5360678
5361863
5362567
5363284
5378740
5385089
5401261
5403096
5416215
5436142
5442736
5448602
5450120
5450570
5453557
5455095
5474212
5488869
5507330
5507601
5510456
5513484
5522499
5532727
5534767
5542537
5543693
5544907
5548242
5549074
5549614
5550184
5550533
5551076
5551461
5552647
5553377
5561277
5570729
5572203
5572206
5578855
5579796
5589869
5591246
5599591
5601239
5602383
5603505
5604432
5608724
5609365
5609978
5610627
5611394
5614631
5614841
5620892
5642188
5644238
5645583
5646530
5649155
5650187
5650807
5651445
5651969
5652011
5653858
5654324
5657050
5657532
5662316
5664210
5667950
5668911
5669644
5673052
5673629
5674270
5675808
5677474
5678858
5684984
5687319
5688005
5688358
5689738
5691534
5693612
5694710
5695102
5696472
5696624
5719052
5719053
5721699
5734728
5737061
5739429
5739430
5740478
5744843
5748390
5751484
5751941
5752920
5754414
5754830
5755857
5756188
5756675
5757639
5758103
5773694
5793802
5800152
5828710
5828972
5829447
5844118
5862349
5877545
5886389
5888377
5906065
5906480
5907532
5908408
5908981
5938506
5938507
5950451
5956788
5963860
5969234
5970479
5994199
6013665
6025905
6028305
6040782
6044345
6048505
6049509
6051506
6053458
6058319
6060170
6061885
6063739
6117589
6121662
6144552
6146567
6147314
6182650
6185204
6195692
6226456
6230739
6231806
6233053
6252116
6254671
6266513
6269594
6271638
6285058
6292779
6294088
6311794
6320044
6321953
6323293
6323908
6324615
6325338
6329133
6332831
6333642
6336029
6336762
6336762
6337661
6345220
6347694
6348468
6349274
6349854
6349975
6350008
6351241
6352602
6355779
6361431
6397564
6436517
6441258
6442131
6449706
6449706
6450714
6450714
6452024
6469479
6469479
6470792
6480268
6484903
6505607
6510925
6514479
6537354
6540126
6544318
6551400
6571635
6576335
6577613
6580023
6581550
6582585
6585522
6600930
6603603
6612410
6614122
6616537
6616538
6622192
6648027
6650053
6652867
6653913
6655004
6655418
6655418
6661369
6665813
6676752
6694021
6696987
6700810
6705567
6721332
6727151
6728477
6728479
6735334
6740489
6744387
6744694
6758055
6759060
6759060
6802253
6818040
6819562
6819562
6821694
6825113
6828307
6861008
6864758
6875206
6893434
6894207
6908544
6911628
6916078
6917262
6919476
6921286
6922563
6922563
6931032
6932859
6934455
6938871
6940823
6940825
6948318
6948319
6948512
6949561
6949977
6952817
6953140
6975884
6982574
6995377
7008038
7009301
7026408
7028392
7028874
7029540
7030278
7034929
7035882
7038058
7042306
7042377
7044857
7047032
7048617
7054054
7055014
7089967
7093484
7094222
7097043
7108690
7121536
7129124
7129839
7131051
7135580
7142736
7147814
7161751
7163953
7166783
7172163
7175832
7186141
7187802
7190221
7192149
7205196
7207498
7209821
7212238
7213337
7213825
7220103
7225579
7227517
7230060
7233364
7251227
7253607
7258778
7267755
7285431
7287973
7293774
7297371
7308922
7310010
7313485
7329821
7330709
7341180
7347964
7348935
7350177
7354039
7361717
7368559
7374606
7391020
7391600
7399785
7403431
7407827
7408951
7412969
7413563
7415457
7422537
7425202
7425731
7427059
7427520
7429921
7430456
7433247
7441365
7441739
7447449
7449159
7451006
7451579
7452631
7455005
7455514
7456635
7458454
7459756
7465142
7466160
7466911
7467600
7471086
7477664
7483674
7488870
7493384
7503457
7508174
7514217
7518791
7519835
7526860
7544277
7549218
7550347
7551302
7552199
7552858
7554622
7561628
7565722
7567484
7568099
7610411
7610717
7611496
7628984
7633113
7634361
7658522
7661396
7694711
7695588
7696983
7706870
7721421
7722970
7723801
7739197
7739913
7744615
7758499
7759350
7765383
7768306
7769174
7769208
7770177
7771087
7773881
7774511
7780690
7786294
7793973
7795585
7803785
7845418
7852628
7853432
7908295
7922412
7941356
7970403
7971110
7971640
7973249
7993294
7999284
8002222
8003987
8019111
8019381
8036993
8039223
8039224
8043380
8043674
8047719
8056026
8058227
8059412
8061479
8062468
8079333
8082719
8083240
8087122
8091388
8096756
8101489
8116008
8119233
8123520
8132613
8143969
8143969
8145806
8151619
8152056
8154237
8158716
8160250
8169213
8202679
8232064
8232578
8238200
8238386
8243500
8245663
8249371
8253710
8254485
8266068
8281767
8299812
8301578
8306982
8311433
8311990
8312648
8313782
8320699
8322974
8325634
8332624
8333116
8334855
8346861
8346862
8348884
8350356
8383427
8384648
8393525
8401616
8403981
8405650
8413605
8426950
8448322
8449593
8450579
8451255
8452361
8460850
8470221
8489221
8495144
8518402
8521732
8521962
8535708
8542054
8546083
8550167
8551383
8571822
8573945
8580235
8582586
8593531
8601895
8641754
8642360
8645428
8649132
8655487
8662653
8673338
8693105
8695054
8695744
8696543
8732859
8748316
8750389
8751631
8752277
8758709
8760992
8763541
8785128
8795108
8802466
8809250
8810485
8812339
8813703
8819788
8822636
8825451
8828648
8846247
8856704
8857560
8859698
8869171
8875818
8887427
8889261
8899655
8922226
8922421
8923268
8928962
8943904
8945413
8985334
8991882
8996617
9001216
9003539
9016500
9018970
9018995
9023148
9031102
9032913
9033149
9036508
9040565
9042230
9043418
9046774
9048201
9048540
9049431
9050055
9050935
9051698
9052044
9052640
9053802
9093115
9103167
9105681
9117678
9118633
9120480
9125601
9131926
9164745
9194443
9198427
9205388
9213081
9218961
9220429
9227637
9231449
9232232
9233080
9241233
9269548
9270976
9273511
9281938
9282357
9286116
9289417
9293750
9294681
9295370
9296308
9301028
9302017
9303741
9304215
9305167
9305740
9307202
9311506
9314781
9315504
9316457
9317141
9321079
9326620
9334994
9339503
9341004
9347245
9347949
9350127
9352190
9354504
9359090
9359126
9360132
9363680
9380248
9396102
9397586
9403660
9409389
9411980
9413601
9415440
9416399
9419014
9420510
9441109
9448815
9476593
9493423
9524023
9536468
9537223
9539290
9539997
9540594
9542020
9542470
9543851
9546439
9546966
9552959
9555768
9557780
9559709
9562351
9562857
9565562
9572615
9576166
9576978
9577983
9578091
9582841
9589948
9590784
9592228
9592991
9606461
9607117
9629300
9631639
9634613
9639465
9642392
9643006
9644282
9645724
9648289
9648453
9649037
9649756
9650914
9652010
9652645
9652850
9653728
9661200
9691564
9696161
9704807
9738051
9744939
9753383
9765752
9771845
9779480
9781348
9781873
9787436
9795765
9815624
9818711
9823465
9827492
9828131
9865581
9871322
9885038
9885600
9889587
9894591
9900073
9904945
9923433
9924091
9927008
9936123
9936884
9939082
9943421
9943922
9948262
9948412
9948584
9948952
9949389
9949820
9949956
9950803
9951746
9952176
9952844
9959601
9961037
10029666
10031516
10032209
10035365
10041845
10048454
10051934
10068366
10070310
10072356
10080389
10084503
10117738
10119337
10119894
10120348
10120946
10134311
10134799
10135655
10137843
10137859
10156752
10160557
10195676
10202188
10210686
10235839
10242220
10245270
10248364
10251417
10252290
10252558
10253924
10262139
10281585
10303971
10305258
10309341
10315286
10330588
10332414
10333459
10354539
10356449
10363055
10364907
10366533
10367642
10368634
10370828
10384401
10386236
10387150
10396223
10398614
10401641
10412123
10423970
10434123
10438430
10440798
10441821
10442630
10458675
10465875
10480672
10482083
10506309
10514093
10518032
10526692
10548151
10548154
10548372
10548544
10549682
10551797
10552344
10553192
10559911
10577746
10597880
10603965
10611934
10624216
10653641
10654184
10680452
10687383
10732092
10734807
10737680
10742519
10743495
10760211
10775276
10795112
10795810
10796494
10804381
10808271
10809585
10811349
10830125
10831100
10836129
10837200
10843408
10844294
10845904
10849049
10849767
10850411
10851150
10852350
10860915
10861736
10902605
10910617
10917821
10924152
10933095
10967541
10972692
10973245
10974477
10999909
11011279
11013052
11013729
11028716
11031972
11037795
11043208
11048353
11051401
11054184
11056504
11063976
11072831
11072991
11075376
11077753
11083143
11087245
11107496
11108532
11109041
11115757
11116629
11120216
11121506
11122985
11125368
11138606
11141495
11141882
11148129
11148427
11149082
11149760
11152622
11153229
11180943
11191192
11201173
11212669
11233440
11237840
11239650
11239823
11242480
11246019
11255732
11259845
11273854
11276868
11312978
11328806
11354539
11359377
11360207
11361639
11369699
11370428
11373727
11397417
11432057
11433273
11448334
11448620
11448994
11450741
11460025
11510886
11512553
11526248
11540987
11557188
11558331
11562713
11564981
11565755
11567766
11578192
11589054
11599653
11616484
11621289
11626767
11631404
11638446
11662521
11664917
11678372
11687024
11700801
11704005
11726123
11729817
11730186
11731129
11731826
11732489
11734060
11739700
11744904
11748326
11748501
11748662
11748834
11749798
11751372
11752334
11752680
11753229
11766994
11797439
11803235
11818990
11844904
11852257
11853333
11854949
11856753
11862239
11862240
11863454
11864114
11872954
11873124
11878506
11900523
11901709
11913341
11914221
11914825
11924667
11927650
11930232
11942067
11957162
11968546
11990969
11991824
11992060
11996491
11996530
12000889
12016916
12017594
12018493
12027847
12029204
12033064
12035387
12046440
12046837
12048570
12049036
12049335
12049825
12051226
12052373
12053048
12083179
12087325
12124927
12148632
12149621
12158465
12165486
12167863
12175479
12185924
12191381
12192160
12193146
12193956
12197736
12202251
12202812
12213512
12214196
12214431
12215092
12215125
12218745
12222740
12230913
12236411
12243923
12245112
12252311
12253826
12263128
12264817
12266333
12271819
12272630
12274126
12277993
12280129
12281064
12282182
12290697
12309301
12315407
12335776
12336473
12337316
12348210
12348387
12348541
12349138
12349786
12351388
12351827
12352806
12354021
12389930
12402172
12408813
12415170
12417475
12423305
12424068
12432436
12435814
12437473
12459594
12460891
12465982
12469470
12477390
12479256
12480494
12499563
12504895
12515447
12519959
12526977
12527768
12551055
12561882
12562680
12563638
12576854
12595570
12600837
12605912
12606124
12616653
12620268
12624509
12626488
12636272
12639701
12648577
12648958
12649259
12651400
12653083
12661363
12686212
12709747
12716349
12717875
12754436
12757269
12757665
12758405
12767922
12770337
12775557
12791104
12797341
12798248
12799614
12809797
12825606
12826357
12829644
12835131
12837503
12852672
12860816
12864757
12869805
12870583
12871279
12871913
12872593
12890954
12894690
12900418
12907814
12908246
12908686
12923436
12934907
12936533
12941498
12948120
12949185
12949936
12951363
12951640
12952671
12954095
13000998
13004787
13028515
13050997
13051633
13052051
13056207
13063242
13064342
13065489
13089806
13090310
13090923
13093607
13098105
13112002
13131721
13133092
13135508
13136298
13158993
13184447
13186898
13206818
13213530
13231895
13233660
13239173
13242125
13248400
13248542
13248714
13249267
13249820
13260676
13281403
13303851
13309823
13314303
13314678
13323095
13324498
13327313
13328723
13331732
13333779
13335582
13359871
13361228
13362202
13383887
13385010
13386376
13405865
13407761
13412548
13414793
13423347
13425875
13426826
13428255
13429406
13454193
13457020
13470546
13493043
13494221
13501632
13504416
13505794
13506926
13509219
13509220
13538868
13541117
13548511
13549081
13551626
13552784
13553541
13617725
13631795
13639307
13640109
13643405
13647007
13647730
13649723
13668472
13669901
13677361
13730909
13735500
13740853
13779800
13784689
13786194
13794427
13795235
13802768
13812858
13817976
13821341
13823689
13830003
13844387
13845092
13845974
13848357
13848997
13849534
13850091
13851188
13852407
13909002
13909715
13910543
13911281
13912487
13933266
13933940
13935207
13942928
13943744
13950167
13951086
13951970
13961203
13962808
13972831
13975907
13984408
13988211
14011256
14011711
14013383
14015257
14043390
14048120
14070015
14071085
14102592
14110791
14113078
14118112
14118893
14120635
14139173
14147871
14148414
14148769
14149032
14150262
14151424
14155403
14198739
14209846
14213100
14214792
14215545
14224349
14225887
14226691
14229533
14233932
14263382
14271233
14272116
14284010
14285760
14286262
14292487
14293860
14305688
14313972
14314477
14322849
14328116
14329287
14331463
14332868
14334156
14363994
14369991
14370927
14372690
14373650
14374856
14390033
14409695
14410499
14411170
14413337
14417529
14418563
14420378
14421632
14441156
14448878
14449250
14449978
14450504
14450926
14451399
14452401
14452857
14453385
14501920
14508045
14508890
14509664
14509828
14510271
14520602
14539588
14543095
14543304
14549091
14549728
14554080
14559476
14571447
14573040
14573969
14575845
14580575
14590000
14605923
14606831
14608584
14609079
14622482
14630975
14648439
14657838
14669804
14701899
14704118
14705571
14714301
14719863
14723402
14732041
14735373
14738004
14748297
14748442
14748590
14749145
14751481
14752798
14759469
14762219
14800012
14804999
14805656
14809107
14828749
14832329
14833018
14837631
14838999
14839834
14848784
14850747
14860167
14870144
14872080
14884098
14886367
14891649
14903643
14916210
14917851
14918497
14921125
14934750
14952481
14958590
14967175
14993227
14994703
14996379
