22688.2
26011.15
41040.12
47165.4
50860.32
55974.59
56571.94
112678.5
115016.3
120201.1
127142.6
127840.9
141570.6
144520
152703.7
154831.9
164394.8
170634.1
175512.8
184756.1
197029.9
198568.6
207340
212427.8
218386.5
224000.4
235845.4
243202.1
272886
275936.7
305865.5
306613.5
308487.2
309229.3
328395.2
337149.1
341635.8
349100.4
353377.1
356549.2
356790.5
413917.2
416667.6
423636.5
426322.7
428573.2
441680.7
448541.5
452663.7
468948.5
484211.2
486086.5
490306.7
491061.1
495839.6
516172
529316.5
536377.4
543128.8
588423.5
592644
595373.1
615963.4
620219.5
628620.2
629478.2
635851.7
651536.8
651926.5
652162
681782.6
684838.7
737607.6
751532.5
754836.6
755195.8
756128.6
763042.9
764506.8
765691.8
776548.3
782721.6
784424
787305.7
787458
804775.1
806423.6
813265.1
823237.5
854745.4
856277.2
889901.1
890116.2
894349.3
907642
914537.2
915039.6
921445.6
922163.7
923500.4
928178.6
933984.6
939909.2
941246.6
942982.3
945871.4
973573.5
984763.8
990740.5
1026451
1031238
1032970
1049543
1050681
1055038
1058481
1064023
1064672
1066475
1067707
1078325
1080185
1101485
1111601
1117556
1125532
1132717
1134989
1136764
1138015
1144451
1147171
1154287
1159413
1161701
1162115
1164692
1171462
1174636
1175789
1177318
1185536
1186958
1191135
1193335
1194434
1195098
1197074
1220926
1226305
1228449
1229127
1231265
1232583
1247587
1248147
1252525
1253383
1253865
1294606
1296916
1297911
1299881
1316406
1325040
1331220
1334945
1337826
1343039
1345108
1347363
1358089
1358846
1362788
1377402
1378944
1387224
1394105
1402282
1403245
1412739
1416597
1418178
1418219
1420699
1421714
1427429
1435273
1436844
1448651
1454128
1460653
1468094
1476216
1478067
1479669
1500810
1503569
1508946
1509995
1510643
1511451
1513436
1518655
1524168
1532228
1542428
1549388
1551919
1553080
1558295
1630482
1645844
1646822
1648400
1654879
1656405
1666595
1699111
1705056
1710579
1721876
1744928
1754962
1755714
1756410
1759455
1760002
1760219
1760818
1761174
1762024
1765348
1766148
1768921
1790490
1791194
1792741
1793961
1794744
1823363
1824139
1825637
1834124
1836039
1845698
1898757
1901256
1905842
1912650
1948558
1952070
1953529
1954164
1955285
1957761
1959654
1962725
1969717
1971627
1975203
1978476
1983054
2008178
2009309
2028666
2029022
2047357
2055570
2066255
2073932
2081280
2083534
2086178
2089075
2103310
2113626
2131034
2142241
2147154
2151113
2155512
2157064
2163616
2189194
2218012
2226018
2226933
2236598
2238900
2242937
2243506
2244385
2247454
2256008
2263256
2264495
2268809
2278070
2283134
2284393
2288547
2293115
2304591
2308969
2310889
2315631
2317184
2318806
2325771
2332428
2334104
2343498
2344949
2346635
2347212
2348165
2349050
2353115
2369250
2403275
2403937
2404525
2406004
2407471
2418100
2421150
2421507
2424422
2430871
2444990
2447641
2449146
2451882
2454040
2491610
2493857
2507162
2509002
2536488
2537381
2540413
2558860
2602277
2602752
2605427
2607498
2612254
2625466
2628934
2630194
2634088
2634159
2635463
2644602
2649417
2656798
2660984
2662536
2669090
2671049
2682320
2685458
2686195
2690566
2695609
2703989
2704592
2706877
2710027
2715531
2717997
2725771
2727109
2735218
2746554
2747794
2755384
2766230
2809123
2814362
2826603
2833083
2834682
2834941
2835496
2835996
2837617
2838549
2850689
2859818
2862425
2864259
2865142
2866781
2883008
2890225
2893271
2898321
2899347
2912657
2913428
2923912
2924593
2946383
2960637
2965963
2969214
2971347
2975964
2976845
2977937
2982211
3002127
3007221
3022127
3029857
3030645
3036575
3046789
3050081
3050738
3061991
3066119
3123088
3152765
3167555
3168857
3170040
3175853
3177289
3177466
3222428
3222659
3223438
3225247
3241529
3246872
3248361
3254115
3259754
3263446
3267078
3268996
3269453
3271103
3280102
3285869
3297185
3320368
3325400
3342464
3360921
3362250
3383786
3389765
3391736
3392260
3419612
3437354
3437769
3448369
3467828
3473799
3476155
3480104
3482685
3495173
3508548
3529677
3531004
3535227
3548281
3552770
3558246
3559841
3560043
3562364
3564378
3564597
3570721
3572766
3574516
3581464
3586778
3587619
3602170
3607036
3607864
3618161
3638960
3640629
3642269
3643845
3644668
3647389
3653048
3665983
3726810
3727370
3730867
3736435
3739253
3748461
3765842
3767184
3773319
3778800
3782423
3786926
3791279
3792948
3794000
3797471
3800747
3823953
3825956
3826647
3827403
3834227
3839240
3841033
3842945
3848135
3849492
3855320
3865867
3872925
3877946
3883322
3885793
3886727
3888600
3890396
3906615
3915626
3917233
3919164
3921127
3922517
3923790
3924729
3952149
3958252
3989026
3990315
4002073
4006406
4011928
4039791
4044336
4045277
4046042
4047485
4058436
4063375
4065750
4074566
4075926
4078226
4078728
4091340
4093786
4113940
4114857
4121613
4130045
4138402
4143929
4148094
4149652
4152241
4153698
4157848
4164585
4172832
4175127
4184768
4187433
4192952
4201026
4203143
4213858
4218392
4222415
4224520
4227233
4228304
4231542
4243480
4285864
4289969
4290714
4310870
4324282
4325992
4326078
4327085
4345328
4347669
4352443
4357670
4357809
4358124
4358501
4359883
4379837
4381473
4385532
4391831
4392718
4394207
4395505
4397161
4400792
4402042
4403843
4404204
4405824
4406724
4416726
4429624
4433256
4439788
4440396
4444205
4445954
4448181
4461296
4463773
4464833
4465357
4466350
4467360
4467530
4467566
4468930
4471836
4472526
4478244
4483633
4484668
4487992
4488643
4489613
4495528
4501444
4515463
4517062
4520591
4525793
4526040
4526535
4529848
4545477
4554208
4561668
4562405
4564137
4567013
4567990
4568485
4569812
4571525
4577923
4596250
4602537
4604032
4610616
4615964
4623095
4623767
4624048
4631737
4637278
4646604
4648585
4654192
4660588
4661857
4662619
4662772
4681948
4709618
4711883
4713400
4716108
4719943
4723493
4724192
4727256
4733958
4735084
4736523
4743742
4746707
4746863
4748130
4749037
4749961
4755567
4763393
4770481
4773187
4775425
4777258
4778159
4781084
4784066
4787903
4789269
4792210
4793289
4806738
4808437
4808655
4812341
4813607
4813612
4820971
4822571
4823489
4828945
4829675
4833953
4842459
4848173
4851866
4853484
4856915
4857448
4857918
4858317
4891720
4909608
4941195
4942051
4944240
4948755
4984162
4986931
4992934
5010884
5014687
5015724
5020697
5021628
5022071
5023086
5023760
5052383
5054962
5056041
5059533
5060116
5064301
5064892
5065476
5067214
5086468
5087003
5095643
5095975
5118156
5118694
5120717
5128836
5131450
5132241
5132912
5133480
5134566
5141466
5146406
5149388
5150269
5151884
5154841
5163181
5165243
5184648
5212310
5226574
5227179
5233243
5235010
5249939
5253897
5255159
5256717
5259299
5259947
5262426
5263712
5268672
5280044
5303995
5305276
5313308
5315195
5316051
5317955
5319409
5322514
5327381
5331832
5331851
5338616
5341020
5352023
5352087
5353493
5357371
5358812
5360742
5361649
5362957
5364317
5378735
5379610
5393393
5410408
5414514
5417493
5426959
5430865
5432105
5436594
5436634
5436872
5437974
5440427
5451133
5455534
5458453
5461450
5473959
5506774
5507791
5516876
5529911
5531306
5532610
5552385
5561261
5564589
5569681
5570837
5571064
5572084
5572958
5573899
5574528
5576112
5577961
5580334
5585041
5586220
5603203
5605704
5615583
5620593
5630311
5631570
5634292
5636363
5640464
5643643
5645543
5655052
5676615
5678927
5679559
5685298
5691140
5728327
5734274
5736772
5740596
5746546
5746739
5747893
5747896
5749193
5750312
5752727
5755935
5764503
5779325
5786931
5787997
5791236
5794358
5795451
5798029
5807057
5807748
5833623
5838461
5839195
5852263
5855280
5859859
5863920
5866912
5873817
5880381
5887226
5888609
5895614
5896425
5898729
5898767
5899976
5900796
5902124
5914465
5916966
5918649
5949687
5952349
5958872
5960419
5965214
5966580
5976454
5980017
5986851
6003087
6006363
6009232
6018758
6020178
6038538
6049213
6053334
6081925
6105927
6131055
6132881
6142644
6163212
6169648
6188338
6189075
6190915
6191462
6192470
6209748
6219829
6221260
6221904
6244711
6259270
6261276
6269530
6271671
6273181
6274367
6284626
6285605
6291091
6291736
6292226
6300853
6302074
6310888
6314979
6316150
6317024
6319048
6320147
6321313
6322675
6323572
6325409
6328177
6339096
6340012
6340536
6350166
6351669
6355839
6359091
6378414
6385450
6395618
6398309
6408329
6409397
6418772
6447527
6450508
6451425
6453385
6459398
6463987
6477373
6480748
6481828
6481872
6484734
6487214
6488270
6491090
6504758
6537697
6545462
6546834
6561965
6567944
6575952
6576302
6576732
6577245
6586857
6592295
6594483
6594622
6597057
6600117
6600152
6606870
6608532
6611069
6619708
6636955
6641601
6643128
6644513
6651928
6662453
6664695
6665903
6666816
6692770
6693017
6693959
6695643
6696121
6696984
6714890
6729255
6778056
6799169
6802507
6803340
6804183
6805813
6806687
6807060
6808156
6811261
6830754
6835816
6839458
6851774
6864427
6868680
6879037
6887355
6889994
6902567
6905231
6905886
6908038
6910240
6912640
6915066
6923256
6926951
6933240
6947958
6949903
6950011
6950139
6953142
6961210
6977719
6983516
6988812
7000742
7020639
7022604
7036016
7043557
7049737
7051108
7051677
7056150
7056734
7057128
7090208
7091332
7094643
7100289
7111637
7120204
7122371
7124524
7127566
7133542
7135364
7137482
7140503
7144479
7145181
7152380
7156913
7159653
7165407
7174546
7180116
7182172
7182772
7184165
7190832
7191043
7192627
7193571
7203800
7219960
7229629
7238146
7238975
7240879
7243708
7245032
7250292
7251300
7252730
7254310
7260894
7262949
7317826
7320177
7330748
7337757
7340178
7340986
7357334
7360147
7360877
7362861
7376252
7377890
7393150
7394098
7396525
7410139
7417803
7431889
7432799
7435226
7440175
7441571
7442429
7443473
7457940
7458602
7488197
7488822
7495143
7500276
7501106
7512038
7524465
7524943
7527809
7529395
7530265
7534231
7546730
7558710
7559609
7563107
7564136
7582984
7586751
7601902
7606325
7614460
7620483
7624323
7626956
7636959
7646720
7650524
7655657
7656756
7669447
7682637
7684830
7685160
7693105
7719861
7719999
7720275
7745978
7757150
7757638
7762630
7763420
7764704
7766112
7766647
7767458
7773306
7774237
7777590
7780133
7783049
7786366
7795446
7800415
7801011
7802080
7803055
7803059
7804699
7806365
7815391
7817443
7821348
7831904
7834741
7837774
7851990
7854167
7855075
7867335
7867649
7871099
7890388
7909410
7915908
7917060
7921329
7923611
7924967
7925815
7926774
7944340
7945380
7945562
7949079
7949111
7950104
7956699
7962544
7971172
7977732
7993724
7999869
8000679
8004392
8013334
8017683
8018597
8024550
8025309
8025788
8026885
8029369
8029674
8036219
8050252
8052032
8053803
8054725
8055565
8073976
8074825
8102608
8108233
8113974
8120086
8123516
8124720
8136260
8141506
8144291
8145428
8149381
8150810
8152798
8153342
8166754
8168575
8194445
8196335
8201662
8211207
8212521
8216732
8218145
8224194
8244271
8254473
8264937
8268252
8281717
8284912
8287705
8294329
8303117
8306662
8312022
8313372
8317668
8333557
8334116
8352780
8355609
8365449
8371340
8387705
8390571
8408564
8409157
8414903
8445194
8449004
8453069
8486829
8488677
8489155
8495661
8502401
8504227
8507194
8507797
8509516
8512199
8521681
8525117
8533551
8537824
8538982
8540158
8549151
8552636
8554301
8568836
8570477
8571469
8574689
8576096
8587252
8592727
8593787
8597307
8603424
8606453
8607311
8611247
8618813
8623200
8627386
8632209
8636677
8637682
8651112
8656409
8663469
8664432
8667569
8668386
8671038
8682742
8692121
8693705
8695591
8705133
8720941
8733546
8734163
8750356
8753031
8753690
8756146
8789951
8806761
8816699
8822346
8829179
8840961
8855943
8864056
8867219
8868494
8879263
8903926
8905558
8906542
8931987
8933984
8942338
8954243
8960198
8962760
8975877
8987633
8992874
8993416
9015645
9017715
9021615
9025476
9027935
9028202
9030452
9035276
9035607
9042718
9049948
9050203
9053610
9061920
9065197
9080596
9112605
9119909
9127977
9147096
9147958
9149386
9169744
9173431
9178122
9187967
9191350
9192105
9193835
9202445
9216663
9224653
9226151
9227263
9228228
9231275
9234267
9235338
9235526
9247585
9250218
9258524
9264646
9274629
9277551
9279307
9281721
9289671
9290502
9292232
9308389
9319651
9321980
9324809
9325808
9326537
9335078
9355357
9355972
9358467
9360110
9361872
9386326
9404264
9408099
9410646
9414498
9414988
9415912
9417977
9420110
9420686
9424957
9430509
9447059
9452537
9457559
9460138
9461931
9474321
9476086
9476974
9479315
9481887
9484557
9485149
9491616
9492012
9498723
9512175
9520770
9524441
9541719
9542751
9543195
9547906
9549237
9549808
9550957
9552284
9554536
9556497
9557151
9557590
9558260
9559129
9559468
9560751
9561615
9561793
9563365
9564028
9564683
9570883
9572117
9572636
9573170
9573928
9574637
9574917
9575707
9577276
9579211
9579554
9582328
9583560
9584091
9584591
9585136
9586697
9591040
9601579
9606428
9609643
9618076
9618840
9619067
9620028
9622320
9631103
9631862
9634133
9637002
9649970
9651923
9654480
9654687
9655073
9656874
9658886
9662406
9679403
9696305
9704344
9704488
9709951
9717865
9725489
9745947
9751616
9759862
9763267
9763993
9766010
9766465
9767053
9776466
9776728
9777769
9778987
9789289
9805984
9808136
9816200
9821710
9822028
9823234
9824291
9828509
9843593
9848546
9858155
9862251
9871692
9872801
9876837
9878037
9886319
9893741
9902963
9903906
9917154
9920694
9924177
9928315
9939111
9940698
9965711
9986007
9986479
9987090
9994325
10001855
10003414
10015371
10021353
10042621
10043623
10044661
10046485
10053517
10056394
10060607
10067952
10082450
10086357
10093891
10101123
10110906
10111927
10143648
10163969
10165228
10168637
10173512
10175878
10181509
10194067
10201963
10210944
10217366
10218818
10225453
10227190
10228401
10246531
10250168
10251543
10252993
10253357
10254274
10264900
10319252
10319971
10331229
10332417
10336504
10344400
10344424
10345421
10345821
10347148
10357495
10358557
10359030
10364796
10386954
10388663
10403204
10412103
10421981
10429934
10430977
10432694
10440127
10440297
10441941
10481770
10486790
10492817
10512797
10517553
10521899
10542203
10551719
10573137
10606626
10614900
10623618
10625941
10626909
10628174
10629795
10634835
10661234
10666771
10670818
10675134
10675383
10676185
10677833
10678318
10679835
10685977
10689114
10690357
10691383
10697964
10710089
10710349
10710478
10716187
10729324
10743531
10750590
10776916
10790496
10801579
10802874
10803712
10805522
10806692
10809486
10810231
10811558
10816020
10825939
10831375
10833784
10851667
10854505
10856274
10865194
10866670
10925893
10935354
10936444
10937325
10939081
10954414
10960110
10975020
10980977
10989505
10991381
10996371
10996423
11000909
11003577
11006367
11009595
11010254
11017326
11019105
11044958
11045975
11047682
11053119
11054075
11055102
11061669
11074957
11078811
11086275
11089042
11105432
11110596
11119820
11120447
11127334
11130478
11133393
11135290
11138701
11144359
11151480
11151737
11151999
11199966
11209483
11212377
11224324
11236449
11241854
11245634
11287439
11291521
11308446
11312156
11319874
11329091
11355138
11372160
11373063
11373893
11377777
11390031
11395839
11411676
11412289
11414853
11416381
11418360
11422773
11433533
11434959
11435441
11436415
11438661
11446817
11448189
11452670
11484688
11490204
11504379
11509226
11513125
11513866
11515633
11520760
11543330
11553053
11553802
11560380
11561840
11562768
11563947
11566169
11577822
11579140
11580356
11581806
11587591
11599658
11603248
11605888
11608642
11614628
11617925
11620812
11626511
11642513
11653045
11663827
11669349
11671394
11685668
11688004
11718556
11725850
11729778
11731789
11786582
11787148
11789227
11813520
11814808
11817165
11818668
11820633
11831647
11842480
11843542
11845774
11850115
11861598
11865867
11866949
11870603
11880996
11886329
11886380
11910495
11912726
11938735
11942799
11943616
11943715
11944857
11946005
11946539
11973485
11976702
11980487
11993218
11996569
12004776
12010865
12012577
12020114
12023056
12036517
12037017
12039364
12040488
12045633
12052167
12054434
12122211
12130083
12140225
12140318
12156027
12172984
12175137
12179365
12181792
12195864
12211612
12217616
12219741
12221906
12227392
12232467
12233020
12237287
12241331
12247788
12252451
12265458
12283195
12283793
12286493
12323365
12327715
12333593
12337909
12343015
12345581
12346256
12351465
12352953
12353613
12410428
12413670
12415239
12416106
12430219
12430597
12433517
12434897
12437802
12439006
12452761
12454729
12456879
12463207
12468323
12471698
12472612
12479923
12483699
12490055
12499877
12503854
12515182
12537682
12538521
12553271
12553392
12554206
12554939
12556561
12560818
12572521
12586097
12592524
12594253
12596364
12604167
12627190
12631723
12635049
12635611
12636046
12640935
12643282
12643585
12649901
12650336
12652143
12653376
12658421
12661336
12674057
12710696
12716347
12720158
12721824
12723485
12730116
12747717
12753070
12756469
12767759
12771419
12786375
12789757
12798937
12804282
12811515
12814105
12815904
12817046
12821982
12827130
12874903
12876287
12877727
12877873
12884347
12886085
12887315
12890709
12900873
12901855
12909211
12921494
12929388
12949107
12953794
12960617
12994716
12998051
13014322
13016739
13018584
13022887
13024184
13032365
13040081
13043028
13047716
13051212
13052005
13053580
13053956
13055867
13056225
13057735
13079138
13083195
13084991
13085029
13093308
13100977
13106857
13108115
13120819
13126936
13147573
13152623
13155477
13160110
13184064
13184838
13188123
13193705
13200566
13230759
13234184
13250959
13251213
13251448
13251884
13252823
13297277
13298023
13303626
13315601
13316036
13319977
13324821
13338991
13341797
13343130
13343186
13347627
13349195
13357527
13392231
13395201
13404653
13409607
13415881
13419737
13427123
13427924
13435464
13438144
13459124
13461909
13464595
13467819
13468384
13486320
13491350
13493563
13495082
13495606
13495940
13518742
13519400
13525714
13527689
13528530
13529194
13529884
13534998
13536197
13541586
13543718
13552338
13568919
13587263
13609239
13613143
13618006
13624010
13625383
13628528
13636920
13650459
13661499
13673218
13675465
13676214
13678524
13689749
13692857
13711169
13714215
13722170
13742425
13746159
13747106
13761129
13764536
13765027
13767293
13784907
13788188
13791152
13792125
13793089
13801941
13807562
13818426
13823615
13826901
13843136
13843866
13846094
13846244
13847212
13847414
13849466
13882680
13897702
13898948
13903977
13910156
13927060
13928731
13931751
13934072
13934102
13941176
13946494
13947808
13948514
13950818
13961249
13996060
14007148
14016653
14019894
14022453
14025126
14027831
14034078
14036840
14043388
14044850
14048738
14051465
14054096
14072757
14094509
14096754
14100950
14103743
14107158
14129345
14130615
14136097
14137377
14137826
14141966
14151766
14153191
14190167
14190997
14199525
14204918
14210367
14218892
14228386
14228600
14230346
14232001
14232332
14254997
14256685
14260660
14264077
14267175
14267347
14270851
14272714
14279899
14284985
14287649
14295359
14308697
14309795
14327886
14357257
14364526
14364615
14373605
14379475
14381711
14387573
14404490
14407018
14408631
14412030
14415593
14423081
14431220
14448867
14450971
14452602
14454684
14483081
14488498
14509263
14511479
14512253
14513729
14514183
14523570
14524504
14530789
14539540
14546287
14548857
14553690
14593025
14596483
14596891
14599939
14619646
14623945
14630198
14649322
14658787
14665840
14672020
14678942
14679965
14680236
14682662
14714197
14714232
14715403
14716768
14717824
14720786
14725203
14728703
14731575
14734675
14735532
14737692
14738418
14746753
14747757
14749317
14751535
14751934
14753290
14760976
14763881
14765136
14766375
14767245
14785962
14787293
14800206
14801404
14802327
14808709
14810491
14813307
14815059
14815836
14816660
14819534
14831748
14841911
14843230
14844020
14847889
14849241
14874440
14880579
14885588
14893134
14895185
14904096
14916859
14920259
14929578
14938924
14960311
14968003
14969177
14982143
14983870
14990790
