33928.79
41301.59
49628.1
50085.99
50553.57
53004.11
54312.67
85859.14
87150.48
90082.25
93509
110132.7
111501.4
149496.1
150934
155995.9
158658.1
159522.7
160221.3
160872.8
163542.6
172385.7
188218.7
223577.8
224445.9
225638.2
228006.6
238833.8
266262.2
270221.8
303540.8
306686.2
313379.5
314055.5
314737.2
316060.3
319745.1
320752
326010.6
329495.2
350014.5
350535.8
352361.3
354242.5
391101.3
392426.2
395618.6
397496.2
399209.5
400764.2
401562.4
404307.3
406331.6
410313.7
410930.4
411489.6
412353.3
413387.3
416164.7
418482.5
419136.3
421053.2
465993.5
467861.3
468999.7
486937.7
491902.4
500542.8
506329.3
507374.5
509039.7
550612.4
556446.9
560603.8
587594.6
588635.6
589886.7
643395.5
644774
645363.2
683965.9
713064.2
714216.7
733113.2
736480.2
738080.9
740495.2
777779.4
791630.9
836591
860107.7
861353.9
921813.5
927297.6
928884.2
930171.9
950274.1
951370.5
1013090
1068997
1087544
1130559
1146399
1148128
1196472
1204054
1207725
1209094
1214590
1236940
1238508
1245495
1251325
1253536
1254577
1276561
1295496
1314052
1317994
1326761
1365190
1373526
1384626
1386952
1412553
1422812
1470921
1471624
1472081
1472462
1472881
1473524
1473882
1474326
1474821
1478663
1479187
1480804
1482796
1485677
1493059
1494117
1495185
1496588
1504648
1538911
1539960
1550355
1551636
1552298
1553456
1553869
1610724
1614393
1615896
1618425
1696938
1699380
1702278
1704232
1715344
1722892
1724395
1725575
1728284
1733005
1736984
1738120
1743636
1745666
1746302
1747220
1750711
1770370
1812295
1813805
1835714
1837619
1839081
1845017
1846787
1849033
1850417
1851191
1851882
1853393
1879827
1930368
1934156
1983877
2002613
2005089
2008763
2013810
2028709
2043350
2044463
2046470
2068590
2071567
2072321
2076286
2088627
2101413
2102659
2104093
2106232
2121293
2123635
2125268
2126647
2127624
2130793
2149665
2150240
2150757
2152094
2153087
2200737
2220168
2221188
2223215
2224444
2225566
2230374
2231071
2231725
2251798
2267825
2275796
2277477
2302187
2303755
2304708
2305777
2309848
2318319
2325181
2328726
2329855
2331017
2337751
2340827
2342491
2346161
2347018
2348631
2358502
2359744
2363590
2380774
2382162
2401736
2404795
2411830
2412790
2414047
2415618
2416635
2420280
2421822
2443204
2446227
2450280
2451692
2474260
2490435
2492279
2496796
2497614
2498320
2499522
2500624
2504015
2513805
2515613
2517589
2523608
2524597
2525250
2526620
2527272
2528040
2602737
2604375
2605912
2608593
2610867
2635854
2637996
2641580
2643446
2649641
2649964
2651934
2654190
2655429
2660548
2661301
2662557
2663198
2663873
2665206
2665781
2691324
2694325
2730875
2732414
2738811
2750573
2751679
2753463
2807987
2823412
2824583
2825676
2836234
2837617
2841014
2865957
2866926
2867729
2875573
2879653
2884810
2894296
2898006
2900311
2902871
2922398
2926780
2927772
2929559
2980890
2985492
