7732.965
9648.633
13029.18
13644.08
14274.88
15048.18
17221.15
24853.04
35596.42
36756.8
38173.78
41193.38
43934.66
46063
46816.59
47392.9
47775.98
48548.39
48718.34
48859.08
48977.39
49223.5
49343.5
49488.04
49655.97
50092.45
50326.62
61767.39
97531.62
98206.78
98984.75
99837.14
100395.9
101157.2
102853.3
104383.7
121767.7
131803.7
134306.5
136114.5
136904.6
145689.9
146517.9
158931.4
160954.3
162622.6
164397.8
170755.1
174325.8
175417.9
190685.9
196725.2
197985
207104
217489.7
218582.4
219939.3
224526.7
226473.3
227264.3
228049
228902.7
230204.7
231144.8
232856.8
238266
240825.7
241569.3
242346.9
243729.2
244279.5
248414.6
254953.3
255961.5
257260.1
263357
264948
266427
267108.6
268121.2
269470
276576.8
277835.9
278550
279142.2
280423.2
284489.4
289104.9
291847.6
292672.5
294179.3
300934.6
302307.6
305307.4
309292.5
310094.3
311301.4
311818.3
312597
315290.4
317070.9
318082.7
320485.3
321234.7
322294.5
323407.7
325165.9
345995.9
348339
348500.4
348631.7
348909.4
361514.8
389661.8
397908.1
404530.2
405361.9
406065.4
407643.8
410096
410967.2
426484.2
429191.9
442563.7
456786.8
459773.2
462728.5
463635.3
465662.1
466437.7
467796.7
469904.8
470454.6
471010.1
476055.7
479616.8
481900.8
484557.8
485547.4
505569
506800.5
526740.2
531008.5
532968.2
534821.3
535986.7
537848.4
540332.8
540960.7
541522.5
541897.2
542285.5
543275
544432.9
545763.8
549349.7
549864.8
550605.3
561783.6
567807.3
570702.6
583867.3
585977.2
587120.9
590651.6
596725.8
601122.6
604501.4
605400.3
606207
608143.1
611809.3
612701
615797
621136.4
632746.5
633347.8
634060
635695.1
639310.3
640557.5
648331.4
648495.5
648640.9
649286.9
649877.8
650433
651576.4
662112.8
731072.3
735956.5
737182.4
740487.6
741368.3
753527.2
763113.1
773358.1
776270.4
777806.2
778562.6
780061.8
780496.8
781329.9
781847.5
782452.8
783039.2
783938.6
785368
786136.4
787112.3
797578
798738.2
802691.9
803558.3
812139
814218.5
815003.6
815500.4
816009.8
832761.9
837175.4
843267.1
843869.8
844380.7
845418.1
846034.2
846650.6
858260.8
858908.9
859622.2
862215.3
885063.9
890282.2
894713.1
895957.4
900358.8
902452
911994.5
912694.9
913482
914262.9
914809.4
923778.5
944329
946763.1
948035.4
948337.6
948496
949773.7
950829.3
959316.8
960752.9
961528.6
1005548
1006509
1007180
1007608
1008034
1009748
1011123
1014281
1018863
1020037
1021405
1022472
1038938
1039704
1045507
1051898
1052797
1055018
1057106
1058199
1059133
1060485
1061974
1094821
1095763
1096999
1098122
1099845
1116848
1119185
1122772
1125161
1130804
1153133
1159062
1167079
1167754
1168361
1177545
1178436
1200736
1201926
1202484
1212310
1214316
1216829
1223508
1224194
1225063
1227894
1228618
1230275
1240623
1241878
1242714
1243715
1248063
1248427
1248585
1248726
1248897
1249755
1250449
1252049
1252635
1253457
1260481
1306158
1308075
1309995
1311982
1317880
1318540
1327948
1333432
1338607
1339853
1346623
1348599
1349948
1357737
1359549
1362577
1363457
1364455
1366089
1371199
1386150
1386908
1388099
1389090
1415871
1421028
1436719
1476423
1508580
1519671
1520582
1521772
1522544
1538715
1540819
1542248
1542978
1543767
1544471
1545093
1545731
1546614
1548457
1548633
1548765
1548975
1549223
1549703
1549933
1558991
1559982
1560746
1606486
1613249
1614741
1615645
1626556
1631284
1631834
1650937
1662653
1663960
1677031
1691868
1693555
1711388
1715262
1739394
1756537
1757153
1758052
1758721
1759628
1762027
1763474
1768680
1769724
1773359
1774748
1788014
1805176
1806637
1809988
1810778
1811604
1819392
1822723
1828096
1838935
1848697
1848897
1849046
1849215
1849851
1851232
1852081
1852613
1858340
1861522
1912486
1913315
1914617
1916100
1918977
1921865
1922802
1923421
1924514
1925235
1928267
1933494
1943122
1943966
1946035
1946743
1947504
1958445
1960076
1961348
1975902
1976697
1986473
1990279
1991112
1991964
1992592
1995239
2007912
2008901
2009535
2011335
2012704
2013582
2014416
2015075
2015925
2017625
2023028
2024651
2025197
2026058
2026802
2027500
2032894
2044077
2045280
2046174
2047009
2060647
2061425
2076040
2076768
2077731
2078684
2079493
2080297
2081338
2096212
2102121
2102743
2103421
2104986
2106196
2107306
2117656
2126349
2127759
2130422
2132167
2132734
2134396
2136305
2137350
2139175
2140228
2140761
2142304
2148462
2148605
2148764
2149267
2151255
2161073
2209339
2209836
2210456
2220369
2227667
2236687
2237434
2238046
2239757
2240526
2256882
2257849
2260666
2264105
2284004
2288565
2289534
2290426
2294375
2305274
2306753
2309606
2318562
2320056
2322690
2328969
2330653
2346346
2347201
2350157
2354353
2356826
2357649
2360342
2383380
2384475
2385365
2388499
2389116
2390074
2390726
2394317
2408509
2409174
2412481
2414803
2417647
2418562
2419388
2419966
2420398
2420909
2421850
2422523
2423281
2429945
2433663
2434293
2435119
2446508
2448388
2448573
2448709
2448917
2449778
2451252
2451714
2452614
2454148
2455144
2456019
2461943
2481123
2482973
2483698
2485558
2502058
2503841
2505035
2511219
2514161
2516184
2552630
2553403
2554605
2556261
2559227
2560967
2561857
2563338
2565640
2566607
2567800
2569150
2569983
2578609
2597874
2599236
2599798
2600465
2604974
2606110
2606951
2613060
2619165
2620886
2621676
2629732
2637321
2639237
2647065
2655089
2658708
2660082
2664719
2671797
2677431
2685300
2702557
2705587
2706238
2707392
2708305
2714763
2715698
2717547
2723983
2742071
2743206
2743871
2744353
2744848
2745596
2747011
2747745
2748238
2748783
2748950
2749486
2750237
2750991
2753908
2755319
2794952
2796007
2804232
2805936
2807316
2824761
2863896
2866799
2878117
2883526
2888934
2921403
2922086
2934824
2935608
2936744
2944829
2950898
2958044
2958656
2959700
2964629
2966105
2967767
2968932
2970058
2978401
2980888
2993194
2993811
2994606
