78843.18
182118.2
207395.4
219869.5
220807.4
269941.2
286467.2
334084.2
336465.2
472122.3
527103
581241
612368.5
615509.6
643246.4
710951
846258.3
889976.6
896568.7
905099
907450.2
981929.1
988467.4
993366.2
1010888
1159128
1159760
1186963
1189954
1213162
1318328
1370734
1371928
1431312
1433661
1449485
1459194
1511269
1609317
1614752
1622533
1678382
1680456
1688320
1690858
1772826
1825841
1830429
1842721
1914085
1950520
1965206
1995072
1997206
2032396
2101731
2111203
2116801
2120615
2163366
2236239
2315344
2322172
2332508
2357982
2379791
2382993
2383810
2392142
2394929
2407286
2408638
2465485
2477678
2481617
2515647
2519175
2534509
2577527
2622971
2669440
2715474
2720237
2738598
2796586
2872028
2874308
2880282
2921381
2930749
2980159
2991417
3011343
3012004
3015854
3099716
3198490
3201482
3320494
3344964
3387313
3493971
3513380
3515600
3532083
3706596
3746661
3748155
3756445
3757754
3811187
3818858
3837961
3854747
3860297
3861620
3883126
3888350
3902308
3922380
4062571
4107840
4147554
4243211
4277310
4286075
4311234
4404097
4408674
4423264
4500451
4515003
4531759
4540726
4580359
4584523
4600351
4761482
4762732
4811974
4947645
4983634
4984782
4985617
4989260
5041027
5069364
5093964
5106726
5161165
5220899
5222310
5227592
5238223
5248010
5250714
5287659
5292583
5357129
5358960
5373075
5424204
5435820
5446222
5486957
5545717
5592590
5701965
5725752
5732390
5768408
5837518
5846309
5855639
5873096
5875811
5876758
5907565
5925700
5931443
5969291
5997215
6102565
6125358
6126349
6148348
6178056
6190017
6196095
6289365
6291976
6303734
6307153
6309082
6311881
6312901
6316203
6320492
6323264
6344881
6399197
6445813
6446795
6464021
6479320
6495454
6520103
6606310
6630696
6691033
6704099
6765015
6767308
6776934
6796221
6882612
6887951
6907586
6922315
7002120
7068115
7070928
7150870
7260263
7291201
7421299
7424207
7471453
7473312
7492921
7512960
7580355
7582900
7606119
7611376
7631259
7693901
7727506
7822808
7841194
7867320
7887629
7948167
8029407
8032835
8059614
8064018
8065081
8316336
8355570
8359772
8374497
8496580
8503084
8555972
8606138
8607209
8611116
8770972
8968313
9115063
9179701
9190806
9330434
9342769
9383084
9397966
9398474
9455970
9487377
9566085
9584111
9586126
9700129
9720425
9721193
9736762
9835093
9856447
9910921
9960619
10016399
10044797
10195722
10197048
10232397
10244645
10268854
10276970
10393509
10397087
10414805
10472876
10631544
10700036
10701823
10710616
10736181
10740387
10796494
10801221
10809602
10811647
10813237
10900747
10909237
10951676
10960620
10961989
11007005
11025931
11073409
11078206
11093661
11113879
11209259
11263480
11342782
11384984
11405507
11506279
11515642
11559584
11577218
11609566
11703285
11721758
11781286
11785670
11788572
11804921
11848768
11849821
11853391
11908848
11916274
11986316
12007911
12012834
12016993
12019961
12025506
12026701
12056454
12089751
12209046
12243507
12287630
12315927
12427910
12504597
12529436
12567968
12569354
12683554
12731315
12736185
12847146
12861144
12865862
12866924
12927485
12975001
12980459
13009899
13011677
13014510
13078599
13170872
13175396
13179673
13223080
13225442
13226562
13227085
13282775
13308971
13483585
13509960
13595619
13597831
13699841
13742179
13746016
13746878
13748090
13899396
13964363
14039249
14045922
14059222
14061022
14062084
14063609
14090600
14107211
14147112
14189391
14196051
14388709
14495839
14506701
14596415
14598717
14661868
14894875
14935836
14942073
