1914.225
4168.818
22200.97
24836.87
33284.59
33869.8
36177.41
43877.18
48843.67
50953.57
52552.79
53288.58
58868.1
60332.44
61156.25
64492.47
75267.23
89310.51
100689.9
111189
111217.6
113100.8
113952.9
117825
128016.7
128758.4
129899.2
130613.5
134136.6
139162.3
141782.4
143263.4
151284.9
171352
172775.6
182072.3
186052.6
194321.6
194684.1
195078.3
196850.7
197212.2
204215.9
207329.3
208074.6
208735.4
223357.7
225833.8
226928
232901.4
237408.2
241878.9
243538.2
244149.3
248128.4
258157.1
259043.3
266418
269469
269545.4
272216.7
275834.1
277859.4
282259.2
285311.8
285832.2
287449.4
289949.1
292845.8
303746.4
307425.4
307617.2
308603
316813.1
327649.1
327948.3
329218
330684.9
331655.5
335938.7
337483
344285.1
348454.9
349260.6
350250.3
350454.1
350930.3
352910.5
354273.6
356354.7
356520.7
357374.2
359865
362273.8
366285.3
391504.3
405572.1
409661.7
412027.8
413177.5
419719.8
424198.2
436715.7
451718.7
465801.1
474302.1
488803.2
491172.2
495412.3
506915.9
508401.6
508908
515089.7
523672.2
526900.8
531047.2
538705.4
538838.4
542583.9
544805.8
545579.7
552053.6
552598.5
554882.9
557903.9
558731.1
564240.9
564722.2
566462.4
569189.2
573652.4
575412.2
577378.8
580040.5
582738.5
594954.4
600423.8
602960
609676.9
616013.3
616551.7
646875.1
649056.7
650464.7
651499.1
651776.7
651811
653040.3
654014.1
656468
657677.2
657697.6
661752.5
665635.2
680397.5
684133.8
684305.3
685187.7
688606.2
692676.9
693214.5
696554.8
701521.4
707035.5
707236.8
711166.1
711931.5
712816.5
716236.5
718508.5
719588.5
724162.1
731754.5
739461.1
748496.2
761024.1
761131.9
767656.9
768680.2
772450.8
773839.7
780812.1
783145.3
792047.2
800492.7
802939.4
804141.2
805340.9
805996.9
806382.1
806869.1
807670.1
808192.5
809021.6
810764.1
811003.8
815966
819472.6
819499.1
820232.4
825561.1
826084.8
826143.5
827189.6
839035.9
848712.7
859700.6
865374.3
872294.8
876009.7
877015.9
885518
891036.7
892741.1
900645.4
902059.3
905512.5
905709.7
908535.6
909865.7
915321.8
921895.4
923271.8
923608.7
924361.4
929633.2
931029.5
933427.3
933941.4
938709.8
940567.4
941572.3
945078.9
948749.6
948961.3
949008.1
950470.8
951438.2
952059.2
952233.9
952782.4
958935.6
979095
988447.9
991665.9
991920.5
993401.2
995108.2
995154.2
996103.8
996689
997412.9
1001024
1002622
1012380
1021183
1030426
1032814
1032934
1033940
1036836
1038148
1042487
1042487
1052152
1054533
1055611
1056718
1057620
1058658
1058841
1060512
1067333
1069080
1069945
1080778
1086774
1093980
1097127
1099358
1101289
1110249
1110444
1112910
1113872
1114745
1118407
1118546
1126400
1144238
1147061
1147838
1148077
1150115
1150910
1153398
1154136
1160094
1167800
1168545
1172348
1185263
1187816
1191397
1193566
1194089
1208858
1211541
1213439
1216794
1218134
1218564
1221395
1228175
1241787
1248744
1249497
1250030
1250676
1250783
1251258
1253256
1253746
1259892
1274120
1275881
1276604
1281298
1282843
1283443
1293397
1297018
1299163
1305377
1311165
1311888
1332107
1333746
1335214
1336435
1341466
1341961
1342070
1347058
1354241
1361414
1362036
1367826
1375218
1375457
1382575
1385338
1386317
1389800
1392544
1395065
1400754
1403574
1404513
1408120
1410906
1412225
1413851
1416594
1424491
1437720
1441105
1445942
1447750
1448566
1456557
1461872
1466252
1470523
1473152
1473840
1474474
1478671
1480456
1486457
1489663
1490007
1490835
1493878
1494745
1503499
1511553
1525889
1536149
1539104
1539826
1547861
1548749
1548940
1551018
1551164
1552627
1555982
1561598
1564097
1570856
1574292
1578360
1579377
1580965
1583236
1586094
1588123
1589037
1599758
1601494
1604255
1607973
1614681
1615728
1616464
1619342
1624471
1625369
1626931
1627900
1630070
1634500
1635648
1637694
1638849
1639265
1641107
1648762
1649513
1655144
1661696
1662038
1662985
1664812
1669863
1671464
1680450
1683071
1690237
1692181
1706258
1706530
1708255
1708900
1713145
1721080
1726877
1727863
1729724
1735868
1752075
1753984
1755081
1756672
1758621
1762694
1771064
1771728
1772363
1778065
1779535
1779702
1780645
1781528
1782643
1784242
1787658
1792018
1795394
1808162
1811300
1814962
1818638
1818729
1824919
1831606
1832803
1834413
1837945
1838576
1839009
1841211
1847647
1848347
1849183
1849430
1849599
1849760
1849847
1850125
1850174
1850264
1850940
1851605
1852917
1853091
1854048
1870206
1884037
1884815
1885343
1885916
1886811
1893859
1899331
1902786
1904529
1908009
1908845
1910440
1911870
1917011
1919098
1920251
1920851
1924481
1924792
1927201
1927655
1928646
1929959
1941898
1942835
1943963
1949810
1955485
1957318
1959697
1964817
1966366
1969231
1970813
1976903
1977679
1978383
1979057
1981448
1984175
1991685
1994431
1996036
1996950
1998202
2002143
2003138
2005773
2009657
2017448
2022479
2023819
2024793
2025390
2026061
2026821
2029003
2031662
2041585
2042591
2046911
2049667
2050759
2053861
2054257
2078394
2088288
2089004
2110513
2117512
2117674
2117916
2124226
2128187
2144130
2145819
2147211
2147885
2148882
2152665
2152986
2159036
2166165
2174178
2175164
2178099
2185504
2186084
2191789
2192383
2193349
2194067
2202463
2207498
2210352
2219987
2221713
2223022
2226200
2229075
2229330
2233041
2248941
2262558
2263490
2268599
2268769
2272034
2273076
2273664
2284193
2285413
2290405
2291488
2294512
2295160
2295900
2300514
2302739
2308925
2311741
2313167
2316111
2317302
2321643
2323194
2324054
2325833
2327183
2333233
2337246
2338125
2338883
2341370
2342863
2344388
2344389
2344442
2352639
2371489
2377041
2388642
2395034
2407836
2416764
2417629
2423297
2427182
2427743
2436290
2437640
2439241
2447746
2448959
2449250
2449295
2449849
2450311
2450381
2452209
2453668
2459104
2461089
2464314
2466605
2475383
2494876
2503053
2505880
2509023
2511274
2511619
2513347
2515843
2516224
2516743
2522915
2525179
2525993
2529992
2539257
2540633
2540792
2546156
2546861
2547493
2549648
2552439
2557077
2559825
2564963
2566878
2572732
2577741
2585157
2588466
2590324
2593163
2594062
2596955
2603322
2606079
2608577
2610713
2612993
2617394
2618968
2623824
2628992
2635329
2638136
2647589
2661086
2661968
2677626
2678389
2685082
2686620
2687468
2691850
2700993
2704018
2723801
2726794
2728700
2738857
2740129
2744446
2749512
2750086
2750389
2750707
2751018
2751869
2771176
2785107
2789305
2791470
2796163
2796197
2799096
2801771
2809000
2824287
2825739
2828517
2829459
2836717
2842395
2842446
2843156
2843239
2844056
2855363
2855830
2859237
2860634
2861321
2861906
2863206
2863594
2863905
2864842
2867878
2871110
2874080
2875630
2877560
2877740
2880871
2881624
2885406
2886802
2892632
2895094
2897404
2906020
2906288
2906766
2911053
2921150
2921196
2924519
2924820
2929241
2935964
2936597
2939159
2940580
2940892
2940893
2942513
2945956
2957989
2962497
2967887
2974678
2976219
2980463
2990471
2992401
2993898
2994227
3001320
3003557
3005815
3016014
3016118
3016956
3020066
3021361
3022164
3023777
3026253
3026744
3035138
3039219
3043611
3045265
3046836
3048182
3048385
3049753
3052234
3057971
3081031
3082696
3083247
3083787
3084773
3085732
3093681
3093718
3103365
3117883
3119061
3122989
3124521
3124878
3132381
3134653
3134899
3140085
3142046
3142876
3144446
3145221
3150702
3151830
3152521
3153306
3159910
3160793
3161003
3167230
3167810
3173598
3175220
3175640
3178666
3180970
3181114
3187495
3188482
3188547
3193041
3193087
3195337
3195999
3196941
3201432
3208440
3209236
3209967
3210959
3212689
3220231
3220233
3231716
3232660
3238983
3241896
3244616
3251592
3263935
3271121
3276871
3281979
3285025
3287848
3288937
3290606
3290677
3301413
3302334
3302437
3303972
3305748
3308248
3315212
3325857
3332617
3343889
3344470
3347508
3347634
3348013
3348769
3348894
3349108
3349936
3350127
3350328
3350757
3351621
3372229
3389389
3389785
3391853
3395416
3400565
3404005
3410007
3410028
3410763
3410866
3412044
3414171
3425988
3427575
3428456
3442782
3443272
3446867
3455845
3459938
3463551
3464512
3466887
3472284
3472847
3478796
3480789
3482442
3483894
3485438
3485643
3505010
3513325
3516070
3518054
3525691
3526737
3529033
3529835
3537068
3551197
3553263
3554412
3556128
3560691
3564715
3564758
3567714
3569294
3570766
3579566
3580791
3580963
3581426
3583186
3584424
3585036
3586796
3587655
3593457
3596520
3601277
3602431
3606992
3611109
3616733
3619715
3630107
3634422
3636489
3645832
3648367
3648478
3649735
3650778
3657191
3683873
3687027
3692260
3699751
3703501
3704375
3712061
3721641
3722336
3722394
3724271
3730879
3731801
3741919
3743635
3745761
3749583
3763426
3770935
3771772
3772610
3775714
3777203
3781069
3782622
3783263
3784561
3785998
3788216
3788219
3801624
3805986
3809398
3811981
3812077
3827761
3828046
3837297
3839580
3849671
3867698
3868707
3874997
3878213
3881371
3887642
3888750
3895671
3904258
3909618
3917393
3927325
3928303
3929800
3929951
3930330
3940120
3941323
3942375
3943021
3944133
3950754
3951308
3951962
3961634
3964356
3965729
3985291
3985813
3992975
4002833
4003996
4012805
4020482
4034478
4035331
4035482
4039003
4047236
4056248
4062584
4065414
4066448
4066800
4067295
4067838
4069246
4069778
4069873
4074185
4082776
4084667
4090054
4090144
4093281
4093795
4094597
4097647
4097776
4098774
4102830
4105606
4111196
4111938
4118528
4120984
4129853
4137298
4137738
4138543
4143641
4145458
4148061
4156062
4159466
4162319
4164076
4174356
4179450
4182284
4191147
4191757
4193149
4194471
4201040
4203584
4204931
4206232
4208168
4211582
4214121
4220510
4221974
4222069
4225662
4228493
4228959
4230033
4246538
4246956
4247851
4248187
4248224
4248460
4249626
4249896
4250729
4252617
4253285
4254802
4258342
4260254
4282941
4283534
4288337
4292391
4293114
4296732
4301970
4304304
4307881
4309001
4310620
4312935
4313733
4315087
4315476
4321291
4334793
4335264
4339841
4342017
4342786
4344206
4345851
4347497
4349025
4349416
4353708
4357115
4361930
4363339
4364115
4366581
4367821
4376687
4377603
4383155
4384306
4385919
4389662
4395739
4400651
4403058
4407078
4409343
4414516
4415313
4418771
4419370
4427183
4429204
4430584
4433958
4440497
4453110
4453989
4455446
4455676
4470269
4470494
4484754
4488343
4491693
4495351
4503611
4517935
4530104
4540447
4548930
4549387
4549570
4549795
4550416
4550813
4559445
4560243
4564491
4583951
4585592
4589658
4590379
4593227
4596362
4598086
4599311
4603062
4605153
4606104
4606836
4606851
4609421
4621120
4623717
4624956
4625772
4626770
4632723
4635966
4639007
4651111
4670778
4673162
4677053
4677850
4681459
4684582
4686627
4687535
4695142
4699480
4700726
4702816
4705259
4706585
4709699
4710936
4711169
4713133
4714237
4719965
4736045
4740139
4740568
4742832
4746794
4753160
4758879
4769599
4774818
4775118
4775353
4777170
4780449
4808538
4812737
4813619
4815693
4821818
4826566
4827706
4829162
4832911
4838294
4843855
4847364
4848289
4849018
4849680
4850405
4850946
4857502
4859731
4861461
4877776
4880269
4883732
4890804
4896447
4897420
4898567
4909348
4910390
4916018
4918427
4920747
4921534
4925222
4927846
4931974
4941676
4943314
4946611
4951305
4958884
4964620
4965842
4968584
4970735
4971711
4983336
4985845
4991843
4992912
4993583
4994427
4998279
4999885
5000961
5005353
5009367
5014266
5015792
5020864
5025777
5030809
5033074
5035265
5044309
5046219
5053989
5054586
5056431
5057544
5059593
5062052
5072437
5074271
5076724
5080368
5082488
5085607
5087291
5089723
5097312
5097312
5106283
5106399
5109701
5116459
5116459
5119592
5125575
5139032
5139110
5141115
5141306
5148056
5149956
5150003
5150194
5150790
5150975
5154552
5154588
5156338
5159901
5163507
5176026
5179890
5180781
5183143
5187157
5188409
5189075
5191457
5194538
5194912
5196620
5214270
5220303
5221981
5223100
5225049
5229754
5233939
5239247
5243071
5246619
5249045
5251316
5257535
5259103
5268062
5271084
5288778
5289500
5291356
5292248
5297629
5301864
5307163
5309623
5323078
5323595
5336126
5337897
5339137
5339692
5339762
5340515
5343337
5343640
5347628
5352589
5354801
5358254
5362396
5364771
5366887
5369372
5372858
5372859
5376783
5378382
5394984
5395990
5405229
5410677
5412452
5413849
5427017
5428515
5428600
5429102
5446730
5448927
5449121
5449572
5449624
5449932
5453961
5463757
5475079
5481926
5484008
5485687
5487257
5490578
5492185
5496893
5500434
5504171
5511942
5525741
5527551
5527729
5528560
5531390
5537566
5543267
5546855
5548335
5548339
5553498
5555616
5557899
5558002
5558129
5565405
5566374
5567851
5571308
5572583
5572937
5575794
5583139
5588750
5589248
5590013
5601786
5605640
5606658
5608716
5618383
5620429
5624445
5626124
5627370
5641189
5643950
5658191
5666173
5668653
5669720
5672830
5673660
5674970
5676286
5676781
5678416
5706686
5708729
5710455
5715914
5718959
5729477
5730746
5736659
5737128
5748523
5749519
5755419
5762586
5775452
5778370
5779902
5785366
5787141
5792282
5799338
5803457
5805955
5814487
5815209
5815685
5817421
5818868
5819599
5829259
5831779
5835661
5843676
5845780
5846210
5848427
5853825
5855912
5856703
5857939
5861034
5861627
5861773
5863093
5866331
5866957
5869130
5870059
5876705
5877645
5882507
5885982
5888504
5894151
5894407
5897381
5903879
5905753
5906856
5907301
5913876
5914952
5918178
5922901
5929720
5933353
5939817
5940623
5942409
5942871
5943990
5951014
5955692
5961996
5962557
5966003
5967424
5975402
5977589
5978053
5979574
5981618
5986261
5989520
5990889
5996207
5997161
6004059
6006467
6009949
6010139
6010379
6016016
6022714
6028619
6034210
6035617
6038475
6038512
6041465
6042117
6047708
6048264
6048947
6049124
6049343
6049537
6049932
6050108
6051066
6053039
6054522
6054788
6057272
6058272
6063545
6063946
6068440
6073577
6081265
6081500
6081601
6082029
6083679
6092995
6094922
6099371
6107028
6109373
6110243
6111239
6112055
6116086
6122275
6124426
6129876
6130776
6138795
6142626
6146151
6156073
6158559
6167205
6168323
6171326
6177542
6178397
6183694
6185737
6194957
6196060
6200612
6202695
6205275
6205936
6210892
6211800
6212373
6213115
6224528
6226467
6228293
6234346
6239711
6239989
6241224
6243461
6248908
6249474
6251349
6253823
6254178
6256547
6262507
6268858
6280694
6300309
6306048
6312212
6313603
6314530
6316817
6317382
6317427
6336037
6338350
6347879
6348195
6348623
6349068
6349377
6350748
6357787
6358490
6366916
6376786
6379280
6379346
6380588
6381372
6381904
6381976
6383642
6383811
6385234
6386087
6397592
6399696
6400708
6404198
6411951
6416755
6420823
6423330
6428052
6433585
6435109
6437647
6439996
6445522
6450699
6453992
6454321
6456422
6458939
6459272
6461827
6470536
6483586
6484736
6491664
6492505
6493014
6493797
6495776
6504546
6504608
6506123
6512884
6514181
6522290
6524999
6527822
6530046
6534747
6536799
6538359
6540090
6540241
6541437
6548913
6555181
6555965
6556149
6556928
6561786
6562667
6572305
6586946
6587907
6590859
6596014
6603962
6611640
6620078
6621414
6622370
6625145
6625442
6634758
6635221
6637298
6646418
6647992
6648288
6649096
6650588
6650858
6662305
6663106
6667962
6679040
6686879
6694174
6695318
6696132
6696184
6697659
6706572
6707904
6710194
6712270
6725228
6729206
6735905
6735906
6737223
6741985
6747177
6752874
6755664
6762593
6765629
6765850
6768385
6770177
6774620
6775400
6776908
6778329
6779825
6780399
6805789
6805846
6806110
6809312
6822005
6825601
6834072
6836636
6842343
6847472
6852211
6853549
6856599
6858280
6859261
6860810
6861476
6873660
6878267
6878825
6888939
6891428
6893447
6894142
6896884
6907426
6911806
6914295
6917451
6927392
6928342
6933300
6933711
6934728
6936798
6938633
6948831
6948885
6949160
6949634
6950146
6950799
6952031
6959619
6962979
6966855
6972015
6972566
6975276
6980861
6981913
6982627
6984245
6988184
6989059
6992155
7001898
7011355
7016551
7019768
7022719
7032098
7033193
7034146
7034647
7048260
7053782
7055356
7055450
7056030
7056235
7059264
7060795
7064575
7066081
7074730
7076075
7077765
7079928
7081755
7081945
7083286
7084684
7084918
7084966
7089266
7093026
7096710
7097855
7100895
7103583
7104612
7108524
7108600
7121701
7128419
7136282
7137278
7146687
7147723
7149483
7153131
7157331
7162349
7171191
7172859
7173864
7176305
7181756
7182477
7183205
7185795
7189341
7192050
7192157
7193564
7194310
7204723
7207800
7218968
7219966
7221258
7227036
7237928
7243400
7247440
7248409
7249137
7250562
7251739
7257048
7263988
7277850
7278284
7278821
7300542
7302534
7305956
7332688
7336883
7342264
7343707
7354368
7355423
7356024
7372773
7374788
7375343
7376103
7377103
7380532
7383504
7388090
7391164
7398238
7398795
7400569
7401471
7416361
7427555
7434068
7439173
7445788
7453558
7454883
7461032
7470628
7472240
7484778
7484911
7492012
7497302
7500251
7500854
7501475
7502787
7503712
7508334
7520576
7522565
7525521
7528746
7529278
7531260
7532788
7538174
7540035
7548110
7548462
7548494
7548722
7549795
7551037
7558786
7561342
7573500
7576196
7579769
7584000
7587619
7594093
7594230
7595044
7596452
7598266
7598365
7598837
7603648
7604852
7614558
7619005
7620360
7624557
7625956
7626439
7629128
7631662
7634515
7635773
7636426
7645461
7646350
7647632
7648311
7653513
7655688
7657663
7665326
7667930
7674489
7683162
7684105
7684943
7687304
7688372
7688861
7690957
7691898
7692574
7694598
7695733
7700599
7700968
7703856
7712564
7714970
7715493
7718227
7718415
7719763
7725423
7726554
7729094
7729196
7729335
7731897
7735460
7737645
7740927
7749572
7751060
7764892
7765600
7770493
7771984
7773685
7774533
7775387
7779369
7783478
7788459
7789696
7792204
7797309
7806167
7813955
7815307
7818808
7820530
7830259
7846760
7848033
7848134
7848613
7848807
7849626
7857435
7862202
7863078
7865489
7873246
7885215
7885303
7886648
7888698
7889220
7891951
7895760
7903293
7906427
7908997
7910125
7915778
7917119
7925467
7929474
7931133
7936754
7938679
7944276
7945773
7948549
7949753
7950239
7952668
7955328
7960849
7965685
7966577
7968899
7972807
7979487
7983260
7984362
7985723
7986517
7989065
7992334
7996568
8000072
8005049
8013594
8014212
8015463
8016801
8021088
8021660
8033441
8038587
8039693
8041635
8056674
8065225
8068085
8073741
8074637
8075309
8084924
8085454
8108529
8115558
8125414
8132677
8140085
8144867
8148319
8148479
8148901
8150402
8152850
8154348
8154755
8165440
8166651
8169728
8176980
8182758
8187572
8188983
8189299
8193660
8200408
8204558
8209217
8214216
8214371
8214915
8223690
8229813
8234288
8234708
8235664
8244144
8247413
8247881
8248072
8248721
8249888
8250629
8253788
8261446
8264214
8265355
8266629
8268346
8269112
8271066
8271971
8273472
8274072
8284659
8285451
8301159
8301394
8303028
8305371
8306357
8309254
8311489
8315264
8318215
8324227
8324792
8325407
8325711
8329416
8330370
8331662
8333150
8334325
8339520
8343407
8350915
8353622
8356123
8356631
8376162
8380958
8382707
8384102
8384604
8385529
8386419
8390889
8392648
8393433
8394859
8403459
8406660
8408150
8411962
8424490
8425738
8430502
8431019
8432949
8439645
8439819
8447516
8447555
8448035
8448063
8448509
8448605
8449031
8449937
8451603
8458102
8458834
8459944
8461805
8462311
8462600
8463966
8465031
8476556
8478305
8480500
8481507
8486676
8488260
8490046
8496717
8504957
8506613
8508527
8509866
8510429
8512851
8513938
8523923
8526212
8537161
8538465
8538596
8540063
8540789
8541012
8545021
8545402
8545758
8546790
8548384
8557002
8559351
8559432
8561797
8566511
8568308
8569282
8570372
8571585
8575445
8576424
8589172
8591921
8595051
8596789
8598528
8600497
8601014
8602333
8605803
8607352
8607825
8611467
8611776
8618542
8622341
8623445
8623779
8624084
8624779
8625579
8629638
8630981
8631782
8636544
8638142
8639878
8642321
8642545
8656146
8657784
8664141
8673362
8674792
8674794
8681990
8689497
8693777
8694919
8702814
8708058
8708595
8709793
8711771
8713893
8727956
8731793
8732996
8734076
8740739
8747433
8748400
8748781
8750056
8750616
8750673
8753236
8753860
8754818
8756980
8762226
8762925
8765134
8768582
8781638
8785046
8787077
8787338
8788032
8790800
8795178
8795390
8797173
8808379
8809125
8813329
8821147
8824161
8826865
8827897
8831781
8832538
8833170
8835001
8843291
8843342
8852670
8855263
8856071
8856912
8864375
8878075
8879324
8881091
8881641
8884862
8887108
8888425
8889500
8891645
8893650
8895054
8898930
8903096
8903397
8909793
8910358
8914621
8915481
8916295
8917073
8920366
8929114
8932116
8938979
8944650
8956692
8960079
8963885
8968134
8968365
8969163
8970450
8971070
8975004
8978999
8980939
8995569
9003077
9009700
9015883
9021055
9021846
9025280
9043122
9044121
9044647
9046286
9048036
9048664
9049581
9050053
9050770
9052636
9054300
9058566
9064148
9065195
9066354
9076856
9084695
9087876
9090953
9110439
9112127
9112482
9112892
9114605
9117191
9118588
9119421
9120512
9123193
9124623
9126279
9128243
9131839
9135293
9138446
9143781
9147058
9153259
9153747
9154594
9157353
9157798
9158518
9161708
9163440
9164333
9169167
9171020
9177381
9179252
9189236
9195702
9203894
9210093
9211820
9220744
9220774
9222505
9254079
9256742
9257856
9258726
9259377
9261724
9272556
9274622
9279732
9280741
9283282
9284544
9292815
9301045
9303919
9303991
9304525
9305061
9306434
9307240
9307716
9309403
9309901
9316823
9318338
9323810
9326258
9328120
9331074
9331706
9339386
9348309
9351843
9357261
9361365
9363284
9363702
9364563
9367470
9388154
9394370
9395514
9395621
9401426
9403214
9403786
9408455
9409592
9410256
9413537
9416782
9428917
9430923
9433105
9435228
9444809
9446764
9447628
9449397
9450501
9451391
9451951
9457050
9457196
9458141
9458668
9458986
9462070
9464756
9466590
9467720
9471261
9472260
9474829
9475482
9498612
9498781
9499082
9503656
9503761
9504911
9514550
9516423
9520728
9522833
9523796
9525313
9527722
9528782
9529870
9531664
9547512
9548224
9553104
9554614
9555688
9558760
9563848
9572452
9576374
9577323
9578243
9579843
9592744
9593940
9609830
9611550
9620475
9622300
9636617
9638339
9644899
9645387
9648635
9649029
9649404
9649857
9663214
9663503
9666362
9673340
9681644
9683262
9683988
9686663
9687587
9697186
9699620
9699663
9707560
9711571
9723877
9726456
9729235
9729770
9730303
9731432
9738952
9741054
9741737
9746587
9748779
9749115
9754805
9760711
9766177
9770627
9773079
9780901
9782141
9791916
9793663
9795309
9801721
9803569
9808867
9809792
9811008
9815583
9822355
9827069
9838550
9844300
9845296
9863957
9866065
9866343
9867747
9867944
9872639
9875202
9875806
9875894
9876595
9877958
9881002
9881021
9883600
9884347
9885414
9888416
9890862
9903662
9904411
9906106
9906936
9908980
9915581
9916714
9922314
9923253
9925204
9925496
9929473
9929537
9930383
9930730
9932353
9938163
9938481
9938912
9941683
9941978
9943122
9946187
9948093
9949062
9949274
9949759
9957996
9965980
9971717
9975632
9976750
9978864
9992389
9992729
9995251
9995895
10002494
10004836
10009228
10012182
10012934
10015512
10017656
10020965
10022208
10024445
10024888
10026574
10027016
10032852
10033436
10034223
10036941
10041594
10042752
10043476
10043675
10050930
10051467
10052861
10055145
10057952
10061028
10062285
10063750
10076916
10078072
10078971
10085681
10089157
10090187
10092348
10097429
10101646
10101732
10105529
10108386
10111241
10112955
10121380
10137218
10139540
10147798
10155573
10159189
10164810
10165826
10166992
10169404
10172810
10175079
10183170
10195530
10201987
10203425
10213458
10214589
10221502
10222841
10228141
10234339
10240004
10247297
10248465
10248945
10249190
10249396
10249745
10251237
10253473
10263434
10264242
10265118
10267803
10271224
10280487
10281282
10290492
10295753
10315575
10315928
10316973
10323614
10323992
10324413
10324748
10333951
10353097
10360153
10360493
10367454
10373905
10374112
10376967
10388277
10406800
10416258
10432671
10433957
10440439
10441858
10445260
10446312
10446342
10449114
10457464
10458173
10459752
10461249
10462329
10462723
10466829
10468546
10469056
10470228
10471526
10473243
10473824
10480335
10493022
10497027
10518021
10519358
10520123
10520331
10521314
10521970
10524534
10527007
10528078
10530130
10534223
10544104
10547464
10547959
10548192
10548879
10550162
10551499
10553746
10578282
10578747
10579603
10580776
10581866
10583565
10591135
10592087
10593391
10594250
10598898
10604092
10604283
10607992
10615573
10616978
10617695
10624950
10633139
10633969
10636106
10638086
10639220
10641017
10652335
10657956
10662887
10664157
10673216
10681836
10689570
10692976
10695934
10697278
10698318
10701560
10705183
10717162
10717577
10718301
10720798
10721504
10722738
10723282
10728876
10730255
10735093
10738959
10745821
10763687
10765313
10770715
10774488
10779069
10788268
10811729
10813525
10814492
10815020
10816160
10818308
10819119
10819638
10834319
10836503
10837144
10844487
10848278
10848665
10849248
10851236
10857136
10866968
10889166
10896215
10897318
10898995
10902797
10907266
10911949
10926510
10927068
10928264
10933003
10942924
10944729
10945279
10948049
10949744
10952803
10953129
10954797
10959082
10960080
10962696
10964135
10964810
10966061
10967630
10971055
10974410
10982704
10987148
10997920
10999268
11008338
11011660
11014516
11026107
11037339
11037401
11039208
11046000
11048463
11051312
11055717
11060323
11067993
11077714
11084053
11087385
11092092
11101934
11113052
11121032
11123562
11130930
11133330
11139453
11143531
11148365
11148785
11149450
11149597
11155360
11162243
11162686
11164797
11189883
11193117
11194262
11196056
11196723
11200382
11201546
11204326
11214431
11219040
11222899
11229271
11237285
11239317
11242514
11247349
11250472
11254609
11256981
11258448
11260889
11265144
11269298
11281026
11285612
11287981
11289180
11291465
11292317
11293069
11295479
11314026
11315139
11317770
11319561
11319965
11330634
11334323
11340262
11342052
11349567
11355753
11358035
11365505
11374125
11375167
11384986
11391995
11394826
11402566
11410087
11410129
11412456
11416824
11416977
11416979
11418793
11425158
11427224
11428965
11429074
11430565
11431323
11432610
11433279
11444659
11445907
11448374
11448679
11449149
11449353
11452515
11454070
11455821
11456505
11459472
11461258
11465463
11508614
11521749
11531314
11532641
11545564
11552793
11554659
11557486
11563703
11565573
11570156
11570807
11571631
11582697
11585583
11587556
11590224
11591239
11597134
11599512
11600988
11602473
11624410
11636751
11640540
11645331
11651723
11652910
11653279
11655937
11674301
11677241
11679226
11679751
11680740
11684558
11686125
11691493
11693942
11700572
11701858
11705783
11708289
11710546
11714717
11714966
11717416
11718214
11720938
11733228
11733521
11747516
11747975
11748085
11748329
11748731
11748909
11749222
11755537
11760512
11764578
11764968
11766474
11772264
11782343
11783818
11783842
11789564
11795908
11796363
11799342
11806816
11806958
11808731
11809190
11809238
11818617
11823793
11842475
11844313
11846518
11849636
11850442
11861115
11861969
11864458
11866480
11867464
11868466
11873525
11875957
11876905
11884471
11886683
11891499
11896531
11896690
11904572
11905370
11908856
11909092
11910217
11913939
11913944
11915801
11920453
11931603
11932997
11933800
11937653
11938616
11939473
11946410
11950548
11952014
11956184
11966038
11980437
11981549
11983646
11983953
11993666
11995413
12005176
12007965
12009566
12012841
12013199
12017561
12025137
12026317
12026898
12027007
12032303
12041195
12043737
12043741
12047984
12048289
12048963
12049520
12050670
12050730
12056352
12059602
12060418
12070540
12080658
12081818
12082164
12082925
12083462
12083473
12084341
12085188
12089285
12089717
12091778
12092759
12095393
12100580
12102221
12110863
12117663
12118813
12120052
12124104
12125422
12126779
12128155
12130146
12132297
12134886
12142036
12145423
12147009
12149011
12149920
12150335
12151082
12154982
12161832
12165511
12170786
12172761
12178261
12182275
12198950
12199516
12201285
12203549
12205010
12205423
12206220
12208554
12208647
12212631
12215508
12220105
12220875
12225373
12226673
12230249
12236625
12239764
12246315
12247210
12249213
12255415
12256379
12258032
12259049
12260109
12260554
12261690
12263269
12275654
12280532
12288144
12288309
12288888
12290237
12312070
12339443
12340605
12341239
12345018
12347508
12348833
12349128
12350424
12360497
12364973
12366615
12374309
12385329
12388648
12392185
12394923
12399191
12405975
12407225
12408372
12410515
12416595
12423793
12437203
12438411
12439543
12445292
12457459
12463353
12468751
12472068
12473521
12474781
12475981
12476255
12476753
12477844
12480023
12481709
12494923
12504724
12513493
12516218
12520013
12524970
12525753
12533392
12536234
12542380
12554860
12555407
12559042
12560620
12560682
12573292
12589587
12604020
12607468
12608608
12613953
12617632
12619644
12622795
12622835
12627476
12637047
12637934
12638918
12647297
12648209
12648398
12649855
12651197
12653077
12654010
12654516
12656219
12657590
12660762
12661388
12664259
12680680
12690697
12694133
12698254
12699129
12701320
12705073
12707687
12709699
12718606
12720360
12721285
12728698
12729904
12735518
12735554
12736279
12741216
12742006
12748366
12750112
12756813
12762524
12766384
12775773
12776706
12777708
12778606
12784023
12784917
12786492
12787540
12796632
12797862
12798360
12799300
12800529
12806225
12807518
12821135
12822160
12828386
12829097
12829215
12830082
12835087
12836076
12836546
12836940
12851374
12860356
12861339
12863230
12865623
12865914
12869729
12871079
12879273
12881834
12882488
12884018
12887693
12888109
12890532
12905005
12908361
12912747
12917829
12919145
12920305
12923500
12924574
12925594
12925633
12926536
12928675
12929345
12948712
12949814
12951886
12961738
12980605
12985617
12985664
12989027
12993988
12995612
13000419
13010291
13012987
13013832
13015065
13015746
13024488
13027348
13028050
13036302
13039116
13041413
13043247
13046159
13054583
13054929
13061362
13074342
13083941
13090324
13091037
13091972
13093813
13094617
13095054
13100325
13103010
13104471
13114221
13125994
13126731
13126898
13127316
13128455
13139156
13139799
13140739
13142174
13153520
13153520
13155587
13161017
13162289
13163062
13167804
13168515
13172291
13174273
13176014
13176068
13180394
13185758
13194828
13201274
13204492
13207145
13216038
13216812
13223168
13225517
13227405
13227407
13227884
13230739
13231881
13232538
13245932
13248836
13249022
13250070
13252254
13253266
13256690
13257374
13257526
13257680
13260280
13263113
13263736
13276265
13278573
13281693
13284422
13286303
13290634
13306024
13312353
13314853
13321369
13322147
13324470
13325526
13331232
13332422
13335469
13336544
13344945
13345896
13346655
13349275
13351732
13354562
13355281
13357212
13357694
13358400
13361594
13379973
13388492
13389887
13397837
13400933
13404391
13404446
13405858
13405904
13407861
13409249
13412500
13416167
13418360
13418394
13422806
13428235
13439181
13440103
13446370
13450825
13452406
13463425
13467740
13471535
13482454
13484912
13486125
13491648
13506396
13507703
13509435
13513812
13526203
13533405
13546341
13547889
13548310
13548467
13549383
13549448
13549917
13550768
13553302
13556894
13560910
13562749
13564783
13565776
13579361
13586299
13588227
13590592
13591233
13593221
13595083
13596943
13603241
13605126
13612917
13614255
13617882
13619271
13621935
13622908
13631219
13639872
13640310
13650653
13652275
13656297
13658804
13659664
13660464
13665549
13667619
13668580
13670268
13671817
13673733
13675198
13678581
13680606
13681662
13681902
13686611
13690670
13691727
13693852
13698450
13699137
13701191
13705051
13709195
13710466
13721522
13725212
13727812
13730267
13733355
13734017
13740477
13741545
13742353
13743003
13744331
13747172
13751875
13759179
13763666
13770382
13773292
13787038
13788931
13789643
13793643
13803474
13804060
13814423
13815373
13818144
13823666
13824906
13825302
13843925
13844472
13847499
13851911
13855071
13860807
13861802
13862454
13862978
13863858
13864264
13865102
13873371
13878246
13881785
13882396
13896081
13896165
13900515
13907280
13911084
13914795
13917795
13918341
13919821
13921563
13922214
13924623
13930263
13934979
13935651
13935990
13938016
13948969
13960122
13960936
13961790
13965806
13973101
13975440
13977156
13985250
13988880
13989013
13991325
13994215
14004368
14004446
14009162
14012415
14012417
14013200
14029913
14034889
14042952
14043176
14044501
14045582
14052187
14053958
14054308
14055345
14062030
14066629
14074904
14080640
14087146
14089278
14092304
14092677
14096518
14100150
14100983
14103942
14104982
14105719
14106626
14113849
14115079
14124275
14127375
14127658
14147552
14147603
14148419
14148864
14148906
14149962
14152822
14152822
14159028
14160151
14162496
14165447
14166216
14166563
14178616
14181342
14185074
14185773
14185876
14188461
14189357
14190512
14193669
14200387
14201299
14205159
14205200
14212931
14214077
14215349
14216042
14223280
14225265
14243791
14244678
14248657
14251071
14254868
14272310
14273295
14276181
14281932
14289833
14298684
14305709
14308801
14313533
14323090
14324556
14328513
14335073
14336100
14336205
14342588
14345182
14347455
14353695
14369762
14370374
14374312
14377094
14379645
14387918
14392706
14392799
14421216
14427359
14427561
14432463
14432927
14432931
14439589
14440427
14444017
14448429
14449826
14449946
14454470
14460197
14463549
14464361
14465841
14478354
14479414
14481067
14482732
14487700
14489830
14491741
14498745
14500974
14502988
14504693
14509693
14512327
14513249
14527370
14528202
14528699
14532134
14532980
14533188
14537717
14540024
14540527
14541202
14554695
14556881
14559015
14560956
14562933
14564050
14579999
14580844
14582621
14584101
14585837
14587724
14594404
14598460
14602973
14605812
14615544
14619811
14621713
14628342
14630708
14632695
14633179
14634073
14634688
14641787
14643531
14644791
14652879
14654762
14655490
14657070
14662036
14664855
14682938
14689863
14703612
14704861
14707563
14711120
14717169
14719910
14723706
14724687
14728524
14728559
14729719
14736849
14747567
14747672
14748676
14749357
14758628
14759328
14760284
14762777
14762832
14764664
14765181
14789172
14789464
14792719
14793618
14794683
14797520
14801433
14804999
14807094
14808076
14813849
14820701
14826489
14829389
14835730
14837473
14843408
14845770
14848104
14848739
14848796
14856079
14865551
14867525
14878080
14878812
14880199
14881320
14901505
14903637
14904340
14907743
14908877
14911305
14913662
14919438
14919669
14927200
14935163
14936614
14943262
14945386
14948644
14950379
14957217
14957222
14960525
14961109
14973031
14977539
14987340
14995310
