59273.15
60101.08
60897.02
62674.11
63171.75
65107.02
66138.19
107792.6
234029.6
246095.7
258066.2
260713.2
285995.8
289477.2
319298.7
320218.3
342173.5
343137.1
354052.8
355698.3
356355.5
360374.9
361023.8
362363.2
473643.9
479112.8
481960.4
494284.6
527471.7
535116.8
561743.3
563711.5
574762.9
588705
601005.2
655970.5
656613.8
657347.8
657826.6
658325.8
658783.8
659289.3
659926
662041.5
663076.7
776113.4
778320
803734.9
814653.7
834501.9
837065.8
943136.9
952150.5
953355.4
954286.4
962810.5
1035136
1139621
1176936
1190152
1193152
1196180
1242429
1255550
1258247
1259557
1262582
1265099
1266076
1271751
1295652
1336344
1433512
1487639
1503470
1513841
1524008
1524887
1532550
1551560
1556130
1582804
1588644
1617260
1623254
1628826
1644431
1654347
1731291
1828108
1852586
1856507
1860136
1861690
1956844
1999804
2025076
2034409
2149027
2158234
2202395
2203194
2203784
2205731
2208508
2319801
2371133
2385270
2392326
2411256
2441749
2442626
2455918
2456684
2457269
2458211
2459324
2463134
2511238
2512364
2513908
2584183
2585118
2601997
2718843
2754434
2756940
2757985
2761572
2763316
2764054
2895065
2913985
3022406
3043281
3054116
3056557
3057329
3057885
3058649
3060117
3062297
3063095
3116096
3160207
3180805
3201322
3206453
3245951
3248348
3248810
3249335
3256069
3357342
3357751
3359389
3448261
3449639
3496042
3498142
3508208
3518245
3527726
3554276
3557352
3573439
3582450
3628180
3663845
3671813
3696219
3697631
3699190
3736668
3769489
3784339
3786327
3788348
3806879
3878333
3887865
3894843
3936189
3938071
3959299
3960293
3994911
4000467
4076213
4077440
4179298
4217990
4298541
4303499
4305556
4392378
4454145
4455075
4556055
4559307
4560895
4562398
4802678
4806157
4808217
4808852
4809519
4811900
4829809
4831293
4832909
4833753
4852813
4853973
4854841
4861741
4901225
4909253
5008919
5010547
5026971
5064709
5071774
5084763
5153481
5154083
5164423
5207257
5428150
5460958
5462457
5495248
5498676
5573427
5786497
5993787
