3219.127
3311.588
4745.958
5463.971
5465.367
12356.79
13350.51
16945.21
17634.95
32124.29
37012.4
40084.08
43366.78
47569.83
48117.92
48600.61
48946.7
49354.53
49560.69
49934.73
52359.92
59720.59
79689.16
104862.2
109386.9
128227.6
143853.8
147657.5
155428.5
157627.5
158656.8
161273.3
162257.1
163214.5
169816
176864.4
179670.4
187507.5
190599
193506.9
195126.5
195705.6
201625.3
220804
231137.6
232525
233769.5
235159.6
238785.5
245947.3
251788
256879.1
260438.8
260989.6
262759.5
267212
277855.5
279521.4
279809.3
280967
282748.6
286016.6
290989.7
300626.5
315907.4
317171.8
318728.4
322147.6
326931.8
329051.2
332039.1
333000.7
335809.4
346887.7
348445.9
348696.1
349157.5
350116.6
350547.4
351059.2
358078.3
360382.7
360813.3
370983.3
374804.7
422928.7
423865.6
425991.4
431625.6
439584.9
439632.2
455950.8
471957.1
473874.4
478400
480262.5
484046
508650.2
513111
543289.6
554045.5
573036.7
584454.6
588598.5
594867.6
601074.1
606088.1
607296.4
611966
622138.5
625968.2
628074.6
637023.2
647833.8
648301.2
648648.3
648889.6
649087.8
650977.1
651559.4
656675.8
658245.8
665858.2
677090.2
683874.7
689452.5
692046.4
695014.5
705913.9
720726.3
723891.8
725011.5
730603
750206.1
751013.3
773309.5
784953.6
796185.8
797153.8
797289.5
799858.4
803600.4
805702.9
812432.4
824039.6
825651.5
841897.5
844601.9
853391.7
854286.1
859697.3
860076.5
861881.6
864307.3
866143.3
873278.6
878979.8
884820.1
894021.9
895225.7
907717.5
913168.3
935496.2
939026.3
942344.2
948494.8
948822.3
950741.7
950742.9
951004.6
953258.6
962369.9
967010.5
995415.6
1014027
1014200
1014705
1014706
1016812
1018327
1033312
1035467
1044476
1050282
1067147
1083758
1097010
1102120
1112136
1115824
1116549
1120745
1122866
1138532
1140554
1142045
1144199
1147158
1148799
1150594
1154660
1157291
1158319
1159603
1161006
1161067
1169441
1171636
1174056
1175912
1182796
1192732
1217124
1217805
1218908
1227499
1228633
1229822
1233300
1237723
1240179
1240903
1242511
1244834
1248695
1249991
1252720
1260629
1277884
1294539
1297667
1298269
1301784
1303709
1313522
1314032
1314459
1314714
1331646
1332850
1342480
1365794
1368783
1376528
1382920
1389534
1403497
1411494
1418356
1419221
1463058
1463194
1464801
1480216
1485722
1501184
1502600
1506951
1507593
1511307
1512066
1526893
1528402
1534132
1535946
1536116
1537978
1539552
1548427
1549061
1549563
1549783
1550713
1551470
1576490
1584976
1589220
1590176
1597197
1607371
1612453
1618293
1628968
1636257
1642087
1644109
1648416
1653671
1662956
1663546
1667608
1670314
1672150
1672904
1675716
1679071
1698512
1704089
1704844
1726912
1737476
1738775
1739725
1754836
1757726
1759939
1769694
1778820
1800909
1807142
1807142
1808128
1809105
1809105
1810121
1812195
1829435
1837077
1838431
1839122
1839807
1842521
1843230
1844895
1848125
1848826
1849202
1850905
1853277
1853818
1853952
1864746
1865285
1919518
1928698
1929469
1947213
1949644
1953747
1956064
1959467
1961928
1979492
1980616
1981867
2039411
2040269
2057978
2078036
2081700
2083661
2092745
2100335
2102836
2103898
2104695
2105588
2107797
2108438
2109740
2111019
2118535
2119373
2126479
2127969
2131040
2139755
2144950
2146821
2148808
2149485
2149857
2151238
2152810
2161337
2200379
2205410
2227633
2237139
2237809
2239475
2239475
2244001
2253781
2257597
2272666
2273504
2280120
2298253
2301407
2301880
2323979
2332682
2353802
2354790
2360652
2383169
2400103
2401289
2411860
2416035
2417402
2424834
2424834
2435067
2435642
2450380
2452216
2452683
2453209
2459829
2460719
2461700
2464024
2492082
2502139
2514865
2521473
2529255
2536791
2540579
2541253
2542493
2543245
2547615
2566722
2566928
2570577
2575259
2576354
2585073
2588597
2593391
2606259
2618336
2631667
2636056
2636769
2641705
2642525
2652553
2654622
2662864
2667538
2668634
2672605
2678808
2687868
2687872
2725662
2730671
2735868
2745152
2748443
2748619
2748774
2749027
2750390
2754202
2761046
2761315
2769041
2801004
2812274
2819633
2821631
2823932
2827892
2831390
2840420
2850128
2852403
2857192
2857926
2860313
2863298
2864453
2878394
2881934
2886923
2902361
2904588
2907080
2907701
2916972
2922910
2925281
2931761
2932088
2933540
2934838
2935510
2940052
2956057
2960463
2982192
2983057
2985415
2988768
2988852
2992032
2992067
2993376
2995338
3004533
3010917
3014630
3025053
3033749
3036143
3048324
3048324
3048709
3049048
3050411
3052605
3053991
3060566
3078874
3082023
3118076
3126025
3142629
3162984
3164408
3193069
3194835
3212113
3215836
3217585
3223374
3224879
3230396
3230438
3255391
3261737
3264484
3264490
3271675
3273622
3274753
3277190
3287455
3289833
3300667
3303596
3308434
3316534
3316879
3322247
3348765
3348765
3350313
3351454
3353649
3353650
3360279
3402480
3408096
3410984
3418326
3422111
3432689
3437040
3441007
3470624
3473390
3474457
3481314
3486619
3489107
3495564
3503391
3511805
3523986
3547822
3563909
3566762
3569453
3577545
3580422
3584628
3593900
3594564
3595507
3596084
3602285
3605580
3634390
3635554
3636407
3637083
3648736
3650203
3650611
3650620
3651764
3651798
3652628
3653250
3661878
3665286
3674808
3693004
3707876
3711407
3715565
3717908
3720023
3728656
3743609
3744374
3744375
3745377
3749871
3755323
3772002
3793626
3807414
3820391
3828160
3835120
3835802
3840751
3854242
3856547
3860043
3864523
3873780
3874196
3878229
3879406
3880008
3888168
3889865
3894162
3894162
3910205
3921486
3942265
3942352
3944448
3946564
3948268
3948443
3953532
3962898
3963454
3966182
4000581
4013525
4020800
4024908
4027739
4033655
4038283
4039443
4043733
4044663
4044701
4054968
4055762
4065005
4065986
4071509
4075994
4076860
4105258
4109275
4110469
4113259
4120369
4130996
4132929
4138955
4142922
4157322
4168255
4169980
4171088
4171798
4188043
4204078
4212660
4239155
4242338
4243210
4248573
4249005
4249497
4249973
4251892
4252200
4253061
4261216
4262683
4263537
4318093
4351591
4382166
4394935
4405840
4413684
4423430
4424549
4425485
4438581
4440198
4441042
4442092
4442893
4444183
4458680
4459789
4466050
4467002
4483445
4484601
4485856
4500420
4520491
4520552
4533181
4534659
4540485
4545676
4546534
4552117
4552798
4554739
4573709
4574046
4589170
4592106
4610024
4613390
4620124
4621407
4637013
4643491
4647315
4647533
4649358
4664180
4668411
4678431
4681067
4696684
4698357
4699460
4703617
4708918
4709262
4713178
4715726
4726506
4731589
4733457
4740521
4741041
4746164
4754034
4774554
4776219
4778347
4781000
4787431
4802987
4804696
4818032
4821524
4822421
4823142
4824392
4846984
4848246
4848318
4848515
4848678
4851867
4853729
4900314
4901496
4911549
4934430
4939373
4946280
4946285
4948998
4965040
4971141
4972151
4978146
4989961
4990804
4996530
4999929
5004484
5008052
5011420
5022712
5028377
5028850
5031244
5033708
5036737
5038771
5040405
5041183
5047898
5068484
5074598
5075685
5077105
5080194
5086050
5086135
5094129
5103470
5126423
5126948
5128104
5136899
5145126
5149918
5150025
5150661
5152134
5153588
5156631
5157823
5164338
5194598
5200786
5204891
5221490
5222260
5236665
5245073
5255587
5256431
5256788
5261797
5274471
5287986
5294620
5295670
5297158
5301834
5301836
5303563
5310787
5311848
5315344
5323440
5340864
5343115
5370319
5372969
5389838
5402518
5416791
5421553
5423706
5432101
5433587
5440889
5446026
5448507
5449090
5449597
5449704
5450241
5450471
5451787
5452557
5453391
5460973
5479855
5486311
5504270
5508182
5515676
5526198
5527462
5531732
5535309
5536164
5538371
5540326
5546292
5548073
5560116
5561509
5575794
5578065
5578932
5580113
5581146
5606128
5616379
5618951
5622197
5622415
5623254
5637167
5637167
5641820
5641821
5642684
5650215
5669056
5671964
5673228
5675581
5678010
5690843
5691080
5695221
5703231
5707172
5708578
5722720
5730224
5734525
5735350
5750676
5752431
5754384
5754384
5757546
5784714
5791725
5813793
5824767
5826380
5827238
5827238
5828288
5830274
5834466
5834466
5835547
5837051
5846916
5853629
5859466
5867320
5900469
5901869
5904510
5909891
5913853
5913890
5915478
5952807
5973114
5982920
5983484
5996408
6000130
6000918
6002259
6003714
6006455
6016170
6017374
6020012
6027481
6043771
6048463
6048739
6049735
6050181
6054443
6076965
6100638
6100911
6109614
6111510
6112385
6113918
6135485
6141995
6143267
6159985
6162867
6172670
6179719
6187951
6190447
6194228
6200691
6216387
6221068
6250652
6269072
6274066
6287110
6291295
6292148
6292149
6308375
6309027
6315543
6317716
6318516
6324333
6335028
6337803
6340870
6348527
6348691
6352869
6357924
6358436
6359566
6393502
6400312
6416389
6420220
6427866
6430304
6435331
6442638
6450619
6458457
6460980
6470118
6479025
6486001
6498066
6505271
6518770
6524120
6528794
6531692
6531693
6539780
6554074
6554502
6568592
6570797
6572839
6576226
6595468
6604747
6620349
6633272
6637115
6637911
6641465
6642477
6648268
6648630
6648840
6650861
6652197
6653207
6653782
6677403
6707795
6708527
6709131
6725145
6728357
6729064
6748982
6774793
6785521
6786333
6787097
6789145
6789912
6797663
6797664
6801924
6807729
6810972
6821686
6833558
6843172
6863478
6863646
6867691
6881672
6883759
6891025
6891824
6903121
6905805
6928216
6928937
6930192
6931412
6933047
6934080
6936222
6938274
6939583
6947938
6948486
6950155
6950850
6952790
6977905
7004357
7005820
7019649
7025243
7030014
7041495
7045523
7047424
7055025
7065370
7074944
7081426
7090789
7093666
7094183
7095533
7096245
7097368
7098849
7113327
7118600
7118647
7119175
7137587
7148739
7153745
7156347
7173726
7181141
7183830
7185874
7201891
7207516
7207693
7217678
7218788
7228641
7229325
7236721
7240497
7246967
7247906
7248137
7248229
7248505
7248742
7248743
7249076
7250434
7251838
7252201
7252771
7253196
7260150
7312887
7315553
7318391
7350218
7351533
7352066
7353546
7358533
7364172
7365971
7367200
7370296
7392511
7396120
7399693
7403540
7406350
7407156
7407758
7408333
7409589
7416237
7418503
7419317
7420572
7421428
7423387
7424356
7437205
7439312
7455044
7458276
7458984
7462615
7464165
7503947
7515213
7519868
7520992
7529262
7533922
7541265
7548766
7549328
7551150
7551894
7553047
7554428
7555321
7592597
7592633
7595388
7596051
7597470
7600042
7609602
7613053
7614016
7616857
7618114
7618924
7619942
7629279
7630260
7630865
7631395
7631925
7642328
7645384
7645891
7650650
7654175
7656726
7659250
7664701
7666221
7666980
7671337
7671956
7672876
7686280
7687751
7690247
7691209
7703299
7704547
7708299
7711256
7713045
7719420
7724862
7736727
7739036
7741308
7741809
7743563
7744982
7746900
7748019
7749919
7754571
7759350
7774344
7775099
7775771
7776370
7779516
7780316
7781370
7783395
7784475
7792826
7795004
7804004
7808226
7808873
7810978
7823647
7848633
7848802
7849259
7849896
7851782
7853128
7858763
7868881
7873882
7895333
7912136
7914345
7915296
7915297
7916665
7918982
7919016
7919951
7921126
7922216
7939519
7962323
7964007
7974270
7975857
7985932
7986679
8012130
8015572
8019168
8021373
8032504
8035125
8037358
8040370
8045805
8052256
8054141
8063777
8081492
8085517
8086995
8088908
8089626
8090830
8092024
8093395
8094619
8095243
8095523
8096653
8110862
8111423
8122139
8148421
8148594
8148747
8149218
8149518
8150780
8151386
8152346
8152555
8155003
8160527
8174427
8174722
8186023
8192950
8207929
8211904
8216513
8220178
8226696
8228530
8240954
8252246
8290960
8297254
8301093
8307150
8308197
8309082
8319721
8330455
8331764
8336358
8362701
8363745
8364658
8377141
8378888
8379363
8381202
8382431
8415944
8419138
8421748
8422124
8426469
8435809
8435815
8448818
8450764
8451963
8452978
8453318
8453939
8461473
8494833
8501142
8501590
8503591
8503592
8511897
8518025
8542723
8551256
8554199
8556285
8558513
8567514
8581065
8588833
8589892
8600812
8611834
8614487
8616240
8622852
8623605
8625860
8626552
8628452
8629411
8629562
8629794
8631281
8633172
8634289
8640089
8641422
8644545
8674224
8674387
8675432
8678595
8686874
8688285
8722022
8743701
8748478
8748836
8749576
8751048
8752573
8754223
8760573
8773940
8797149
8804481
8808644
8812853
8817054
8818035
8826959
8851322
8858128
8862369
8863778
8864537
8870032
8871060
8872494
8873922
8881304
8889852
8892385
8908835
8921035
8922368
8923002
8931850
8932551
8939244
8940683
8949797
8956014
8964062
8971629
8979200
8985800
8986104
8986734
8987254
8993704
9005199
9007663
9015303
9015305
9016641
9016687
9017597
9044608
9049017
9049564
9049608
9050862
9104260
9110967
9117179
9118440
9118441
9119492
9120790
9125256
9134796
9142324
9160831
9164560
9166760
9169935
9169936
9187743
9215066
9215066
9234070
9248570
9257940
9260294
9266519
9267711
9276049
9279179
9284065
9290331
9291671
9304905
9308317
9326929
9329708
9335313
9345742
9346621
9348597
9348792
9350135
9350714
9351263
9352590
9353081
9360182
9371843
9372144
9389906
9396027
9399356
9407242
9414437
9425727
9425769
9433610
9436158
9445194
9450618
9454189
9457830
9471546
9475108
9475108
9490767
9491893
9493429
9494017
9507105
9525074
9530245
9530913
9531392
9557591
9562049
9567083
9570567
9571912
9583407
9584677
9586070
9595648
9600332
9607005
9607968
9608588
9610417
9611872
9615573
9617113
9617723
9618840
9625797
9626535
9627363
9628255
9629441
9635969
9637393
9649340
9651124
9651819
9652201
9652667
9653136
9653760
9653874
9702481
9706513
9706657
9707904
9708296
9708893
9715580
9719646
9729186
9742030
9743434
9744373
9757646
9765130
9765490
9765768
9768109
9778669
9780598
9794420
9796910
9797535
9803232
9809354
9810972
9830903
9831476
9862561
9892861
9902212
9903760
9916625
9919314
9920965
9930403
9940177
9941219
9944033
9948523
9951118
9951221
9952678
9953053
9959910
10002267
10017781
10023783
10032401
10033075
10034728
10040393
10050835
10052179
10053132
10061495
10065762
10069925
10069927
10077192
10081174
10102073
10102621
10104139
10107906
10120155
10120991
10130106
10130569
10133382
10134205
10134218
10141331
10142610
10144085
10144086
10147640
10152544
10154076
10155710
10170207
10176840
10177704
10194727
10203169
10203955
10214008
10216163
10217637
10218160
10219749
10222235
10225108
10230340
10235024
10236585
10244053
10248942
10249202
10249825
10251183
10252316
10253768
10260981
10276339
10296336
10306233
10309677
10313598
10323996
10326126
10343083
10348569
10365350
10372752
10373349
10382999
10387670
10389406
10398479
10400990
10402570
10406599
10408629
10410991
10411751
10412434
10418769
10420139
10435884
10441932
10447613
10455520
10457429
10460495
10489344
10496568
10505221
10505221
10506057
10517120
10523281
10524017
10525476
10526110
10526903
10528247
10529194
10532690
10547960
10548584
10548746
10549005
10552639
10553381
10554389
10558563
10587095
10642651
10659329
10660810
10674085
10700543
10703523
10716010
10717571
10721920
10731077
10733537
10742134
10743452
10768505
10769574
10786103
10789204
10800106
10816299
10817076
10818159
10819300
10820836
10833366
10839720
10842177
10843921
10844454
10844840
10848240
10848776
10848943
10849617
10850199
10853122
10894401
10896614
10898183
10899294
10900324
10900366
10907169
10907577
10907704
10908283
10909452
10916101
10918330
10933410
10937446
10947289
10951296
10952223
10953139
10953926
10957798
10979956
10988544
10998614
10999598
11003336
11004819
11005699
11008191
11015875
11025664
11029076
11032091
11034849
11036240
11039631
11047890
11050425
11053246
11056928
11060505
11068530
11079676
11080416
11086775
11088998
11093814
11094032
11138426
11139470
11140695
11148679
11148860
11151272
11152517
11198640
11198804
11201273
11202166
11204258
11224022
11225800
11249367
11287885
11288773
11290226
11297488
11301503
11306620
11308264
11310663
11311337
11319695
11333232
11334106
11353691
11363952
11369456
11370004
11370955
11374405
11379578
11402873
11408957
11411585
11425269
11428023
11433588
11434799
11435597
11446149
11449325
11450440
11451107
11452470
11453455
11499698
11507146
11509330
11510615
11517319
11547074
11549491
11551579
11556988
11573850
11583394
11598740
11608266
11618780
11624106
11627887
11641596
11653712
11662110
11664254
11664636
11667180
11690591
11693178
11717003
11722980
11742718
11745184
11745853
11748787
11749175
11751476
11800030
11812942
11813656
11814382
11816022
11836520
11837488
11860570
11875142
11880046
11886785
11892137
11893316
11894800
11896166
11912315
11913582
11925653
11930187
11930534
11953833
11968253
11989896
12000968
12003491
12006752
12014211
12020416
12024370
12028564
12030882
12040295
12042120
12043650
12044392
12044423
12048614
12048959
12050003
12052564
12052645
12052869
12060033
12061030
12073043
12079126
12094367
12114948
12164680
12167451
12171477
12174689
12177539
12178167
12178602
12205876
12212037
12225495
12227337
12228782
12230651
12232522
12242231
12242765
12250395
12255275
12258997
12259143
12280915
12281818
12288185
12301585
12328548
12344138
12348644
12349207
12350838
12351616
12353176
12406464
12408140
12416901
12421134
12422941
12427135
12433942
12436798
12437640
12438774
12443255
12446984
12522086
12522359
12523840
12528079
12556592
12569163
12592309
12601609
12609411
12610409
12613074
12614694
12626411
12633141
12635627
12648147
12648530
12648735
12649729
12651565
12651872
12652236
12652675
12653414
12658732
12703739
12705947
12717655
12726069
12728866
12750750
12778152
12802822
12818601
12820650
12821382
12827243
12828907
12833626
12849640
12851337
12870452
12871063
12875736
12876873
12877516
12878354
12901959
12902587
12907822
12908584
12909085
12913053
12915177
12919516
12934056
12938079
12942580
12943276
12946931
12948504
12950675
12951860
12951864
12958247
12958413
12961188
12981007
13013058
13025013
13028323
13048339
13052887
13056457
13068905
13077616
13088864
13092283
13103653
13108174
13109000
13114387
13122747
13123889
13126505
13144505
13145385
13146248
13148871
13164287
13166291
13173453
13183678
13189409
13191335
13213149
13218942
13239505
13241973
13249137
13250374
13283852
13284538
13289753
13304213
13322330
13331302
13337167
13345946
13380842
13421539
13423411
13483863
13485589
13494408
13494943
13500305
13503759
13504627
13521440
13521440
13525763
13548560
13549648
13549942
13550080
13550414
13550418
13552341
13552539
13578100
13578700
13612817
13615768
13617284
13621514
13641297
13644685
13649192
13657661
13670686
13686109
13693936
13727394
13737695
13740289
13755444
13785238
13791947
13803380
13803865
13806564
13819885
13824436
13829043
13837808
13846054
13846467
13847272
13848896
13850352
13851282
13852380
13855369
13905702
13927345
13933144
13954402
13966727
13983096
14001679
14005734
14006364
14009231
14032414
14045830
14048171
14049129
14049807
14051240
14052385
14053512
14065510
14066213
14066387
14066769
14070259
14071701
14071860
14074216
14075921
14082457
14084294
14087784
14091363
14096747
14121681
14123184
14127477
14133313
14138285
14147173
14148039
14148794
14150184
14150295
14150626
14153760
14160209
14183917
14194274
14199804
14205205
14205434
14219769
14226812
14231088
14231467
14233028
14234014
14237133
14251731
14265358
14268181
14271307
14277929
14308839
14311662
14317144
14321002
14344027
14347290
14349444
14350835
14355260
14355292
14355759
14368212
14376300
14376472
14381666
14407705
14419233
14420220
14424767
14425441
14426555
14427073
14429150
14432749
14434839
14436899
14439279
14440800
14449173
14450255
14451559
14451760
14452136
14452988
14453371
14454149
14454236
14516381
14517882
14522793
14524709
14535459
14554808
14558720
14559851
14574094
14609197
14613177
14613813
14616513
14616960
14617517
14618187
14620094
14621789
14622899
14632818
14634592
14636418
14637921
14642978
14649121
14656699
14661665
14673279
14679194
14685051
14685422
14693366
14707640
14709677
14715065
14720508
14722569
14723131
14723692
14724677
14732683
14739352
14739794
14741924
14748344
14748526
14748704
14749401
14750052
14750742
14751253
14752541
14752740
14753984
14772411
14775451
14798668
14811494
14815514
14817918
14820305
14821002
14821651
14826492
14845120
14849762
14865623
14873101
14882120
14882728
14884539
14916151
14925485
14933912
14939116
14942939
14943624
14953350
14960177
14966284
14968072
14969528
14971375
14975865
14980835
14981542
14982212
14983702
14992356
