104.7685
28505.63
30011.21
30694.77
31641.63
32635.02
73962.74
75171.39
80074.41
81994.67
83521.09
85332.8
95417.1
113377.3
114027.7
114756
115751.6
129851.5
137627.7
149156.3
150129.2
152460.5
153194.2
153855
172436.6
173136.4
174500.6
178228.2
179740.9
181036.5
183078.5
185595.7
203152.7
208333.8
209254.8
210940.9
218155.1
221847.1
222956.1
231341.2
237407.4
244301
248994.3
250508.2
266327
267181.5
267785.8
268305.9
268814.7
269293.6
270780.1
271642.2
277169.2
279635.4
281758.5
283105.8
283804
285086.7
287632.8
288443.7
289421.7
290630.5
291633.6
292492.6
293242.7
293828.3
294358.9
295127.5
295763.5
301984
303193
307659.6
308641.3
333296.3
334853.3
337860.3
338719.9
339271.4
339965.4
340856.2
362361.7
375393.1
376397.9
387680
389503.4
391574.5
393987.1
398320.5
399390.9
404385.8
405298.1
406039.7
422719.6
431262.8
432008.7
432934.1
435209.1
438526.1
442337.6
460303.5
465099.8
468787.6
469829.2
470796.4
489163.2
490414.6
511293.9
512741.4
528822.4
541883.8
552805.6
560894.3
562651.5
570686.8
574157.9
575955.9
576919.7
577849.2
578606.7
580420.6
582290
583063.2
588875.7
601019.5
602177.1
603944.9
604663.5
605275.4
605859.3
609688.6
610642.8
611607
612884.6
613821.3
614633.5
628547
629637.7
630709.9
639201.2
641988.3
643910.1
645522.6
657944.9
659108.2
677649.2
678423.6
679081
679972.2
681139.1
682047.1
682742.2
700838.8
703933
704861.8
709695.9
716351.9
717269.1
724140.3
724841.9
727375.1
728861.4
729721.1
753863.8
779452.5
780595.2
781322
784791.6
785761.4
787073.6
788162
804622.7
834425.3
835705.4
836370
837258.3
838129.6
838783.3
839396.9
840036.2
840875.3
841906.1
843377.5
845442
849998.9
870522.4
871442.7
873789.4
875931.2
877865.3
878777.5
879766.8
881815.8
884249.3
885552
891813.8
892914.1
893740.8
894781.7
895786.5
897375.6
909406.8
910952.5
928356.9
929037.9
931101.6
934820.6
959881.8
964024
977896.3
978781.1
979515.2
980323.1
981365.2
982592.5
983230.1
983770.8
984341.5
985639.5
992335
1007375
1008145
1009940
1011590
1012873
1019327
1019978
1020843
1022296
1022818
1025285
1026150
1030224
1031411
1039667
1040341
1062523
1063838
1064466
1065233
1117293
1126282
1133435
1134225
1135010
1136763
1137778
1138695
1139854
1140587
1142381
1160336
1160965
1161834
1163836
1164401
1165077
1165897
1166642
1168036
1170354
1185789
1191348
1192524
1193451
1196122
1201504
1203636
1204552
1205342
1206043
1206953
1208315
1209387
1209954
1210815
1211689
1213930
1214748
1243982
1262825
1275096
1277696
1278598
1279350
1284959
1286181
1287161
1287876
1288535
1289369
1290146
1291115
1292290
1294092
1295480
1297391
1299777
1310161
1312065
1312791
1313570
1314208
1314923
1315868
1316870
1317658
1318891
1319512
1320845
1367738
1368871
1369427
1370094
1373012
1374508
1385200
1400754
1408828
1416524
1418534
1424912
1428900
1430060
1435523
1436513
1445358
1446500
1447802
1448624
1451255
1453359
1455479
1458150
1493270
1494794
1495395
1496150
1500607
1506141
1506894
1507382
1507858
1508436
1509203
1510336
1513155
1514362
1541176
1542095
1543930
1544955
1545821
1546676
1547540
1558883
1570665
1571710
1574920
1576160
1578141
1579340
1590522
1596380
1598070
1601702
1607019
1608284
1610140
1611067
1613129
1616715
1617436
1618301
1620655
1621318
1623564
1633500
1634379
1635355
1637630
1645277
1646475
1648414
1649960
1659363
1675141
1676770
1677574
1684389
1685633
1686560
1687312
1689574
1692170
1696441
1697695
1702217
1714710
1732239
1743734
1747135
1770066
1770986
1793761
1796853
1800942
1815110
1818327
1826635
1827746
1834899
1837042
1840009
1847908
1877197
1878038
1879594
1880805
1881548
1882352
1883113
1898417
1899128
1899997
1900996
1902692
1903837
1906100
1907917
1910156
1911119
1912504
1915011
1915846
1916764
1932632
1933906
1934816
1935860
1937125
1961657
1962587
1963356
1964129
1966438
1971865
1973786
1989753
1991589
2020017
2021121
2022017
2022956
2023974
2026532
2034643
2049611
2060376
2068136
2069259
2069990
2070987
2072802
2074378
2077059
2085041
2087007
2107032
2108311
2109586
2110516
2111929
2112877
2115100
2116015
2117824
2119370
2122575
2124176
2143116
2145037
2145628
2146357
2146945
2147891
2164683
2215563
2219198
2219927
2221781
2226977
2229733
2231226
2232134
2233137
2233779
2234638
2235359
2237486
2250241
2253840
2260750
2261883
2276690
2288311
2291775
2323282
2325387
2326783
2328171
2329465
2330830
2333451
2334240
2355123
2359490
2362805
2364376
2365596
2366384
2367142
2367850
2369430
2378922
2381971
2392930
2393564
2394108
2395816
2396536
2402836
2403706
2405218
2406026
2406539
2409996
2414167
2428474
2430072
2445013
2458663
2459837
2462013
2472211
2474007
2479001
2480282
2493328
2499905
2502263
2506042
2512061
2512909
2513623
2514516
2516988
2518198
2531575
2532752
2533288
2533877
2535460
2536606
2546114
2566768
2575346
2576453
2578707
2585071
2586492
2590490
2624074
2625333
2633607
2634547
2635721
2636750
2637865
2641497
2643978
2644809
2645857
2647198
2648517
2650714
2652425
2653383
2661131
2662969
2664248
2670764
2672681
2689327
2690256
2707177
2708463
2709992
2710754
2711610
2712501
2714342
2716402
2717370
2718185
2718967
2719471
2720965
2721790
2736645
2737633
2739530
2740259
2741291
2743064
2744193
2746550
2747497
2748401
2782464
2784231
2785252
2786126
2790264
2792926
2793836
2794688
2795567
2802585
2803184
2804902
2836692
2838542
2840428
2841478
2844805
2846139
2846995
2848066
2849160
2872772
2873610
2885524
2890904
2892820
2896820
2915118
2931576
2932757
2960022
2963427
2964698
2981215
2982272
2984338
2985406
2988130
2988902
2989547
2990501
2992144
3012835
3013470
3025757
3026827
3029565
3030705
3031598
3033465
3034995
3057478
3058103
3061844
3082790
3086020
3086842
3087776
3088319
3088916
3089973
3095142
3101437
3103169
3104815
3126262
3128566
3155448
3157913
3178499
3199915
3203110
3211809
3228006
3229979
3238508
3239618
3241850
3242449
3243178
3244317
3259286
3260854
3262068
3262779
3263418
3265114
3265742
3266707
3289661
3306265
3321204
3339286
3342490
3343929
3346479
3347754
3388766
3389730
3390539
3392282
3398793
3399566
3400686
3402873
3424326
3425441
3426593
3429170
3430070
3440502
3449753
3451484
3469098
3470645
3474565
3492394
3496087
3496783
3497782
3511206
3511997
3514312
3516712
3518948
3520019
3520914
3521733
3527910
3529115
3529981
3573872
3592078
3593281
3594535
3606858
3608180
3609077
3617954
3619191
3619974
3636806
3638466
3640345
3677776
3679047
3699306
3700015
3701399
3712329
3713774
3715241
3729400
3752604
3754009
3759610
3761422
3764829
3782593
3807676
3808353
3814169
3815055
3816234
3817502
3819746
3824621
3825754
3836638
3838726
3839505
3840174
3840893
3842284
3855387
3856444
3857493
3860937
3862339
3864522
3867305
3869121
3869762
3870682
3871449
3872064
3872969
3873795
3874476
3875377
3880149
3881278
3885240
3886873
3889578
3890308
3891568
3900784
3902928
3903628
3904999
3906003
3923683
3930204
3943903
3944921
3946034
3947044
4007557
4009196
4010563
4020893
4023624
4025155
4027134
4028010
4029258
4030792
4032152
4033903
4035253
4036393
4037561
4038813
4041664
4060641
4065344
4084500
4093932
4097011
4110624
4111722
4132210
4132938
4150428
4151305
4151939
4152764
4161121
4162635
4164115
4180034
4188346
4189047
4190009
4190991
4192713
4239895
4240694
4241303
4241923
4242492
4245219
4285583
4287080
4291020
4292141
4293804
4308471
4318779
4321143
4322736
4333120
4334196
4335259
4350255
4351164
4386437
4401489
4402026
4402613
4403128
4403564
4404927
4406404
4411847
4439118
4440488
4441312
4444550
4445352
4445892
4447573
4449238
4450580
4451442
4456104
4457575
4459393
4460226
4461294
4463862
4465246
4467553
4468983
4469667
4470468
4472547
4473509
4474557
4475697
4506549
4513669
4516732
4517413
4518305
4520038
4524491
4525340
4527720
4530045
4530936
4533143
4533832
4534864
4536345
4537869
4542052
4546725
4547576
4581991
4585145
4586127
4598062
4599608
4610737
4611414
4624091
4626032
4627398
4643223
4649257
4652995
4656199
4658434
4659572
4660191
4660815
4661483
4694267
4695645
4696793
4697801
4709770
4711092
4714377
4715676
4716782
4717523
4718558
4719755
4741837
4743428
4755561
4757025
4758518
4759331
4760290
4764169
4773956
4789625
4800144
4802050
4803499
4809896
4810524
4834942
4836061
4837235
4838023
4845445
4884679
4887412
4898995
4946702
4948471
4949190
4967866
4969488
4975963
4978985
4981739
4982622
4986283
4987271
4995482
4996261
4998922
5000128
5015044
5015935
5017293
5026177
5028338
5030739
5031909
5032958
5037814
5041833
5042642
5044180
5068004
5070016
5073012
5081185
5091509
5092662
5093319
5094703
5095226
5095873
5100271
5104290
5105388
5106117
5107426
5107991
5108638
5109803
5110536
5111439
5139254
5140130
5141514
5144417
5145124
5146459
5147289
5162082
5163351
5182957
5184809
5185461
5186371
5228573
5235136
5236137
5237440
5238883
5239850
5241042
5242698
5246852
5279391
5286107
5289183
5290770
5297310
5298650
5299786
5300798
5308182
5310866
5323791
5331762
5346760
5358195
5359612
5360331
5361134
5370498
5377830
5380544
5381653
5382668
5383899
5404666
5423066
5425117
5427417
5428371
5432218
5434244
5436884
5437691
5444260
5445161
5446935
5472716
5481476
5482502
5483971
5484723
5485764
5488242
5488812
5489313
5490607
5508684
5509492
5510296
5511351
5522467
5523453
5524299
5525385
5526158
5526851
5527369
5527893
5528491
5530390
5536608
5537382
5537981
5538770
5540220
5546525
5548625
5584378
5587761
5589306
5589928
5590981
5605734
5610862
5612648
5627632
5628428
5629497
5631096
5636476
5649136
5655570
5657059
5660570
5661635
5662541
5670975
5672473
5678289
5682004
5689885
5691200
5692576
5694727
5696408
5700994
5704095
5722046
5722877
5725199
5726876
5727655
5731032
5733356
5734047
5734822
5738336
5740005
5767449
5769014
5769866
5770549
5771376
5772530
5781405
5782270
5801844
5802933
5804645
5805590
5806783
5810092
5810718
5812156
5818269
5834962
5838488
5839401
5840275
5841421
5849505
5870252
5871075
5871673
5872577
5873704
5874277
5875041
5878607
5879367
5880038
5880956
5918395
5919965
5920906
5922392
5923941
5924752
5927812
5929937
5932046
5932561
5933165
5933852
5934435
5935077
5935712
5936531
6004563
6006767
6010285
6012494
6013556
6014183
6015564
6016793
6020433
6021871
6023007
6024667
6040953
6042084
6042777
6043840
6066796
6067622
6068340
6068918
6069887
6070437
6071022
6071626
6072196
6073100
6076284
6081720
6082404
6083101
6084331
6085934
6086873
6087741
6088945
6090039
6099095
6100219
6117211
6119261
6122774
6134910
6137135
6147432
6149110
6149926
6151392
6157991
6160401
6161830
6166302
6171993
6172895
6181653
6183939
6185194
6185912
6186490
6187208
6188069
6192407
6193013
6194445
6195313
6197004
6197763
6198444
6199317
6208048
6262819
6263683
6265122
6269697
6278232
6280232
6295635
6296421
6301839
6310058
6311004
6312392
6313516
6314630
6319566
6331763
6332527
6333553
6338774
6342418
6386128
6387081
6389942
6391250
6394391
6395920
6396746
6397464
6398290
6399867
6400578
6401271
6402339
6403002
6403775
6432614
6433997
6437014
6438222
6440769
6443343
6444990
6448386
6460695
6461928
6463375
6465895
6466716
6467754
6485428
6496556
6497401
6498813
6501061
6518226
6532599
6533647
6535729
6536993
6564435
6570837
6572179
6579587
6580814
6582085
6603646
6607076
6608991
6620893
6622039
6623035
6624747
6647308
6688310
6689556
6699111
6700521
6705420
6706443
6707771
6710340
6711225
6713714
6714618
6715820
6725720
6726925
6727781
6729305
6730114
6731340
6731914
6732416
6732944
6733437
6734061
6747041
6749399
6758796
6759937
6762543
6763469
6764082
6765923
6777727
6778967
6779706
6781894
6814023
6820132
6824345
6826438
6828063
6839886
6840630
6841584
6842470
6843841
6852234
6853641
6858891
6861238
6866832
6867917
6886961
6905569
6906183
6923123
6924120
6925527
6927746
6936128
6941484
6942224
6942975
6943824
6945054
6945855
6946692
6960241
6969286
6977631
6980675
6986179
6987858
6988684
6989137
6989637
6990184
6990831
6991404
6992748
6998726
7001085
7003557
7008074
7023897
7026183
7036694
7037677
7045544
7047452
7048082
7048837
7051102
7052212
7057651
7063629
7068979
7070050
7072584
7073454
7075107
7082931
7108286
7113547
7114516
7116070
7117230
7118274
7142752
7146262
7146940
7147789
7148660
7156087
7164349
7165688
7167283
7185561
7186798
7202359
7212890
7214749
7216914
7220510
7221433
7222894
7281297
7283042
7290232
7291872
7292754
7293967
7295262
7296475
7303316
7305087
7306187
7308316
7320374
7322519
7327679
7329999
7362290
7383101
7384304
7385097
7386309
7387167
7388410
7392409
7402085
7403496
7405765
7408556
7418285
7423189
7429057
7429749
7430611
7434574
7436642
7439867
7470472
7475277
7477356
7490773
7491481
7492133
7506047
7507467
7510685
7512025
7514356
7516980
7539932
7578955
7579524
7581245
7581941
7582394
7583426
7585662
7586397
7587042
7587741
7588874
7590017
7590693
7591583
7592471
7593205
7602325
7603486
7609296
7610436
7613078
7615236
7629935
7632478
7633603
7634296
7635160
7635936
7640036
7641627
7642144
7642726
7643429
7649017
7649880
7651009
7651793
7653645
7655885
7685550
7686290
7690152
7691610
7714303
7715799
7722410
7723635
7724683
7725950
7726633
7746924
7749629
7765361
7789716
7791433
7792733
7795676
7807665
7823536
7834538
7836088
7837571
7840427
7865810
7873139
7875922
7878532
7879784
7881376
7886219
7891309
7906161
7909812
7918845
7919626
7920483
7921020
7921922
7935475
7943332
7944397
7945393
7947261
7968190
7969096
7972714
7991242
7998905
8000400
8001078
8001753
8002446
8003352
8004067
8004712
8005276
8017255
8020942
8021758
8030293
8031515
8033624
8034600
8044334
8049815
8050898
8051675
8054451
8055627
8056394
8056926
8057453
8057965
8058926
8060476
8062064
8066280
8088075
8103301
8111033
8112739
8114908
8117540
8120963
8127064
8128057
8181182
8182300
8183608
8185775
8190360
8191403
8211204
8212048
8212735
8265768
8266697
8267332
8267788
8268275
8268902
8269517
8270710
8312241
8315463
8319450
8320703
8322495
8327545
8342022
8344508
8345436
8346222
8347982
8352060
8353165
8356536
8368594
8372653
8373670
8375546
8387299
8389152
8390189
8391524
8392647
8393470
8412981
8414239
8423384
8424002
8425191
8425795
8426514
8427570
8428200
8430823
8434131
8447302
8463388
8464285
8467114
8468869
8497200
8497675
8498469
8499438
8502080
8535838
8559306
8562358
8565632
8594849
8595814
8596713
8600161
8602028
8604053
8605000
8609755
8612160
8613606
8614512
8689896
8690698
8691201
8691644
8692194
8692676
8693452
8694234
8713342
8716455
8717434
8736594
8738127
8739882
8771833
8773271
8774547
8780808
8782149
8784150
8791088
8792151
8792753
8793417
8794694
8797328
8797995
8798607
8799094
8799682
8800197
8800705
8801392
8802079
8810306
8843304
8846015
8849123
8865195
8866508
8875970
8876567
8877369
8878450
8879197
8881048
8881960
8882757
8883538
8884401
8885530
8906453
8907720
8910864
8920036
8921965
8932688
8933361
8934397
8934991
8935476
8936078
8936807
8937430
8938090
8957370
8958689
8959421
8960154
8961313
8965415
9027548
9028749
9094905
9096112
9097012
9113306
9114146
9116692
9119437
9120245
9120975
9131406
9132138
9133557
9156505
9188943
9189892
9191827
9192705
9203970
9224077
9235907
9264021
9270068
9271182
9283853
9284844
9285536
9286286
9288035
9310778
9311832
9316627
9323964
9327640
9328565
9331315
9332192
9333766
9341714
9345565
9346544
9378109
9378762
9379895
9381462
9387070
9387709
9388708
9394969
9395945
9399576
9410399
9413600
9425461
9442592
9447874
9449048
9463131
9466365
9467360
9468312
9469633
9479933
9485237
9505110
9517307
9518697
9532038
9532898
9534297
9539857
9541418
9543975
9544936
9546203
9547534
9550525
9559489
9567083
9568555
9606894
9608747
9615591
9618386
9619719
9621113
9647195
9696094
9698370
9699036
9701007
9701847
9703185
9704134
9716480
9718080
9719422
9722511
9738090
9742339
9750129
9799815
9850351
9851235
9852129
9867878
9871890
9872925
9881814
9893296
9894248
9895822
9901756
9902640
9904380
9909032
9910421
9911491
9911948
9912763
9914197
9921279
9922678
9923441
9924465
9930298
9937132
9943359
10037829
10042414
10043516
10064074
10071026
10085918
10094024
10094866
10098950
10100781
10119348
10135187
10136522
10137828
10141837
10142770
10145659
10192661
10194062
10196533
10202060
10208844
10209485
10210917
10225854
10229782
10230981
10231706
10233127
10234144
10241497
10243214
10245338
10265270
10265897
10267307
10270799
10273242
10276172
10277749
10278596
10284523
10286445
10287535
10288814
10317762
10318912
10319554
10320437
10321743
10322778
10323991
10324983
10327708
10351128
10352831
10356156
10392710
10394409
10395190
10395873
10396512
10397594
10398229
10399019
10400014
10410048
10419214
10420776
10422013
10455067
10456715
10457810
10459396
10486261
10491892
10493437
10496519
10500579
10501298
10501879
10502596
10503316
10503943
10504709
10505791
10533140
10534899
10537281
10538787
10542318
10545794
10547627
10566790
10570697
10571720
10575049
10601189
10602479
10603686
10605254
10630259
10632534
10652062
10652896
10654026
10655249
10660646
10664641
10666230
10698207
10699413
10700944
10702956
10704123
10708850
10709455
10710073
10711504
10712116
10716220
10717356
10729942
10731282
10732217
10732984
10733861
10734554
10735575
10736811
10737475
10738143
10738827
10739588
10746340
10752923
10757620
10758900
10775287
10777519
10792899
10794064
10795429
10806694
10807837
10808667
10810327
10812263
10816537
10897196
10899339
10910979
10915076
10916502
10947600
10948676
10954178
10956034
10957749
10958823
10959860
10961194
10962624
10963270
10964128
10965056
10986788
10987687
10988457
10989320
10999244
11000041
11005826
11014325
11017157
11017882
11018666
11020436
11021060
11025058
11026521
11027318
11028061
11028909
11029768
11030338
11074182
11076132
11077444
11090780
11112909
11114458
11115495
11116717
11118515
11119183
11120031
11122843
11124010
11124951
11125596
11128174
11170461
11172308
11176762
11177682
11181199
11190812
11196915
11207977
11210423
11211856
11213590
11219858
11220614
11224815
11226221
11253298
11274264
11276237
11281016
11287280
11338924
11346368
11347930
11348751
11349833
11352121
11383697
11386756
11387466
11401710
11403477
11404129
11404875
11406983
11409619
11411139
11439594
11440959
11442373
11445397
11446865
11479006
11502528
11504251
11539149
11552598
11554439
11558266
11560595
11561372
11564508
11588694
11589907
11602639
11603281
11604142
11605531
11606277
11608227
11611476
11642603
11643291
11644251
11647074
11676538
11677561
11688085
11690795
11701950
11706032
11718425
11719770
11736244
11737474
11738691
11740479
11747694
11783233
11786511
11787106
11787777
11789804
11793935
11794996
11796586
11798180
11801904
11803375
11833579
11847632
11850664
11855371
11873294
11874405
11875201
11876136
11877874
11878975
11879652
11880509
11909678
11912360
11915027
11917141
11921505
11925027
11935403
11961651
11975978
11977384
11995248
11996621
12002811
12004742
12005456
12006287
12007228
12008401
12009006
12009791
12010301
12010759
12011686
12019175
12020705
12021600
12022611
12024982
12039879
12043896
12054903
12088798
12092224
12093105
12094116
12095020
12099492
12100544
12127768
12160628
12162363
12164244
12164994
12166101
12168009
12168784
12184246
12195595
12197913
12201794
12208228
12211330
12212621
12213441
12215188
12217241
12218714
12219490
12221213
12231841
12238708
12239850
12240828
12244271
12245189
12247021
12256000
12256957
12257873
12260332
12262549
12263997
12286357
12288166
12288705
12289113
12290145
12292016
12293634
12294912
12302612
12308499
12309429
12310005
12310766
12311755
12312448
12313134
12313643
12314484
12314992
12315468
12316365
12316809
12317304
12317748
12318183
12319071
12319828
12320671
12331975
12332988
12341486
12382766
12383802
12384498
12385037
12385819
12386476
12387144
12394228
12428887
12432023
12445404
12446571
12448408
12451098
12455016
12467787
12472187
12476916
12478601
12479678
12490248
12505432
12506619
12509172
12510714
12511445
12512008
12512908
12516161
12517697
12519000
12521527
12523204
12527936
12528662
12530243
12530958
12532081
12567230
12568678
12570575
12572720
12577104
12578728
12579869
12586477
12587604
12594262
12621923
12623698
12624913
12626411
12627277
12631859
12633266
12677001
12678149
12678797
12679320
12686655
12698960
12708694
12712595
12732524
12733922
12735038
12738386
12746492
12748334
12766984
12798708
12801332
12819878
12825000
12827193
12855006
12856302
12857025
12857882
12858565
12859368
12860119
12864542
12865296
12870954
12871594
12872734
12891857
12894389
12896305
12915371
12917459
12919165
12921757
12926076
12926828
12928908
12933201
12942938
12973120
12974264
12978157
12979067
12982293
12985703
12987039
13000466
13001325
13002085
13002715
13003234
13003783
13004187
13004566
13005132
13005680
13006204
13006794
13007245
13007635
13008021
13008472
13008870
13009361
13010589
13011027
13012503
13013116
13015853
13038666
13041456
13061426
13076720
13077742
13079506
13083112
13110861
13112063
13112856
13114068
13115742
13121532
13125539
13146310
13176343
13178702
13179720
13182151
13194654
13223514
13223936
13224263
13224635
13224994
13225784
13226174
13227615
13228350
13228998
13229939
13233620
13243776
13264129
13284494
13285314
13297900
13298560
13305650
13307218
13321151
13322326
13323614
13325057
13374647
13388509
13391657
13392908
13393544
13394241
13401147
13401660
13402172
13402652
13403264
13403739
13420498
13425343
13452080
13474453
13475367
13476509
13480905
13482746
13500463
13507776
13508620
13509229
13510542
13511829
13513126
13514655
13515289
13517229
13523859
13524610
13525314
13530413
13533159
13535954
13546741
13547944
13588715
13589394
13590259
13590878
13591496
13592402
13593768
13594451
13597100
13600030
13601689
13608864
13633244
13647170
13686892
13687853
13689148
13690695
13698978
13734189
13739831
13740720
13749956
13752517
13753888
13756005
13757405
13760400
13770749
13771947
13773165
13775581
13777566
13786159
13788458
13789259
13789896
13790814
13791253
13791864
13792947
13829070
13831344
13832504
13842958
13845316
13893586
13895337
13896719
13897468
13898036
13898772
13900430
13903658
13905052
13905980
13907738
13931165
13932545
13933488
13935646
13937478
13938760
13963239
13965740
13967775
13980758
13981801
13985228
13990179
13993707
14004174
14027252
14031238
14033067
14034940
14038274
14040722
14042312
14044886
14055215
14055961
14056763
14057760
14058501
14062751
14064272
14072665
14073393
14074028
14074565
14075280
14076021
14076975
14083796
14085271
14086285
14087003
14089555
14091363
14096411
14100309
14100806
14101502
14102142
14102812
14103626
14104726
14105809
14124921
14126299
14128323
14143783
14145503
14147852
14187954
14190487
14191138
14193162
14194270
14195111
14204689
14206209
14206800
14207901
14208887
14213750
14216027
14217219
14227554
14232372
14279229
14310409
14367518
14368631
14369708
14370479
14371069
14371612
14372773
14374080
14376469
14379673
14386593
14387719
14389453
14395634
14396343
14404249
14405170
14406035
14408003
14409729
14411537
14415848
14480810
14493460
14494782
14496791
14497355
14498424
14499276
14504576
14507501
14508088
14508888
14521612
14522621
14526791
14541788
14548560
14552468
14575502
14577562
14578584
14581366
14590623
14592185
14592785
14593547
14594165
14600696
14601792
14602564
14632131
14633483
14635516
14636523
14643420
14644210
14646439
14678934
14681560
14692686
14700407
14714629
14715463
14716041
14716805
14743663
14745425
14780467
14781203
14781927
14783477
14785312
14786203
14788351
14819101
14822982
14824247
14824870
14826042
14846985
14852853
14853535
14854503
14872542
14874527
14876102
14879532
14890278
14891324
14898111
14899027
14900052
14933959
14934744
14937019
14938242
14940159
14941081
14964490
14965264
14978543
14985184
