20761.41
37226.64
47137.24
52720.26
53565.99
54121.92
54617.87
55328.98
56435.46
57456.08
58022.04
58652.45
59301.05
59877.91
61010.53
81298.57
82800.27
83973.8
86782.68
119035.3
131627.4
140977.1
143834.1
145466.5
148524.9
149796.2
158204.5
159316.6
160524.3
172738.1
180518.3
188931.4
191249.8
202746
205514.7
206262.5
207548.3
212178
259427.3
268404.5
269232.7
269979.3
271626.5
275227.8
276151
277639.2
301342
301991.2
302586.9
303211.9
304049.8
305040.1
305662.6
309837.2
316726.8
317414.7
349687.6
350309.3
351033.4
351535.7
403093
409454.3
410665.6
411523.5
412631.3
415104.9
416334
417125.9
418804.5
419885.6
422616.1
423348.6
424248.3
426222.1
436429.6
437527.8
466005.8
468223.3
470713.7
488239.6
536549.1
539504.5
541411.9
552486.4
554249.9
556490.4
557904.2
560436.1
576670.4
577871.1
579089.2
579844.9
582602.1
584033.6
586107.5
629849
641708.6
643520.6
668008.4
669204
671102.8
683972.1
686723.2
687601.2
696439.5
699549.4
701137.4
709203.4
715932.6
717410.3
718762.1
725483.1
726892.4
728056.1
729031.3
747389.1
751023.4
752478.5
754553.9
755488.9
768724.8
769574.4
770784.7
787002.8
788217.9
790495.8
802051.8
815853.5
816614.8
817810.7
818863.3
820076.2
828724.5
830730.3
835383.8
836082.3
837695.2
855093.1
881168.5
903185.7
904231.7
905104.6
956314.5
962718.1
964873.7
966470.5
974444.3
975396.3
976211.8
978754.1
981155.1
982238.4
983141.1
983900.7
990141.2
995491.7
996516.2
997482.4
999588.5
1022363
1025283
1027194
1028402
1029384
1030259
1031595
1038821
1039864
1041489
1070405
1086169
1089099
1090072
1091484
1095239
1114848
1116524
1117476
1122039
1122771
1124490
1126579
1127208
1144957
1146169
1147622
1148576
1149763
1150793
1151880
1152491
1154408
1168295
1169643
1170395
1171852
1172904
1223529
1231572
1232612
1233321
1234733
1237685
1265980
1275678
1277539
1278379
1279000
1281233
1282353
1283341
1286571
1287629
1288177
1288793
1289447
1310848
1327993
1328999
1332214
1350831
1351835
1363239
1374422
1379743
1380540
1381022
1381561
1382233
1404581
1415548
1421189
1425210
1427447
1435153
1436831
1439212
1452315
1454528
1456091
1462382
1485147
1491493
1495629
1521187
1533995
1554894
1556920
1561998
1563786
1567945
1568971
1583441
1586149
1596741
1600364
1601964
1604562
1611274
1613220
1614149
1615253
1630499
1649417
1650593
1651461
1652960
1685133
1687499
1697500
1699349
1704987
1708233
1709282
1710135
1711097
1721562
1750084
1750969
1752225
1752963
1753877
1754654
1755537
1756551
1759256
1760877
1762736
1764255
1768318
1769615
1774698
1775389
1776107
1782418
1783198
1785302
1803966
1805698
1815783
1817198
1820911
1821587
1825525
1826252
1827060
1827878
1828902
1832018
1837631
1838331
1865461
1866340
1870111
1871715
1872505
1873293
1874273
1875830
1879776
1880695
1881259
1888559
1890086
1907590
1910495
1914300
1918250
1922912
1926621
1928525
1936451
1937452
1938726
1941704
1942747
1945200
1946212
1947050
1957563
2037838
2055469
2056270
2057007
2073630
2079520
2080429
2083860
2084704
2085483
2087232
2106255
2108326
2109233
2128800
2130084
2130903
2146016
2169826
2170567
2172002
2173365
2174417
2175131
2176473
2177340
2178441
2179194
2179858
2181017
2182218
2183685
2188627
2190309
2194642
2240921
2242756
2243897
2245562
2248012
2282184
2299633
2303376
2305217
2321229
2322511
2337141
2338139
2341363
2341942
2342616
2343171
2343829
2356938
2359522
2369991
2404314
2412017
2414556
2415965
2427371
2462326
2464016
2465095
2477569
2486288
2488856
2491120
2498367
2500107
2505764
2506631
2516219
2519031
2525090
2525980
2527565
2528858
2534942
2538171
2539472
2541113
2542884
2556308
2560703
2561365
2561965
2563079
2564331
2565974
2568216
2569103
2589396
2598598
2599595
2600601
2601938
2604138
2605753
2606456
2607228
2608146
2609262
2612989
2621786
2626615
2628708
2632974
2640949
2679720
2682148
2683045
2683901
2684937
2689544
2703693
2763787
2764639
2766485
2767859
2771414
2772168
2773230
2774231
2775041
2776136
2778965
2781221
2784068
2786882
2787687
2788787
2789797
2791079
2793359
2794122
2795336
2797676
2799679
2800801
2819253
2819981
2838500
2845228
2846913
2848261
2851470
2857317
2859879
2861024
2868244
2885177
2892919
2930942
2933823
2951641
2954078
2979943
2982253
2984392
2986321
2987277
2988023
2989097
2990175
2991188
3020192
3021675
3028917
3029769
3061183
3062432
3063706
3064575
3069348
3071630
3073810
3079067
3080325
3081475
3081985
3084065
3110733
3119758
3123143
3127166
3129088
3140918
3156428
3157212
3164434
3167809
3169381
3170792
3180185
3180947
3181563
3182260
3182981
3183553
3184247
3184924
3185575
3189045
3198583
3223283
3224846
3241091
3242204
3245610
3246802
3268298
3269101
3270290
3271474
3272965
3273635
3274460
3290676
3291748
3292675
3300118
3300912
3303127
3304200
3306004
3312933
3330390
3332765
3333454
3334502
3335114
3335853
3336762
3337736
3338832
3363871
3378737
3380888
3381781
3382524
3383540
3384788
3385907
3389677
3390414
3391510
3401642
3402726
3424658
3434126
3448489
3449983
3452956
3453688
3454694
3455401
3460300
3460969
3461516
3463256
3492912
3497828
3498742
3502099
3516031
3519885
3521514
3522219
3523342
3536462
3537382
3537811
3546063
3568750
3572016
3574566
3575913
3576719
3577643
3586044
3593180
3594251
3601023
3612473
3613715
3614721
3623726
3637621
3638595
3639210
3640080
3656666
3663935
3664642
3665359
3669757
3671131
3672850
3681162
3682923
3683778
3684478
3686424
3687820
3698849
3768628
3782225
3783315
3784933
3786073
3787326
3790321
3826087
3851289
3853397
3854793
3856541
3860291
3861531
3867982
3870506
3871439
3872260
3873084
3874673
3875885
3876742
3911668
3913065
3916355
3917079
3917541
3918635
3919346
3919972
3920662
3921446
3922300
3923854
3932179
3953108
3967401
3967956
3971055
3972130
3972976
3976325
3977285
3978033
3978838
3982429
3985581
3986302
3988963
3990006
3996320
3999472
4000642
4002901
4004922
4034044
4044723
4045911
4047147
4050194
4056387
4126299
4128194
4130341
4137773
4138997
4139548
4140121
4140722
4142830
4144572
4145500
4146158
4146650
4147364
4149199
4151311
4152115
4152843
4153592
4154542
4155299
4156060
4164294
4184982
4186211
4190958
4221363
4240777
4264101
4265754
4266753
4267288
4267854
4268302
4268889
4269575
4270412
4271243
4281583
4282447
4282940
4283449
4284054
4284741
4285745
4316544
4343893
4344914
4354521
4383456
4386293
4387362
4387907
4388405
4389094
4389791
4390635
4391985
4392858
4393786
4416784
4417964
4438378
4462211
4466341
4469292
4470046
4470633
4471134
4471773
4474737
4486937
4501817
4502673
4503619
4510183
4516668
4518204
4519201
4525325
4526447
4536110
4536760
4537533
4538338
4538919
4539855
4542423
4543072
4543596
4544220
4545049
4545600
4546277
4547098
4578929
4580340
4581021
4581534
4582005
4582552
4583173
4592808
4611710
4613315
4618092
4619569
4625439
4627664
4645951
4647091
4680332
4683318
4710379
4714405
4716743
4725459
4727850
4730533
4778649
4780583
4810892
4812279
4814132
4816685
4817427
4819647
4821065
4822672
4824951
4826599
4830692
4832050
4833185
4834063
4836505
4838095
4839340
4846166
4856845
4874798
4875714
4877335
4878438
4879800
4892723
4895887
4902014
4903764
4906910
4907879
4911231
4912425
4935447
4937530
4943973
4948702
4969049
4971322
4984686
5004042
5006073
5007542
5012677
5014603
5016576
5028428
5029919
5033189
5034691
5035891
5037381
5050324
5057414
5068186
5069165
5070201
5071219
5072685
5074835
5079308
5082570
5084586
5085508
5086199
5086954
5089256
5090126
5091900
5093415
5101993
5102621
5103231
5103817
5104525
5124249
5133008
5134510
5136798
5138391
5139129
5139967
5145932
5166530
5168019
5169270
5183026
5188331
5191096
5191996
5193123
5195485
5196526
5202537
5203295
5204330
5205230
5206505
5207748
5210266
5224571
5228429
5241741
5244599
5245302
5247722
5253841
5308734
5310501
5312152
5313407
5314485
5315410
5316336
5317253
5335268
5337253
5338496
5340224
5344864
5345617
5346474
5346972
5348367
5349322
5350187
5351471
5353650
5367620
5368622
5376118
5377812
5388187
5410050
5411206
5412548
5413802
5424945
5475326
5482748
5488998
5489546
5491682
5493719
5499769
5517744
5523194
5533521
5535177
5538387
5540084
5540910
5543308
5544590
5564304
5565650
5566551
5574473
5575042
5576278
5577229
5578119
5578762
5579329
5579972
5581002
5582111
5582978
5583934
5607435
5614909
5615569
5620049
5646517
5647209
5647870
5649198
5662287
5664201
5668559
5669542
5670847
5671581
5675113
5689167
5689869
5701426
5702470
5703213
5703887
5704464
5705107
5725310
5731354
5732332
5733331
5735084
5737106
5740015
5740930
5742058
5745002
5774551
5776306
5777042
5777586
5778337
5779011
5780158
5780719
5781239
5781915
5794549
5795566
5796434
5799205
5801535
5809361
5811567
5813669
5820065
5822346
5823766
5825231
5844027
5860015
5861253
5862944
5869066
5870740
5876244
5915013
5915594
5916556
5917344
5918231
5932068
5933040
5934180
5935899
5947588
5948544
5957270
5958847
5960277
5961194
5961951
5962783
5963859
5965493
5966459
5967700
5973488
5974583
5975836
6000822
6001509
6002866
6006358
6007215
6010251
6011150
6011706
6012307
6012915
6013478
6014478
6015797
6017582
6028821
6029928
6062264
6064416
6082736
6085417
6086086
6087959
6088941
6089935
6104223
6105536
6106579
6149937
6151496
6162115
6164781
6172089
6173045
6173805
6175149
6176174
6180527
6181501
6219171
6221421
6226192
6230064
6233095
6234710
6235318
6236080
6236791
6237478
6238496
6239073
6239855
6240428
6241224
6243809
6245959
6247132
6248305
6249303
6249948
6250871
6257771
6261284
6263060
6280199
6281945
6282904
6315680
6324415
6327061
6327896
6370486
6373411
6376477
6378022
6379216
6380119
6385381
6386559
6387449
6407228
6421878
6424508
6443289
6457376
6480502
6482487
6484623
6487173
6554050
6556278
6558003
6559017
6559996
6560656
6561360
6562376
6563293
6571582
6572565
6573320
6575899
6576577
6584502
6586248
6600429
6602053
6603252
6605212
6607351
6626380
6644190
6645890
6656080
6671066
6672111
6678895
6695732
6697279
6698530
6699382
6713482
6715161
6716667
6731057
6733106
6733930
6736244
6737671
6739185
6742204
6743380
6744073
6745710
6771756
6772368
6773016
6773504
6775241
6776078
6793028
6793959
6795001
6806493
6807545
6808671
6810625
6811681
6814312
6815681
6826469
6827646
6828528
6829258
6829996
6830895
6850346
6854567
6863071
6866389
6867073
6868064
6869612
6870335
6879202
6893361
6894199
6903599
6904689
6905651
6906450
6907143
6907949
6909171
6917421
6918398
6919198
6920392
6921820
6924187
6925774
6926540
6928376
6929702
6931733
6936223
6937622
6938500
6939185
6939838
6946428
6981610
6982628
6983451
6984929
6986039
6987740
6994233
6995206
6996075
6996667
6997104
6997852
6998482
7000863
7001836
7029531
7036412
7038269
7072519
7073852
7076535
7077437
7105164
7108774
7110205
7124613
7125408
7126378
7139076
7139853
7140476
7141352
7146433
7148059
7150386
7151427
7152103
7152579
7153175
7153880
7154589
7155140
7155870
7157515
7164452
7166050
7174068
7209016
7212601
7221184
7239496
7241259
7244358
7245311
7267748
7269304
7287626
7292318
7293441
7315614
7318536
7319657
7320346
7321863
7329564
7335728
7342704
7344957
7346559
7348590
7352460
7353797
7355174
7393618
7395068
7403641
7425141
7426394
7427812
7429278
7430350
7433307
7436882
7437488
7438456
7439340
7440259
7441404
7442166
7443566
7444572
7453914
7461301
7462093
7463773
7478026
7479638
7481083
7482391
7485765
7486496
7487576
7489332
7490350
7491907
7494271
7495129
7496304
7497008
7509170
7513334
7515104
7516252
7517006
7520663
7573905
7575249
7576248
7580089
7586308
7588594
7589301
7590318
7592031
7599568
7609285
7614409
7626980
7627814
7630671
7651629
7671614
7674064
7674979
7676152
7677090
7689976
7701074
7703718
7705065
7706516
7708321
7709567
7710515
7711229
7711856
7714484
7727755
7728799
7730238
7736702
7757011
7758583
7759835
7763678
7766915
7794383
7801739
7802476
7803201
7803942
7804740
7805927
7807289
7807879
7808471
7809017
7809829
7810367
7811053
7812205
7813027
7865499
7869961
7876823
7877865
7878672
7879314
7880017
7881567
7882772
7883430
7884230
7885308
7886652
7887454
7888626
7890831
7892709
7894266
7896729
7908638
7909727
7910589
7957471
7970109
7984665
7990478
7991396
7994194
8018762
8020498
8021389
8024333
8048487
8050703
8053531
8055508
8067902
8069333
8069955
8070705
8071656
8072670
8073564
8075543
8091473
8110834
8112091
8114220
8115360
8117644
8119189
8131554
8134021
8136610
8155207
8157383
8178485
8180189
8192166
8194086
8198914
8210723
8214824
8227547
8250559
8259447
8260335
8264801
8265659
8273872
8275507
8276288
8277406
8278390
8279268
8281482
8300513
8302760
8308422
8314902
8316590
8318231
8318957
8323951
8343586
8366029
8375108
8376373
8377997
8379034
8379822
8383450
8409360
8410329
8410955
8411904
8412599
8413126
8414123
8414982
8416022
8419777
8420707
8421341
8421921
8422991
8432189
8497261
8498484
8520462
8522222
8522876
8523585
8525810
8531171
8532268
8533287
8534218
8534793
8535515
8536389
8537913
8538803
8541427
8546047
8548393
8549490
8550602
8552007
8570489
8581722
8592905
8599245
8601918
8603174
8603856
8627330
8629791
8657450
8658325
8659101
8659948
8667873
8668864
8671091
8671824
8672688
8690119
8710464
8726682
8739940
8741145
8741902
8743820
8746389
8788608
8789392
8790707
8792613
8794742
8798075
8798874
8800833
8841029
8872361
8873529
8883005
8883702
8884538
8885441
8886271
8887311
8889950
8892620
8893655
8894714
8903127
8921042
8922102
8922740
8924490
8927743
8930044
8931092
8937160
8953365
8956585
8957092
8957964
8958916
8960182
8967764
8968767
8974789
8977077
8978212
8979297
8980612
8983181
8984525
8985270
8987491
8989400
8991084
8991955
8993632
8994465
8995957
8996693
9000165
9000817
9034745
9043085
9081719
9082953
9086393
9090174
9091361
9092475
9094339
9113010
9126177
9146880
9150696
9152201
9152769
9153308
9153897
9154592
9171133
9172045
9191883
9193149
9194274
9195884
9198487
9202292
9203279
9218512
9223126
9228251
9242737
9260938
9263127
9264338
9265059
9265750
9267043
9268029
9268457
9269933
9271288
9272699
9273312
9275552
9312047
9313518
9315200
9316136
9317035
9318887
9319979
9320904
9322015
9324882
9326835
9334760
9370576
9380339
9380977
9382828
9384858
9386165
9387283
9388456
9390282
9391374
9392548
9402931
9447022
9450281
9451117
9469414
9483372
9484163
9485156
9486397
9494780
9496093
9497787
9498472
9499305
9503300
9510871
9513066
9525326
9537322
9541087
9542687
9548068
9549345
9550310
9551508
9552739
9555061
9556382
9558171
9562510
9580888
9587454
9589227
9591882
9592908
9594986
9595503
9596377
9597214
9605716
9606688
9607587
9608961
9610012
9613167
9615085
9615962
9616594
9617523
9618367
9619325
9620867
9637822
9638849
9640788
9641849
9642499
9643647
9680827
9691055
9693608
9698253
9701039
9706294
9709802
9714169
9716364
9734144
9744471
9763415
9768959
9771870
9772931
9773659
9774413
9775643
9776580
9777892
9817042
9819067
9827632
9830316
9832149
9833459
9851611
9852295
9853591
9855829
9862207
9862990
9870774
9871708
9875410
9876043
9878974
9881684
9882768
9887678
9888473
9889259
9900893
9901855
9905337
9908011
9909514
9911888
9928884
9936793
9937465
9939012
9940647
9941725
9942651
9944021
9946200
9971126
9972910
9973510
9974156
9974854
9975441
9975949
9976617
9977376
9978113
9978670
9979306
9980072
9981350
9991423
9992520
9993401
9994274
9995069
9996609
9998903
10004424
10005473
10029241
10060383
10061395
10062536
10074184
10075155
10075974
10076577
10077259
10077966
10080494
10081467
10082318
10087431
10118889
10121674
10123098
10124590
10127201
10151652
10152452
10153391
10154662
10157922
10158612
10159767
10161369
10162408
10172616
10173410
10174054
10179324
10182466
10183496
10185091
10187292
10188853
10190206
10191196
10193588
10201140
10201726
10204503
10205490
10206573
10207597
10220083
10221001
10221891
10222677
10224600
10225375
10274784
10277558
10288897
10291275
10296712
10297360
10303763
10320064
10320799
10323388
10324317
10332268
10334311
10369759
10372099
10375024
10382348
10382936
10393238
10403169
10404746
10415790
10420547
10437814
10441542
10442540
10443806
10447803
10448473
10449792
10452266
10455608
10460425
10461385
10461977
10462783
10466186
10467118
10468282
10472785
10474151
10475015
10475696
10476253
10476784
10477602
10478593
10480075
10492947
10493775
10494373
10496045
10500817
10501524
10502235
10503234
10504713
10505328
10508685
10519144
10520849
10537292
10555289
10556466
10557571
10582037
10583054
10584600
10587832
10591670
10598195
10600325
10633653
10645491
10646660
10651496
10652550
10659816
10660947
10672192
10675307
10686287
10704508
10705377
10706182
10706950
10707864
10710110
10712171
10749788
10753638
10832237
10833431
10834172
10835486
10836589
10838287
10843300
10845266
10846227
10890774
10892105
10901671
10902784
10904302
10905368
10906381
10907955
10909250
10909949
10911018
10921202
10980231
10993074
10994493
11004286
11009920
11011112
11011860
11012933
11015875
11025573
11026651
11027578
11037349
11044029
11045258
11047503
11049398
11050851
11062204
11066276
11077658
11078649
11079490
11080036
11080510
11083792
11087342
11094126
11102810
11103996
11113091
11114144
11118138
11121044
11121991
11130512
11142961
11143730
11145497
11166764
11167780
11177211
11179119
11181209
11183010
11184398
11184955
11185795
11186515
11187116
11187993
11189686
11190806
11191559
11194218
11197059
11197890
11198632
11199161
11200496
11265494
11266270
11267915
11286080
11286792
11288225
11298584
11315768
11320129
11322610
11364854
11365987
11367104
11368184
11369382
11370741
11376440
11378053
11379863
11395814
11404884
11406456
11407568
11408567
11410445
11411362
11412222
11412860
11413822
11414615
11415425
11416555
11417476
11452921
11454100
11455805
11471146
11473221
11475391
11476542
11477843
11478561
11479689
11481390
11485824
11487469
11509419
11514999
11515940
11517845
11534763
11536095
11540114
11553131
11554060
11554734
11577880
11582298
11587039
11589229
11590815
11592486
11593444
11597188
11605182
11621127
11623365
11624174
11625399
11626992
11628429
11631753
11633784
11635666
11636436
11637257
11638071
11638733
11639643
11640161
11640845
11641906
11644083
11645063
11646015
11646772
11648523
11653869
11654639
11655407
11656851
11657987
11678086
11679405
11684432
11701899
11719985
11722787
11723980
11725208
11726495
11729240
11738707
11744519
11745435
11746577
11778969
11784521
11785526
11786975
11788554
11790016
11797187
11803747
11805631
11806927
11808337
11825097
11826072
11826957
11828077
11829297
11830365
11831575
11860694
11863535
11866203
11866945
11867928
11868647
11884053
11923820
11932694
11934463
11937783
11940362
11942370
11943608
11946109
11964727
11969685
11970744
11972904
11973907
11974587
11975276
11975864
11976375
11977145
11978048
11978971
11979906
11981009
11991319
11993503
12000558
12001306
12001928
12002684
12003288
12003816
12004802
12022122
12036529
12038930
12046330
12076799
12077852
12078419
12079168
12079745
12080333
12080751
12081496
12082323
12082913
12084255
12084885
12085590
12086553
12087183
12087626
12088216
12091302
12098021
12099744
12100578
12101720
12120930
12124121
12138712
12168113
12170715
12171717
12173033
12174200
12175185
12177516
12178456
12179132
12179966
12180782
12181831
12182832
12184137
12184994
12186132
12187965
12188973
12191466
12209877
12231584
12235240
12263672
12264610
12265285
12266277
12267454
12268616
12269358
12270282
12271109
12272195
12273014
12274013
12274854
12276267
12325751
12326685
12327838
12331605
12333703
12335196
12339284
12345961
12353052
12354046
12355614
12373787
12374803
12375338
12375745
12376390
12377134
12379673
12380983
12381772
12382350
12383211
12383948
12385261
12386506
12389044
12391720
12413320
12414064
12415724
12416440
12425111
12439141
12448165
12506134
12515349
12516571
12518130
12529656
12530640
12531444
12532211
12533029
12533475
12534017
12534718
12543119
12545722
12550984
12570452
12584591
12585713
12586609
12587343
12588240
12600057
12601071
12602273
12605095
12614065
12625820
12646111
12667778
12669219
12671913
12678766
12680679
12682136
12684728
12711844
12713846
12741273
12743624
12773993
12777742
12778621
12779756
12780938
12800470
12801211
12802002
12804466
12805835
12807183
12808325
12811899
12813090
12814531
12817503
12818182
12819012
12819751
12820664
12822197
12823916
12825206
12826219
12832327
12834507
12845930
12846781
12848157
12849407
12851284
12852725
12856623
12878579
12882117
12883434
12884213
12885851
12887389
12888854
12889996
12890908
12891741
12905646
12906430
12907425
12908182
12908643
12909251
12910062
12910870
12911585
12912326
12913654
12915895
12918025
12919390
12933027
12956648
12958577
12975964
12977439
12978431
12979442
12980214
12981906
12982891
12983628
12984513
12987300
12995878
13010771
13013517
13015146
13017410
13018062
13050306
13061287
13089445
13090881
13091555
13092217
13092784
13099114
13117229
13117977
13118580
13119114
13119824
13122430
13137052
13140962
13142382
13158354
13161143
13162805
13176460
13177413
13178104
13183081
13189755
13191191
13192094
13195643
13219776
13222057
13226964
13242352
13243243
13243976
13244581
13245726
13246532
13282000
13285934
13287026
13287806
13288625
13290461
13291173
13292116
13293247
13295618
13296512
13297495
13298461
13299246
13301909
13309951
13312654
13313887
13314978
13369486
13371339
13372534
13373987
13382766
13399639
13400620
13401719
13402698
13403379
13415592
13416844
13418230
13447114
13449022
13450655
13451343
13453449
13455641
13457096
13457943
13458667
13476155
13477632
13481808
13521726
13530347
13531238
13532241
13534271
13535215
13535808
13537433
13538339
13539642
13540628
13541762
13573266
13574466
13575564
13576279
13577528
13579888
13585814
13588278
13594549
13602478
13603621
13619048
13620433
13621609
13626417
13627729
13634129
13650731
13690828
13692550
13697595
13702391
13707982
13718904
13720450
13721722
13722795
13723518
13724353
13725838
13727278
13728146
13729288
13782727
13783563
13784523
13785486
13808039
13809220
13810655
13811576
13827096
13830017
13842914
13845816
13865292
13882911
13889031
13889968
13891191
13892184
13893109
13894056
13895647
13896798
13925274
13926554
13942515
13945046
13968861
13971326
13972647
13974360
13978398
13979220
13981981
13983191
13985172
13985956
13991068
13993369
13997066
13997890
13999554
14039596
14040700
14041822
14042770
14045021
14048298
14049218
14059182
14060209
14061237
14062109
14063438
14064315
14066523
14067701
14068376
14068854
14069352
14070000
14070971
14106784
14108758
14110311
14112228
14124109
14126320
14128803
14130876
14180144
14197426
14203124
14204879
14226510
14227554
14242799
14266764
14271605
14272564
14278105
14284326
14285798
14289375
14291106
14292035
14293029
14312118
14312859
14313549
14323260
14323993
14325283
14326095
14328958
14332410
14334259
14336491
14339885
14342254
14343119
14343919
14344942
14346673
14348133
14383873
14401344
14407893
14416570
14425423
14426015
14426429
14426970
14428229
14431181
14431980
14432534
14433746
14434938
14451785
14453460
14454321
14455314
14478298
14479905
14489257
14490028
14491925
14499771
14501413
14521735
14523242
14554472
14557373
14559304
14562275
14563091
14566287
14625200
14626204
14627486
14628263
14630102
14678767
14680142
14685356
14686873
14700868
14701829
14702618
14703507
14704143
14705619
14709554
14713157
14715208
14738920
14739651
14740341
14740912
14741368
14742073
14745569
14779283
14790168
14791140
14792259
14793200
14794201
14796518
14797662
14798714
14799518
14848061
14851505
14857398
14859065
14860157
14861158
14862549
14864030
14865461
14881590
14883247
14884257
14885047
14888145
14904670
14905804
14909335
14911701
14914745
14916621
14968382
14973558
14988105
