3575.665
15134.37
16261.38
24855.88
26696.22
48250.31
49093.06
49182.74
49349.24
49848.02
50186.35
50509.36
50694.05
51547.63
87564.59
95904.82
103056.8
103672.4
108238.5
140391.7
146057.2
154311.4
157690.5
161070.1
161831.8
171008.2
172621.9
172625.8
202527
203410.6
204902.3
207461.5
208948.6
211085.4
214053.8
220607.3
221503.3
229253.8
239177.9
262467
263233.3
271449.9
277171.9
302693.8
305849.9
306603.4
307882.5
309294.7
310647.7
315290.5
315415.7
348765.3
349102.1
349332.2
349629.9
350115.2
350819.2
361489.4
369090.3
373668.3
379115.3
381898.3
389663.7
405365
408595.2
414305.9
414305.9
425457.8
430436.2
432269.8
440524.1
442151.3
443841.7
445386.1
446925.9
448848.1
456789.9
466970
467049.8
481382
488670.6
497191
510574.4
517344.3
522822.3
526250.1
528669.6
529431.9
531011.3
531166.6
532329
536538.2
539882.3
550261.4
570385.4
570636.5
577385.7
583529.4
595732
608146.4
611616.9
613290.1
619642.2
621434.1
631196.8
631200.8
644943.1
648768.3
648957.9
651377.8
651427
653910.3
654257.7
662116.5
711675.7
717929.4
720886.9
744957.1
753648.2
756115.2
760888.5
771487.7
773180.1
774622.3
779517.5
783936.7
797620.7
800978.9
804799.6
817741.2
834296.5
839644.1
841117.6
850776.4
852457.1
873714.4
876453.6
893285.7
897039.2
914269
948644.7
948799.1
948801.8
949218.8
949669.9
950717.6
955378.1
957662.7
961531.3
983146.2
983643.7
985175.5
996989.9
1003012
1004328
1011700
1021408
1038979
1043804
1050320
1051005
1052799
1055405
1056874
1057962
1061977
1063176
1065806
1082686
1097483
1116850
1118074
1120183
1123927
1123928
1139092
1146413
1148959
1159890
1163337
1166681
1175164
1193965
1214364
1223959
1227937
1250452
1255675
1279722
1308077
1308794
1317164
1331575
1359551
1363460
1366090
1370480
1377622
1380980
1421683
1425648
1450785
1469261
1470374
1470416
1477996
1478075
1481920
1491965
1495753
1511847
1513391
1513392
1519676
1523144
1535093
1536426
1538352
1539115
1539997
1548978
1550888
1552895
1553328
1568197
1574464
1577266
1595469
1610151
1610151
1658089
1675948
1675948
1686760
1689471
1693168
1694510
1694511
1701804
1704529
1713561
1738717
1742926
1748934
1751898
1751899
1767341
1767346
1775879
1776969
1788751
1789290
1790531
1808515
1808851
1808852
1812710
1812751
1816593
1831862
1850506
1850506
1852662
1853339
1858958
1891173
1903055
1903102
1921017
1921017
1921868
1933499
1952985
1960078
1960708
1962937
1963904
1965133
1966134
1967065
1977499
1977500
1978480
1986474
1991115
1991310
1997453
2011949
2019099
2019099
2024048
2026808
2045284
2046175
2052127
2092393
2102997
2104121
2129017
2131289
2133345
2148269
2149369
2151166
2152153
2152572
2153665
2161076
2164883
2193052
2223744
2226443
2226446
2252856
2261911
2263562
2273225
2284472
2289172
2317249
2322693
2327339
2327341
2329934
2333203
2341370
2347591
2353422
2380640
2389119
2391130
2396989
2403990
2414920
2417652
2419004
2423836
2433620
2445098
2445099
2447245
2448709
2449203
2449781
2450378
2450379
2451716
2458479
2476125
2479925
2482187
2482975
2484545
2501299
2508896
2514592
2517976
2531898
2539923
2540735
2540736
2544918
2546646
2551819
2553005
2561861
2568790
2574456
2590248
2598146
2598556
2600696
2609617
2609620
2614638
2616522
2617362
2625372
2645379
2659133
2666942
2679276
2681190
2702518
2704947
2705590
2713558
2714533
2716419
2716970
2717923
2718589
2718591
2735734
2746265
2746266
2748576
2752362
2752413
2757154
2757155
2787442
2807316
2808261
2812334
2829127
2850292
2877241
2878120
2879963
2897172
2898646
2903696
2909637
2919633
2926920
2943955
2944265
2945251
2956299
2965243
2965244
2969853
2987062
2992585
2994906
