3969.468
9069.518
21536.84
24223.06
36132.36
48610.06
78810.88
86487.24
120775.9
120776.1
164674.6
165953.8
188212.7
188214
204648.3
239913.6
239913.9
241014.9
241016.1
258519.6
258519.9
270342.5
270884.5
293119.8
294028.4
294028.9
344066.1
345566.6
350595
350596
363661
377603.1
379947.3
395539.8
404558.2
407122.9
408112.9
408113
421212.5
451372.6
457691.6
457692
461939.9
497390.9
520130.8
521408.1
527522.1
530087
530869.3
576661.2
581848.1
581932.2
603111
605757.6
624159.8
652458.9
656017.2
656965
659451.1
680769.5
708504.7
713246.8
730656.9
739676.3
748492.8
756180.4
759365
764534.6
783772.8
803732.2
812137.1
815604.9
817759.8
826766.6
827696.7
830485.9
830486.2
836301.5
837786.4
838070.9
842756.2
859700.9
862670.2
863460.7
865274.5
878387.6
890732.1
910631.3
914120
933288.8
945869.7
951624.3
976911.1
982161.5
982866.8
999959.4
1003534
1017108
1021956
1023519
1029003
1030911
1031601
1034420
1035346
1036597
1037405
1038809
1042905
1056691
1068664
1078057
1080540
1083733
1085266
1089249
1096548
1108699
1108890
1114334
1116500
1119304
1123063
1124368
1129038
1134362
1135127
1153242
1189206
1202268
1207754
1210287
1211816
1213683
1219761
1220761
1222940
1230557
1237326
1237454
1256979
1278952
1314465
1314796
1319751
1323438
1326687
1327165
1333248
1336303
1342679
1345509
1346984
1347663
1349055
1350313
1352292
1353148
1361345
1361766
1362190
1362953
1365913
1367008
1367511
1369544
1383467
1384647
1385758
1386001
1386968
1393596
1395445
1396930
1397308
1397389
1401058
1406435
1415022
1418133
1421517
1435938
1436817
1443713
1451726
1453864
1458601
1462152
1467319
1471605
1473023
1473317
1474553
1489373
1495594
1500387
1507403
1537950
1538519
1539535
1546089
1546582
1553252
1579040
1587134
1588100
1602179
1604409
1620196
1631405
1633268
1640533
1643350
1653265
1666890
1667527
1669524
1670653
1675758
1681644
1683988
1715537
1716050
1716812
1717411
1722844
1735962
1743396
1753804
1754583
1754928
1755266
1756683
1769690
1774544
1810013
1824994
1825316
1838847
1848383
1849641
1850125
1851409
1854304
1866933
1884052
1884301
1896782
1901543
1911354
1918619
1921362
1923601
1927440
1931545
1942138
1948309
1957487
1959337
1975614
2002590
2004987
2012079
2029690
2030695
2036138
2039439
2062091
2089425
2090752
2104661
2105473
2116059
2121790
2124077
2124659
2125309
2126473
2127233
2136175
2145333
2168903
2170013
2175557
2180803
2202933
2205074
2227022
2248524
2250713
2268960
2283093
2305922
2310592
2314143
2317607
2322314
2328788
2331173
2335024
2336653
2337540
2352381
2353174
2367893
2373230
2374607
2374810
2376147
2377182
2385297
2387966
2402860
2411255
2411787
2426429
2429187
2434573
2440255
2441755
2460778
2472474
2489154
2498943
2516887
2520954
2521385
2524191
2570955
2584473
2585306
2593396
2594294
2595507
2609653
2610166
2612600
2612600
2616378
2629875
2647754
2658468
2660926
2665327
2668723
2669021
2675462
2702082
2724137
2727678
2733075
2740190
2760827
2773623
2782615
2820958
2825037
2833216
2833997
2836794
2870951
2871369
2880661
2880661
2922627
2924471
2948723
2950027
2960012
2960013
2986334
2987202
2995660
3023177
3023177
3023953
3030417
3043248
3059998
3061536
3083321
3094824
3098201
3099226
3101592
3117090
3118177
3135692
3141316
3149974
3149975
3182072
3183424
3202423
3217753
3219329
3220397
3220922
3220922
3230087
3230087
3235657
3254006
3257739
3259152
3262022
3262060
3264742
3271999
3279788
3289313
3304690
3307261
3308448
3313958
3319079
3337190
3337424
3337964
3339417
3341380
3352070
3359225
3363509
3369960
3392254
3418524
3420368
3428376
3431050
3456068
3458678
3462116
3463929
3466009
3466010
3476672
3478344
3484091
3489111
3507398
3516426
3518242
3532079
3534933
3539051
3543095
3545274
3545937
3546458
3547589
3553970
3555550
3556002
3556512
3565103
3565615
3566693
3567263
3568700
3583786
3603033
3603800
3609270
3612523
3626920
3630211
3661873
3682981
3687343
3690009
3690042
3696727
3708335
3709659
3709705
3710217
3710934
3711482
3712444
3717905
3724878
3726935
3729280
3730098
3734185
3735030
3735743
3749042
3749430
3767066
3775851
3776424
3777248
3778984
3779533
3780781
3782241
3785742
3793822
3794627
3795624
3811094
3815661
3823858
3830727
3844221
3846046
3846700
3851862
3858184
3859959
3863200
3869929
3878255
3882345
3884191
3903492
3904821
3916651
3930444
3931043
3943933
3944561
3975731
3979888
3981328
3995277
4006385
4014333
4014882
4015404
4016045
4017560
4017678
4023625
4024407
4025055
4026389
4027287
4029692
4030440
4031752
4038306
4041075
4046398
4048950
4050123
4054293
4069551
4082365
4087115
4087588
4090536
4120799
4126608
4127634
4128391
4129235
4138948
4140944
4142041
4142480
4148867
4184092
4210792
4226341
4226725
4227128
4228660
4231045
4232414
4239457
4245371
4246352
4248701
4249398
4250932
4282922
4285620
4286263
4286939
4287463
4289590
4301260
4305594
4306315
4318622
4319165
4320566
4321202
4321861
4329054
4342387
4354616
4355662
4358439
4368463
4369653
4370624
4371825
4372689
4373323
4376401
4377888
4380013
4381459
4388237
4408889
4413981
4417862
4424863
4427350
4429259
4430696
4432401
4442690
4447951
4449116
4465893
4470372
4471066
4471549
4472423
4474586
4475453
4480171
4492269
4500441
4515230
4537484
4538140
4540205
4541266
4551516
4559598
4560893
4565718
4569212
4571571
4571572
4573733
4575868
4579209
4579602
4581500
4589599
4591914
4593727
4594543
4596176
4612520
4618131
4622343
4625641
4626364
4628494
4629117
4630353
4632917
4633657
4635124
4635999
4639458
4662989
4663504
4666299
4672843
4674463
4676856
4684016
4685229
4691904
4693885
4700229
4708629
4709303
4711667
4719260
4725054
4744625
4745708
4748714
4760046
4764021
4764876
4765577
4766594
4767424
4768335
4780746
4783394
4786935
4804911
4810170
4814059
4814703
4816813
4822523
4828385
4829860
4830387
4833039
4833988
4834313
4840196
4845632
4846841
4849371
4866552
4891696
4901280
4902175
4904174
4906710
4926738
4934828
4938245
4939571
4952449
4954210
4964758
4965876
4972308
4981400
4992438
5012779
5014864
5015536
5029164
5032181
5033439
5034590
5035113
5035711
5036656
5039321
5043459
5067455
5068552
5071768
5074517
5104880
5113836
5118203
5123416
5123980
5124830
5137324
5148418
5154660
5156448
5157588
5158367
5171169
5184615
5190607
5210099
5214771
5216717
5217800
5218585
5219380
5221831
5230058
5237743
5239105
5243508
5253625
5254991
5259946
5260561
5260878
5275420
5276834
5277276
5290697
5290889
5299552
5303736
5305747
5316871
5319142
5319887
5325103
5328911
5330682
5333059
5333689
5334723
5337138
5339358
5349010
5353628
5355289
5362939
5371386
5374240
5385934
5390500
5391584
5392379
5410770
5412047
5412733
5414200
5414964
5425855
5431776
5438888
5449359
5467450
5472351
5486871
5487499
5488310
5496182
5507142
5520030
5523341
5554468
5565452
5567636
5568326
5569101
5570148
5570850
5571426
5571538
5578300
5579318
5600169
5600908
5603210
5605015
5607785
5616902
5617620
5618741
5619369
5622883
5623745
5628213
5628937
5643139
5659070
5664832
5666244
5677437
5718530
5721766
5721801
5722819
5726312
5727394
5732312
5734188
5735790
5736348
5740428
5746791
5748693
5751013
5751072
5766117
5769533
5778713
5781913
5785599
5785599
5786654
5787377
5788797
5792724
5815731
5820193
5822509
5823457
5833527
5841113
5844492
5858792
5865623
5879584
5890577
5893470
5893964
5897629
5898557
5899237
5899964
5915225
5916679
5919809
5920490
5920588
5923748
5925944
5928830
5928978
5935156
5936851
5939359
5941031
5949371
5950891
5951805
5964201
5965289
5969443
5989969
5991680
