47997.8
51192.28
51686.21
52201.33
53750.69
114400.5
154390
162147.7
186780.4
227073.3
230219.8
351128.5
351576.6
351924.2
353258.6
355273.4
356342.9
398586.2
402518.4
414658.1
417865
419615.2
420092
423105.5
436789.2
501455
504716
547805.2
549739.8
563413.4
612978
646787.4
649740.4
650349
650980.4
651935.9
652805.7
653906.5
734218.2
739238.3
839643.6
893288.6
897218.4
949693.8
950849.9
951976.1
952556.1
953264.9
999574.6
1034682
1211236
1216313
1249313
1250611
1252871
1256037
1452192
1469266
1473216
1475301
1476072
1477310
1478076
1479596
1480042
1480455
1481182
1481546
1481921
1482347
1483662
1484473
1485124
1550889
1552897
1658086
1659592
1696348
1735896
1742929
1744673
1748930
1749799
1808991
1816006
1848037
1852467
1997455
2052355
2054247
2122328
2151633
2307022
2326618
2335348
2352458
2400680
2406197
2408334
2414924
2425010
2444232
2451075
2486572
2491335
2526013
2607587
2644108
2659128
2664508
2666942
2752435
2828366
2859114
2864415
2897168
