1513.549
3083.462
5384.893
11730.78
12316.36
13396.75
14352.98
15189.29
16579.78
21756.43
26265.76
29113.14
29140.15
30532.89
34028.23
36722.56
49952.18
50485.71
52527.47
54551.09
55838.38
57853.25
67073.4
71861.03
75125.48
84572.13
85352.23
86076.58
87432.19
90214.75
90795.53
91345.39
93526.03
104249.9
105188.4
115112.6
115978.6
117823.8
118202.7
120214.9
128686.8
129868.5
133360.8
135198.7
135466.4
137779
141793.9
145596.6
146062.7
146876.7
151936.5
152923.5
153403.4
154079.7
154809.5
155176.4
156070.7
157176.8
162062
162603.1
165351.5
166744.5
176146.7
179199.1
190940.4
193733.4
195101.8
196438.5
196687.6
197826
199972.6
201137.2
201927.1
203717.1
211971.6
215142
227145
231556.6
232515.6
239752.1
241381.6
244979.9
252779.3
256913.2
257961.5
258394.5
259051
259481.8
272002.5
273079.4
273631.6
275399.1
278884.4
288999.3
289971.2
293123.1
294981
296278.4
300090
301259.2
303199.3
304892.7
307439.6
307657.8
308698.5
310081.8
310754.2
310888.8
313831.5
315275.1
318906.9
323064.8
323602.3
324369.1
332742.4
334685.1
343669.8
350939.1
352528.7
353780.2
359677.5
365869.9
366279.3
369244.9
369560.2
373006.3
374300.8
374829.1
375593.9
380299.9
381685
382490.6
383095.5
390230.2
390660.7
391513.9
392438.4
396228.7
403088.2
403124.9
403788.5
414237.3
415229.8
425995.8
426031.7
430681.8
453164.4
459108.1
467424.4
468528.8
469413.3
472400.6
481588.5
482581.3
483250.3
484104
486581
487225.8
488472.9
493572.4
494396.6
495226.2
495748.1
496856.9
497370
497993.6
502029.2
502029.8
502830.9
504643.5
507273.5
515822.5
523286.9
523976.8
524531.3
525950.1
527094.1
527941.2
528751.3
529982.9
533487.4
536819.9
538204.8
540698.1
541474.9
544498.9
545147.5
551163.8
562187.9
564797.9
566067.6
567395
571757.4
572782.7
573453.6
575639.3
576163.2
576801.9
577585.8
578318.8
579761.3
581116
581759.3
582267.4
583283.6
584809
584872.7
585630.3
587751.3
595725
605992.4
609533.9
611114.7
611919.9
620674
642484.9
642930.8
643614.1
645090.5
646896.4
648224.2
649785.4
650554.3
650726.1
652019.2
653581.2
654107.5
654670.6
655860.8
657191.3
658153.9
658867.9
659478.6
660582.8
661372.2
662454.5
668856
677443.2
677848.8
678688.3
680559.8
682870.3
683983.4
698101
709620
710979.8
712088.9
713074.5
713244.4
718489.8
719687.6
732419.7
736690.7
741577.8
745330.6
756375.6
759331.7
760291
770324.8
772498.5
773795.5
774002
774407.3
776378
777066.7
778106.8
779152.6
787253.1
789624.8
790843.2
794137.3
794530.2
796164.4
800941.7
801743.7
802523
809242.6
812249.3
813505.9
814380.2
816710
829701.1
830303.7
830827.8
832503.8
833075.3
836129.7
841656.5
842781.4
843219.6
844364
845720.4
848894.8
849302
850581.1
851219.1
861791
862218.9
862568.8
863025.9
865036.7
866478.7
867038
868171.5
869780.3
872632.2
873366.1
875940.4
900090
900423
900937.7
901648.5
904509.6
905516.1
912956.8
918090.5
922488.9
923213.2
925060
925888.3
928595.9
935846.3
939115.4
939741.4
941040.8
945280.5
950264.2
950327
953838.6
955936.8
956391.6
956447.3
957112.2
961370.7
965478.6
967525
971489.6
972282.6
977496.2
978204.8
979881.1
989304.1
990565.6
992914.6
1011139
1013956
1016092
1016128
1018337
1023743
1034278
1035618
1037493
1047845
1066644
1070141
1070683
1074802
1077956
1078084
1078551
1082881
1088091
1089048
1089952
1090421
1091005
1091429
1091882
1092961
1095041
1095426
1099475
1100365
1100384
1100732
1102587
1104935
1105277
1106219
1110777
1112198
1115295
1116904
1116930
1117700
1137158
1144305
1145647
1145650
1147685
1149214
1151486
1151818
1153998
1169410
1170455
1174697
1175875
1176677
1177333
1180331
1180780
1181198
1181259
1183005
1183171
1183767
1185937
1186688
1191927
1194297
1198615
1200711
1212725
1218120
1219645
1220742
1225035
1225162
1225698
1230777
1235639
1238441
1239478
1240238
1240893
1242817
1244167
1245302
1253432
1260969
1264897
1266878
1267641
1268730
1269356
1269396
1270937
1272480
1274322
1275496
1279033
1281166
1282797
1283644
1284787
1292510
1295437
1300505
1306578
1306894
1307026
1307901
1308306
1309331
1311590
1313860
1314618
1315185
1318396
1318817
1319465
1320039
1320911
1321855
1322504
1322769
1323527
1323996
1324321
1324630
1325286
1325689
1326949
1351612
1353261
1354286
1354849
1355357
1356517
1358602
1360704
1360741
1361405
1361855
1362286
1363471
1363859
1364343
1364932
1365466
1367112
1368021
1368824
1368903
1369797
1370409
1371309
1372401
1372866
1373354
1373852
1374296
1374769
1376862
1380162
1383660
1384256
1384884
1386004
1392567
1398322
1398929
1399151
1400449
1401402
1402349
1402694
1403253
1403794
1404547
1408325
1409704
1410224
1411394
1412444
1412989
1414477
1414898
1415509
1416249
1416633
1417475
1421481
1424028
1426092
1431331
1442580
1443214
1443624
1453334
1456544
1457463
1458336
1458744
1459843
1462529
1467731
1477033
1478805
1479213
1480878
1481713
1491079
1502968
1509023
1512756
1515694
1528826
1532035
1532177
1540723
1550281
1551729
1554518
1562924
1563852
1564261
1564742
1567413
1570225
1571919
1573905
1576673
1577948
1578145
1579187
1582266
1586368
1586663
1590484
1592506
1593573
1594294
1595616
1609402
1611914
1617255
1619203
1622030
1622905
1624176
1624722
1625044
1625725
1642748
1645986
1647594
1648848
1649607
1657169
1657308
1658521
1658650
1659872
1665876
1666493
1669995
1670992
1685607
1687182
1688635
1689273
1696074
1697819
1699368
1699906
1701413
1704667
1712898
1713664
1714492
1716216
1721553
1723336
1724303
1725125
1726221
1729844
1731295
1737301
1743559
1743688
1743860
1748059
1750360
1752239
1757922
1758581
1759168
1759251
1759527
1759997
1760227
1762525
1765929
1768403
1770573
1772210
1775507
1802796
1805434
1806904
1808848
1812412
1813149
1813738
1816338
1816877
1822155
1828465
1832976
1841280
1841761
1843276
1843338
1844723
1845979
1848947
1849870
1851851
1859412
1866601
1868393
1869478
1870178
1871224
1872504
1872988
1873575
1875751
1876768
1877634
1878112
1879962
1883079
1884166
1884352
1898891
1900130
1900665
1901047
1901504
1902431
1905800
1910769
1915422
1927463
1939487
1943465
1944371
1946380
1948786
1949263
1950150
1951009
1951416
1951699
1955618
1959253
1960189
1963074
1965200
1967746
1968943
1969576
1970476
1979976
1980369
1981482
1984309
1990537
1997501
1998744
1999191
2001239
2005583
2021214
2021882
2022973
2024401
2024957
2031621
2033341
2033990
2036017
2038280
2040444
2044474
2050669
2053233
2059011
2060209
2063442
2063444
2064408
2073427
2073758
2074992
2075775
2076395
2077250
2077804
2083207
2086368
2087306
2094045
2098165
2099388
2106634
2107258
2108906
2110563
2111858
2112370
2120198
2127051
2130496
2131823
2133068
2134385
2134641
2137707
2138620
2139518
2140685
2141701
2142243
2142453
2143681
2153838
2154350
2155091
2156331
2158426
2159540
2164841
2167590
2179533
2187108
2189074
2200182
2207264
2207430
2212949
2217512
2219739
2220454
2221578
2222942
2225229
2226047
2227018
2251212
2253926
2254230
2254923
2255604
2255656
2256148
2256905
2257145
2259471
2266520
2267482
2274516
2276026
2276663
2277595
2278402
2278643
2281895
2298556
2300223
2300442
2304157
2305078
2305239
2311020
2312065
2313177
2313387
2314393
2316986
2319297
2319772
2320205
2320578
2321900
2322576
2324246
2324917
2325981
2347221
2350852
2352123
2353346
2353378
2356317
2358018
2359298
2360039
2361044
2362356
2367100
2376847
2379566
2385350
2386349
2387720
2391117
2392277
2393072
2395742
2398137
2399066
2399740
2400044
2400432
2405226
2407273
2407333
2408771
2418761
2422009
2430273
2434504
2439616
2441556
2442622
2443394
2443528
2453642
2454742
2462608
2473485
2479376
2484782
2493612
2499911
2500146
2501057
2501449
2501487
2504902
2508449
2510573
2511272
2519403
2520285
2521500
2523425
2533205
2538654
2538940
2541531
2544958
2546392
2547168
2548144
2550474
2551159
2553776
2554371
2560016
2560504
2562700
2563385
2563536
2565935
2567389
2572447
2573141
2575274
2578211
2593004
2594586
2595601
2596092
2596651
2597233
2599925
2600914
2604855
2605472
2606684
2611158
2622838
2628917
2630326
2631366
2632165
2632698
2633935
2634139
2646299
2654224
2655607
2656181
2657004
2659615
2659785
2664368
2667055
2667951
2670146
2670813
2671766
2672486
2673270
2679255
2702730
2708351
2710334
2710915
2711922
2712169
2714059
2714792
2714922
2720784
2724154
2726416
2734615
2735982
2737470
2738244
2739716
2752407
2754981
2765091
2767214
2767700
2768219
2774818
2776173
2779758
2784336
2784373
2788261
2792796
2793035
2795295
2796263
2799160
2799854
2802871
2804786
2810246
2811268
2811567
2812022
2812061
2812762
2814232
2814740
2815713
2817917
2822048
2825292
2828429
2835244
2835911
2842408
2843088
2844430
2845211
2845488
2845968
2846504
2859686
2864128
2865979
2866716
2869841
2870095
2870983
2874705
2880462
2893866
2896800
2898422
2901061
2909840
2910410
2910809
2910846
2912062
2912520
2913227
2914434
2917743
2922277
2926899
2927080
2931052
2935062
2937804
2939591
2946187
2947230
2947985
2948296
2948954
2954028
2955770
2956477
2957638
2959057
2960874
2961852
2964604
2965089
2965534
2966855
2967426
2968839
2969563
2970368
2973367
2974028
2976239
2978249
2978561
2980094
2990072
2992113
2995739
2996346
2999927
3004451
3005151
3005583
3010695
3015166
3017970
3020982
3023552
3024270
3028435
3031922
3034525
3035313
3036166
3045613
3047168
3055816
3056180
3056887
3057407
3058025
3059444
3067308
3071225
3074564
3082205
3083543
3088146
3091112
3093394
3093789
3094009
3104101
3108722
3111900
3112574
3113446
3114097
3115383
3115874
3117706
3130457
3153715
3155975
3166169
3168245
3168767
3170937
3171764
3171935
3175679
3176014
3177542
3181758
3190265
3190961
3191369
3192671
3194115
3197651
3199419
3201363
3203242
3204535
3224594
3229706
3230230
3231277
3232397
3239375
3239415
3240498
3240947
3245286
3249580
3250137
3251118
3252336
3252745
3256527
3260717
3261992
3263680
3268928
3272185
3273298
3277915
3278170
3281115
3297033
3298701
3299864
3303344
3304030
3304531
3305186
3305270
3305646
3306251
3311068
3316518
3318781
3320278
3325491
3328674
3330872
3332257
3333747
3334792
3341864
3342626
3346565
3355938
3356812
3361158
3365200
3365665
3366015
3367681
3378719
3380546
3381743
3389030
3394255
3394761
3399362
3401767
3402882
3404921
3405895
3409868
3411909
3431944
3433124
3436961
3440171
3441039
3441965
3449425
3450031
3454820
3457993
3458787
3459327
3459780
3459930
3461620
3465159
3466789
3467894
3468643
3471316
3472460
3475525
3480386
3484103
3488051
3489288
3496814
3498234
3499903
3505884
3508061
3510551
3514690
3516632
3517185
3519653
3522713
3524438
3525210
3527727
3532500
3554245
3556897
3562416
3563251
3566332
3568401
3569955
3572663
3581235
3604854
3610829
3611463
3611982
3612842
3616972
3617580
3618278
3619011
3619556
3640264
3651050
3661231
3671406
3673528
3680547
3681225
3681877
3683107
3683821
3685515
3686617
3687252
3688654
3689124
3692007
3693285
3696775
3699346
3700079
3700822
3701499
3701890
3705351
3706144
3706339
3706858
3708216
3715035
3716542
3717020
3725892
3726648
3728674
3731036
3734181
3738691
3740681
3748149
3760591
3762802
3773018
3773803
3774433
3782988
3789763
3793105
3798205
3798436
3821273
3841016
3850574
3851078
3853829
3854897
3857289
3859571
3860614
3862445
3863086
3864188
3864725
3865015
3865210
3865599
3866025
3866543
3866656
3877250
3883842
3885032
3885906
3887655
3889997
3900820
3901738
3905546
3907187
3911048
3914782
3925652
3926592
3926833
3927566
3928320
3935547
3941385
3943226
3943755
3947244
3948356
3950150
3955546
3956015
3957885
3961652
3964978
3970080
3972683
3975939
3976545
3981239
3982120
3982525
3985594
3993318
3997290
3997632
3997765
3998895
3999040
3999427
4000299
4000493
4000960
4008228
4010718
4011288
4012400
4018659
4019441
4029077
4030605
4051059
4053938
4055918
4056452
4059133
4060324
4066657
4070971
4072750
4072788
4074513
4076638
4077852
4078734
4079594
4082259
4082776
4087568
4088418
4091686
4100421
4105327
4105576
4107672
4111408
4113041
4114726
4117345
4118043
4119089
4120600
4125710
4128480
4133592
4135196
4138890
4140164
4140741
4141270
4141690
4144823
4149751
4153160
4153254
4155070
4155952
4159361
4163845
4173516
4176847
4178304
4178318
4179155
4185185
4188656
4190798
4191835
4194318
4195368
4197085
4203218
4204662
4206423
4206465
4208020
4208862
4212452
4222199
4242702
4247410
4254732
4254766
4257923
4270441
4272021
4273488
4274311
4277024
4277426
4277828
4281745
4282848
4301485
4304257
4309659
4314531
4317604
4319703
4322652
4323939
4325437
4326993
4327677
4328074
4338968
4340167
4342650
4342699
4344002
4357641
4361397
4365986
4366432
4368834
4371681
4372766
4374646
4375095
4379961
4380676
4383673
4388103
4390873
4391671
4394293
4394571
4403423
4404021
4404469
4405107
4405131
4405577
4405751
4406562
4416272
4419425
4424519
4425065
4426185
4426727
4427954
4434744
4437343
4440581
4443620
4452520
4454639
4463023
4464733
4465323
4465336
4469926
4469973
4472009
