3457.451
4309.958
5102.837
29518.73
31842.89
40681.24
44270.33
61536.94
62092.57
76855.45
80306.04
80800.24
82200.44
87365.74
87542.01
93207.05
95358.37
114024.4
114698.4
121242.1
128674.9
128702.5
136858.4
138132.5
142609.8
162642.5
163259.4
164851.1
178849.5
181356.5
184443.3
185727.1
190140.1
197018.3
204444.8
204884.2
205846
208463.6
210709.2
211184.7
213750.4
219056
230671.6
235711.2
238659.4
239049.4
253874.1
255198.9
281048.6
281070.7
286549.6
286912
288097.6
291443
293324.2
302227.8
306482.8
323375.1
331510.2
335268.5
337047.5
338900.4
341120.1
354874.3
355668.5
356039.1
356731.9
357137.6
358190.2
359129.1
363941
366500.4
367058.6
368484
369735
372298.4
375486.9
377285.8
383728.4
397951.9
399115.3
411575.2
430391.4
452891.1
454636.2
456710.8
461982.2
462824.7
463960.3
464863.8
470382.3
475277.1
479285.5
480071.6
480931.9
481763.2
482596
485859.2
499661.4
507068.3
507513.3
517496.6
538466.4
544334
545175.2
546815.6
550407.7
551166.6
552249.2
552696.3
553102
554972.1
559170.4
568096.1
568933.2
570050.4
570795.6
580740
581173
588055.4
593110.4
600267.1
604998.5
611337.7
614608.7
615627.9
616400.7
618953.8
636800.3
637751.4
638561.7
639279
639884.8
646467.7
653278.8
660344.9
660413.2
662235
663185.4
665265.9
667370.1
696491.2
698262.5
698755.5
699840.6
700782.2
702059.7
716771.9
717944.9
718504.3
730311
731077.2
736721.5
737699
742337.1
749183.7
750004
762575.5
763247.4
763675.2
770621.5
771911.8
780746.4
787404.3
791080
791833.1
792495.7
793882.4
794554
801752.2
813525.9
827881.7
835441.3
836553.6
847346.5
855559.3
858990.1
859672.5
860599.9
861463.3
873189.4
873864.3
874542.8
877026
900511.9
903120
905526.5
906060.2
906698.3
922012.3
924185.3
925001.4
925493.5
927389.5
931378.9
933592.9
934764.3
951294.8
952786.7
953507.1
954109.4
954621.1
955219.5
957490.8
962441.5
964401.5
983179.6
983918.8
985407
987369.5
990162
1003643
1007486
1007939
1008475
1008966
1009688
1011655
1022702
1030800
1031298
1031889
1034475
1035606
1037077
1056341
1072454
1076106
1086938
1089443
1094005
1095034
1115607
1127580
1128467
1133006
1135889
1136602
1140249
1141040
1143097
1144771
1148897
1152913
1154965
1161316
1163476
1164008
1165894
1166988
1178527
1179583
1180050
1180876
1181245
1181868
1182605
1183474
1183961
1184622
1185131
1186003
1186391
1200825
1203847
1207381
1210656
1212277
1218987
1227750
1243473
1253139
1270050
1273078
1274167
1274385
1275271
1275876
1276538
1280040
1280990
1281707
1282977
1283777
1292078
1309582
1310383
1322479
1323660
1324801
1351256
1352482
1360471
1365732
1373348
1374896
1378760
1380510
1381211
1389944
1391203
1395460
1404774
1412486
1439846
1445461
1446295
1447011
1447843
1472337
1475863
1476326
1477395
1478901
1481442
1482041
1484793
1489691
1491540
1493620
1493833
1496646
1500040
1509489
1530004
1531727
1535129
1537122
1537806
1542000
1543215
1543731
1545312
1547126
1547687
1548400
1548790
1549962
1559293
1559924
1560392
1560944
1561817
1566785
1568622
1596215
1596838
1600597
1601285
1602599
1605387
1614658
1617225
1618426
1630230
1632025
1635841
1645867
1649938
1659281
1671445
1681841
1682749
1683717
1684768
1686670
1701528
1704054
1707711
1709182
1725847
1726255
1726679
1727583
1730712
1735058
1736690
1738331
1760799
1762030
1764183
1807661
1810585
1811321
1812340
1813264
1814677
1817730
1828436
1830594
1831224
1831996
1833230
1840974
1842820
1843572
1849940
1856111
1857784
1870283
1874328
1875524
1875668
1878063
1881171
1888017
1896755
1912870
1913720
1914275
1915172
1915617
1916076
1916451
1917011
1917783
1920462
1925463
1946218
1964261
1966116
1971568
1986197
1988016
1991011
1992330
1993090
2009149
2009605
2010939
2026769
2030288
2032090
2032492
2034239
2036395
2042096
2043773
2044820
2064190
2064932
2066859
2087992
2092866
2094388
2096682
2109212
2110399
2115300
2115846
2115950
2116432
2116765
2117084
2117513
2119232
2121929
2123254
2123867
2130759
2131465
2133050
2134415
2135378
2137598
2138493
2143958
2147228
2161916
2169653
2171410
2186015
2186809
2187651
2188568
2189964
2190633
2191415
2203136
2222121
2222592
2223080
2223509
2224154
2224861
2230500
2264353
2264864
2266197
2267610
2269676
2274482
2275957
2277313
2278024
2279174
2280245
2281447
2300734
2300825
2301789
2302193
2302969
2303286
2304720
2305423
2305948
2309647
2310687
2311044
2311547
2314461
2315943
2350253
2356308
2356852
2357424
2358424
2358945
2359738
2360927
2362223
2364966
2380053
2383896
2401731
2402793
2407300
2408490
2412188
2420820
2434689
2454065
2456000
2456659
2459831
2460171
2461669
2468868
2469290
2470661
2472184
2484680
2501775
2506393
2506498
2507152
2513257
2516891
2533940
2536358
2537717
2539115
2542409
2546565
2548127
2549080
2550014
2550414
2550787
2551140
2551499
2551845
2552203
2560848
2573607
2576101
2582662
2584777
2590194
2594663
2595834
2616584
2621931
2623173
2633625
2636773
2637572
2640954
2641718
2642812
2643564
2644415
2673550
2673640
2678333
2701568
2704419
2707930
2709238
2719289
2720479
2721823
2732296
2735747
2740299
2770606
2771549
2772051
2774530
2775867
2789771
2790295
2790846
2791567
2793966
2811636
2812795
2824834
2826962
2829489
2832140
2833600
2834293
2834702
2839185
2840898
2850525
2852403
2852521
2853294
2853891
2855769
2856403
2857158
2862036
2862785
2877512
2878751
2880462
2881664
2882575
2883514
2891108
2894055
2895464
2932453
2934389
2936484
2938438
2939328
2939777
2942043
2950346
2953324
2954544
2957660
2979002
2979601
2980564
2984592
2988946
2991634
2992542
2994623
2996348
2999845
2999970
3004783
3015675
3033457
3033890
3034329
3034747
3035199
3044046
3052825
3055173
3064723
3069737
3082412
3083323
3088820
3091143
3091699
3094361
3096965
3097699
3123331
3124781
3125459
3129185
3131063
3156804
3157190
3157673
3158116
3158731
3159592
3159996
3160506
3162060
3162650
3163493
3177030
3182358
3198819
3200195
3201229
3202757
3203854
3204492
3205176
3207713
3209343
3223097
3225080
3226162
3228054
3228397
3231058
3234711
3235270
3235951
3238764
3239226
3239780
3240383
3240983
3241524
3241898
3243398
3253815
3266340
3282040
3286500
3287828
3317574
3317920
3334037
3334772
3341300
3342356
3343111
3343693
3344288
3344786
3346201
3347771
3348874
3385543
3386236
3387457
3387952
3388398
3389496
3390043
3390642
3391365
3391771
3393421
3413150
3432714
3438304
3439192
3442913
3444137
3445143
3447537
3449177
3457332
3465786
3484080
3486057
3489056
3503759
3522039
3527573
3529215
3535076
3538554
3556855
3560777
3561815
3568458
3569300
3605241
3606354
3607310
3607867
3608553
3609285
3609961
3610504
3619460
3620559
3629493
3631969
3634636
3635655
3636330
3637671
3654705
3655919
3658763
3689690
3689733
3691681
3692387
3694806
3696316
3698284
3700448
3706025
3717909
3718448
3718979
3721324
3722401
3741224
3743706
3755563
3756158
3757318
3764445
3779231
3782424
3784689
3790827
3794456
3802323
3803528
3804175
3809871
3825058
3832765
3833257
3833786
3834296
3834758
3835899
3836632
3837724
3838364
3848377
3849797
3850249
3851520
3852604
3853748
3854669
3856271
3856888
3859247
3860717
3875794
3877359
3878050
3883656
3890746
3895442
3905332
3907409
3924981
3925617
3926890
3927763
3929830
3936687
3937318
3940770
3947186
3948725
3977098
3978797
4009724
4013361
4016019
4016751
4020866
4024008
4026310
4052200
4054521
4056990
4057525
4058081
4075005
4075847
4086252
4087006
4087800
4088806
4090090
4095734
4106660
4107139
4107515
4108252
4108632
4110976
4111474
4111899
4115456
4116445
4117242
4117875
4118294
4162621
4164155
4169522
4187957
4189801
4191888
4194505
4195786
4216594
4217812
4218849
4219600
4220159
4221051
4222517
4229724
4233790
4234546
4236021
4252531
4252722
4255853
4256367
4257020
4258625
4260106
4263597
4267238
4268302
4292065
4292664
4294383
4306785
4345579
4350435
4352807
4353513
4355344
4355855
4356258
4357329
4357537
4357962
4358292
4359579
4360571
4362832
4379172
4384067
4385249
4388267
4393295
4393860
4395486
4397057
4398876
4407988
4432697
4433516
4438109
4442872
4446498
4456743
4458602
4459618
4468343
4472215
4475886
4478506
