1622.035
2055.913
3911.562
4043.399
5714.949
9783.746
10407.35
10997.71
14340.93
53835.51
54425.37
55903.9
60417.69
100211.5
100561.9
100598.5
101102.1
101598.6
103368.7
106065.2
106886.7
110673.8
113031.7
114034.3
117134.9
136595.9
173549.1
185256.4
195931.8
197681.2
198663.3
215165.7
215913.9
219925.4
220582.6
221135.2
225471
235579
275313.3
276123.5
279057.7
279807.1
281551.2
283528.6
287408.2
303286
318992.1
319392.3
320224.1
321572.6
321823.5
322204.1
323196.8
323672.3
324564.3
324956
325896.2
330292
330776.9
331204
331748.4
332450.6
333942.3
335230.9
337382.1
341620.8
356453.8
357466.7
358100.4
358760
359114.1
360019.2
361410.8
362116.7
364411
364942.3
365071.7
366013.8
367454.6
367996.1
368577.5
369431.8
370253.8
371068.9
372105.9
374682.4
374713.4
376919.8
378296.9
379278.6
380406.2
384939.4
391100.2
391787.8
392407
392976.8
393168.9
398980.5
400028.9
403816.4
404947.3
405461.1
406004.7
406469.7
407807.8
408532.4
408976.3
410434.7
410501.3
410975.1
413639.9
414217
414914.4
415550.1
415814.9
416122.9
416751.6
418648.5
418727.9
459914
462602.4
469536.1
470055.2
470816.7
482800.8
484420.8
490690.2
508864.6
511735.9
513435.2
514216.5
514699.9
515544.8
516889.2
528756.9
533626.6
536919.5
538593.4
539652.7
540527.7
540943.7
547659.2
578724.8
581589
585985.8
587016
589878.1
598089.8
605435.6
607026.8
607820
613023.1
613621
614201.6
616039.8
616737.2
617229.6
618498.5
655860.9
698712.4
699625.6
705394.1
706081.8
707769.6
710654.3
711511.4
713942.5
714781.8
716729
724890.5
726608
726706.9
741358.3
742269.1
743236.3
743885.9
745071.8
745712.3
753110.2
776270.1
778248.3
778886
781587.7
782379.5
783085.1
787334.2
806718
838926.5
840018.7
842089
842920.7
844875
845439
846061.8
846638.5
847370.2
847936.2
848704.1
849371.5
849877
850695.2
851201
851344.6
855101.9
878617.5
879138.7
879594.3
880305.6
902252.5
906967.5
907794.1
910253.8
911535.1
912593.3
913277
918462.6
919510
920577.2
921176.6
921611.4
922280.6
934237.7
946878.3
949715.2
950594
956853.6
957757.6
958704.7
959803.1
960747.2
966607.5
1014285
1029387
1032131
1032962
1034461
1034941
1036131
1037220
1038525
1044445
1045363
1049681
1051412
1052152
1052793
1055446
1063332
1064668
1065444
1074613
1080308
1084686
1085504
1087587
1088155
1089143
1090268
1119247
1119897
1120535
1121627
1122025
1122434
1122828
1123196
1123687
1123720
1127204
1130287
1130993
1134416
1134469
1134987
1135634
1136573
1157022
1162869
1164528
1174375
1197017
1208923
1211231
1211321
1213523
1215513
1221574
1222356
1223347
1223972
1224125
1225082
1225777
1226478
1227137
1228272
1228532
1229737
1230140
1230590
1231173
1231773
1232218
1233360
1233423
1233611
1233998
1234346
1234497
1234631
1235107
1235635
1235830
1236099
1236554
1237075
1239679
1240246
1241147
1242086
1244760
1245717
1260819
1279831
1292472
1293561
1294265
1294895
1295261
1295754
1296370
1301020
1306786
1307286
1307743
1308715
1309309
1310036
1319280
1320716
1320892
1321643
1322413
1324760
1325398
1326697
1327794
1328675
1330295
1330783
1350367
1351762
1355421
1357959
1366139
1367892
1368547
1368789
1369520
1370841
1376140
1377717
1409302
1416510
1416705
1418362
1434612
1435229
1435834
1436695
1437327
1437782
1438563
1441878
1443633
1444127
1444719
1446000
1487544
1500376
1508400
1510023
1510918
1513122
1514342
1514712
1524601
1539111
1542336
1560200
1570463
1571306
1572367
1575719
1579180
1579816
1580459
1581422
1585112
1591667
1600981
1611138
1611849
1613422
1615702
1616953
1618340
1619476
1620228
1620897
1624660
1625444
1638791
1640541
1644984
1646145
1647326
1651871
1652689
1653222
1653563
1656165
1664679
1665720
1666145
1666695
1667816
1673364
1675800
1677401
1680023
1687244
1687465
1689721
1691239
1691607
1692186
1701588
1702122
1706523
1720919
1731488
1758534
1769125
1806703
1816749
1830969
1841564
1854429
1872586
1878338
1885681
1887099
1887941
1888616
1889196
1889945
1891247
1892007
1892614
1893001
1893921
1896071
1904783
1910377
1912950
1914342
1915280
1915935
1918420
1919311
1919564
1920051
1920676
1921296
1921759
1922427
1922864
1924511
1932453
1965569
1966438
1967066
1967672
1967923
1968382
1969035
1969868
1970539
1971917
1972557
1973224
1975129
1975909
1976416
1978317
1978618
1979490
1979773
1980189
1980970
1983268
1984530
1986196
1987150
1988042
1989599
1990948
1993116
1997357
1998115
1998799
1999705
2000956
2001476
2001984
2003383
2004311
2005093
2025879
2052455
2069050
2101557
2102581
2102957
2103093
2103556
2104030
2107105
2108662
2109754
2111907
2112611
2113668
2114313
2115148
2115833
2116496
2119116
2122185
2122365
2126274
2128119
2130404
2131058
2131702
2133375
2181918
2207056
2227984
2229995
2259209
2261734
2261803
2262764
2264089
2264882
2265959
2269413
2270851
2276644
2277271
2277917
2282748
2288189
2290668
2292227
2296378
2304067
2307508
2311825
2323417
2325179
2327005
2328768
2332024
2332441
2334279
2346835
2347873
2348747
2349535
2350949
2368369
2369009
2369508
2369933
2370603
2371274
2373212
2374164
2379472
2380139
2384998
2386170
2388357
2390079
2394495
2396525
2396995
2399481
2400499
2421212
2421739
2422320
2423120
2426231
2431105
2434849
2441609
2444162
2444953
2445734
2446387
2448292
2449498
2450287
2451125
2451740
2455414
2455720
2456785
2457666
2458375
2459036
2459851
2461163
2464215
2465150
2469382
2470396
2475548
2478406
2479361
2480199
2498688
2499454
2508427
2509542
2511111
2511597
2512231
2512762
2514019
2516208
2516996
2518564
2520291
2521567
2523356
2523864
2524261
2524553
2525125
2526190
2526710
2527221
2528045
2529180
2530686
2530967
2531449
2531987
2534544
2535468
2537616
2543243
2543899
2548213
2549635
2574682
2585133
2585752
2588624
2589616
2590371
2591767
2592394
2593163
2593879
2594951
2594989
2595817
2596590
2597149
2598733
2599388
2613571
2615441
2616747
2619921
2620732
2621145
2622637
2623047
2623470
2623965
2624518
2625138
2626152
2627788
2632541
2633248
2633714
2634852
2635632
2647243
2674708
2676522
2706998
2708511
2755599
2760530
2762732
2764290
2765758
2768556
2769709
2771194
2772412
2773874
2780353
2782040
2782641
2783763
2784985
2801522
2811194
2812315
2820383
2830281
2866692
2911097
2911381
2912873
2913436
2913965
2914567
2915170
2916303
2918868
2920042
2920606
2921959
2922990
2923563
2925392
2926345
2931370
2932619
2943741
2944927
2946996
2947982
2949705
2950609
2953637
2954133
2955164
2956287
2957714
2960403
2962052
2962742
2963279
2963822
2965049
2966650
2969414
2970162
2970704
2971164
2971692
2972565
2994654
3006379
3009306
3011130
3014216
3015207
3015905
3028324
3039522
3040557
3041714
3051137
3052016
3053439
3054720
3055951
3056665
3057239
3062069
3063648
3064348
3065315
3065723
3066463
3067799
3069439
3070459
3072987
3073964
3075263
3075819
3076593
3077369
3078429
3081758
3097046
3098592
3099999
3101104
3102198
3103514
3105089
3109295
3109826
3110488
3111141
3111742
3112277
3112636
3113384
3114265
3115203
3115669
3116318
3117319
3120235
3121514
3123155
3124975
3125386
3126612
3127090
3127644
3128514
3129208
3130138
3131040
3156344
3158100
3159094
3160207
3166845
3167852
3170112
3171637
3172270
3172981
3174042
3175172
3175812
3176421
3177157
3178938
3180176
3181464
3181677
3203671
3204858
3206119
3208980
3212146
3221306
3222247
3223118
3223692
3224219
3224778
3225420
3226124
3227051
3231405
3237595
3238045
3241158
3242892
3247276
3251469
3264447
3265717
3269824
3274050
3274760
3275319
3275995
3276653
3277362
3279842
3282248
3282812
3283375
3283930
3284648
3285252
3286406
3286876
3287465
3288083
3288727
3290389
3303221
3304804
3330934
3341282
3343758
3344349
3354402
3359166
3376117
3382237
3403543
3404201
3404678
3405241
3405908
3406024
3406384
3407060
3407888
3408832
3411732
3413003
3413668
3414527
3415540
3416969
3417417
3440506
3441699
3442432
3443743
3445466
3446438
3447698
3451319
3451974
3452732
3453259
3453726
3454701
3455395
3456295
3456861
3457395
3459783
3461254
3462999
3463656
3465065
3466468
3466986
3467550
3468252
3474340
3478531
3481154
3484559
3485547
3486214
3486973
3487180
3488227
3488729
3489846
3492278
3494016
3496103
3497401
3498557
3499772
3501093
3502268
3503581
3504038
3505420
3506269
3533512
3534384
3535687
3571112
3574911
3576260
3576761
3577316
3578093
3578871
3579446
3611289
3613577
3614209
3614914
3616205
3616229
3617440
3619275
3620515
3621931
3622541
3623526
3623951
3624788
3625271
3626228
3626260
3626861
3628773
3628904
3629482
3629704
3631189
3631937
3632360
3632973
3633937
3639443
3655589
3659072
3659885
3660736
3662690
3664977
3666646
3667298
3668213
3668763
3669464
3670380
3671420
3681149
3681802
3682339
3682850
3683451
3685346
3686344
3687572
3688640
3692834
3694575
3695283
3696593
3697766
3699173
3700409
3701017
3702096
3703807
3704405
3705041
3705422
3705869
3706575
3707469
3707509
3709996
3712454
3713110
3714096
3718697
3719660
3720345
3721684
3722523
3723432
3727593
3762228
3770810
3773347
3773891
3774912
3775752
3780571
3789592
3791169
3793160
3794477
3795251
3810470
3825332
3828345
3829265
3829945
3830976
3834516
3842642
3843425
3844087
3845763
3856811
3871037
3873649
3876859
3877261
3877927
3881422
3881908
3882591
3895504
3898736
3899525
3900625
3903495
3904833
3915095
3928685
3928718
3929382
3930199
3931140
3932466
3933368
3933900
3940539
3942021
3965955
3968412
3971675
3975616
3979409
3981591
3984657
3991436
3992684
3993653
3994574
3995372
3996090
3998849
4004696
4006055
4013788
4014938
4064099
4065664
4066495
4068068
4068675
4069672
4071432
4076893
4077208
4077769
4078457
4080726
4080854
4083462
4090997
4094014
4110570
4112579
4114181
4116498
4117706
4118756
4120183
4121447
4131279
4140686
4150908
4151498
4151888
4152451
4152862
4153510
4155443
4155788
4157138
4158318
4158832
4159473
4161578
4162381
4162882
4163233
4163447
4164070
4164553
4165610
4166963
4167389
4167851
4168324
4168923
4169670
4171035
4192865
4199415
4211873
4213463
4216120
4220821
4239465
4242664
4245577
4246556
4247625
4248696
4274112
4275009
4275371
4275771
4276646
4277448
4278657
4281868
4283010
4283837
4284459
4286788
4287152
4287185
4288696
4293207
4294538
4295788
4296781
4305641
4312240
4325448
4327700
4332219
4333404
4335120
4335422
4341882
4343532
4354499
4365041
4366154
4366539
4368051
4372059
4373682
4374690
4377095
4382196
4386899
4391627
4395792
4396647
4397680
4401172
4402323
4402543
4410262
4420546
4422944
4425004
4429115
4429569
4444321
4473199
4473781
4480155
4505625
4506499
4507010
4507690
4508635
4509042
4509584
4510972
4511781
4515037
4516175
4517267
4519821
4522327
4523853
4524803
4525625
4528165
4547027
4553614
4555161
4558598
4563851
4563976
4580142
4583394
4584449
4585713
4588722
4589037
4589950
4590641
4591888
4595162
4595636
4596544
4597665
4599305
4599673
4600768
4601507
4601934
4602475
4603074
4604499
4604500
4607413
4607896
4608471
4609491
4616367
4616888
4618257
4618931
4619574
4620582
4643807
4644538
4645302
4647070
4652416
4661607
4663240
4663416
4664994
4674662
4675561
4676599
4677478
4678814
4679633
4680847
4684204
4685939
4687942
4688701
4700201
4700897
4701810
4703217
4703975
4704159
4705625
4708244
4709270
4710769
4712113
4712942
4713909
4714748
4715651
4734065
4735377
4738376
4739498
4740258
4742402
4742872
4743574
4744496
4746835
4748350
4752240
4755374
4756219
4756880
4757886
4758350
4758955
4759463
4760018
4763529
4808071
4808413
4808604
4809250
4809649
4810113
4810501
4811038
4811709
4812135
4812782
4815051
4816558
4817475
4818856
4832051
4833914
4834111
4844841
4845597
4847062
4847843
4861767
4862633
4871232
4872088
4872810
4873015
4882382
4885252
4889537
4892826
4893185
4894479
4895271
4895876
4896475
4898486
4899733
4901062
4920152
4921328
4924157
4925021
4927272
4928216
4929059
4929982
4930972
4953234
4954364
4955160
4955798
4956180
4956571
4956997
4957364
4958623
4959703
4960226
4960693
4961234
4985228
4985681
4986099
4986482
4987231
4988202
4990310
4991408
4993421
4996233
4996857
4998650
4999565
5002155
5003472
5005641
5007409
5009137
5009678
5014372
5026457
5045730
5047781
5050077
5053289
5054455
5054999
5056667
5065384
5066440
5067522
5076075
5076619
5077343
5080942
5081526
5082042
5082552
5083026
5083530
5084550
5085582
5086030
5086369
5086831
5087654
5088349
5089508
5090334
5091424
5091480
5092495
5100379
5102543
5103131
5103786
5105580
5106058
5106525
5107410
5108857
5109370
5112229
5116007
5116127
5124943
5125715
5127691
5128436
5129268
5129987
5132396
5135276
5145148
5181665
5182580
5183742
5184395
5184698
5189264
5190092
5205359
5208036
5208630
5209110
5209400
5209698
5210059
5210298
5210652
5211127
5211374
5211708
5212272
5212799
5212960
5213349
5214434
5216309
5216676
5216906
5217130
5217706
5218968
5226259
5226973
5227738
5228896
5235936
5237056
5237957
5239114
5239761
5257092
5261725
5269779
5271962
5274537
5274867
5276943
5278485
5284940
5288119
5329152
5331095
5356139
5366096
5401688
5408600
5409856
5410510
5411160
5411834
5412415
5413474
5415636
5416666
5419106
5432199
5445018
5474055
5492389
5493325
5494009
5494952
5495991
5497322
5499332
5500659
5501314
5501806
5502805
5503283
5506490
5527711
5539396
5540596
5541719
5542858
5543321
5544063
5547354
5547644
5547909
5548139
5549246
5550052
5550844
5551396
5552281
5552447
5554236
5557841
5558984
5560497
5560711
5561055
5561606
5561994
5562486
5563863
5564383
5564787
5565252
5566097
5566803
5567118
5567444
5567869
5568284
5568683
5569085
5574995
5592270
5592833
5593796
5594645
5595567
5596245
5596857
5597422
5598304
5599019
5600113
5600866
5626829
5633259
5635066
5638409
5639739
5640054
5640398
5641229
5670025
5672346
5672782
5673074
5678646
5687679
5694442
5697104
5697445
5698471
5698942
5699577
5702433
5702896
5703343
5703843
5705000
5706062
5706566
5707449
5708102
5708843
5710734
5720176
5723316
5726179
5738320
5739848
5741654
5746512
5747980
5772176
5774674
5775405
5776755
5777543
5778185
5779283
5781264
5781786
5796061
5797492
5798883
5800641
5804326
5805814
5806079
5808799
5811101
5815270
5819670
5820940
5821434
5859566
5860599
5861514
5866876
5873405
5874119
5875055
5875723
5876049
5893454
5894435
5895166
5896990
5897747
5898290
5899077
5899593
5900225
5900738
5901387
5903112
5903366
5903926
5903990
5904389
5904874
5905399
5907082
5910294
5910390
5913651
5943439
5959081
5959399
5960235
5960813
5961135
5961562
5961622
5962110
5963228
5964411
5964956
5965875
5973520
5974546
5975973
5976868
5979871
5981639
5983833
5992626
5997795
6001249
6002407
6003088
6004263
6005547
6009148
6011849
6013350
6013730
6013933
6014596
6015183
6015630
6015741
6016481
6027798
6043839
6044705
6064686
6065800
6077253
6079758
6079952
6080291
6081125
6086580
6087456
6088017
6090543
6091625
6092091
6093271
6093350
6093997
6095973
6096449
6096924
6097847
6098562
6100127
6111932
6112803
6113565
6114260
6115236
6115761
6116319
6116805
6117442
6118957
6123575
6124641
6126242
6127307
6128457
6131088
6132157
6132971
6133402
6134014
6134318
6134564
6135392
6136205
6136428
6136793
6137083
6137158
6137418
6137763
6137849
6139340
6139746
6140496
6140893
6141967
6144300
6158773
6160817
6162110
6174944
6182931
6193696
6210704
6211301
6212449
6214091
6218149
6218184
6219306
6219504
6220036
6220687
6221333
6232680
6233242
6234213
6236299
6237284
6247101
6247690
6248544
6259989
6260629
6262364
6262991
6267505
6280032
6321302
6321772
6322625
6323262
6324337
6324952
6325691
6326210
6329661
6331448
6332276
6332820
6333512
6334257
6334835
6335497
6369503
6372860
6373416
6380614
6381851
6383751
6384361
6384917
6386322
6387839
6388546
6401148
6401600
6402102
6402479
6402956
6404287
6404953
6405820
6408932
6409360
6411345
6419219
6420347
6420978
6421897
6422936
6424862
6425701
6426600
6427257
6428353
6429187
6429599
6430832
6431777
6432869
6434437
6435330
6435785
6436447
6438279
6443170
6458894
6493638
6494516
6495209
6498383
6503564
6504976
6507334
6507917
6508582
6508672
6509815
6511046
6512383
6513050
6513406
6513441
6513844
6514223
6514772
6515881
6516853
6517007
6517146
6517877
6518404
6519177
6567008
6580002
6582986
6583426
6583943
6584585
6596966
6597734
6599461
6603124
6605140
6605983
6606929
6607484
6609416
6611257
6612739
6613635
6614388
6615465
6616242
6616830
6617535
6620783
6626232
6626585
6626713
6632536
6632943
6633811
6634371
6634997
6637188
6648818
6649777
6651278
6652381
6653440
6654864
6655439
6657393
6657884
6658529
6659069
6660394
6660756
6662789
6663602
6664668
6664984
6665352
6666902
6667803
6668754
6669439
6669531
6671824
6673192
6673819
6674547
6675539
6677499
6690623
6697657
6731231
6751784
6752559
6756775
6757599
6758545
6763546
6764595
6770855
6771489
6811227
6812166
6812513
6813368
6813928
6819323
6832223
6832877
6833449
6834268
6837532
6848775
6854744
6856422
6865847
6868186
6869991
6890517
6892872
6894003
6894683
6896504
6897024
6897586
6898043
6898383
6899006
6899908
6902258
6904324
6906233
6906800
6907694
6907755
6909389
6909830
6910733
6911415
6912731
6913853
6914920
6915497
6916195
6917734
6917908
6918510
6919591
6920941
6921732
6922269
6923176
6924173
6925667
6928583
6929803
6957704
6958263
6960696
6961340
6962204
6962551
6963045
6963725
6964260
6965130
6968283
6969035
6971367
6977613
6978931
6979639
6980630
6982116
6983086
6984130
6985641
6991122
6993264
7014905
7018125
7018898
7018988
7019687
7020231
7022076
7024083
7027182
7046229
7056386
7058805
7059400
7060550
7063177
7064835
7071694
7072677
7084971
7085527
7085991
7086660
7087461
7088309
7090141
7090198
7091259
7091717
7097505
7101232
7116902
7117875
7121724
7122283
7122854
7123783
7124346
7125132
7127051
7129228
7130163
7131098
7132260
7132805
7133521
7136844
7137265
7143348
7144400
7144856
7145934
7149693
7151550
7151855
7152312
7152818
7153901
7154696
7154812
7155265
7155629
7156089
7156580
7162588
7175404
7210911
7213131
7216045
7216644
7217053
7217485
7217982
7219845
7221735
7222579
7223459
7225002
7237551
7249689
7250576
7256783
7262756
7265272
7265941
7266670
7267214
7269249
7270153
7271542
7272556
7273392
7275056
7279376
7280847
7281612
7297222
7298561
7299290
7300776
7304066
7310547
7312356
7314010
7314628
7315423
7317227
7318549
7320724
7329380
7330166
7331140
7333474
7333634
7334248
7335601
7335808
7336100
7336853
7337939
7338473
7342261
7344171
7344738
7348607
7355741
7358010
7359057
7359255
7359429
7360004
7360680
7361244
7362042
7362579
7364553
7368103
7368804
7370091
7371506
7373471
7408122
7419489
7420471
7434007
7435853
7436913
7437412
7438078
7439386
7440559
7441375
7453826
7463016
7463802
7467455
7468746
7469771
7483632
7497482
7501700
7504186
7508418
7508995
7510503
7512660
7522443
7535815
7543106
7546501
7547483
7547931
7551429
7554731
7561060
7563241
7567113
7568232
7578843
7579386
7580244
7583847
7584267
7584827
7584892
7586188
7586602
7589092
7594005
7594558
7595288
7596720
7597455
7598794
7599814
7604220
7605037
7607449
7608865
7609354
7609819
7609891
7610453
7611008
7611635
7612816
7626015
7655242
7655913
7657095
7657637
7658882
7660447
7662329
7663016
7664687
7666421
7667020
7668191
7669357
7674556
7694565
7699909
7700478
7701050
7702329
7707248
7709429
7710647
7714694
7722743
7723292
7723733
7724274
7725335
7725854
7726169
7726337
7726865
7727811
7728657
7729037
7729547
7729823
7730032
7730529
7731197
7732287
7733876
7747245
7750135
7750829
7751660
7752246
7753437
7753952
7754600
7756357
7757667
7758876
7759993
7764396
7766654
7767111
7768463
7782978
7783419
7784748
7786168
7796344
7796856
7797829
7798380
7798900
7799261
7800096
7800475
7800820
7801278
7801888
7803047
7804017
7806699
7807750
7811500
7813689
7814537
7816523
7817431
7819063
7819602
7820025
7820573
7821639
7832392
7834015
7840503
7840608
7841766
7844041
7844675
7844996
7845179
7845616
7846345
7850375
7853562
7855031
7856676
7867155
7871688
7883885
7884715
7885641
7888732
7891389
7892408
7893345
7893736
7895007
7895626
7897377
7902240
7906390
7907235
7908304
7908859
7908914
7910990
7912053
7912517
7912950
7913887
7914521
7916451
7917132
7918500
7919056
7920128
7921120
7928386
7931519
7935559
7936052
7936529
7937182
7938673
7939211
7940313
7940844
7974189
7989436
7994381
7995445
7996427
7996515
8016208
8016725
8017255
8018095
8019682
8021713
8026026
8029086
8033400
8034083
8107959
8108657
8110481
8111108
8111652
8113056
8113413
8114444
8119397
8151663
8152253
8154829
8155348
8155350
8155907
8156599
8157865
8158549
8159242
8160481
8161223
8161673
8162658
8162826
8163379
8164073
8165355
8165800
8167343
8168196
8168565
8169721
8170147
8173099
8179867
8180529
8182853
8186496
8189645
8190542
8191880
8192529
8193515
8199922
8200614
8202086
8204760
8211952
8212586
8213511
8214013
8224464
8248076
8249076
8249638
8251246
8276728
8280493
8288826
8305508
8309273
8320612
8321753
8335302
8353734
8363518
8363753
8375971
8390644
8391104
8392556
8395251
8395984
8415391
8416374
8416437
8416969
8417459
8418030
8418218
8418440
8418955
8419134
8419961
8420425
8421027
8422219
8422731
8423242
8424070
8424786
8425441
8425870
8427134
8429856
8433407
8434789
8436257
8437242
8440559
8441699
8443788
8445812
8446594
8448654
8450004
8460868
8466680
8477661
8479838
8480619
8481422
8481468
8482031
8485468
8486185
8487099
8487683
8488583
8490178
8490701
8493835
8494187
8495279
8497260
8503454
8504477
8505418
8505704
8508440
8525656
8526482
8531038
8559868
8563598
8566934
8569713
8570433
8571131
8571580
8572097
8572769
8573626
8577796
8579573
8582220
8582954
8583555
8586721
8588036
8588683
8589765
8590507
8590947
8591451
8598600
8600340
8604524
8605144
8605752
8608720
8609570
8610397
8611635
8612659
8617138
8618422
8623197
8624121
8624989
8625933
8626676
8629371
8633944
8634875
8637271
8651386
8653289
8653730
8693774
8694322
8694798
8695737
8697225
8698204
8698970
8699557
8702056
8703191
8704939
8705122
8705564
8706405
8709021
8711595
8712317
8713631
8714115
8716229
8719376
8720453
8722171
8723625
8724706
8726946
8747851
8751443
8751841
8752403
8753053
8753530
8754404
8755181
8755815
8775260
8776566
8780467
8801668
8802270
8803065
8803412
8805041
8818911
8825980
8826843
8831124
8836728
8840795
8843599
8845307
8845495
8845656
8846476
8848940
8850340
8888633
8892846
8893404
8895105
8897167
8908090
8909587
8910053
8910647
8911778
8912100
8912354
8913525
8914500
8914922
8915715
8917054
8918493
8919546
8921261
8922872
8936750
8940871
8942334
8961274
8962725
8963586
8964458
8965256
8967357
8968555
8971166
8971869
8973174
8973666
8974073
8975048
9000634
9001337
9002225
9017733
9019241
9019904
9024352
9024783
9025470
9029666
9030235
9030742
9031293
9038237
9038695
9040572
9040896
9041680
9042648
9043556
9044585
9045961
9046588
9047541
9048054
9049436
9050137
9050724
9051911
9052071
9055531
9056027
9056389
9056829
9058311
9062764
9070355
9071577
9072511
9072621
9072973
9073164
9074430
9075882
9077196
9079181
9081334
9081445
9082322
9083631
9084499
9085135
9085633
9086206
9086742
9089148
9090211
9090904
9094787
9095057
9097206
9102508
9103886
9107104
9107701
9108165
9109067
9110517
9111699
9112105
9112648
9114081
9114771
9115186
9116440
9117456
9117945
9119013
9119048
9119495
9123018
9136991
9137907
9139197
9139421
9162052
9162491
9162943
9163820
9165171
9165924
9166500
9167201
9167742
9170388
9171066
9173397
9173778
9174761
9177192
9177831
9196549
9197317
9198552
9209366
9210666
9211210
9211888
9213446
9213530
9214509
9214924
9215592
9216033
9216367
9216834
9217184
9217222
9223027
9224076
9224789
9225362
9226176
9226877
9228295
9228806
9234627
9235734
9236882
9237771
9274551
9276533
9277028
9277822
9280821
9285062
9296043
9300265
9300992
9301646
9303238
9304547
9308532
9327916
9328450
9328888
9329469
9329843
9330211
9331259
9331599
9331988
9332447
9332488
9333777
9334720
9336150
9338057
9343855
9345160
9345627
9349456
9350358
9351114
9351563
9352943
9354009
9354631
9357071
9362743
9364135
9365788
9367250
9367512
9368066
9368536
9371039
9371355
9373239
9378810
9384611
9385606
9387201
9387953
9388483
9390561
9391673
9392464
9393011
9393495
9394041
9394237
9395557
9396296
9404279
9405107
9407595
9410461
9410811
9417946
9421702
9423316
9423816
9424388
9426279
9427108
9452395
9460547
9480305
9481746
9486062
9491970
9492081
9492975
9493594
9494509
9495238
9495803
9496600
9497390
9499854
9500412
9501513
9502612
9504289
9505104
9505542
9508277
9509413
9510916
9513660
9515164
9520983
9523102
9533302
9535124
9544167
9544866
9545435
9548151
9549342
9551924
9554321
9556253
9565248
9565890
9572611
9601370
9601855
9602702
9603710
9603917
9604903
9605731
9614976
9615865
9617816
9618361
9618414
9618877
9620130
9621085
9622839
9623625
9625225
9628993
9630633
9641748
9642392
9643004
9643846
9644340
9644584
9644844
9645222
9645295
9645596
9646966
9647440
9647665
9648572
9655443
9656932
9659709
9660513
9664121
9676433
9677708
9678257
9678781
9679263
9680581
9686311
9688509
9690328
9690631
9691257
9692246
9692367
9692784
9693253
9693929
9694616
9695192
9695947
9696711
9697265
9699976
9701761
9704614
9705057
9705435
9705827
9706325
9707127
9707744
9707839
9708895
9709422
9709909
9710576
9712088
9713000
9713716
9715541
9716032
9717182
9719734
9723431
9725329
9727071
9728603
9728666
9733064
9733827
9734044
9735180
9736009
9739488
9743055
9743318
9743811
9744071
9747226
9758525
9759888
9761832
9762225
9762592
9763104
9763539
9763963
9765726
9767507
9776230
9778483
9778548
9779127
9780525
9781506
9784896
9786935
9787706
9788739
9789085
9789897
9790314
9790968
9791202
9791285
9791793
9795780
9796202
9797158
9798208
9800550
9800996
9801922
9802520
9812101
9812933
9819574
9821694
9822203
9822731
9827308
9828623
9835658
9836722
9841185
9843419
9854816
9855643
9856795
9857616
9859521
9862010
9876548
9877133
9879097
9879935
9880541
9903502
9905064
9905390
9908831
9910843
9910903
9920084
9920651
9923491
9923877
9924300
9924351
9924796
9924948
9925285
9925752
9934495
9939042
9942935
9943381
9944041
9958634
9958993
9959459
9960085
9961587
9962688
9964070
9966664
9968335
9971290
9972586
9973157
9973830
9974844
9975710
9976339
9977021
9979719
9982917
9985113
9987107
9989732
9990428
9991373
9992950
9996152
9998127
10002155
10002791
10021719
10022282
10022786
10023409
10035594
10036057
10045552
10048614
10050471
10050544
10051012
10051135
10051165
10051390
10052370
10052867
10054522
10056421
10057467
10058911
10060709
10061469
10063755
10064462
10065209
10065238
10065633
10077766
10078690
10079479
10080197
10081449
10083431
10084215
10084719
10092770
10095165
10095619
10096095
10096942
10097815
10098950
10100771
10109242
10116142
10119160
10122733
10124076
10127116
10128926
10130853
10131638
10132761
10133147
10135327
10135637
10138934
10141240
10142348
10143972
10145825
10155565
10156522
10157171
10157910
10159045
10161180
10163053
10163623
10165598
10166218
10167415
10168505
10174404
10175354
10175842
10176434
10178305
10195975
10197470
10197668
10198908
10199685
10200295
10202037
10203257
10204106
10204774
10205430
10207621
10208518
10209031
10214380
10217715
10218717
10225159
10226556
10227266
10229257
10229785
10230302
10231810
10235978
10240847
10247918
10251405
10253277
10262670
10263310
10266270
10268473
10277509
10280045
10284347
10284838
10285392
10285960
10286552
10287006
10288199
10288704
10289311
10289830
10290307
10294001
10295013
10295541
10296089
10296326
10297159
10298052
10298625
10299656
10300827
10301407
10302210
10303161
10306758
10320829
10322182
10322928
10350121
10351326
10353754
10354981
10357306
10367019
10367862
10368456
10374793
10375433
10382572
10398772
10399521
10400229
10401485
10401931
10402344
10402789
10403227
10403765
10404295
10406358
10407096
10408060
10408866
10409750
10410463
10411069
10412340
10414216
10414901
10416107
10418110
10427029
10440237
10461861
10466884
10467740
10468380
10468776
10469504
10483267
10486458
10486767
10487878
10488746
10489758
10490217
10491404
10493218
10494151
10499021
10500207
10503236
10507112
10509308
10521615
10525604
10527437
10528492
10531316
10532753
10534983
10541438
10542161
10542999
10544053
10547389
10548418
10548622
10548872
10553339
10554943
10570508
10571903
10573975
10574475
10575000
10577156
10585614
10586193
10586611
10587031
10587419
10587997
10589134
10605350
10606051
10606511
10607051
10607840
10608602
10609360
10611277
10614007
10617965
10618682
10621812
10622373
10623219
10624694
10626149
10627187
10627658
10628095
10629126
10629681
10630554
10631079
10631960
10637814
10638808
10640228
10649264
10650308
10651147
10652267
10652941
10653949
10656458
10657359
10657805
10660692
10662354
10663257
10663859
10664528
10665595
10666476
10670118
10681531
10682083
10683814
10684823
10686696
10689157
10689807
10689991
10690590
10700458
10701361
10708417
10711580
10712992
10716334
10719269
10720001
10722052
10723857
10726239
10727622
10728870
10730914
10732642
10733466
10734148
10749733
10750722
10758691
10759613
10760429
10761397
10762712
10770214
10801950
10802091
10805545
10805913
10807041
10808239
10810565
10811491
10813744
10819565
10821124
10822185
10822898
10845942
10846536
10846559
10846947
10846982
10847732
10848322
10848833
10849816
10850864
10851456
10852068
10852754
10854613
10855764
10867091
10872195
10872787
10873624
10875149
10875861
10878595
10880496
10892247
10898219
10898783
10900880
10907099
10932683
10936666
10937710
10938854
10945017
10947267
10947844
10949414
10949988
10950910
10951494
10957681
10971437
10972032
10973832
10974770
10975922
10978931
10980807
10982958
10985851
10993674
10994799
10997558
11000544
11001468
11002477
11003184
11003435
11004416
11005608
11006992
11018650
11020680
11025009
11033170
11034653
11044558
11045297
11045803
11046661
11047152
11047618
11048047
11049177
11049842
11050944
11051055
11066798
11067258
11087758
11095624
11097210
11098540
11100881
11101444
11102342
11104972
11124767
11126858
11133264
11134034
11138857
11143320
11154004
11154895
11155593
11156806
11159080
11162456
11164501
11165171
11175154
11175398
11183337
11183755
11184263
11185500
11186211
11187486
11188502
11188954
11189819
11204525
11212896
11218967
11219801
11220359
11220893
11221441
11222088
11223367
11227162
11228674
11229143
11229973
11231364
