3948.396
5373.578
7626.167
9746.457
11513.09
17002.44
17605.02
24534.29
25596.27
27778.97
29456.22
32446.94
33617.77
34333.98
34754.82
35607.13
36035.71
37290.34
38066.33
41315.25
41827.64
42586.83
43528.07
57229
58515.05
68542.32
70636.83
72775.62
80791.4
85015.47
89282.93
95401.78
96032.97
98843.86
99515.55
106050.9
109198.4
127422.3
128074.9
131591.4
135096.6
147502.7
149850.3
153687.1
163505.4
163971.9
164594.9
165463.4
172559.3
175884.4
176677
189834.9
196619.7
213703.7
214243.4
215265.4
215643.2
216037
217355.8
217778.7
230179.1
235415.3
236462.7
247350
277862.5
278751.6
279217.4
280167.9
282539.9
283069.4
283574.3
284788.3
285805.5
286308.7
299214.5
299945.4
304984
318832
321927.2
322916.7
325051.7
329732.9
336077.4
336581.6
337449.9
338312
338653.7
339893.7
340216
340893.8
341824.4
342183.7
349563.6
356669.1
361420
369545.2
370799.2
383001
390232.8
394814.3
395660.3
396295.3
398518.4
401277.1
402400.8
402881.3
402969.2
403492.5
405453.6
409624.4
416418.9
417340.6
419842.2
420747.8
457025.9
458752.7
459543.2
460138.4
461794.7
462795
492017.9
505527.6
507419.3
509900.7
513694.8
514348.3
518496.7
521001.8
522157.2
525192.5
529598.5
530188.7
531328.5
531493
547474.6
552752.2
554514.1
555264.4
557069.2
569867.1
570916.6
581455.6
583313.4
585885.4
588703.6
624632.4
625168.7
625784.1
631404.7
639019.6
640887.7
649772.7
656195.6
665233.2
674908.1
675478.3
676030.9
676591.6
677613.4
678355.8
688372.8
690101.8
706600.6
707292.9
708423.4
710643
711527
712994.8
715057.3
717825.1
735101.2
742486.4
746816.7
748301.2
751485.2
752305.1
752917.9
753410.6
755000.1
755630.7
756555.5
757235.7
757772.4
762083.8
763473.8
765660.7
767182.6
771008.7
773056.9
774587
801481.3
802102.7
803381.7
806937.1
817829.8
820456.4
831606.1
843139.8
844336.9
846017.5
849180.3
864726.5
868132.5
868910.1
872445.5
873889.6
874384.9
876172.9
876980.4
900746.2
902467.9
905899.8
906760.6
907474.2
907970.1
909095.4
910570.8
918375.6
959951.2
965756.1
966928.7
969113.6
970161
972819.3
973538.5
985208.7
990044.4
994953.4
995514.6
997450.9
1013772
1015923
1021654
1023131
1026087
1038218
1048474
1050883
1059006
1071136
1072225
1072606
1074006
1074856
1075699
1076318
1077649
1084580
1092505
1100229
1116222
1118783
1134040
1134549
1138433
1154799
1156599
1184434
1201027
1218705
1221944
1223514
1225825
1227176
1231305
1250603
1253054
1271302
1275440
1283072
1284718
1286638
1289132
1290983
1291914
1293920
1295071
1304509
1314911
1315659
1318884
1320140
1320926
1322421
1323358
1325835
1353692
1354367
1355304
1356888
1359684
1361353
1374678
1378821
1380700
1383132
1383713
1395652
1406307
1406906
1414859
1432337
1435366
1435965
1436820
1437390
1438104
1449158
1454508
1455393
1468975
1470147
1478187
1478891
1507544
1508359
1509351
1509788
1523603
1525757
1533814
1535462
1536464
1541758
1542729
1554409
1563757
1564426
1564904
1566059
1585517
1586295
1587248
1587836
1607214
1608416
1609007
1612388
1616399
1622117
1626586
1633373
1654821
1656408
1657868
1658667
1659872
1667704
1675111
1681712
1725497
1729784
1732734
1733653
1734222
1735605
1737557
1742217
1744138
1748479
1749561
1750989
1751975
1755882
1756519
1757743
1771048
1771098
1774161
1802146
1806925
1807693
1821173
1827336
1833270
1833887
1834332
1834954
1836016
1853828
1855894
1857096
1857193
1857607
1859026
1859567
1860453
1899254
1900594
1901683
1931525
1937126
1938843
1957174
1963135
1965755
1967932
1969582
1970220
1973348
1980532
1984897
1993913
1998507
2011858
2013049
2018684
2025474
2030303
2038713
2039609
2040121
2040664
2042812
2045486
2052073
2052629
2053953
2068039
2069055
2071240
2082988
2083976
2093355
2094705
2095544
2096064
2096455
2107791
2131622
2132450
2133271
2136147
2136208
2138178
2139721
2142564
2145151
2145765
2150366
2154590
2157081
2178258
2180015
2181726
2183604
2187079
2189030
2203304
2204669
2205770
2206466
2215574
2218305
2218962
2219481
2228744
2229204
2266415
2272285
2273439
2274745
2276039
2278530
2279388
2279941
2280630
2281591
2282637
2283738
2284703
2308127
2313769
2320195
2323872
2327801
2328944
2332770
2333563
2334815
2335456
2338372
2341618
2343309
2344039
2344924
2347799
2364850
2370511
2374590
2386824
2387445
2388072
2392384
2395239
2395846
2412777
2429149
2430629
2431413
2431972
2432693
2433395
2434685
2435395
2437552
2439395
2441826
2447608
2454339
2462444
2464848
2465573
2466800
2467124
2469711
2471769
2480255
2484760
2485248
2485653
2487673
2488619
2489687
2494693
2498083
2501194
2501781
2509706
2511291
2521191
2532710
2533428
2534962
2538556
2540827
2541325
2545721
2546245
2547943
2551567
2556433
2561365
2577990
2587514
2587958
2588906
2590050
2591356
2592718
2593123
2593522
2594016
2594528
2595120
2595627
2596620
2597491
2616426
2622594
2623588
2624262
2627648
2629049
2629782
2630870
2631567
2635490
2636510
2640071
2643631
2661218
2662685
2664204
2679921
2705616
2715457
2719477
2721155
2722327
2723137
2724593
2733064
2734082
2747340
2748112
2748493
2753109
2757688
2759601
2761176
2766971
2779938
2780422
2781557
2789175
2803628
2804985
2805331
2806324
2811475
2812442
2818855
2823242
2835941
2840884
2843617
2859478
2862101
2865554
2867205
2870982
2872476
2873439
2889359
2907512
2912846
2913387
2914581
2914781
2915898
2922250
2923180
2924020
2924328
2924848
2926408
2926482
2927997
2928732
2930641
2948759
2955609
2956447
2957019
2967280
2970622
2974215
2975075
2979049
2979636
2982548
2984829
2986906
2988013
2988986
2990148
2992568
3004331
3005485
3007041
3028773
3028816
3029345
3029977
3038177
3040746
3044748
3045443
3046775
3054159
3056289
3065072
3066799
3067394
3067890
3069435
3070640
3072476
3073677
3090417
3092458
3093196
3096045
3098609
3098940
3113813
3152641
3157286
3162221
3165320
3174065
3183167
3197271
3198992
3203050
3203433
3203792
3204207
3217452
3223145
3229622
3232456
3235424
3261554
3262300
3263368
3264439
3265441
3265866
3266261
3271053
3284879
3286260
3288325
3293389
3298733
3302697
3309834
3315051
3326244
3332309
3334194
3334932
3335718
3336372
3336489
3337951
3339411
3341405
3351390
3352186
3352717
3367879
3368446
3369996
3370836
3371581
3372098
3373639
3377256
3379161
3387709
3406395
3434601
3436240
3438941
3445348
3452283
3453363
3454960
3460117
3468791
3470332
3471426
3473113
3479478
3486699
3504847
3531968
3533069
3554561
3560438
3566718
3568658
3569601
3571243
3575226
3576055
3577336
3578146
3579235
3604486
3606695
3607960
3619918
3622745
3629653
3647040
3648044
3654347
3654821
3656274
3667322
3667844
3674775
3686013
3688131
3691667
3698556
3701568
3703935
3705669
3716567
3718265
3719353
3722272
3723234
3726195
3728047
3729902
3730537
3732468
3762640
3763028
3763410
3764752
3768926
3771341
3772495
3773364
3774387
3775452
3779018
3800452
3803313
3804481
3815293
3820502
3821326
3831730
3832453
3834985
3850929
3853775
3854492
3855884
3856539
3897416
3898355
3899976
3901007
3901399
3909756
3941120
3946863
3956902
3960572
3966843
3968614
3974294
3974457
3984149
3987236
3988337
3989203
3989824
3990592
4008091
4018983
4019526
4019934
4020480
4021314
4026432
4031178
4071677
4072893
4085628
4093624
4109899
4110631
4113965
4115507
4126774
4128174
4129367
4133772
4135870
4154292
4167308
4179461
4182233
4183041
4195565
4196165
4198438
4210882
4211331
4213431
4224529
4237022
4252313
4253912
4255730
4258746
4263277
4271314
4273559
4288741
4289751
4290836
4293368
4294565
4296218
4301876
4310734
4311312
4312025
4314655
4319040
4319819
4320807
4323294
4325974
4328654
4329475
4330857
4332758
4333652
4334436
4335346
4348099
4349232
4350541
4351918
4353747
4354459
4397953
4399152
4411396
4414474
4415866
4437301
4437425
4437877
4438333
4438786
4439143
4439524
4441619
4442393
4463786
4464461
4475450
