34195.72
75472.06
77551.39
79108.9
157728.2
159121.8
159511.2
160006
160562.4
160992.8
164282.4
164750
165371.2
165717.6
166556.5
169083.5
169803
177605.9
180696.6
181268.1
183013.9
183792.4
184201.8
276748.4
283264.1
284058.7
284374.4
285490.9
288832
288857.6
290261.5
293480.3
295297.1
295647.3
296232.2
296781.9
297768.4
299314.7
300058.1
300673.3
303183.8
303737.2
304625.8
339874.5
340445.5
377272.7
378044.1
378579.6
379458.1
380051.4
381103.1
384457.6
387108.9
387618.9
388134.7
391119.9
391725.3
392398.4
392676.4
392837.6
394494
397681.1
398424.6
400165.8
402383.5
403148.2
420823.5
423505.5
424232.8
424672.3
425199
427556
428772.5
429316.7
429986.2
430407.4
430489.7
430907.7
503421.5
503813.3
504316.7
504627
505050.5
505639.9
506632.1
509920.3
536310.7
537586.5
538933
539600.5
540469.4
542805.3
557305.2
557906.1
558461
559018.1
559615.4
571896.7
572007.7
581299.5
600015
624422.7
624847.3
625273.1
625667.6
626367.9
626697.7
627015.3
627623.8
628149.5
628467.2
628818.6
629191.2
630567.5
631130.8
631882.5
633772.8
634579.1
635211.4
671408
673315.3
673683.6
674357
674628.8
679418
679780.2
680220.1
680634.5
689446
689835.2
741545.8
743637.1
746581.9
747782.6
748669.5
749074.5
751412.8
774585.3
775719.5
776362.4
777156.6
778176.3
780646.4
781144.4
783167
784241.9
785523.7
788353.7
803102.6
864832.8
865400.2
865759.6
866063.3
866851.4
867144.2
867687.7
870755.5
871263
871717.8
872282.6
873032.9
945362.6
947818.3
950591.1
952082.6
952660.8
953048.1
953654.6
954859.6
977438.2
978939.8
979457
980272.1
982395.9
1029375
1033193
1034595
1044158
1046168
1080974
1082025
1082416
1085458
1085794
1086084
1086947
1087840
1090272
1209525
1210829
1211174
1211438
1211685
1212609
1212806
1212992
1213191
1213376
1213750
1214374
1214576
1215545
1216355
1216915
1217846
1218998
1219379
1220351
1221153
1222418
1225834
1226278
1227013
1228968
1229835
1232455
1246661
1247131
1263113
1264418
1264961
1265690
1267588
1276908
1277787
1278986
1279422
1280925
1281575
1282805
1284701
1285469
1285961
1286468
1287559
1287991
1290977
1350055
1350489
1351599
1352502
1359676
1363314
1369889
1378379
1405205
1407946
1409122
1409967
1424224
1424902
1425997
1426392
1426880
1427659
1428416
1431211
1450996
1477713
1507439
1509351
1509832
1515304
1516230
1517958
1518417
1518808
1519725
1521431
1521861
1522278
1541942
1543669
1544595
1571810
1573219
1573542
1574764
1575950
1576420
1577023
1578312
1579527
1579772
1580031
1580290
1582409
1584159
1584484
1632909
1634441
1636587
1640271
1643392
1649648
1652785
1657953
1658521
1658996
1659702
1660399
1719927
1720660
1721381
1721930
1725943
1727443
1729291
1769851
1771377
1772423
1773174
1774032
1776944
1777556
1800284
1803279
1804186
1811875
1812635
1813741
1814039
1815134
1817324
1818713
1821178
1846569
1847334
1847791
1849196
1849799
1851640
1852299
1853092
1853415
1854228
1854627
1855248
1857159
1860675
1900326
1901044
1901739
1903410
1904308
1904792
1905710
1940138
1940440
1942186
1943449
1943979
1947264
1949262
1955173
1971167
1973486
1973983
1984440
1993098
2052527
2053293
2054642
2056126
2057624
2058456
2059125
2059744
2067231
2071999
2073538
2073872
2074238
2076539
2076987
2077343
2077710
2078704
2079376
2079781
2081472
2082167
2103565
2106965
2107953
2128521
2145315
2145719
2146104
2146581
2147836
2150522
2152916
2153622
2219984
2221079
2223223
2225187
2255660
2264669
2265990
2268092
2268626
2269632
2271818
2278639
2280218
2282207
2283131
2287422
2289883
2291470
2292370
2294144
2296425
2297266
2299084
2302093
2303785
2304805
2306877
2317318
2321227
2321900
2323210
2324315
2331233
2374927
2377974
2378477
2379564
2380363
2382305
2382707
2384370
2387693
2388215
2388709
2389886
2437879
2443485
2443921
2446233
2456276
2456814
2457371
2460778
2469708
2470250
2470909
2471978
2485255
2486119
2486797
2487536
2487851
2488473
2488763
2489087
2489439
2504770
2515642
2517076
2540024
2545948
2565753
2589619
2591484
2626426
2627246
2627729
2628208
2628918
2629422
2630565
2641144
2642011
2643411
2667156
2677121
2678759
2679306
2701078
2702207
2703113
2703644
2706350
2710040
2714365
2716271
2756572
2757507
2757875
2758426
2760222
2762814
2763615
2763893
2765335
2765636
2766940
2768510
2768889
2771377
2776361
2784442
2789778
2792346
2794730
2795567
2820980
2823389
2824051
2824830
2825277
2826639
2827040
2827345
2827721
2829601
2830924
2831356
2834122
2835381
2835922
2838899
2839610
2841276
2843682
2844870
2845964
2850682
2852881
2862596
2862963
2863440
2863972
2864362
2865393
2905565
2906661
2908602
2909284
2912789
2915508
2916250
2918657
2919740
2920243
2921318
2921895
2923656
2924973
2931917
2971117
2971441
2971714
2972470
2973420
2973659
2974254
2974987
2975443
2977266
2978517
2987492
2988665
2993602
3001633
3002961
3004293
3005365
3006167
3006433
3006967
3008086
3008974
3010301
3036462
3037047
3037464
3037966
3038615
3041217
3041976
3042891
3081425
3082385
3083114
3083323
3083724
3083927
3084730
3085342
3085545
3085750
3085974
3086203
3089183
3089666
3090832
3095139
3118840
3121192
3121730
3184518
3184979
3185691
3186238
3187850
3190011
3202075
3206027
3207169
3208007
3209348
3210906
3211941
3262077
3265873
3276897
3277490
3281147
3281925
3282334
3286473
3287787
3289720
3295257
3328250
3329005
3330123
3330702
3331102
3331750
3332956
3333843
3335426
3357872
3359610
3362160
3369040
3372218
3373403
3374666
3375478
3376440
3378289
3403295
3411420
3412463
3413598
3438235
3439103
3439411
3439864
3441646
3442371
3442921
3443766
3444378
3444684
3445372
3446076
3446563
3447791
3474511
3493421
3494589
3542338
3544204
3578393
3606137
3607761
3608367
3609353
3609679
3610008
3610760
3611686
3612288
3614182
3615806
3617427
3623888
3624392
3625607
3626845
3628074
3629176
3659987
3682126
3682858
3691055
3693104
3693732
3726727
3729267
3729794
3730262
3730732
3731215
3731768
3735368
3755746
3779136
3800517
3801515
3802179
3802924
3806537
3807153
3807580
3810675
3811188
3813556
3820094
3820862
3821504
3831954
3834147
3834923
3835588
3843255
3843824
3844770
3845769
3847720
3848126
3849054
3849879
3850494
3867106
3887539
3889408
3890558
3891395
3891930
3893231
3893702
3895937
3919385
3920425
3921145
3937837
3950756
3973186
3984122
3988511
3989753
3990684
3991084
3991803
3992228
3992909
3993264
4027223
4028429
4028922
4029265
4084315
4085285
4085779
4086584
4089083
4090004
4090453
4092343
4098486
4105755
4107111
4108037
4109139
4110271
4110634
4113249
4113763
4114421
4117825
4118197
4119081
4120516
4120998
4121682
4124081
4177114
4179838
4180292
4181084
4181944
4182896
4183289
4183666
4192982
4193398
4195511
4195844
4196659
4197626
4200011
4240724
4241735
4269884
4281079
4281571
4282142
4282532
4291628
4292229
4294059
4295329
4298878
4300664
4303097
4308180
4313367
4314260
4318725
4320763
4322863
4323178
4323560
4324431
4325023
4326701
4329338
4330029
4333230
4333737
4334280
4334668
4335154
4336312
4337828
4338936
4341354
4367180
4368528
4369355
4370186
4370732
4371127
4378847
4380954
4383136
4386725
4390779
4394023
4463824
