8377.563
10344.84
21645.83
24611.74
31113.68
33311.58
36100.76
50069.53
53343.93
58849.42
59806.49
67889.49
69764.74
73538.76
74626.94
74901.13
75571.46
75919.07
76034.23
77068.95
86064.25
86984.78
96605.73
99984.14
101981.7
114610.3
114610.3
114672.6
120928.4
122955.4
139756.4
147855.7
150182.2
156289
157272.1
157632
157671.2
162042.2
162775.9
163521.1
163917.6
165071.4
165150.5
166126
166161.9
167231.5
167837.2
168153.2
177666
186725.8
189456.9
191442
204434.8
204503.4
207881.5
210745.7
214823.6
223100.3
225799.8
226632.2
228355.8
239363
240379.6
251328
252063.1
259366.3
269534.5
278963.3
282684.7
282730.1
294566.3
294977.9
297005.1
297364.7
302567.2
303851.3
308834.5
315673.2
333823.6
334922.3
337415.1
337454
338040.4
340983.7
341025.3
343647.8
345982.6
377792
386066.7
386965.6
390835
393612.4
399814.8
400285.8
401905.5
422528.4
424896.6
425265.5
426166.5
426311.1
426892.5
427192.5
427855.5
428291.6
428522.8
429486.9
430118
452080.8
474612.1
475196.5
483377.1
488295.6
503709.5
508787.3
518962.7
520879
528903.7
537900.3
552379.3
552422.1
559234.3
571239.7
599457.9
599920.6
601302.2
602278.6
604726
624350.8
626664
627305.5
627880.1
629588.9
636515.8
641341.6
655273.2
660377.6
664080.8
665057.9
665932.5
672050.3
672822.2
675512.3
677414.4
677847.8
678188.8
681178.5
683387.7
686036.5
688469.3
690205.8
691529.5
712569.5
716942.8
726319.6
728505.6
738234.8
740539.5
740939.8
741412.9
745466.9
747396.4
748173.3
749748.8
752788.1
771978.5
775094.4
777202.6
778765.2
779214
781422.7
781670.2
790216.4
795524
800538.8
806642.2
807641.2
816509.2
823683.9
825497.3
826064.8
827229.3
827422.6
828436.3
829785.1
830105.9
832218.4
832227.7
834765.7
840408.3
842540.3
849986.5
852111.4
856228.7
860713.2
863943
867501.7
868391.7
871328.4
872654.3
900551.6
903023
903183.8
909131.6
913214.1
914257.4
922048.8
927496.2
933738.4
934528.3
942728.1
944098.5
945206.3
947650.9
947689.3
950151.6
951056.9
964175.2
977065.8
991968.5
995613
1001309
1002221
1002285
1007699
1013597
1017899
1019519
1025649
1027298
1030087
1030254
1041442
1044848
1049733
1055777
1060935
1062622
1070761
1072020
1075165
1086101
1086181
1086549
1088829
1116557
1116557
1128665
1133929
1137974
1140339
1142932
1143409
1145525
1153669
1154701
1154867
1159514
1170974
1176835
1189779
1198004
1208323
1208935
1210010
1210416
1211071
1211856
1211928
1212367
1212408
1213247
1217238
1219761
1221651
1226925
1227872
1229428
1238505
1245026
1257098
1259217
1264502
1266379
1266772
1267171
1273183
1280055
1280149
1282726
1285238
1287211
1289447
1289864
1291402
1292222
1293622
1296603
1302504
1310085
1316819
1321344
1331123
1350682
1351563
1351910
1377805
1378170
1388689
1390959
1393788
1399073
1402719
1412987
1413520
1419286
1441060
1444225
1447270
1453439
1454976
1456346
1458208
1458565
1458713
1460643
1477921
1482477
1485708
1487429
1487987
1489167
1489461
1490312
1490764
1513382
1513620
1516726
1517538
1519023
1520091
1520324
1520434
1523303
1528148
1535898
1551286
1551768
1553001
1553157
1558662
1565984
1567828
1575244
1577447
1577660
1578101
1578536
1578564
1579030
1580528
1581085
1581627
1581883
1582142
1582606
1583018
1583564
1586582
1595968
1597738
1602761
1608548
1610304
1613651
1615113
1622231
1630022
1631489
1632233
1638727
1640604
1643940
1655606
1657090
1657531
1658209
1661149
1661191
1673983
1697827
1698157
1700820
1708367
1710347
1714017
1720767
1723071
1724531
1725779
1726375
1731385
1734963
1746838
1749197
1750745
1752127
1759465
1767177
1768492
1770571
1773603
1776162
1779516
1779769
1780340
1804820
1806012
1808787
1810097
1811220
1811426
1813019
1814617
1814765
1816623
1819653
1820753
1828973
1830922
1832396
1843110
1845008
1849945
1850456
1854911
1856317
1856459
1856913
1858785
1859192
1859570
1859906
1876445
1877085
1888206
1903954
1905162
1909476
1911395
1922508
1936161
1936407
1936462
1939662
1940076
1941199
1941887
1942706
1943015
1948478
1949906
1950411
1951237
1954015
1954624
1967137
1968909
1970202
1972695
1974428
1976864
1998769
2002788
2005169
2023548
2026561
2028925
2038186
2039349
2044049
2044061
2048826
2049958
2052942
2061405
2066293
2067830
2068866
2069024
2069671
2070215
2072535
2073752
2075449
2075911
2075952
2077067
2078579
2080145
2080761
2092785
2093341
2097843
2103475
2106432
2107729
2116900
2124503
2124701
2127363
2145686
2153845
2154255
2157294
2162938
2165211
2170510
2173642
2177995
2178359
2180046
2183950
2186380
2188864
2192626
2209832
2214480
2216015
2217301
2223024
2227891
2261889
2265060
2265286
2266131
2267571
2271402
2283840
2286516
2288947
2295693
2296200
2297030
2297671
2297807
2302884
2303336
2306205
2311535
2314503
2315131
2315848
2316823
2320418
2322377
2347158
2349212
2350661
2351401
2352555
2361363
2362752
2364158
2369610
2372604
2378664
2383056
2383396
2383447
2383792
2384420
2384437
2384727
2385304
2385444
2386916
2403213
2414918
2415606
2415775
2425913
2428625
2431429
2433599
2434971
2435235
2436621
2437924
2440571
2443785
2447345
2453341
2457411
2462548
2463615
2465897
2469206
2471454
2473115
2476265
2476599
2480165
2486459
2487269
2487588
2488351
2490466
2491045
2498189
2500666
2509031
2518260
2522131
2523728
2526255
2537363
2556257
2557206
2560254
2561954
2570001
2571313
2572667
2573154
2574673
2575071
2584981
2585761
2592954
2593002
2604556
2614529
2616413
2617253
2618259
2628561
2630065
2631271
2631332
2640261
2647378
2649602
2652662
2655746
2655748
2658036
2700186
2702880
2703820
2706803
2709734
2714047
2714872
2716177
2724267
2757554
2759875
2760562
2761510
2764252
2767805
2767862
2769606
2781254
2787653
2791520
2815667
2816870
2822618
2822903
2823731
2825993
2829340
2829916
2833376
2836927
2837399
2838466
2842845
2845373
2852193
2852765
2854503
2855402
2862093
2863241
2863241
2863758
2873955
2874566
2881769
2882742
2912344
2913985
2915029
2917251
2918150
2929808
2940867
2940867
2945856
2949050
2957082
2966924
2970764
2971984
2972715
2974641
2976293
2976842
2978062
2981868
2989157
2991658
3005042
3005524
3006693
3007237
3007461
3009267
3009629
3014588
3014718
3016831
3033957
3034522
3035373
3061214
3077909
3079365
3084134
3084327
3084530
3085138
3087897
3094410
3096572
3100484
3104233
3111818
3116347
3119545
3121162
3127003
3155582
3158255
3160712
3168179
3171376
3172529
3175208
3179724
3181181
3182000
3182577
3184484
3186700
3188283
3201141
3202240
3202659
3203313
3204807
3208625
3212031
3213287
3214314
3214584
3217454
3220076
3223407
3225385
3226990
3227629
3229171
3230842
3240417
3241206
3244729
3247711
3249198
3263177
3264177
3268895
3270930
3270986
3273152
3278094
3278424
3278518
3278929
3279841
3282687
3282937
3283879
3300659
3301579
3304577
3308966
3324117
3326608
3329560
3330904
3332254
3350302
3355624
3356398
3360650
3366489
3367435
3368224
3371491
3377653
3388742
3389450
3401806
3402301
3404397
3405610
3406539
3407106
3408607
3412019
3415401
3423897
3425172
3425820
3431070
3437965
3438065
3439747
3440237
3440954
3441153
3441721
3442439
3443032
3443081
3444764
3445072
3446650
3449793
3453339
3455781
3456174
3457814
3459565
3530826
3533554
3535101
3541217
3542598
3543034
3549538
3551771
3557170
3577301
3608757
3609646
3610347
3610389
3615393
3624723
3626209
3630274
3645016
3646496
3658798
3672593
3673005
3680483
3681239
3688524
3689303
3693442
3696438
3708360
3708975
3709189
3724287
3726324
3727217
3727933
3728405
3732865
3734212
3737580
3765879
3777349
3790077
3792586
3805956
3808116
3808546
3809193
3812627
3814714
3827806
3839711
3841361
3843571
3843629
3847054
3848549
3848934
3849030
3849434
3852121
3856519
3870336
3880817
3880853
3881639
3891105
3892834
3894186
3899852
3907336
3934167
3939916
3942802
3943553
3950201
3950955
3951435
3951986
3952119
3953626
3953660
3959546
3960955
3990037
4012369
4017801
4028018
4030233
4030964
4055211
4063217
4073006
4077354
4086487
4091061
4094704
4097534
4103973
4106254
4106751
4109671
4111378
4113805
4120078
4121913
4122799
4127196
4129450
4130000
4134783
4141667
4147878
4149797
4153296
4155118
4155385
4155853
4155853
4156272
4156324
4160349
4182293
4182513
4184027
4184421
4187303
4194715
4196227
4212199
4223855
4236063
4242322
4270099
4285411
4287232
4288819
4290883
4291239
4293237
4297493
4299881
4301960
4304889
4309052
4309293
4312048
4319457
4320125
4321435
4322022
4324023
4325541
4330375
4333399
4336662
4338568
4339773
4354181
4355089
4355610
4359411
4366200
4372514
4373641
4378347
4385885
4386503
4387876
4396097
4405280
4417595
4422053
4434610
4436793
4442996
4447271
4451674
4454399
4456290
4458025
4461344
4465028
4466993
4473861
4477083
