1960.422
2330.995
3109.484
4332.923
4980.83
5532.789
20276.51
21584.63
22089.04
22546.45
23457.71
24404.65
24891.36
27625.25
29913.31
30597.36
31464
33148.59
49960.56
67736.23
79104.55
85361.19
91881.49
92263.61
92898.92
93441.89
94495.3
95155.76
95553.82
95993.74
96566.16
97246.86
98969.45
99518.64
100673.3
101786.8
109149.3
118773.5
119437.4
120389.7
120786.5
121160
121640.7
122371.2
122803.9
123598.5
123973.3
124452.8
124992
125343.6
125808.3
136457.7
137027.8
137785.4
138346.6
139342.1
140140.7
152340
155686.6
158329.6
159369.3
160139.8
160901.7
161442.3
161777.4
162641.6
163389.4
172167.9
173763.6
176907.9
177845
186804.5
189191.9
192221.5
198405.6
200547.7
201997.8
204773.4
205704.7
206132.8
206693.6
209297.9
212805.8
215956.9
217038.3
218338.6
221513.8
222921.2
223930.9
225398.4
225941.5
226780.5
227253.3
227940.6
228443
231475.8
231859.9
239146.2
239775.5
241638.8
242112
242187.5
242505.5
243417.3
244045.7
248060.6
263384.1
263804.1
265722
266084.1
266558.4
266877.6
269678.1
270038.8
270692.4
271913
276002.7
280454.7
281292.8
281934.7
282370.4
290867.8
293744.5
294316.1
294700.4
295905.4
296298.7
296902.5
297166.3
297459.7
298097.7
298963
300429.7
304822.4
306033.9
307124.4
309213.1
318139.4
321167.8
321923.9
323672.6
326925.3
330264.8
331671.1
335493.4
336445.6
338592.6
340813.5
342595.4
343473.3
344698
346362.6
346778.2
347497.8
348134.9
348621.1
349162.9
349659.2
350131.6
350606.7
351181.2
351922.3
352835.4
369212
370114.6
371397
372049.6
373371.1
374285.8
380791.6
381882.3
382713.8
383288.2
383898.7
384798.8
385298
386331
387358.5
388027.2
388555.4
389034.2
390007.6
393410.5
402424.7
402819.5
403605.8
404297.3
404920.5
405536.3
405832.9
407686.7
408704.8
409520.9
409914.9
410260.4
411123.9
413212.8
414095.1
415100.1
418234.7
418728.1
419251.9
419745.3
420167.8
421108.8
422144.9
422817.4
423274.7
423785.1
451385.1
452230.5
454985.4
465507.4
469521.7
478563.8
482967.1
483596.4
483953.2
484546.1
486299.8
486826.6
489563.6
497323
497963.1
501152.1
515533.3
517455.2
521135.7
525444.1
527304.9
528277.5
529721.5
531175.1
531833.3
534091.2
534149.4
534576.9
534744
536971.3
537917.3
538594
539044.3
539721.4
540275.2
541171.8
541740.2
543997.7
547961.4
549117.8
550004.4
550644.3
550758.1
552989
555466.7
556612.2
559218.7
560120.6
562242.1
567365.6
570957.4
572296.9
573117.8
575349.8
585856.4
598539.2
599460.5
600340.6
601644.2
603811.3
606881.2
607856.4
608356.9
609149.5
615125.1
615508.2
616110.2
620501.4
622166.4
623101.2
631815.1
640293.6
641169.6
642811
643747.1
644861.7
645589.9
646444.3
646887.6
647404.3
648534.1
650951.8
651186.9
651569.6
652259.3
672435.1
675786.1
677272.6
678164.3
679250.2
684498.9
688531.5
688749.5
690504.6
694883.5
698008.5
711817
715860.5
717275.5
718882.1
720706.4
722567.7
725584.3
740172.2
741376.5
743025.8
744393.4
745111.4
745866.9
746388.6
746920.2
748055.5
748938.5
751503.7
752561.8
754380.6
759284.1
761270.5
761466.3
762715.6
766661.2
769389.6
770255.3
787310.1
790324.6
803276.2
804428.9
805261.2
805797.5
806525.9
807147.6
809768.3
817835.6
818922.7
832051.1
833797.3
834469.6
836356.3
837270
838355.9
840054.3
844102
855207.7
858392.9
858874.6
859554.6
860242.8
860754.3
861679.8
862398.7
865028.7
866917.3
867747.9
868285.7
871569.6
872659.6
874026.7
876263.4
881126.4
900417.6
906840.5
907727.5
908179.9
909246
911600.5
912825
913587.5
914803.1
915310.4
915831.1
927185.8
936871.2
936909.6
937932.5
938480
940141.1
945775.5
949795.1
957820.5
958325
958957
959415.5
960212.4
961015.9
961480.6
962939.3
963614
964124.6
964474.7
964854.7
965287.5
976761.9
978108.3
981194.7
988670.3
989481.1
990065.1
990517.5
991445
995610.6
999427.3
1000318
1001305
1001877
1002374
1013220
1013243
1014977
1016386
1017922
1018731
1020604
1035846
1037388
1040694
1047021
1047961
1048570
1049128
1050305
1051321
1051951
1052827
1058145
1058815
1059342
1060162
1060537
1060963
1062254
1063245
1070217
1073800
1094962
1103187
1109095
1115560
1116029
1116482
1116755
1116978
1117530
1118816
1119639
1120120
1126676
1127304
1127719
1128117
1128596
1129287
1129779
1130304
1133182
1133665
1138503
1139207
1140264
1142813
1145855
1146311
1146963
1147636
1148196
1148581
1151065
1151958
1152395
1152792
1153183
1153597
1154452
1161297
1184843
1185800
1187206
1187668
1187761
1192826
1199051
1202933
1203237
1203801
1209842
1210295
1210697
1211305
1211508
1215548
1216439
1218280
1218840
1219362
1220427
1227300
1228258
1228986
1230424
1231019
1233288
1233648
1234390
1235056
1236257
1247361
1248976
1249496
1250698
1253340
1256333
1273935
1274790
1275246
1290861
1303439
1304216
1304710
1305200
1305870
1306633
1313681
1317703
1318711
1319493
1320054
1325312
1325909
1326305
1326765
1327321
1327605
1328565
1331075
1351395
1352869
1353020
1354018
1354533
1354927
1355290
1359613
1371642
1372181
1372738
1373228
1373640
1373993
1374372
1374766
1375360
1381571
1382411
1383390
1393346
1394456
1396764
1403270
1406019
1407050
1411628
1412951
1418945
1419485
1420088
1428632
1429146
1429600
1430360
1438845
1446943
1447489
1447489
1449172
1449621
1459559
1460423
1460909
1478419
1488686
1492105
1498565
1499261
1499808
1500287
1501149
1509315
1509716
1518531
1520590
1522321
1523033
1524515
1532344
1532785
1533632
1534296
1534856
1535580
1536098
1536631
1537221
1548447
1549008
1555289
1557915
1564123
1569638
1573369
1590114
1591317
1591830
1592310
1592691
1593220
1593982
1595623
1596535
1600407
1601013
1602234
1603035
1604484
1605471
1606021
1615846
1617979
1621794
1631585
1643607
1653695
1658175
1690015
1705403
1706329
1712025
1714291
1716708
1727040
1729352
1736407
1737409
1746834
1747605
1749114
1749679
1750156
1750670
1751135
1751689
1752012
1752477
1766835
1768019
1768698
1769632
1770339
1770847
1771532
1771607
1771821
1772634
1775432
1779908
1801580
1802150
1802584
1802969
1803373
1803780
1804195
1804690
1805438
1805959
1812004
1812335
1813325
1823298
1824247
1826306
1827281
1829212
1829538
1829936
1830624
1835335
1835534
1845813
1846304
1846657
1847105
1847572
1847927
1848331
1848782
1849186
1849566
1849871
1850242
1850686
1851254
1851645
1852655
1854461
1855906
1856558
1857157
1857778
1858214
1859061
1859546
1860481
1861269
1862117
1862579
1863449
1864648
1866583
1868117
1870070
1870708
1871968
1873364
1874293
1874715
1875144
1876233
1877155
1878038
1879019
1879568
1883483
1900263
1909837
1910612
1911437
1911594
1913821
1914464
1915437
1915918
1916591
1917279
1934027
1936192
1940142
1952817
1953651
1960287
1965576
1966900
1968157
1969551
1970476
1974358
1981994
1985326
1986701
1992072
1992973
1993960
1995023
1997426
1999318
2000254
2002655
2005734
2016926
2023456
2030763
2031163
2031520
2031962
2032473
2033038
2033966
2049724
2051837
2058525
2071427
2071454
2073553
2074064
2074570
2075477
2075947
2076559
2077820
2079929
2082454
2084061
2090029
2095817
2104011
2104311
2105046
2106479
2107286
2107786
2108295
2108729
2109345
2110205
2110965
2122389
2128556
2132675
2133214
2133214
2133966
2134697
2135289
2135835
2136282
2136677
2159530
2160475
2163978
2164595
2165221
2172125
2178296
2179716
2180923
2182104
2182698
2183138
2184088
2184752
2185499
2186630
2188390
2189397
2190535
2191788
2192225
2192858
2193964
2194570
2195522
2196318
2197236
2198374
2205501
2206419
2207578
2209044
2209521
2210580
2211358
2215803
2217084
2217544
2218026
2219078
2219611
2219965
2220333
2220693
2221055
2221491
2222356
2222912
2223873
2224689
2225862
2226624
2227110
2250250
2266960
2267775
2268482
2271399
2273558
2274251
2274478
2275157
2276156
2276781
2278193
2283728
2286775
2287563
2288155
2288683
2289910
2298792
2301368
2332322
2337612
2338208
2343282
2343547
2343665
2345509
2347880
2348791
2354583
2355546
2370334
2379236
2380854
2381440
2382243
2382856
2383590
2384632
2388217
2389116
2389541
2390091
2390968
2393233
2394047
2396223
2397273
2400713
2403220
2405568
2406455
2407408
2409528
2410244
2411689
2423518
2424377
2425123
2448160
2449675
2449766
2452825
2456585
2461428
2463613
2467176
2477049
2478145
2478531
2481285
2481767
2482494
2502007
2502929
2512864
2513913
2539292
2539652
2540079
2540495
2541003
2541311
2541583
2542378
2543015
2543300
2543570
2543868
2544171
2544467
2545068
2545419
2545777
2546687
2547239
2551196
2551710
2553029
2556842
2558612
2559652
2560766
2563082
2563524
2564402
2564865
2565473
2566081
2566816
2580740
2581150
2582050
2582362
2582748
2583004
2583376
2583938
2584436
2591206
2597158
2608158
2608710
2609427
2611180
2611813
2613351
2614212
2614829
2617288
2619481
2622127
2624507
2627700
2629894
2630300
2634559
2635790
2636482
2636974
2638873
2639452
2640131
2642420
2644916
2647232
2651998
2652500
2654492
2655168
2664177
2667714
2672800
2675698
2678692
2680494
2701267
2701979
2702723
2726711
2727324
2734908
2735713
2753239
2767321
2769285
2777411
2777573
2778747
2779514
2780245
2782847
2787584
2794197
2809929
2823109
2826305
2826698
2827123
2827832
2830506
2831367
2831740
2833874
2854286
2855054
2865789
2869337
2869737
2874542
2882475
2882664
2885671
2887632
2889174
2892917
2893477
2898119
2898698
2899323
2900217
2906079
2906916
2909598
2929420
2938081
2938647
2939577
2941927
2958596
2962247
2966439
2966883
2967497
2968467
2968982
2969864
2972501
2974518
2977788
2981431
2984213
2987439
2996264
3001702
3013745
3020027
3022634
3026577
3047097
3050393
3059691
3068898
3069897
3071224
3072403
3074280
3074777
3075473
3076072
3076913
3077443
3078697
3079812
3081266
3085290
3090837
3096120
3100984
3103523
3110491
3113643
3114469
3116779
3117717
3121016
3126196
3154861
3155516
3156000
3156414
3156973
3157712
3158596
3166045
3166621
3167390
3186337
3189711
3190373
3203944
3206117
3207117
3209252
3210933
3212121
3219514
3220218
3220446
3234668
3248585
3249259
3249842
3254086
3254770
3255517
3262929
3263655
3264552
3265202
3267070
3268591
3269244
3269895
3270380
3270404
3270851
3271532
3272239
3272529
3272823
3273601
3273934
3274260
3274679
3275341
3276436
3281071
3283086
3285621
3286707
3300104
3301359
3301859
3302552
3304257
3335979
3336921
3337407
3338049
3338842
3339430
3339852
3340199
3340632
3341249
3342365
3343095
3343666
3344175
3344620
3345167
3350504
3351010
3351858
3363346
3365855
3366774
3367608
3368117
3368590
3369108
3372925
3373388
3373875
3376361
3389070
3397746
3398940
3399453
3401146
3401324
3403838
3404277
3404577
3404693
3420925
3421855
3427312
3428612
3429351
3430311
3430757
3431173
3431563
3432222
3432225
3434110
3434794
3436197
3436824
3437390
3438361
3440344
3442322
3444812
3451887
3453034
3453905
3454339
3454944
3455527
3456218
3456839
3460831
3461603
3463525
3473033
3477864
3491535
3491811
3492101
3492805
3494444
3499095
3509661
3512131
3513241
3538555
3539162
3547545
3551539
3566689
3569142
3570266
3571812
3572455
3573834
3574385
3575002
3579128
3601645
3602068
3602758
3603122
3603890
3611560
3611942
3612412
3612879
3613533
3616350
3618522
3623337
3624079
3624553
3624997
3631734
3632133
3632256
3632861
3634503
3634845
3635625
3636191
3636738
3638664
3644096
3645591
3646207
3649317
3649883
3651792
3653158
3653574
3654298
3655012
3655396
3655696
3656110
3656509
3656865
3657212
3657573
3658402
3664212
3673240
3675096
3675625
3681365
3684242
3701601
3712304
3713197
3714437
3715356
3748675
3748827
3749184
3749640
3750347
3751241
3762633
3763255
3766310
3767901
3779506
3793902
3795412
3796383
3802356
3803470
3805581
3806200
3807256
3808185
3810163
3810718
3811433
3812871
3814904
3815326
3815791
3816470
3817135
3817925
3818306
3819343
3820525
3821866
3822513
3824508
3824877
3825286
3832568
3833364
3834692
3840763
3841421
3841898
3842398
3844047
3844741
3845307
3846070
3849975
3854291
3872671
3876558
3877110
3886526
3901685
3902255
3903188
3903729
3904088
3904427
3904983
3905830
3906704
3907228
3910317
3911712
3912291
3917973
3918582
3919887
3925603
3926673
3927320
3930204
3934734
3939418
3939548
3950917
3951818
3952657
3954563
3955765
3956319
3957592
3964514
3970064
3974279
3975290
3995803
3998960
4001396
4003549
4005551
4006493
4010321
4011662
4016369
4019444
4028601
4060726
4062018
4067652
4068862
4078679
4079280
4079947
4081080
4081646
4082233
4083503
4084790
4085920
4091741
4097693
4100441
4100737
4103920
4107942
4110964
4146150
4147186
4148311
4154313
4161399
4167054
4174202
4181376
4181957
4182938
4183898
4184786
4186370
4187354
4187748
4192163
4209777
4210706
4211326
4211777
4213876
4216584
4220189
4220610
4221580
4222329
4230952
4231978
4233247
4236756
4240589
4241635
4242357
4243007
4245038
4246326
4246934
4247381
4248479
4249873
4250817
4266372
4267186
4268181
4268468
4268958
4269618
4280921
4288692
4289315
4289897
4290215
4297403
4318386
4318543
4321455
4327544
4339451
4347972
4348831
4353706
4359025
4361062
4361838
4364125
4365213
4365798
4366460
4371187
4371204
4372787
4376393
4377617
4398004
4406351
4410594
4411451
4412304
4412918
4414354
4416597
4417186
4417537
4418636
4423310
4427140
4428331
4431731
4439889
4440956
4441685
4442835
4454022
4457361
4458146
4459114
4459915
4460331
4460727
4461119
4461854
4462194
4463113
4463769
4464884
4465423
4465819
4466155
4466521
4466907
4467233
4467778
4468353
4471547
4471933
4472318
4472713
4473317
4475292
