647.2173
7763.289
15600.48
24051.36
26670.48
27177.12
31486.85
33165.59
33895.58
35310.49
37122.15
38073.21
38830.49
40273.3
43984.6
44542.82
45040.64
45500.38
46069.56
46569.93
56185.5
56638.07
56862.32
57641
58546.77
58567.87
59169.43
59599.39
59950.02
60393.76
60798.11
61624.15
70401.59
71052
72824.41
82153.49
91720.9
94087.56
94930.87
97057.92
98396.22
101677.6
102022.9
106088.8
106857
108663.6
113654.5
117925.1
119667.2
123052.2
128907.3
131620
133725.6
134716.9
135375.1
136035.5
136467
137040.3
138013.5
138400.4
139273.7
139875.8
140480.6
141687.1
150397.1
150888.6
151924.9
156068.7
156546.2
157976.5
158821.7
161507.1
161945.5
162305.1
163221.6
163823.6
165802.4
167708.8
168422.6
168635.6
169034.1
173065.6
173545.6
174381.7
174513.4
178479
185269.6
186236
191062.5
198098.7
201579.5
202473.7
208662.4
209485.8
210446.7
218054.1
219658.9
226074.4
228330.4
232553.8
234020
235747.9
238487.2
238581.5
240118.9
240672.3
241682.5
242787.7
243336.1
245125.9
246009.1
246114.1
260013.2
269331.2
271501.6
273055.5
281097.6
288124.5
289650.5
293101.5
294083.8
295152.2
316251.1
316856.3
319861.8
320701.1
323261.8
332448.8
339832.3
349718.1
349967.9
352997.1
353689.1
355365.4
356866.5
356922.1
361538.7
364500
365882.6
370277.9
371114.4
371750.1
372613.6
373335.2
374250.3
374679.8
375405.4
384229.1
390972
391890.7
394475.1
405949
406852.7
415813
450153.3
451144
451602.1
452940.5
453391.5
454125.8
455674.1
458082.3
466186.8
473491.6
474796.4
484324.3
485061.6
489246.8
489832.5
491770
492134.1
493414.6
494436.7
495304.7
495679.1
495923
496405.8
496874.5
498443
507827.7
508842
509159.2
509920.9
510433.2
511630.1
513225.5
514213.1
525839.2
531349.9
531886.3
534437.8
534947.4
535953.8
539543.3
544029.5
546082.5
547087.2
547953.5
547997.5
548735.2
549238.8
550829.5
554712.8
558241.5
562947.5
574660.8
578863.5
585462.6
589180.8
589248.4
591924.4
599510.3
601071.3
601782
624997.8
626999.9
628232.2
629273.6
631879.4
632951.7
634919.1
636056
637268.1
640965.3
642293.9
645592.9
646603.4
647311.2
648974.2
651312.4
654161.7
656574.8
656969.1
662493.1
662755.1
664179.2
666988.6
669231.2
674102.8
674673.3
675845.7
677063.5
677172.5
678001.6
681379.6
681986.7
683449
684348.4
685735.2
686196.9
692515.2
693969.6
695397.4
696174.7
697331.4
699270.2
704574
705767.7
706329.5
707548.8
708720.2
713079.9
724815.3
739636
740353.4
741217.7
741965.4
744217.5
754515.5
759555.7
760577.2
763319.4
763734.1
764734.3
778492.6
786229.8
789000.2
796862.9
800513.1
802865
803355.4
804325.4
814705.7
815439.9
815859.7
816435.6
816853.7
817357.2
817909.6
818285.8
818790.3
819491.2
821999.7
827052.4
837020
852386.1
853068.3
853583.5
854233
854723.4
862148.2
862490.6
862987.3
863471.6
865226
866002.4
867173
868054.5
869578.2
872124.6
872640.1
876784.3
878341.3
879617.6
879879.1
880952.1
921685.4
926274.8
933546
935170.5
937749.6
938355
939050.9
939552.7
940197.1
942386.6
947078.1
952378.3
955475.3
957348.3
958631.7
959205.3
959369.1
960279.3
961292
962294.4
964498.5
970558.3
971087.8
974149.2
974281.6
974571.5
974950.8
975234.4
975520.4
976214.5
977073.5
977855.4
979352.1
979682.3
980108.6
985142.6
987910.3
989786.7
1009502
1009989
1010512
1010883
1025438
1026041
1028252
1028944
1029387
1029883
1030839
1044443
1050830
1052908
1058578
1062552
1062574
1067637
1068438
1069761
1083469
1085061
1085935
1088154
1089436
1089568
1099820
1102201
1102691
1104000
1105338
1105889
1106527
1112529
1112635
1115892
1116536
1124081
1124808
1126327
1134467
1135419
1135672
1138121
1142452
1143068
1143642
1144458
1150147
1150574
1150953
1153310
1155107
1155485
1156350
1156916
1169544
1170188
1170743
1171352
1172579
1174179
1176360
1179498
1185217
1185794
1186628
1187301
1188168
1188600
1189018
1191150
1192607
1193224
1193792
1196901
1209256
1211428
1211863
1213386
1223198
1224123
1228270
1228304
1228546
1233360
1253265
1253774
1254173
1254705
1255787
1256289
1262989
1263926
1268024
1282398
1283030
1284873
1313903
1314750
1326185
1363433
1364385
1383600
1387434
1388754
1397477
1400715
1402631
1403907
1404527
1404598
1405708
1409303
1409721
1410633
1412710
1416521
1416701
1417341
1421332
1422592
1423948
1429197
1432543
1434576
1435290
1436281
1450028
1451268
1452771
1460266
1461242
1461577
1461893
1462262
1462627
1462783
1462929
1464120
1464486
1465295
1466114
1466589
1467917
1468283
1468753
1469307
1470077
1470442
1470835
1472023
1472606
1473441
1474025
1474603
1475584
1476054
1483649
1484458
1485162
1488600
1490445
1491145
1492233
1493150
1494145
1502665
1503904
1514941
1517435
1518504
1524438
1525365
1532392
1536012
1536664
1539722
1540402
1541016
1541140
1541857
1542229
1542334
1543504
1544035
1545449
1546574
1547876
1554138
1558709
1562469
1562775
1563520
1564066
1580539
1582390
1583352
1585112
1586959
1587531
1588182
1588531
1592051
1593781
1594438
1606364
1610760
1620615
1622840
1624050
1629508
1630083
1646443
1657202
1657970
1658573
1658907
1659597
1660118
1661317
1664862
1666437
1670782
1671287
1680026
1690433
1695401
1696171
1697329
1699791
1699805
1700503
1701080
1709232
1718700
1739055
1739528
1739939
1740383
1740730
1740864
1741846
1742435
1743155
1744026
1744889
1745137
1745551
1746838
1750539
1754292
1755135
1755689
1760413
1763663
1776031
1780301
1806451
1807437
1817550
1824092
1826062
1827353
1827626
1828133
1828745
1830226
1831832
1832138
1833022
1834283
1834877
1835643
1836101
1837312
1837692
1838918
1848629
1850185
1852473
1853108
1853973
1857844
1865677
1866988
1873058
1878334
1880573
1890653
1893002
1894063
1895032
1895966
1897059
1904969
1907877
1908754
1909368
1910375
1919307
1920528
1934166
1936318
1936904
1937681
1947836
1949289
1952080
1953881
1959245
1964921
1967670
1976541
1990889
1993934
1994304
1996679
2017986
2018550
2022305
2023402
2023594
2025880
2026672
2027490
2029619
2030006
2030435
2031181
2031469
2031866
2032286
2033290
2033784
2034415
2035138
2035971
2036629
2037188
2037636
2045457
2046494
2049239
2050010
2051038
2051578
2052531
2053770
2054203
2057920
2061128
2062131
2063973
2071040
2076195
2077771
2078513
2080441
2081415
2084504
2086041
2087750
2088149
2088752
2092831
2095587
2095605
2106541
2107366
2108554
2117647
2119222
2139544
2148340
2158371
2159462
2160771
2165188
2174131
2174742
2182133
2182979
2183754
2187446
2189059
2190482
2191863
2193116
2194104
2195242
2195865
2198392
2200214
2208231
2209692
2210765
2210890
2215483
2224483
2225352
2226051
2226733
2230319
2231165
2250412
2251042
2254367
2255298
2272227
2276353
2277829
2278745
2299432
2300045
2301028
2303597
2306949
2307450
2308004
2311823
2322783
2327429
2346469
2350333
2350691
2351112
2351541
2352000
2353058
2353548
2371308
2373603
2378922
2384698
2388997
2391242
2392193
2392883
2396523
2405075
2406102
2406924
2407334
2407806
2409158
2409748
2413801
2423479
2424377
2426969
2427750
2434845
2455444
2462811
2474972
2504334
2531143
2533424
2551690
2552635
2555316
2556266
2559529
2561017
2561721
2562263
2562749
2563208
2565355
2566468
2568597
2569034
2569580
2570676
2579174
2580845
2581216
2581618
2582152
2582828
2583191
2583538
2585754
2598736
2601546
2603531
2635572
2641087
2642086
2645743
2646336
2647667
2648377
2649190
2651765
2652760
2653109
2653786
2656703
2658098
2669000
2700213
2701106
2704838
2708412
2708868
2711833
2712611
2716201
2721446
2722169
2722535
2723027
2723432
2724327
2725040
2725357
2725819
2726372
2726430
2727192
2728018
2728184
2729140
2736598
2738480
2739797
2746467
2746504
2747631
2747801
2748887
2749503
2750910
2751857
2752714
2753661
2754305
2755437
2755599
2756056
2756705
2758575
2760436
2770256
2773362
2780961
2782479
2784191
2785293
2786236
2803545
2804629
2805079
2807587
2814882
2815673
2816131
2816653
2817762
2818713
2819322
2826652
2830471
2830664
2831498
2832213
2832943
2836166
2849314
2850008
2856332
2876070
2876863
2877626
2878243
2878983
2882968
2883500
2884078
2884698
2885332
2885847
2886630
2886651
2889711
2908294
2908982
2909966
2914174
2915367
2917827
2918673
2927492
2939801
2942954
2946974
2947720
2948829
2962815
2977491
2982956
2983533
2984032
2984965
2985649
2987028
2987852
2988436
2993506
2994653
3001154
3001623
3002400
3003046
3005293
3007211
3008081
3010253
3010764
3029112
3032848
3035538
3036302
3039063
3039475
3040237
3041656
3048223
3052013
3054367
3068694
3090324
3090357
3113743
3115088
3123101
3124215
3127358
3128010
3157311
3157758
3158424
3161455
3162545
3163667
3165885
3173365
3175712
3186515
3220072
3224627
3233716
3241330
3242047
3242089
3245658
3252057
3252926
3259350
3260237
3261403
3262345
3262871
3264474
3265230
3295478
3306478
3307227
3310875
3311916
3317452
3322286
3327237
3328825
3329697
3330119
3330931
3331219
3331783
3342940
3345519
3346490
3347014
3347590
3348941
3354905
3356072
3359739
3359772
3360490
3360862
3361463
3361546
3362524
3363148
3364740
3366085
3366967
3367610
3368288
3368307
3369220
3369256
3369860
3370226
3375997
3394306
3398245
3405717
3406022
3407162
3408350
3408992
3410278
3413367
3429542
3435940
3450420
3451685
3452733
3452897
3453968
3454197
3454646
3454987
3456088
3456314
3473545
3478679
3479589
3486971
3488039
3490733
3501087
3514314
3515115
3515600
3515995
3516479
3517941
3518839
3519237
3519695
3521767
3523569
3533665
3544467
3544940
3548281
3556994
3557984
3558444
3560938
3561966
3568604
3569319
3570668
3578403
3579572
3609168
3610134
3611265
3612439
3618637
3637280
3638806
3643001
3651131
3652952
3674049
3716936
3739285
3740376
3740893
3741700
3745590
3746558
3748392
3748807
3749296
3750021
3769948
3778090
3778648
3779704
3780416
3780824
3783625
3784423
3791650
3804109
3813183
3818018
3818694
3820824
3822259
3823663
3824605
3825332
3825405
3826117
3828084
3829593
3831324
3832024
3832992
3835981
3843617
3844724
3846482
3847380
3853421
3855117
3862759
3863249
3863249
3864405
3864718
3864891
3865497
3866298
3866905
3866929
3867775
3867970
3868877
3877924
3883663
3889468
3895976
3908591
3912940
3913690
3914093
3914843
3925109
3934537
3934776
3937647
3938407
3938819
3939679
3940780
3942134
3944369
3948093
3949479
3949813
3950754
3953705
3957353
3958571
4021284
4021963
4022240
4022549
4022841
4029945
4055521
4079575
4081975
4084463
4100581
4119174
4122846
4125336
4127373
4129026
4130142
4141232
4141916
4142900
4143581
4144228
4144835
4149662
4152436
4161749
4163230
4182625
4185163
4186735
4187778
4203323
4208651
4210488
4215917
4217982
4222145
4227869
4231648
4232412
4237709
4238966
4240225
4240498
4241618
4241768
4242405
4243838
4248107
4249247
4252470
4262984
4267168
4268580
4269664
4269812
4270893
4273924
4275371
4276469
4285852
4299352
4305674
4305701
4307291
4308344
4312242
4318393
4319324
4322489
4325520
4334383
4334534
4335983
4338268
4349943
4351739
4361697
4367166
4367830
4367942
4373679
4374745
4376256
4378497
4380600
4384868
4385518
4400304
4406102
4408330
4411141
4412027
4423418
4424226
4425529
4426857
4428397
4429204
4430059
4430723
4432275
4436732
4437310
4437495
4437795
4438603
4439283
4439887
4440312
4440851
4441389
4447982
4453737
4454235
4456114
4457042
4457957
4458526
4459898
4460559
4461185
4461567
4461937
4462109
4462542
4469467
4471123
4473739
4475857
4476356
4477116
4478432
4479119
4480726
4501681
4519447
4522969
4523853
4529928
4530445
4531459
4531679
4533341
4534567
4535382
4536651
4541158
4542718
4543391
4543940
4544742
4545441
4546376
4547636
4548868
4549558
4553301
4556802
4558423
4578069
4579120
4580138
4581004
4581022
4582589
4592775
4611589
4615726
4617645
4617943
4631229
4632563
4633703
4634403
4634979
4645971
4651504
4656474
4661975
4662385
4663586
4670154
4670943
4676591
4698937
4700145
4701448
4702643
4715482
4716569
4718537
4727273
4728557
4729290
4730928
4745588
4747773
4751893
4754353
4769859
4770453
4771586
4775188
4775867
4776482
4777554
4779690
4785884
4787812
4788981
4789890
4793333
4793829
4795379
4801016
4807660
4807984
4809243
4818164
4832137
4842272
4864881
4866282
4866928
4867372
4867865
4868727
4869124
4872473
4872809
4873122
4878697
4879712
4879988
4880094
4882002
4884640
4885251
4885619
4885674
4886777
4889535
4890906
4900381
4902948
4904124
4906289
4912717
4913096
4913566
4914600
4915066
4915729
4918156
4918793
4950378
4962738
4966629
4971408
4976587
4994049
4995012
4995944
4997719
5019177
5020268
5021119
5021783
5022719
5023132
5023563
5024109
5026688
5032205
5032417
5036524
5040631
5040647
5041845
5042145
5048152
5048539
5049008
5049865
5053967
5062200
5068359
5078865
5096143
5103129
5136204
5137298
5137859
5142652
5144154
5153098
5153939
5154412
5154922
5155618
5156207
5156546
5156556
5156983
5158487
5158959
5159559
5160331
5160881
5161230
5161984
5162058
5162606
5163124
5163357
5170148
5171168
5184394
5185993
5189256
5190510
5202798
5209426
5211029
5211299
5213176
5213195
5231886
5242350
5242744
5243447
5250206
5251095
5272058
5272136
5275916
5276777
5277467
5301847
5302614
5303415
5304322
5307431
5311486
5312125
5313108
5313491
5314044
5314806
5315118
5315493
5316150
5316568
5320223
5330941
5333189
5334875
5335504
5337027
5338615
5339005
5339633
5340121
5344407
5345121
5345953
5354243
5354703
5355509
5357346
5358828
5368238
5379687
5402244
5404005
5409218
5424570
5429993
5430458
5432306
5433231
5445074
5454873
5455723
5462527
5462996
5463303
5463617
5464370
5468936
5471316
5478676
5479173
5479637
5484921
5485018
5485992
5486563
5486997
5487399
5492221
5503623
5504022
5504598
5505383
5511617
5512037
5517896
5524023
5529222
5529808
5530292
5530672
5531102
5531664
5532546
5533243
5539211
5547499
5548507
5554013
5555490
5560709
5561057
5561605
5585830
5587210
5588337
5588832
5589572
5589651
5591674
5594307
5595280
5595831
5596207
5601240
5616347
5626698
5627898
5629528
5630944
5631793
5632746
5633866
5634920
5635058
5639737
5640709
5667532
5681421
5683201
5693711
5694168
5694506
5695452
5696664
5697477
5697605
5715865
5718138
5727025
5727831
5737292
5746295
5750218
5751580
5753225
5757953
5759529
5760282
5761092
5763899
5764875
5766111
5766674
5767824
5770001
5773862
5773910
5780923
5781535
5785579
5797569
5799367
5799777
5800887
5812113
5813333
5820498
5821500
5822384
5824204
5825563
5825958
5826450
5827230
5850237
5850778
5867001
5867552
5868166
5871765
5873464
5875079
5879830
5884654
5887790
5889141
5890299
5892206
5893576
5896376
5898856
5899579
5912637
5922228
5922913
5923354
5923410
5924245
5925564
5926215
5926526
5926928
5927488
5928432
5929643
5936108
5938328
5940294
5940370
5944230
5945127
5946034
5946929
5960068
5960810
5962694
5965303
5968306
5988270
5998935
6008163
6009145
6010604
6011036
6011918
6012388
6027846
6028909
6038022
6039962
6041637
6042500
6043018
6043101
6043836
6044315
6044702
6047009
6047845
6048970
6053693
6054333
6054728
6054759
6055362
6056204
6061905
6064685
6066047
6067171
6068425
6069326
6070817
6071617
6072368
6073123
6079826
6089851
6110453
6116685
6135077
6137851
6150006
6151674
6157391
6160477
6169046
6170197
6188556
6189276
6190280
6197965
6198251
6198628
6203692
6204099
6204504
6206620
6207439
6208489
6209620
6211992
6213107
6239494
6240136
6240780
6241277
6241921
6243699
6247759
6249519
6260268
6273507
6275374
6277349
6302458
6302869
6319531
6323945
6350685
6351459
6353460
6358705
6360216
6360878
6364993
6379381
6388366
6389853
6389928
6390301
6390704
6391369
6401792
6425590
6426596
6435501
6438751
6440109
6446106
6456672
6458224
6459153
6460221
6463019
6469968
6470700
6471938
6473527
6474965
6476822
6484246
6498672
6507144
6507730
6509284
6512116
6516422
6518816
6523580
6524941
6525786
6526281
6527050
6528220
6528559
6529310
6529416
6530677
6534051
6536349
6536755
6537207
6541722
6544812
6546202
6548161
6556357
6556926
6559869
6560345
6563269
6571527
6572175
6573507
6574369
6575219
6579557
6579920
6581886
6599074
6599915
6601280
6613634
6616541
6618329
6619233
6626583
6628069
6634961
6653337
6653777
6654193
6655471
6665826
6667330
6667609
6669463
6672016
6672376
6672763
6673510
6691259
6702810
6702841
6706938
6708613
6710503
6711413
6713120
6714411
6716497
6718387
6718467
6720137
6720474
6720983
6721612
6722953
6724347
6724820
6750888
6768209
6769603
6770704
6771521
6778741
6780961
6804776
6806888
6810963
6812492
6814058
6815096
6816131
6816462
6816860
6817052
6818116
6818397
6818679
6819024
6819292
6819676
6820147
6820869
6844766
6852214
6853227
6853354
6854286
6855473
6855852
6858330
6859617
6865235
6870964
6871505
6872070
6874923
6875564
6876531
6878724
6879230
6880292
6881575
6885043
6886977
6887438
6887794
6888084
6888936
6889791
6890208
6891073
6903275
6904180
6914277
6933487
6935620
6936133
6936998
6937835
6938644
6946443
6955857
6965462
6976084
6981455
6981905
6994715
6998811
7002070
7003665
7005632
7007220
7011289
7014204
7014902
7015262
7022129
7023557
7027269
7028479
7029743
7039916
7040598
7041002
7041350
7041801
7042120
7042620
7043030
7046202
7050453
7051064
7053140
7060357
7060547
7061101
7061630
7065858
7066424
7066883
7067290
7068350
7073587
7074408
7074847
7077052
7088306
7111755
7112217
7113579
7113878
7121427
7122106
7135693
7156209
7174072
7174947
7175625
7176491
7178194
7200166
7200842
7226300
7232728
7236699
7237356
7237754
7237831
7238273
7238859
7240736
7245816
7247068
7248090
7248824
7249267
7250529
7252650
7253364
7257888
7258519
7259058
7269479
7270962
7272016
7277526
7295264
7308317
7309335
7322158
7332979
7335917
7337401
7341116
7359254
7367006
7370617
7371346
7391284
7392278
7393580
7394352
7395286
7400143
7401554
7403497
7403877
7405099
7410694
7411300
7412095
7412791
7413489
7413859
7414942
7417341
7430304
7435344
7436189
7439647
7440232
7441619
7448230
7448791
7449230
7449629
7450178
7450712
7451193
7453505
7455904
7457481
7458066
7465734
7475911
7476992
7478030
7479974
7480831
7482069
7484668
7485759
7486239
7486687
7487553
7488459
7490475
7490973
7492330
7493478
7494686
7495633
7496866
7497696
7500916
7501519
7502202
7502270
7502485
7502825
7503228
7503746
7504632
7504996
7508027
7512445
7513557
7513975
7515228
7515761
7516411
7519903
7523109
7524235
7524828
7525730
7526079
7528696
7530582
7531871
7539420
7539997
7540301
7541705
7543109
7545524
7546868
7547203
7548196
7548836
7549162
7549622
7550541
7551330
7552371
7552692
7553025
7553337
7570155
7587233
7587677
7588320
7592292
7592928
7594333
7594974
7607432
7622852
7625764
7650372
7651668
7652454
7653036
7653565
7656206
7662750
7703064
7728185
7730030
7730745
7730955
7736305
7736753
7737120
7745940
7746376
7755171
7774971
7783255
7784141
7785186
7791188
7795942
7800034
7839486
7841607
7841743
7850924
7861966
7871058
7874341
7881583
7883860
7890739
7901526
7901817
7907996
7926991
7928834
7929225
7929711
7930225
7930514
7934741
7935835
7953309
7953850
7955971
7959109
7960163
7961234
7962925
7966619
7967459
7969455
7970442
7973131
7973597
7974085
7975247
7978588
7978983
7982262
7983730
7984838
7989651
7990003
8007873
8008597
8009329
8009925
8010341
8035188
8036654
8037973
8039253
8041637
8042576
8042854
8042893
8043370
8044430
8044795
8045736
8057907
8059012
8060437
8060778
8061212
8070546
8071297
8071324
8071912
8075167
8076715
8077174
8077624
8101777
8102604
8118269
8118932
8120793
8122893
8126645
8139114
8140813
8149420
8154923
8186496
8188241
8193105
8210555
8211891
8211932
8215512
8229359
8229528
8230989
8236669
8237076
8237967
8238622
8249616
8253069
8254132
8254787
8261726
8269674
8270345
8271687
8272396
8276074
8284276
8288199
8292374
8293664
8294711
8298629
8302636
8304275
8306588
8307665
8309578
8313841
8317615
8325770
8332424
8334969
8336207
8337825
8342905
8351951
8355980
8357220
8358688
8360564
8364792
8367233
8369139
8370004
8370480
8371719
8380808
8390757
8392862
8395759
8404813
8406825
8424572
8425092
8434955
8445900
8446910
8452434
8470638
8471262
8472248
8472576
8473291
8473579
8473762
8478419
8525027
8529740
8558826
8559155
8560778
8573841
8574616
8577117
8579018
8623115
8662643
8668877
8669507
8670353
8684515
8684902
8685281
8685456
8685720
8686355
8688197
8693357
8694690
8710510
8711243
8720512
8738308
8749552
8749553
8756946
8774208
8792613
8793377
8801462
8805695
8822834
8823838
8830943
8831505
8832289
8832622
8836012
8847853
8867875
8871734
8876068
8882396
8883172
8887375
8888188
8889047
8898692
8950134
8953148
9000892
9006706
9016607
9018465
9028487
9032702
9044035
9061737
9108084
9157876
9161497
9175305
9185408
9186176
9186983
9203835
9204283
9212800
9224859
9232511
9233609
9242033
9249162
9268097
9268928
9294726
9299841
9301724
9301832
9307384
9314758
9323410
9354522
9380937
9396851
9410458
9419640
9451612
9457480
9458459
9461381
9463495
9467333
9471051
9475375
9476179
9483871
9508862
9528069
9560175
9591270
9608691
9612244
9632302
9646365
9657349
9668682
9694869
9778835
9808782
9812587
9813724
9842808
9906851
9919712
9930568
9947555
10004115
10010696
10012093
10026926
10028456
10028801
10029315
10031207
10050430
10059998
10064227
10080289
10097847
10120837
10133555
10134443
10148407
10186190
10190002
10190641
10191325
10192158
10192801
10194801
10201926
10204773
10204871
10206372
10214407
10222206
10224101
10225882
10228793
10232433
10233132
10239924
10244084
10247578
10248449
10251572
10264127
10264903
10265649
10266654
10268265
10269571
10270527
10271161
10271649
10271832
10272445
10273249
10273844
10274888
10275298
10275497
10277455
10292322
10296703
10298911
10300637
10314488
10314804
10315496
10316807
10317395
10318120
10331088
10351108
10361482
10361483
10362211
10362807
10363267
10364148
10366542
10370330
10377655
10377655
10378518
10379419
10380774
10383274
10385139
10385140
10385669
10388310
10389220
10390129
10390129
10390628
10391089
10391665
10392099
10393614
10395304
10395822
10403534
10404519
10405548
10410959
10411926
10439772
10441796
10442734
10444314
10446556
10447927
10449621
10449991
10450579
10450989
10451387
10451556
10451917
10452307
10452689
10452690
10453715
10453984
10454548
10455146
10456197
10458382
10459218
10459820
10460828
10461123
10461862
10462254
10467599
10469229
10470797
10471667
10472355
10472523
10482422
10482616
10483265
10483502
10483995
10484193
10485232
10485402
10486005
10488185
10488925
10489630
10489631
10490166
10493219
10496072
10496825
10504987
10506067
10506576
10506603
10508169
10524216
10526389
10531977
10533484
10533869
10537963
10541811
10544819
10545178
10546604
10548622
10549361
10551670
10551998
10552375
10552771
10553739
10554100
10556380
10558456
10563622
10564281
10564749
10577049
10578708
10580505
10581252
10582046
10587285
10589135
10590539
10591140
10591698
10592987
10595957
10596152
10596693
10597710
10598554
10612207
10615090
10619529
10620414
10620775
10621456
10623947
10627661
10628725
10633930
10638212
10646593
10652424
10654452
10655351
10655370
10656800
10656901
10657499
10658981
10662110
10662506
10663173
10664643
10665895
10683712
10685226
10686870
10688066
10689628
10690381
10690846
10691359
10692551
10705140
10706951
10709246
10713981
10717724
10718175
10718829
10719122
10719720
10720893
10722449
10725840
10726333
10726770
10728870
10729776
10735857
10737078
10737621
10740657
10741317
10742355
10743442
10743994
10752208
10756547
10756981
10757350
10758638
10761523
10769636
10770218
10772156
10772510
10773061
10773440
10773658
10775833
10776488
10777102
10777411
10777805
10778580
10779457
10780896
10801013
10802357
10802776
10803719
10805436
10808156
10808944
10811672
10812683
10826198
10827833
10828865
10829268
10830148
10831844
10834467
10834880
10835396
10836196
10837249
10838644
10842316
10843737
10845475
10845807
10846244
10846538
10847228
10849616
10864218
10864292
10865246
10878738
10879155
10880510
10880868
10882191
10884907
10885817
10885817
10887152
10887153
10888054
10888923
10889302
10889663
10890114
10890477
10890501
10890936
10891303
10893083
10893632
10893965
10895276
10905179
10905564
10906141
10911084
10912663
10913134
10914301
10914440
10914815
10915321
10915572
10915872
10916208
10916211
10916488
10917254
10917598
10917873
10918258
10918597
10919019
10919544
10920009
10920010
10920494
10920728
10921359
10921653
10922458
10923323
10924900
10928022
10934448
10937843
10938947
10939382
10940883
10941590
10941638
10943542
10944527
10945183
10945282
10946217
10946915
10950106
10951085
10951370
10951933
10952308
10952634
10957351
10968744
10970222
10971001
10971415
10973144
10973809
10975830
10976435
10977499
10978998
10979343
10979802
10983108
10983363
10994538
10995375
10998963
10999805
11000041
11000707
11001008
11001821
11002062
11003706
11007680
11008656
11012661
11013633
11018376
11018376
11023187
11023635
11024009
11025009
11025731
11026148
11026560
11026861
11027578
11035235
11036358
11036939
11037717
11039307
11040712
11043290
11046467
11053198
11056410
11057844
11062759
11069272
11070341
11070934
11074629
11075023
11076140
11077485
11078383
11078863
11086578
11087052
11087595
11088591
11090214
11094928
11095022
11096423
11096573
11098819
11101744
11106277
11112166
11117885
11120245
11120911
11121510
11122231
11126881
11127582
11127698
11130930
11136508
11136998
11137472
11139572
11139980
11141966
11142813
11144053
11144524
11145480
11148445
11153884
11156644
11158044
11160569
11161336
11163878
11164683
11165167
11165412
11166399
11167359
11168197
11170374
11172189
11174110
11175247
11175652
11176005
11177107
11177369
11177655
11177750
11177875
11178043
11178098
11179127
11179953
11181435
11182007
11195225
11195807
11196191
11196717
11197285
11198721
11199817
11199883
11200646
11200647
11201234
11203032
11204542
11204832
11207792
11208212
11208856
11209342
11212961
11214080
11214874
11216020
11216362
11216687
11217003
11217519
11218064
11218730
11219143
11224385
11227756
