7447.802
12404.02
18148.81
30501.13
32399.56
33404.37
57381.75
77083.95
82472.95
90345.39
90707.91
91448.01
91809.77
92811.69
93525.44
96198.58
108133.1
111227
112459.2
113468.3
116035.3
137707.8
139133.6
144076.6
145134.3
146825.8
148843.4
154775.6
155226.6
156315.7
156773.7
158890.5
162232.6
164850.3
169397.7
174771.3
192101.4
196410.9
197293.5
198341.6
199273
201776.4
204369.7
219410.6
222363.7
222489.1
227407.8
232324.8
233021.9
235156.9
236559.9
238266
242970.8
243670.2
254629.1
269547.9
276664.2
279585.2
280749.2
282423
283059
289190.9
290094
291408.5
292144.7
293840.2
294917.7
302198.7
302726.5
303541.4
307337.3
330150.9
340922.9
341452.7
341713.1
343176.8
344227.6
345134.4
345597
346270
347813.9
363330.7
364062.2
367226.7
369756.6
371092
371625.7
371923.6
372830.6
381514.4
382008.2
397708.2
409799.5
410357.9
418570.9
454406.8
455096.7
456298.9
459597.4
461612.2
463062.4
465156.4
471667.4
479170.1
480086.8
481469.2
483459.6
483924.3
484416.1
484894
485942
486683.8
489075.9
499608.5
511247.1
512947.6
514055.9
521770.9
524210.7
541617.9
544436.3
545069.2
547215.1
548728.7
550489.3
551871.3
557538.9
562528.7
563906
567747.5
580975.5
596770.1
599485.3
600168
620797.2
621844.4
629834.8
646969.1
649963.7
651616.1
652122.2
671635.1
688340.9
692076.6
693110.6
701591.4
704045.7
705323.1
707629.9
713429.7
729990.4
730640.9
731419.6
752144.1
755841.5
756511.9
760979.5
761698.3
764478.3
768793.6
769686.1
771001.1
783329.7
783905.3
784753.6
785709.9
786313.8
786775.8
787113.8
787531.1
787976.6
788451.6
789284.8
790352.1
796087.8
801459
801935.5
802560.8
814880.4
821603.9
846966.2
851378
855436.4
868365.3
869365.1
871984.3
907173.3
907787.2
908456.7
910197.4
910703.8
911455.6
913717.6
914206.8
915910.5
917414.8
921107.4
939979.5
952924.5
954186.9
958746.8
960015.1
969031.2
970395.1
975577
980339.8
985637.5
988932.6
996665.1
1001234
1011289
1022332
1023985
1025336
1038126
1039729
1052912
1057734
1058166
1068366
1069937
1070390
1070748
1072595
1084862
1085724
1087694
1089731
1093909
1099763
1106986
1109737
1111112
1112610
1113350
1115630
1119095
1120043
1121591
1124072
1124421
1168702
1169485
1172760
1173366
1174604
1188179
1188943
1202180
1212750
1214130
1215298
1215918
1216500
1243047
1249262
1252081
1269205
1273114
1274682
1277293
1293390
1293851
1294882
1298903
1310846
1315719
1329690
1331404
1352350
1353622
1355031
1355771
1356292
1357276
1376629
1381755
1382706
1388458
1390752
1391239
1399850
1408222
1414673
1415978
1419242
1420493
1421781
1422322
1431402
1432171
1433936
1433989
1437314
1445110
1447990
1449934
1454862
1464061
1464568
1468198
1477949
1485983
1488448
1507420
1510049
1510932
1513242
1513941
1515234
1522935
1523739
1527560
1529652
1529971
1533593
1534222
1535725
1539795
1540559
1542405
1543639
1552104
1553207
1556311
1570158
1570559
1571261
1572462
1572761
1573057
1573441
1574232
1574700
1575787
1593544
1596238
1602340
1603392
1605047
1605852
1625435
1632589
1645707
1658029
1658913
1659538
1660082
1660974
1663935
1684305
1685025
1686701
1698735
1701379
1703289
1710484
1712045
1718624
1719517
1719954
1720913
1721328
1721918
1723251
1723988
1726785
1731318
1732662
1733649
1735118
1743826
1749594
1750080
1750819
1751779
1763656
1764415
1765256
1766753
1768618
1769063
1769816
1772608
1774551
1776287
1804030
1812387
1816862
1836755
1838012
1838665
1841353
1848367
1850101
1868490
1877897
1881422
1882153
1886189
1887425
1888053
1888404
1889161
1893123
1901736
1908189
1916661
1917241
1917753
1918662
1919155
1920124
1923574
1925048
1927635
1934047
1944174
1945196
1947440
1978616
1986718
1987812
1991480
1999749
2000740
2002884
2003583
2029801
2030288
2030713
2034146
2034603
2035415
2035608
2037104
2037869
2038535
2039544
2045792
2056909
2067574
2069277
2070524
2072074
2074893
2075365
2078802
2094033
2097794
2106305
2107665
2110458
2116780
2117915
2119098
2153774
2154842
2155732
2156878
2158006
2165464
2178040
2186303
2188782
2196835
2199699
2206324
2207116
2208966
2211599
2217812
2222407
2250841
2252004
2253682
2255249
2262855
2263593
2265827
2273326
2276797
2278034
2282502
2282895
2283333
2283759
2284300
2308396
2309203
2310512
2324046
2331345
2332367
2332707
2333433
2334972
2343094
2344742
2345562
2365580
2366443
2367686
2370933
2370958
2372396
2374040
2380535
2381914
2383314
2388304
2389718
2391877
2392405
2392994
2393682
2421065
2431955
2437990
2438613
2439505
2439945
2440781
2441122
2441838
2442165
2442425
2442700
2443397
2444486
2445066
2454489
2455887
2461974
2473470
2475066
2476244
2477459
2488095
2504607
2506783
2536461
2538281
2544618
2568965
2569944
2573015
2576362
2604735
2605620
2605654
2606039
2606808
2607658
2608024
2608568
2609263
2609938
2611708
2612280
2616139
2618400
2621053
2631301
2632264
2635296
2652755
2671694
2673589
2674998
2675530
2677382
2677549
2705061
2705925
2706284
2707100
2710717
2711565
2716842
2718162
2725188
2736750
2753663
2756761
2761079
2763686
2785609
2786086
2786523
2787604
2787878
2788315
2788895
2789095
2789299
2789908
2790127
2790646
2791528
2791940
2806205
2819363
2828856
2831696
2848990
2874484
2874971
2876333
2876890
2877343
2877861
2878375
2879608
2894628
2906098
2913202
2920257
2921237
2929203
2933565
2934698
2937626
2959729
2963716
2967929
2975670
2981769
2983024
3004105
3005411
3005818
3025083
3026141
3027142
3027864
3053665
3056591
3059188
3065538
3075252
3076311
3077002
3077589
3088749
3101957
3103040
3103845
3104879
3114067
3114590
3115521
3116735
3118306
3122523
3127065
3150166
3151676
3152202
3153000
3153688
3154107
3154562
3155055
3155580
3156110
3157073
3159073
3171779
3206586
3208146
3208969
3209901
3212101
3224266
3232283
3235477
3236107
3240007
3240861
3243164
3244383
3244946
3245394
3246022
3246232
3247535
3262320
3263737
3266922
3278725
3279430
3279971
3280468
3282238
3283335
3284137
3285131
3289997
3292702
3295390
3310183
3310546
3310583
3311012
3311759
3312264
3312906
3339789
3341042
3344369
3345838
3354384
3356413
3357283
3358339
3359180
3359874
3360943
3363173
3390301
3412546
3415044
3415841
3416531
3417548
3418790
3419312
3422933
3423077
3423923
3424855
3426077
3427864
3428911
3439837
3441626
3442496
3443742
3454282
3459997
3466201
3468682
3476919
3485834
3486968
3487969
3490074
3491789
3494604
3499577
3531637
3531993
3532367
3532738
3533359
3551686
3555088
3558436
3559310
3559932
3560609
3560832
3563045
3563834
3565075
3573329
3574194
3575353
3576129
3600289
3600890
3602010
3602583
3603504
3604716
3605103
3605680
3606383
3606662
3613136
3617470
3624659
3625942
3627640
3629837
3633452
3638910
3641212
3643307
3660657
3676721
3681754
3683665
3685782
3686791
3688253
3688936
3689928
3691293
3712958
3739763
3741200
3741666
3745833
3765028
3784733
3792128
3792942
3798451
3799232
3801504
3802108
3805196
3805744
3806802
3815674
3816481
3817980
3819061
3828731
3830149
3836730
3850816
3851996
3854265
3868001
3882684
3886641
3888260
3891578
3893423
3898120
3909477
3911019
3911993
3912480
3915273
3940419
3943473
3955427
3956373
3956908
3958667
3960218
3961728
3966511
3986668
3987576
4009637
4012075
4021116
4023808
4027788
4030600
4057798
4059812
4068592
4069259
4069751
4070411
4070840
4071927
4073050
4083468
4114039
4120759
4121440
4122351
4123920
4129803
4130434
4134889
4136179
4136919
4137672
4139895
4142171
4143656
4152653
4154063
4155769
4162958
4165359
4196810
4197114
4198373
4202607
4203947
4222837
4223542
4226177
4227030
4227859
4239449
4240137
4240642
4242088
4242894
4248808
4250754
4252325
4252710
4258860
4262704
4267242
4277587
4278274
4286215
4287691
4300146
4300850
4307870
4310001
4349304
4351124
4355540
4361312
4363635
4364879
4392022
4394454
4397243
4417289
4417845
4418357
4423392
4424575
4455597
4460238
4471203
4471721
4473186
4474477
