554.6969
2158.688
6104.87
6865.345
8429.221
9269.788
11041.38
11702.68
12069.67
12281.97
12457.7
12570.41
13060.78
13796.57
14866.17
15629.76
16551.13
17397.23
17976.33
19325.71
30004.89
31553.03
32215.07
33057.32
33589.89
34135.39
34781.12
35896.06
36695.92
46396.52
49355.37
49903.93
50541.72
52924.48
53682.93
54352.36
55672.26
56642.97
57895.99
62456.78
65711.58
70540.76
71249.73
72091.99
72352.38
80326.35
81603.35
81919.45
83932.88
83954.77
84470.38
89313.98
91789.17
92856.06
93671.63
93834.96
94575.52
96690.51
98052.22
98633.18
116209.8
116985.2
118078.3
120264.1
123012.7
123991.2
124558.6
125085.9
125509.1
125850.1
126659.4
127129.7
129089.5
129405.3
140231.7
151024.6
151581.8
152239.3
153389.4
153475
155275.1
158837.9
166197.8
166921.4
167737.2
170671.5
170826.7
176810
177736
181411.6
184878.8
186685.2
187627
188359.6
188606.8
189090.9
195802.6
204380.6
210164.6
210961.9
212131.7
212727.8
215687.5
216497.4
218115.7
223251
227280.2
228791.3
244623.3
244731.3
246336.6
247263.4
257632.2
263881.2
269143.1
270679.9
271246.2
277920.8
282805.6
283123.7
284236.3
286167.7
291744.9
292429.2
293359.8
295910.6
296796.5
311041.3
312625.3
313028.3
313526.6
314630.5
318150.8
318807.6
320047.2
320716.6
321342.6
321860.4
325519.8
331206.1
332056.7
333063
334659.7
338111.8
342387.5
342662.6
343199.4
346578.8
361411.2
363878.4
363889.4
365800.8
366999.8
368956.2
371928.2
377694.7
379718.3
386229.5
386914.1
392358.1
394001.7
394103.6
397377.2
398490.3
400891.7
401820.7
402363
402364.5
403750.3
407606.4
413192.3
414263.4
417523.3
418440.6
424866.4
429375.9
450320.5
452691.2
454138.2
459265.9
461578.3
461802.4
463233.5
465290.2
465480.3
468368.2
468483
470001.8
471307
472426.6
476128.3
477487.2
479030.1
480169.5
483542
485497.6
501428.7
502358.1
506563.1
509557.2
515368.4
518534
523155.3
525607.4
526778.9
527835.3
529276.6
530084.5
534020.9
541508.7
544358.7
544502.7
545242.1
545716.8
555730
561975.7
562212.9
566933.6
570550.8
571205
571788.1
581491.4
586845.7
588640.3
589291.8
590389.8
596514
596813.5
598676.3
600002
600351.3
601455
608409.3
608971.7
611121.9
611376.1
611508.1
615300.2
619938
624660.4
625749.2
627342.2
629217.4
630167.9
630773.5
631365.7
636674.6
641039.6
641653.3
642902.9
643467.4
644849.6
645700.6
653597.3
657076.4
657252.3
658344
658564
659399.1
671305.9
672916.6
674217.9
675422.6
677208.5
678725.6
679582.7
680794.6
681840.7
684878.4
686180.9
686551.7
687150.6
687359.7
687757.3
690228.3
693002.2
693850.8
694355.3
694910.9
697349
698217.7
698903
702381.3
704389.1
704466.5
707353.4
708730.5
740197.5
743183.2
745923.6
748799.5
749405.7
751799.1
757022.6
760335.9
760421.9
761549.5
761835.9
762736.8
762900.4
763347.8
764606.8
764833.8
765248.5
765644
766009.5
774124.2
790108.3
790224.3
793739.1
793782.1
794337.7
795325.1
799252.2
800952.8
802182.9
802758.1
802908.5
803206.3
803478.5
804476.5
812735.1
812738.3
814650.8
815242
821234.8
824889
825434.1
827184
829651.6
832426.2
833860
834473
834992.5
835598.3
838219.9
840427.3
843706.6
847060.4
848628.1
849208.8
852844.5
853338.4
853771.8
854327.2
854878.4
854884.3
856081.8
857757.2
859208.6
863419.3
864267
864365.3
867551.8
868666.1
904508.2
907304
908540.5
908747.3
910414.6
912224.9
915479.3
918889.2
920531.9
921016.8
922572
923755
924470.9
926895.5
927079.6
928553.3
930107
931335.7
933471.3
937347.9
940631.1
948434
962327.9
963009.1
963458.6
970192.4
970464.3
977774.2
978595.7
979205.7
984059.5
989161.1
995408.2
997134.6
998143.7
999445.8
999845.3
1000434
1001575
1002631
1004390
1007012
1009763
1011141
1011227
1015228
1019283
1026432
1029557
1030338
1031616
1032283
1035026
1040900
1041190
1041673
1047569
1048400
1048895
1049966
1050005
1050441
1051238
1052211
1053095
1053593
1054058
1054165
1054547
1055008
1056049
1056313
1066430
1070678
1084473
1087027
1088358
1090860
1093902
1095744
1106380
1109451
1109729
1111937
1113471
1114974
1118187
1124616
1134864
1136152
1137264
1138779
1141025
1141158
1142297
1146709
1148182
1148747
1150061
1150396
1154308
1154755
1156124
1156928
1157108
1157360
1160748
1163919
1164499
1164964
1165657
1166108
1166747
1167352
1168599
1171852
1176913
1177459
1178152
1179128
1180148
1181308
1181817
1182918
1183653
1184905
1187354
1190437
1191162
1192619
1192991
1193662
1194798
1195222
1195583
1195956
1196300
1196687
1197081
1197625
1198680
1201789
1202719
1203142
1204043
1205000
1205670
1212366
1215719
1218075
1224141
1230061
1230653
1232086
1232264
1232419
1232765
1233282
1240211
1242079
1242349
1245907
1246588
1247280
1247952
1249681
1250162
1251591
1252144
1252930
1253633
1254184
1257769
1258605
1262149
1266333
1276332
1278518
1288294
1289389
1289995
1291053
1291598
1291623
1292839
1293611
1300743
1314763
1316414
1317403
1319073
1320996
1322120
1322501
1328280
1328328
1328730
1330788
1357927
1360867
1362195
1367110
1372103
1373505
1376514
1377788
1381836
1381865
1382334
1383236
1391103
1400958
1402303
1409987
1410596
1411086
1411599
1412449
1412896
1413682
1414543
1414991
1415872
1416984
1417351
1418112
1418365
1419995
1420564
1421810
1424466
1424549
1425719
1426735
1430988
1431911
1434366
1438565
1438686
1439664
1444958
1445684
1451811
1452649
1453223
1454942
1456695
1457243
1459381
1465324
1467780
1468981
1469520
1471417
1474603
1475228
1479075
1490413
1493492
1495412
1495840
1498091
1501175
1502104
1502830
1504258
1505058
1505275
1505545
1506868
1513553
1515074
1519444
1522410
1523718
1524450
1524900
1528324
1529339
1531642
1534217
1534541
1537019
1538057
1538576
1539567
1539972
1540502
1542881
1543061
1548852
1549580
1549664
1555279
1559115
1559243
1560382
1567379
1569926
1579792
1585380
1588667
1589188
1592126
1593317
1593921
1594445
1595376
1596246
1597115
1598903
1603171
1607197
1607976
1608734
1609056
1610045
1613109
1613203
1615204
1617216
1621667
1624636
1625346
1626182
1627639
1627759
1636844
1637518
1637618
1638667
1640138
1641048
1644889
1645535
1651802
1656997
1671625
1675208
1675637
1675861
1682472
1683199
1684248
1686248
1687047
1687659
1688312
1688363
1694420
1695788
1699983
1700064
1701632
1701699
1702856
1703513
1710604
1712937
1713503
1716511
1717270
1717674
1718850
1719604
1720361
1720919
1722957
1729379
1738652
1738769
1739862
1741856
1742513
1744648
1747026
1748191
1756004
1757528
1758752
1766252
1766671
1767688
1771801
1772613
1773470
1800795
1801595
1802338
1802976
1803759
1811116
1821184
1821842
1822416
1822429
1823875
1827024
1830969
1834964
1837043
1837640
1838207
1838720
1839745
1839895
1840648
1847353
1848908
1850162
1851066
1854757
1855298
1856131
1856858
1857947
1858273
1860799
1860867
1861416
1879551
1879887
1881593
1895082
1904796
1907543
1908762
1909183
1910280
1911062
1926440
1927094
1927836
1928766
1929441
1930897
1940073
1943018
1943289
1945094
1946083
1951925
1952074
1954866
1955370
1956032
1956811
1958112
1958214
1960487
1966509
1967974
1972296
1973421
1974678
1979501
1980199
1980246
1984729
1987591
1992730
1993229
1996014
1996842
1997072
2000698
2005458
2007294
2008317
2013397
2014908
2015559
2016299
2021034
2021230
2022177
2022290
2026856
2027789
2030003
2038477
2038480
2040999
2041784
2042757
2045566
2048656
2049398
2050249
2059198
2065117
2067670
2067748
2069472
2070561
2071130
2071850
2072657
2073181
2074014
2074930
2078016
2078821
2079321
2082595
2083690
2085974
2088752
2097019
2097739
2103161
2105544
2106517
2108563
2108580
2109492
2119862
2120938
2121415
2121987
2124358
2124681
2126205
2135487
2136104
2136915
2138312
2140126
2141104
2141636
2143731
2151552
2153042
2155328
2162757
2165158
2165868
2166048
2166766
2171658
2171664
2173907
2175953
2177176
2179530
2181795
2185791
2189348
2190790
2191090
2193322
2196787
2196800
2197529
2201060
2206866
2212399
2213158
2216272
2217418
2217972
2219760
2221786
2252733
2253665
2259543
2262025
2265794
2266569
2270899
2278497
2278502
2281346
2285461
2285591
2287127
2298020
2301226
2301961
2303416
2304156
2304899
2305722
2306281
2307523
2310944
2314765
2315532
2316399
2318024
2323382
2323852
2327144
2327841
2329782
2330549
2331924
2336488
2348505
2349630
2350455
2352871
2358042
2360481
2365035
2365781
2374425
2375100
2384085
2384901
2386560
2389422
2393304
2393648
2393880
2398153
2401880
2408537
2419065
2422890
2424679
2425722
2432427
2433610
2438349
2439728
2439826
2440560
2447758
2448510
2459200
2464377
2465748
2466308
2467679
2470030
2474989
2485949
2486253
2491270
2492994
2494627
2496203
2496605
2496979
2497590
2498165
2499006
2499674
2501068
2501686
2501830
2507175
2512780
2515537
2516774
2517315
2517870
2519547
2522810
2522958
2525429
2526497
2528551
2533151
2533434
2536102
2536373
2536498
2538211
2541338
2542198
2546522
2548875
2550543
2551519
2551891
2555069
2559166
2560134
2562281
2563825
2564675
2565253
2574124
2577146
2585053
2588590
2589536
2600032
2602991
2606576
2607159
2607566
2609966
2615605
2615951
2616687
2624202
2625018
2625611
2628613
2629492
2637302
2638037
2639028
2639110
2639444
2639922
2640509
2641081
2641803
2651659
2659121
2660065
2661188
2661638
2663260
2663338
2664058
2664897
2666616
2669096
2675964
2676832
2680308
2700572
2701808
2703764
2704053
2705060
2706109
2707849
2709016
2710611
2716410
2734871
2737000
2738759
2740234
2740526
2741087
2741978
2743459
2744176
2745541
2747070
2747306
2747878
2751258
2758381
2767952
2769175
2771786
2772196
2772677
2773677
2774354
2777825
2777839
2783973
2789734
2795184
2802458
2802590
2803350
2805021
2805088
2805609
2806248
2824964
2825811
2826726
2835462
2839252
2839869
2842634
2843121
2845481
2848991
2849634
2851219
2851776
2860381
2871624
2876914
2877697
2878734
2879644
2880468
2886962
2891093
2897064
2898491
2900274
2901177
2903408
2910830
2911498
2911742
2912324
2912645
2915972
2916543
2920869
2926832
2928518
2929304
2930307
2930684
2931657
2933526
2934072
2935316
2938045
2944411
2945069
2945657
2947704
2949919
2955243
2958038
2964243
2969467
2971889
2974521
2975173
2975719
2976539
2977156
2977834
2978537
2979160
2980942
2981462
2981835
2982202
2983316
2983669
2984513
2989084
2990344
2993429
2993516
2993873
2994365
2994880
2997793
3006777
3011025
3012377
3013508
3015254
3015319
3016111
3018328
3030254
3032832
3034386
3036477
3038945
3039381
3041632
3045413
3047249
3052270
3057807
3067591
3068294
3068329
3068723
3071356
3072513
3080162
3081917
3081948
3090598
3094431
3096557
3098782
3101897
3103847
3115990
3120817
3124227
3124448
3127899
3129269
3130260
3152388
3166887
3177430
3177959
3179916
3188699
3195773
3196623
3196859
3198086
3200833
3204381
3206304
3208248
3219964
3224870
3225359
3226574
3227618
3227886
3228349
3228551
3231984
3237253
3240299
3242057
3242905
3245698
3246693
3247975
3250079
3255655
3265907
3266238
3285506
3285905
3290574
3293869
3294971
3295448
3295912
3296446
3309167
3310955
3311612
3312679
3313117
3313876
3314461
3320282
3327631
3331914
3334662
3336057
3348877
3350069
3353593
3354363
3355152
3355167
3356888
3365007
3366949
3367668
3368446
3369840
3371304
3372108
3393142
3394010
3398838
3400115
3407831
3408839
3410877
3411458
3414358
3416343
3421975
3422548
3423267
3424090
3425861
3426603
3427137
3427897
3449833
3450341
3451853
3452482
3452950
3454748
3455299
3456200
3457848
3465104
3467896
3470093
3475966
3476842
3477151
3477596
3479007
3486341
3489781
3495919
3499709
3501574
3502957
3504462
3504915
3508041
3508125
3508847
3509678
3509911
3511602
3512341
3513831
3515338
3515401
3517418
3520464
3521062
3522028
3522757
3523445
3530072
3533577
3534136
3538418
3542761
3543683
3544365
3545484
3545968
3546612
3547248
3547262
3549419
3550165
3553028
3554901
3559260
3559868
3562077
3562652
3569427
3569933
3572247
3577290
3577501
3578432
3578826
3581121
3600257
3602630
3603087
3604294
3606032
3612563
3615617
3616475
3616795
3617772
3621050
3622256
3623003
3623580
3624198
3626695
3628122
3630715
3631410
3643267
3645428
3648434
3649273
3661571
3669611
3670513
3671427
3672094
3674801
3675931
3681521
3690949
3701175
3701632
3702657
3707364
3708541
3724218
3727427
3728362
3729377
3730566
3732798
3738663
3739401
3741448
3742506
3754636
3759146
3761113
3762820
3763710
3764571
3773893
3776987
3778420
3779344
3782374
3785624
3787033
3791009
3798585
3799917
3809605
3815079
3816412
3817350
3817778
3818828
3819874
3828032
3831531
3832493
3846717
3850682
3851138
3851377
3853256
3855210
3860289
3862717
3865642
3870142
3870457
3873243
3874009
3874571
3875625
3877415
3877713
3883439
3885603
3893582
3897279
3900034
3900852
3905398
3906345
3906392
3906984
3921441
3922263
3924320
3925741
3928370
3928719
3931799
3933735
3942106
3943732
3945846
3946773
3947373
3947923
3948380
3949024
3949409
3949733
3950126
3950534
3952321
3959602
3961184
3962762
3966094
3966311
3966846
3967268
3970179
3975182
3987173
3987897
3988650
3989369
3990186
3990258
3999571
4000871
4004697
4007732
4012030
4015085
4016048
4030495
4051670
4058897
4060240
4064253
4065705
4068276
4068717
4073274
4073723
4076434
4081626
4082754
4086146
4088937
4106214
4108286
4111375
4111947
4112440
4118096
4118596
4127053
4131488
4132048
4132653
4134053
4142161
4142674
4151009
4152648
4154843
4155561
4156788
4157360
4157952
4159615
4163598
4163752
4165649
4171575
4174211
4179188
4182358
4190928
4192569
4194119
4194753
4195453
4196024
4208798
4212048
4216922
4217029
4218654
4221052
4223960
4225514
4226689
4227197
4229966
4230544
4231177
4231668
4232168
4232381
4233346
4241382
4241416
4248357
4250765
4251339
4251817
4255817
4256289
4256638
4258101
4258599
4258725
4259712
4261259
4263209
4274607
4280307
4280752
4283628
4285348
4286161
4293865
4303443
4303939
4304571
4305223
4305277
4307425
4312905
4313977
4315144
4315551
4318171
4322617
4333568
4341232
4342298
4342714
4345190
4366543
4371010
4373553
4374110
4374841
4375044
4378260
4381605
4393097
4398332
4399720
4401845
4405168
4405811
4406450
4408477
4409812
4411252
4414280
4415516
4424350
4426394
4432447
4439230
4439387
4452763
4453620
4454917
4455300
4456086
4457467
4458480
4460849
4464782
4478915
4500334
4501437
4502502
4507448
4512316
4515580
4521753
4524719
4524927
4526082
4528599
4529209
4534961
4543921
4555316
4563990
4565074
4567160
4571630
4574588
4575908
4581133
4591702
4595446
4597637
4602488
4604622
4605033
4607082
4611380
4617925
4619786
4621519
4623271
4623932
4624768
4625206
4626432
4626805
4639530
4647115
4653060
4655115
4655667
4658152
4663007
4665314
4666345
4678676
4681988
4686693
4696121
4698172
4711178
4713440
4715145
4719525
4720292
4721186
4722476
4722721
4723004
4723275
4723880
4724245
4724385
4746701
4750026
4750030
4751327
4752163
4752992
4753520
4763469
4766725
4768049
4769210
4771115
4771934
4777567
4778716
4783201
4787598
4789203
4789940
4790018
4798538
4799160
4799655
4808649
4809405
4815353
4815639
4817173
4818147
4818978
4823890
4828889
4838468
4839068
4841501
4842914
4847898
4849180
4850469
4853174
4854890
4855977
4856969
4858906
4859441
4860282
4861679
4862633
4876968
4878839
4879441
4879696
4880508
4881978
4888923
4889704
4889914
4892039
4895324
4897697
4908667
4911185
4951112
4952613
4953513
4957034
4957066
4962496
4962878
4964013
4965423
4971824
4980745
4987414
4990847
4994208
4996233
4998465
5013381
5014541
5019849
5020679
5022028
5022811
5025335
5027551
5029603
5034808
5036037
5036455
5036911
5038149
5038423
5044566
5047908
5051775
5052950
5055680
5055713
5057527
5060903
5061212
5063856
5073619
5079785
5089799
5102475
5109152
5112370
5113344
5116249
5116949
5117622
5118376
5118846
5119794
5121880
5122660
5128013
5128585
5128913
5129934
5132513
5138770
5141691
5145605
5147446
5155894
5156785
5164406
5168667
5169356
5169927
5172080
5172999
5173805
5174295
5182057
5194278
5195855
5196650
5197345
5207666
5207704
5208108
5210114
5212386
5215037
5219884
5231969
5236472
5241592
5244918
5260350
5261033
5261853
5262046
5264450
5265927
5267074
5289766
5292398
5293375
5294096
5307354
5308824
5309577
5310235
5311821
5312328
5312874
5313425
5323924
5325033
5327829
5329212
5330797
5332202
5332261
5333189
5339918
5341861
5342085
5342614
5343124
5344315
5344754
5345890
5346414
5346804
5347771
5348206
5355234
5362074
5364264
5365884
5375508
5378053
5379379
5401916
5403024
5405205
5413201
5420587
5430925
5431489
5434090
5434474
5437752
5439933
5443958
5451190
5453466
5454775
5456911
5465487
5468229
5469095
5470492
5470539
5479219
5486463
5487028
5487737
5493962
5494706
5494769
5495222
5495254
5499645
5503993
5505866
5506687
5509894
5511641
5512656
5512734
5513861
5515388
5515432
5522379
5522870
5527501
5531494
5531785
5531957
5533752
5534916
5537936
5549576
5552347
5557323
5558319
5559912
5560647
5561728
5565709
5566436
5569660
5576789
5578037
5598748
5602993
5603888
5607598
5608726
5614270
5614486
5614519
5615767
5616283
5617291
5617799
5618610
5619554
5620297
5621424
5622551
5633789
5634438
5635837
5638789
5639777
5647239
5647844
5649215
5649952
5652131
5654671
5656072
5660346
5677463
5680008
5681640
5684252
5694062
5707003
5715378
5725125
5725555
5732991
5738602
5740542
5741529
5743228
5744620
5745647
5747878
5748746
5749418
5750017
5752656
5753705
5764885
5765627
5767744
5771595
5775314
5785590
5791769
5792193
5793819
5797329
5797493
5800179
5801122
5801529
5805424
5812818
5813616
5814695
5815581
5821489
5823570
5828328
5829473
5829884
5830027
5830920
5830956
5850293
5850778
5851377
5860699
5865854
5877040
5880694
5882574
5883290
5893678
5894709
5896487
5901120
5902309
5905581
5911928
5912653
5916394
5917745
5921291
5944467
5947097
5947674
5948716
5950157
5950995
5951603
5961077
5965595
5977810
5985794
5993172
5993536
5994090
6009270
6014355
6014686
6017863
6018236
6026227
6026668
6030190
6030761
6031457
6032204
6033167
6033734
6050445
6051152
6053148
6053928
6054140
6055566
6055753
6057076
6058237
6072124
6076407
6078849
6079295
6080848
6089993
6090515
6090696
6091697
6093126
6093526
6097075
6097353
6099310
6099901
6104375
6106044
6110594
6115617
6116451
6121775
6122217
6126541
6131596
6133307
6133989
6134274
6134774
6142972
6147229
6147743
6148274
6149666
6162763
6180504
6181282
6183967
6184116
6197239
6198600
6199568
6201767
6208137
6214246
6218773
6222066
6222090
6223238
6225070
6226774
6233817
6233820
6234727
6234924
6241967
6242955
6243979
6246382
6250453
6251071
6265652
6269096
6272089
6275397
6300390
6300880
6300931
6301489
6301896
6302395
6303447
6313727
6314770
6324032
6326321
6330530
6333746
6334170
6337128
6337594
6337958
6340337
6341421
6352549
6354320
6355087
6357590
6359810
6376317
6378804
6380806
6386508
6388087
6389438
6392798
6393984
6400703
6401367
6403575
6405417
6408648
6409679
6416957
6421267
6428120
6428123
6430955
6431541
6440023
6442203
6443056
6443830
6444420
6444891
6445929
6446280
6446729
6447478
6448525
6449129
6458674
6460442
6461796
6461866
6463550
6471476
6473643
6491676
6503152
6504190
6504859
6505563
6506304
6512782
6513483
6525356
6526064
6526525
6528280
6530449
6531799
6532101
6532771
6542754
6543303
6545970
6550196
6550919
6561409
6565788
6566396
6567064
6567581
6570473
6572866
6574171
6575359
6575948
6576330
6585303
6589514
6592420
6593284
6598539
6608350
6610694
6612087
6613001
6614213
6615430
6617248
6617800
6618855
6620459
6620936
6621830
6632280
6633363
6637032
6641473
6644459
6656936
6659598
6660149
6661297
6665451
6670182
6678407
6680127
6682167
6685490
6687274
6691913
6692510
6694038
6702565
6707843
6714678
6723078
6723871
6729694
6730756
6750411
6753881
6758294
6758857
6759402
6760691
6767939
6768273
6769165
6770496
6772700
6773694
6774309
6774816
6775331
6776386
6781008
6785219
6787927
6788900
6794863
6800308
6801248
6802119
6802592
6802871
6803595
6813559
6816721
6817407
6818880
6819950
6820946
6822763
6829456
6836751
6844017
6845986
6854744
6860218
6860263
6862083
6862120
6885012
6887384
6891088
6892320
6895421
6895485
6895808
6896651
6898426
6898831
6901872
6903278
6905386
6906577
6909979
6914764
6917687
6918740
6929954
6935594
6936396
6938431
6939663
6940197
6946883
6948088
6949307
6952082
6961233
6964954
6970187
6972641
6977902
6979092
6981177
6981466
6981749
6985393
6986782
6987498
6988356
6988709
6989135
6991746
6993781
6994612
6995319
6997782
7001671
7009149
7021529
7022613
7025204
7032451
7032538
7033481
7034823
7035398
7035808
7036174
7037664
7037941
7038882
7039577
7041755
7043004
7043347
7043772
7044404
7047033
7060087
7060146
7066644
7068531
7070404
7072100
7073090
7073614
7075525
7078730
7084190
7088666
7092530
7092669
7092748
7094669
7095453
7101090
7101786
7102169
7102311
7102587
7103063
7103566
7104115
7118843
7119511
7120991
7121871
7124031
7125167
7127019
7127096
7131856
7134794
7135998
7149029
7149343
7156080
7168774
7169588
7170696
7174395
7176284
7176990
7179720
7181139
7200184
7201282
7202917
7205227
7212172
7213360
7219260
7221381
7224603
7225345
7226947
7227857
7229161
7230213
7236591
7238180
7242260
7245126
7250655
7255290
7271626
7271797
7271907
7275370
7276542
7288482
7294118
7294833
7294864
7299601
7300944
7303179
7308284
7315743
7317807
7327043
7328040
7334775
7337900
7344990
7345039
7345875
7346281
7348910
7369103
7369938
7373371
7374084
7374694
7375356
7375663
7375957
7376235
7376732
7376758
7376993
7377233
7377491
7377822
7378371
7378608
7388384
7391741
7403247
7403956
7404463
7405012
7407585
7410429
7423237
7423525
7426144
7427130
7431591
7433092
7434030
7434720
7436545
7437146
7439155
7439624
7440163
7440974
7442040
7442537
7442654
7443514
7444185
7444994
7445587
7455185
7456941
7464106
7470108
7470839
7471347
7472337
7474249
7482155
7483750
7486081
7486674
7488744
7489910
7491664
7493377
7494460
7495211
7497080
7498380
7498982
7500512
7500999
7502894
7506797
7508200
7516571
7516882
7518238
7519107
7519700
7520630
7525286
7525863
7526622
7528504
7534492
7538827
7540535
7541656
7542393
7543773
7544054
7550612
7550618
7550707
7551956
7553684
7556803
7572182
7576412
7578372
7579618
7580509
7583167
7588514
7589989
7594484
7606206
7656183
7660118
7671787
7675575
7679621
7681503
7683707
7684760
7687022
7689113
7693802
7696864
7702116
7709353
7710784
7716719
7716938
7717600
7726869
7738877
7740102
7740634
7742858
7747963
7750324
7752520
7753207
7759552
7764233
7764595
7770224
7781955
7782668
7784788
7799172
7804257
7812143
7818466
7820198
7823078
7824850
7827597
7833440
7834621
7855843
7856798
7857407
7858066
7858491
7859503
7860039
7860516
7860644
7861231
7873570
7874352
7874950
7876978
7880037
7882191
7889945
7893394
7895099
7898575
7902278
7902916
7915577
7919960
7929388
7935823
7936810
7944905
7948217
7949292
7951885
7959036
7959822
7960520
7960846
7961372
7961964
7962600
7963466
7964807
7976589
7977667
7984714
7988846
7992107
7999133
7999482
8002178
8004951
8005488
8006502
8007906
8012918
8020563
8023253
8032135
8037812
8039746
8039756
8040302
8044900
8046537
8046607
8051784
8060451
8062286
8064749
8067282
8068052
8069123
8074954
8075046
8076941
8077079
8077673
8101137
8101787
8102403
8105661
8107266
8109856
8113183
8113620
8113860
8113866
8114652
8115598
8117492
8118941
8120154
8122525
8124634
8125217
8129549
8133580
8137446
8140309
8140413
8142148
8143435
8145004
8150243
8151814
8152442
8153704
8153939
8154105
8154830
8161295
8168453
8169071
8173540
8185313
8191699
8197934
8199667
8200363
8202677
8203470
8207297
8211536
8214606
8218738
8219593
8220654
8221856
8230038
8231174
8231913
8232133
8232383
8233622
8237011
8239189
8243171
8244303
8248252
8255744
8256315
8260518
8262636
8263757
8266152
8268839
8269580
8270299
8272665
8273682
8274596
8279298
8280214
8280887
8289258
8290594
8293568
8294282
8295112
8297343
8298482
8299280
8300152
8300701
8300912
8301628
8302998
8303464
8303827
8304393
8305191
8310979
8312266
8313929
8315906
8317031
8317830
8317962
8318767
8320997
8324368
8326670
8326936
8332997
8337432
8339901
8342122
8342914
8342950
8346303
8348227
8353970
8356794
8357738
8358241
8359582
8360332
8360837
8361821
8364732
8370498
8371963
8374091
8375378
8378581
8380625
8381242
8384273
8385174
8392486
8393625
8394848
8395841
8411960
8415166
8417012
8418489
8424430
8424750
8428289
8437321
8438521
8438959
8444964
8446206
8450238
8451005
8451954
8459591
8472284
8472802
8483366
8483830
8486529
8498644
8499275
8500694
8502153
8503582
8505925
8506710
8507985
8510601
8512388
8514253
8514484
8516856
8517402
8518347
8523951
8528780
8529551
8529753
8550964
8550993
8551670
8552150
8553969
8554450
8554696
8577857
8579039
8582658
8584263
8586900
8589090
8590548
8594429
8601786
8602741
8607395
8614914
8619451
8634444
8635905
8643508
8644423
8645606
8660468
8663147
8664539
8665540
8666159
8667452
8668031
8668543
8669525
8680223
8681675
8687099
8687413
8689488
8689796
8689991
8690406
8690528
8691729
8700945
8709136
8709584
8710853
8711170
8711923
8712858
8713407
8715126
8715570
8720094
8720517
8727939
8733812
8738968
8744475
8746036
8749019
8750431
8755865
8756188
8756833
8757430
8757868
8758898
8760017
8760121
8760869
8761577
8761667
8761778
8766665
8770932
8771928
8773091
8774814
8779936
8780387
8782925
8784682
8785069
8786068
8787192
8792632
8797364
8799084
8799558
8803171
8803540
8807760
8809093
8809770
8810249
8812207
8813598
8815220
8817079
8819368
8823108
8823751
8824295
8827082
8828898
8833553
8834848
8851176
8851541
8853960
8854021
8856534
8859099
8859314
8859660
8860640
8861190
8866093
8868984
8873116
8875649
8876740
8878019
8879110
8879658
8881042
8881784
8882240
8883646
8884593
8886103
8889032
8890094
8891566
8893600
8898524
8899581
8901177
8903986
8924956
8925859
8926841
8927536
8930031
8942418
8942860
8943417
8944500
8946789
8948830
8961621
8964822
8967441
8968420
8969047
8969838
8970796
8978184
8980580
9004704
9015391
9019542
9023418
9023722
9027635
9028488
9028709
9033176
9034401
9035999
9047166
9051142
9051925
9054067
9056729
9058575
9061999
9071614
9072141
9073304
9087301
9093216
9093892
9096042
9100242
9100936
9101595
9108890
9112954
9113839
9114773
9115222
9116912
9117009
9127973
9129385
9133588
9135170
9141787
9145417
9145794
9146290
9146687
9147039
9147423
9147886
9148337
9149636
9149732
9161846
9164624
9167926
9173037
9175248
9181703
9182834
9183936
9183943
9185152
9190016
9192948
9200352
9202127
9203336
9204797
9205897
9212814
9219672
9230713
9232178
9233105
9244326
9248120
9249887
9261038
9261453
9261869
9262614
9264109
9268641
9269218
9277530
9277563
9278718
9279280
9279707
9287379
9288002
9289034
9290049
9290409
9291510
9297515
9299748
9305406
9306086
9306094
9306886
9313470
9314764
9321136
9324014
9328730
9334660
9335924
9345629
9349499
9353183
9357885
9368346
9370871
9377548
9378949
9380272
9380279
9380661
9381135
9388077
9393581
9396229
9399763
9400456
9417816
9424905
9430489
9450428
9452668
9454368
9456189
9457262
9457596
9458664
9458896
9459247
9459571
9460304
9461492
9468354
9472554
9473777
9479280
9479629
9479980
9485349
9493157
9495320
9497542
9498262
9498944
9509262
9510860
9511465
9511910
9513413
9516439
9520083
9520151
9521135
9526269
9529579
9532731
9545563
9546813
9549323
9553515
9556787
9558246
9569823
9576417
9577406
9583028
9588165
9589838
9592810
9593311
9595659
9596488
9597184
9602954
9624064
9624973
9628122
9635926
9649587
9652667
9652728
9653792
9677461
9679002
9688225
9690593
9695923
9699885
9701616
9704856
9709915
9720326
9727533
9729418
9731797
9733595
9734456
9758199
9769131
9779889
9789141
9792973
9806288
9808795
9812244
9812641
9814720
9817685
9828988
9834096
9840624
9843125
9848038
9850477
9873348
9876010
9900578
9902281
9905390
9906380
9907193
9920698
9920775
9928489
9932205
9941444
9943007
9957586
9958094
9966031
9967940
9969534
9972068
9977453
9977763
9979200
9979440
9979867
9980222
9980376
9982322
9996991
10001010
10001227
10005074
10009225
10011304
10012007
10013858
10026926
10033110
10033895
10035035
10035493
10035938
10037151
10037782
10049313
10051075
10051433
10053678
10067617
10078992
10079216
10084568
10085448
10092120
10093467
10094500
10096705
10099424
10104918
10108201
10108306
10123407
10127356
10129410
10130542
10132612
10135259
10141088
10141650
10142291
10159766
10160490
10160795
10183119
10185284
10190981
10191333
10191685
10192475
10192853
10192914
10193150
10201319
10203729
10205710
10217164
10218783
10224721
10235883
10247692
10256867
10257435
10265729
10266583
10272235
10272781
10275509
10276994
10289347
10296146
10315840
10317926
10326641
10357759
10358368
10358855
10359279
10359586
10360493
10360723
10360930
10361387
10361618
10361878
10363866
10364701
10372623
10386833
10388113
10394037
10394273
10394742
10399386
10402996
10403578
10404336
10407306
10408879
10418924
10421189
10429962
10430692
10439343
10439905
10441694
10443767
10446640
10452037
10453876
10456551
10459936
10462190
10465510
10468501
10473517
10478774
10479983
10491689
10493880
10508254
10512300
10512658
10514032
10514388
10514797
10515614
10531053
10534139
10535275
10536276
10544522
10547574
10548772
10549301
10549572
10550477
10552115
10578957
10589429
10597261
10618830
10628620
10667523
10688482
10702387
10703101
10722277
10737587
10738441
10738985
10739786
10741472
10744438
10745606
10755629
10765922
10766815
10767350
10767753
10768432
10768554
10769232
10770829
10773494
10774194
10775108
10775766
10776544
10777085
10778039
10803343
10812734
10816904
10824514
10825161
10826095
10827081
10831315
10834672
10836808
10840706
10850874
10857903
10863679
10877856
10879626
10880232
10880813
10881224
10883829
10884196
10884488
10885863
10886078
10889076
10902342
10906205
10906315
10909006
10914120
10914797
10915240
10916374
10916481
10917029
10917938
10923895
10930351
10931827
10932959
10939527
10940916
10943351
10948273
10951858
10952795
10952887
10954141
10957211
10959345
10967021
10973963
10979302
11016122
11020412
11023633
11039323
11053718
11053934
11056482
11057180
11060400
11061863
11081744
11084337
11085175
11088604
11101443
11105743
11105759
11106731
11108062
11109500
11111174
11144712
11153830
11168935
11172658
11177059
11180076
11190118
11191426
11191771
11192049
11193022
11193469
11193994
11194449
11196314
11196771
11206683
11209879
11209975
11214470
11215347
11221157
11226003
