1297.881
3269.193
3948.336
5342.461
8403.271
8765.149
13313.93
20868.57
22493.95
31123.73
32752.11
35979.1
39075.95
43145.38
45415.35
50866.99
51420.43
51906.54
52154.24
57809.79
60246.18
61137.4
68780.41
76623.62
78013.34
78786.73
79791.06
80039.25
80697.46
81329.07
82656.94
90905.09
91556.26
91991.55
92905.79
94581.54
95478.11
96105.04
98689.58
99400.61
102004.2
107066.9
112375.1
133705.3
134447.5
139365.9
142429.4
144876.4
154232.9
155379.9
155638.6
158343.6
158777.6
161541.7
166136.5
167720.6
168821.5
169986.8
170371
170700.7
172276.1
173685.9
180530.6
193073
195158.7
195454.3
198433.6
200162.5
201050.7
202703.3
210577.8
211781.3
213312.3
214043.9
214740.9
216816.4
219643.9
220332
230611.5
234217.9
238961
240587.3
243472.4
245854.6
252921.9
262016.8
273122.9
274620.6
278238.1
278651.9
280512.7
284256
287346.8
287852.5
289112.7
289155.7
289903.9
290062.4
291294
292820.5
294960
303662.4
305121.1
305610.4
307206.1
312214.1
317563.3
319710.1
320517.8
322690
330105.9
330722.7
331424.4
347117.7
348354.7
357600.9
364952.1
366074
368494.2
374828.6
376235.6
385363.7
386478
388807
396935.8
397880
399108
401805.2
409029.7
417224.1
423643.1
455920.6
461404.3
468506.1
481310.8
485236
500570.3
505918.2
507144.9
517415.5
519533.9
521704.2
527389.5
528679.6
530928.8
535779.1
536445.7
537433.9
537778
538617.1
539632.4
541256.3
541948.4
549116.9
550627.2
564440.4
569087.6
577060.5
581700.4
582243
588867.1
602735.3
603962.5
605039.7
606975
611837.3
612415.9
636306.9
639998.7
640243.7
641334.9
642452
644059.1
645067.8
647589.2
648835.7
649259
649555.1
651354.9
654183.4
658361.2
678921.2
679429.7
682501
688359.1
693077.6
693702
703984.3
708171.6
709441.4
710371.4
719893.8
720024.6
727753.8
736345.9
738327.4
738937.9
739316
739437.6
740517
740868.8
743837.5
745376.3
747098.9
763378.7
781989.3
792355.9
795495.5
796618.8
798402.9
811940.2
818907.3
824402.5
825241.9
827836
833252.1
835229.3
857707.2
858844.3
860607.2
862080.4
863211.4
869532.8
870051.5
878942.1
879633.6
918917.4
921686.8
929516.8
938021.2
939681.5
943372.9
947659.4
951267.1
952927.2
959852.7
960419.9
976494.5
977837.4
983840.4
984081
990619.7
994789.4
1014619
1016787
1018906
1022364
1033546
1037107
1044044
1046138
1047240
1051103
1063039
1068892
1071539
1072894
1083818
1085758
1097410
1102436
1103809
1104349
1105413
1108540
1126278
1127645
1134586
1141135
1145353
1150844
1154304
1155795
1157928
1162632
1164679
1166522
1167846
1168539
1170178
1170737
1174296
1175382
1184272
1184338
1186604
1190896
1191435
1193304
1196650
1204722
1204770
1204846
1205781
1208031
1209716
1211246
1216015
1216372
1216717
1217240
1217287
1218640
1219993
1225588
1227927
1231338
1235003
1239024
1239737
1239968
1244802
1245193
1245861
1261278
1267496
1271673
1271753
1272748
1273211
1278005
1280516
1281597
1290339
1294968
1295265
1299388
1302405
1308451
1311653
1312629
1317109
1321597
1322244
1324169
1324988
1350081
1351657
1355766
1356830
1356940
1359109
1359503
1361248
1361728
1364315
1366851
1373586
1374812
1375392
1375722
1376112
1376156
1377265
1377596
1384156
1386227
1394617
1399684
1403351
1403896
1415946
1417423
1417981
1418582
1418869
1420482
1421735
1422057
1423586
1427360
1428146
1428674
1430132
1432170
1447020
1451111
1458058
1459536
1460147
1461018
1463112
1464605
1468281
1498905
1507669
1509474
1511592
1517980
1520629
1523256
1527811
1528350
1529052
1529601
1529640
1530595
1532926
1533935
1540851
1541435
1543243
1549473
1550333
1552599
1553265
1555187
1560065
1560728
1561828
1562574
1566335
1568031
1572162
1583515
1584769
1601643
1605016
1607127
1611875
1613033
1631279
1642932
1645153
1648338
1662263
1675103
1683460
1692529
1698194
1702118
1706810
1711957
1717424
1723582
1728781
1728878
1737641
1763131
1776167
1780654
1803537
1810047
1811719
1812962
1814074
1816256
1817699
1819437
1824487
1828362
1831178
1833051
1833100
1841579
1842084
1842651
1849785
1850382
1851668
1854108
1855494
1859138
1868879
1872555
1878421
1878711
1878946
1892734
1902114
1906775
1907199
1910358
1912025
1925353
1935839
1949986
1949986
1951376
1955240
1956526
1961795
1962995
1964284
1965940
1986535
1992815
1996457
2003552
2012041
2014889
2015905
2016872
2020620
2020868
2023712
2025298
2031822
2034651
2037051
2042703
2047301
2049788
2055651
2059681
2062781
2062836
2070665
2071433
2079043
2081776
2087809
2089120
2092530
2099762
2101683
2104807
2108445
2117200
2131457
2132429
2134818
2145514
2148820
2155829
2157367
2162466
2177318
2189473
2199339
2213030
2216669
2224834
2250876
2265502
2266040
2269565
2269830
2271626
2272197
2272982
2275119
2281544
2283847
2287713
2288842
2289274
2291052
2299377
2301266
2301329
2301889
2301903
2302457
2318424
2319644
2320962
2321353
2324975
2325753
2325944
2327332
2334308
2335141
2342199
2345151
2346816
2351526
2352951
2355540
2357320
2366366
2369865
2372770
2377062
2377442
2380988
2382322
2385395
2387649
2389279
2390779
2391630
2391886
2405186
2406578
2418760
2420808
2420827
2423012
2424141
2427969
2429306
2441908
2442089
2444540
2445160
2449475
2455285
2457624
2464443
2468383
2476794
2482977
2492342
2497402
2500153
2502652
2509173
2510557
2512086
2517930
2519410
2520130
2520530
2520980
2523736
2524043
2525038
2527700
2532429
2533306
2540768
2550990
2553663
2564168
2566167
2574288
2576329
2581306
2589095
2590259
2593989
2599900
2603865
2609962
2610800
2616896
2617758
2618357
2619737
2622216
2626195
2630205
2634258
2637836
2640460
2643146
2643351
2646684
2647171
2647171
2652673
2653472
2654223
2656086
2656586
2657390
2657713
2660408
2661061
2661404
2664246
2676847
2677283
2706308
2710583
2712489
2717384
2717465
2717890
2730031
2738862
2744567
2748885
2752358
2755838
2761334
2762059
2774030
2792215
2794326
2806647
2820552
2823690
2826407
2827187
2830565
2839520
2842216
2852563
2855276
2857095
2857926
2858208
2858308
2862118
2863374
2864355
2866813
2868533
2870731
2871235
2871611
2875214
2875996
2882318
2886494
2892286
2893476
2896154
2904191
2913120
2913902
2914935
2915069
2919726
2930885
2940620
2945014
2945619
2951173
2951574
2955431
2961339
2962429
2972587
2977604
2979448
2984278
2985661
2988387
2988946
2989814
2992040
2996603
2998391
3000333
3000970
3001615
3009663
3013925
3023151
3023356
3024240
3028161
3029084
3051460
3056225
3058376
3059376
3065025
3071030
3072322
3077038
3078147
3079889
3082252
3083974
3085048
3088006
3096668
3100593
3101275
3103322
3105818
3107156
3115627
3116566
3117473
3119295
3120390
3120428
3120851
3121498
3123921
3127783
3131236
3156535
3172408
3173042
3173328
3177118
3178960
3192644
3208517
3217199
3225556
3226471
3228000
3228434
3228905
3235168
3238023
3240410
3244723
3247654
3254603
3268530
3275359
3287655
3289778
3292374
3326068
3329579
3329671
3330127
3331687
3343659
3343701
3344794
3345571
3350865
3351005
3353271
3353881
3359468
3362297
3366729
3371719
3376099
3381029
3384487
3387413
3387684
3390337
3392693
3396499
3416797
3417281
3422229
3427646
3445102
3445748
3449408
3455267
3455679
3457080
3458715
3464022
3465245
3467960
3470075
3471992
3491695
3491810
3492707
3493771
3497271
3502263
3524928
3528295
3537093
3537729
3541193
3541781
3543544
3543856
3549065
3552078
3554986
3557809
3559488
3564151
3565433
3601438
3611655
3615510
3616271
3617750
3620666
3623524
3662209
3668646
3671421
3672013
3673203
3678009
3679361
3685606
3691901
3697973
3703532
3704790
3705138
3707373
3712944
3716033
3720684
3723241
3732166
3733352
3733770
3734391
3735145
3737752
3740363
3745438
3746059
3748192
3748610
3760821
3760901
3763114
3768077
3770578
3772644
3775664
3776154
3787252
3792024
3795006
3798660
3810212
3820992
3825262
3826702
3830057
3830955
3839891
3840384
3842676
3851346
3851747
3868394
3877433
3882869
3882943
3887071
3897977
3899110
3901789
3902083
3902371
3902851
3903213
3903687
3903914
3905467
3919768
3937643
3938537
3947879
3948327
3949941
3952390
3955960
3959928
3962314
3962906
3967177
3972089
3973807
3985198
3985728
3989839
3995547
3998067
4004322
4005673
4005776
4008291
4008644
4009924
4016838
4023179
4023627
4024559
4025816
4073660
4074298
4076178
4077427
4080505
4093297
4121503
4127371
4130581
4138936
4140265
4149937
4150485
4151558
4151967
4153654
4156435
4166357
4175327
4175570
4179354
4180446
4182160
4182613
4183252
4184008
4186704
4188448
4188819
4191365
4197726
4197902
4199194
4200061
4201857
4205462
4205894
4206407
4207105
4207936
4209607
4214706
4215466
4217630
4218167
4218527
4220732
4223682
4225351
4236779
4237094
4238146
4246412
4268936
4273093
4283759
4287044
4289045
4289354
4298585
4301801
4302000
4302629
4303296
4308998
4319114
4324070
4330932
4332898
4333517
4335822
4336414
4341334
4341380
4346328
4348365
4360159
4363604
4364519
4372810
4379467
4380599
4380964
4381702
4394817
4396003
4401230
4404913
4405600
4405801
4407304
4424481
4427044
4428878
4435236
4437169
4438427
4442822
4444109
4445483
4465915
4466372
4467793
4474572
