15546.94
16322.69
17184.46
18113.88
19506.84
22990.9
35205.9
41997.1
46576.13
58800.2
59658.48
59990.8
60335.02
61328.68
71747.02
77953.56
78946.58
94858.78
95676.46
96638.56
97254.58
97675.38
99468.98
150140.5
150761.5
152297
152872.6
154026.5
154286.3
154701.5
161256.2
188743.9
189240.8
191106.8
192014.9
193018.3
204222.9
205056
205765.7
210049.6
219029.6
235171.3
253775.1
258002.6
258148.2
259747.2
260319.6
262284
262830.4
263931.1
288947.4
289748.9
291882.8
293631.8
294288.3
294765.9
295346
296316.9
297115.9
297928.7
298809.7
314842.1
315764.2
317275.2
318383.6
328240.9
334712.3
349597.8
353183.6
356694.5
357235.5
358214.5
366913.2
367275.4
367602.4
369008.4
370548.7
406534
420319.7
421235.1
421904.3
430018.1
470590.8
472174.3
472598.7
473070.6
473538.6
475974.5
476467.6
479493
480002.8
481770.9
483392.7
484986.9
485596.8
486447.5
487963.3
492516.5
537763
539471.5
540661.2
543480.2
545750.9
546882.7
571504.1
573366.6
574650.9
585939.8
617443.8
617974.2
618418.3
618931.1
619997.3
620621.7
637046.8
642288.6
644347.7
648221.5
648824.9
650788.6
652782.4
661198.1
682816.3
683433.5
693409.8
725042.1
725829
726343
729706.5
730768.7
733592.2
734163.6
735490.4
740912.3
742187.4
742773.4
743485.8
745080.3
746092.8
747778.8
748643.8
762240.2
764357
766302.7
767823.4
769307.8
771425.6
771920.3
776906.6
781766.5
796519.9
800696
805408.8
807249
812014.5
812449.3
814095.1
814802.6
816250.1
817279
817922.1
819185.1
819940.7
820819.7
821195.5
821577.4
821976.2
822473.7
823112.2
824164.5
824463
830720
839507.2
840015.9
840400.3
840943.3
841302.4
841770.2
842591.1
858407.8
878946
901112.7
920387.8
934027.4
934977.6
935348.8
935801.1
936067.6
936149.7
936634.2
937028.4
937322
938272.8
939014.9
939873.9
941202.4
943551.7
947660.8
951572.4
952619.8
975329.4
978317.2
982762.2
983541.6
984498.6
985765.4
986634.4
987111.2
987514.6
988363.2
989223.2
990217.4
998592.1
1001147
1002056
1024409
1025823
1032729
1046612
1050537
1064275
1064910
1066637
1067449
1070456
1071079
1072567
1080112
1080750
1081706
1082384
1083780
1084197
1084931
1085407
1085984
1086683
1096500
1097768
1098414
1099102
1112592
1135377
1136472
1137028
1137431
1138594
1139628
1140107
1140588
1141636
1141735
1150432
1151681
1152818
1155102
1155759
1158244
1159795
1160170
1160393
1161040
1162059
1162671
1165350
1166160
1168835
1175533
1176045
1177010
1177165
1178563
1179757
1182129
1191690
1202385
1203936
1205671
1207088
1211285
1211879
1212877
1213289
1213882
1219335
1240847
1251333
1252492
1253139
1253853
1254341
1254747
1255081
1255890
1257077
1257376
1257816
1269042
1269731
1270082
1270749
1271167
1272144
1272716
1273268
1274240
1274826
1276773
1277767
1278351
1279231
1280351
1281343
1281858
1282614
1283581
1284192
1298541
1311984
1327138
1327715
1366315
1367954
1372093
1373262
1376659
1384953
1385720
1386269
1387858
1388388
1388537
1388994
1389431
1390073
1391253
1392348
1393092
1393704
1394455
1395013
1395436
1398678
1402798
1410114
1411528
1412441
1414084
1415423
1416620
1417557
1418306
1420414
1433325
1446919
1452060
1453259
1455145
1456211
1457634
1458150
1458577
1459074
1460230
1461513
1462476
1471565
1495359
1498259
1498353
1499278
1499967
1500492
1529257
1530909
1532242
1537640
1540005
1542632
1543549
1544584
1566136
1566838
1579001
1580027
1581084
1584782
1590112
1591251
1593487
1594035
1594091
1594981
1595433
1595536
1595949
1596557
1598115
1599998
1615176
1631684
1634301
1634990
1635576
1636215
1636398
1636697
1638889
1639360
1640345
1640827
1641432
1642436
1643338
1644583
1645253
1647840
1648649
1649523
1650496
1652125
1653932
1675833
1679776
1680396
1680966
1682260
1683757
1684704
1692495
1693672
1696059
1696610
1699615
1705080
1705477
1705802
1706019
1706164
1706873
1707381
1707921
1708326
1708715
1709093
1709868
1711515
1712023
1712391
1713362
1713772
1714211
1714769
1715721
1716160
1722994
1725528
1727921
1775117
1779032
1800225
1807721
1808153
1809534
1810821
1811909
1823369
1841929
1846030
1859290
1861383
1866483
1887980
1888652
1889640
1890203
1891676
1892225
1893693
1894498
1895216
1897020
1907573
1908114
1908726
1909832
1910422
1912132
1913416
1913835
1914346
1914791
1916223
1916260
1917033
1917750
1920186
1924421
1932193
1942049
1942783
1943682
1943709
1944583
1945723
1983798
1984974
1985590
1986213
1987668
1988327
1988992
1990755
1991828
1993026
1994859
1997262
1997960
1998140
2034374
2035309
2036036
2037192
2039876
2040052
2040367
2041144
2042912
2044565
2044889
2048874
2049604
2055803
2056733
2057133
2057769
2060624
2061072
2065062
2073471
2074526
2075660
2077991
2078954
2079931
2086556
2088225
2088856
2089074
2090439
2091792
2092146
2093080
2094541
2095235
2095419
2095976
2098648
2100106
2105039
2107018
2114938
2115589
2116808
2124643
2125541
2126605
2127413
2128915
2145850
2148129
2148742
2149398
2150007
2150401
2151828
2152363
2152363
2152884
2153352
2153956
2159700
2160738
2162224
2164319
2165158
2167720
2168413
2170372
2171047
2171651
2173202
2173717
2174312
2175511
2193950
2198637
2199186
2200064
2229306
2270675
2277039
2289578
2293118
2306326
2317644
2320138
2323070
2336861
2337549
2337995
2338341
2340644
2342730
2343518
2355406
2358145
2365858
2372328
2372969
2374716
2376429
2378296
2378363
2378759
2379592
2380156
2380532
2380968
2382557
2383334
2384550
2385582
2385919
2386365
2388101
2388769
2392580
2393366
2397985
2401181
2402367
2403100
2404815
2408060
2415968
2416574
2417757
2418344
2418871
2419588
2420179
2421745
2423258
2447460
2449733
2452878
2453574
2454115
2455665
2456413
2458146
2458651
2459322
2461159
2461866
2463531
2469533
2478894
2480470
2497589
2499006
2524218
2524751
2525886
2530807
2553570
2554423
2554683
2555155
2557181
2558335
2558870
2559297
2560592
2562591
2563752
2570677
2572080
2572892
2572998
2573688
2576825
2577390
2579786
2580655
2581370
2582766
2585657
2588210
2595239
2596483
2598631
2608094
2609212
2610135
2611245
2613098
2614889
2626673
2630710
2648588
2649952
2650805
2651717
2653874
2656860
2661812
2661943
2662944
2678667
2679017
2729625
2753785
2766351
2766624
2795755
2796828
2804125
2809096
2809578
2810102
2810558
2810935
2811999
2812993
2813655
2814780
2819051
2824372
2825005
2826312
2827390
2834292
2835313
2837277
2839146
2849019
2849081
2891792
2900640
2911393
2923604
2954518
2955897
2957591
2966343
2982688
3021083
3071151
3071436
3074134
3090898
3091514
3092881
3121254
3155847
3157914
3158665
3158897
3160247
3162463
3162872
3163303
3164391
3165078
3174777
3179056
3185714
3186640
3187360
3187806
3189503
3197958
3198365
3199466
3199953
3200854
3201288
3201788
3202274
3203337
3203585
3204118
3206202
3206319
3208482
3220502
3227942
3228490
3232964
3251156
3251854
3252654
3253053
3253476
3253881
3254075
3254225
3254529
3254909
3255339
3256291
3257666
3258314
3258871
3260022
3262398
3263017
3271163
3275313
3275979
3276623
3277211
3277805
3278443
3281240
3281798
3282646
3283158
3284107
3285069
3290304
3290962
3292261
3292750
3294953
3297153
3304619
3305783
3306210
3307199
3309000
3309598
3310273
3311915
3355404
3370337
3373909
3375477
3383716
3395951
3396650
3414149
3415079
3415619
3416059
3416374
3416936
3417327
3417822
3418735
3419181
3419588
3420905
3421218
3423304
3424148
3424757
3425574
3426084
3426392
3452590
3454101
3455107
3456164
3456726
3457301
3457958
3459255
3471966
3472392
3474367
3475492
3497204
3497869
3499748
3503853
3505984
3508981
3509766
3523395
3525416
3530214
3532755
3536646
3537172
3537823
3539285
3540313
3541226
3542263
3544572
3545053
3545614
3546025
3546386
3546786
3547169
3547960
3548442
3555056
3562672
3563322
3563959
3565352
3600448
3600700
3601382
3601950
3602332
3604520
3617770
3618447
3619008
3619517
3622045
3628415
3629037
3630199
3630640
3630975
3632293
3634460
3635720
3636323
3636484
3636831
3637442
3638772
3640248
3641170
3649914
3650371
3653356
3667127
3668690
3669614
3670541
3670601
3671478
3672009
3677153
3687159
3687250
3697879
3700500
3702746
3703836
3704324
3705230
3707181
3721669
3722619
3751970
3752845
3754507
3755716
3774218
3828050
3828739
3829478
3832700
3832966
3834797
3837255
3839801
3844886
3846411
3847156
3852502
3887999
3888773
3889923
3897872
3901273
3901689
3903221
3904312
3904674
3905172
3905539
3905903
3906192
3906655
3907006
3907214
3908000
3909329
3912712
3926757
3935697
3936279
3938071
3939649
3940274
3941195
3943238
3943774
3944724
3946092
3948736
3949593
3961128
3963527
3968333
3969661
3971138
3972973
3973224
3973648
3974574
3974960
3975910
3976436
3976917
3978434
3978789
3979136
3979499
3980665
3986515
3987573
3993345
4004793
4009180
4010093
4010575
4010845
4011007
4011431
4013063
4030282
4051736
4052785
4053276
4053915
4055590
4056127
4057120
4057911
4058591
4058680
4059107
4059466
4059652
4060223
4060753
4061911
4062577
4063248
4064239
4087613
4088207
4091337
4091751
4092554
4093718
4095140
4096059
4096738
4097744
4117459
4122265
4145002
4146076
4147950
4152737
4181087
4194179
4200701
4201456
4203480
4204838
4205619
4205929
4206103
4207003
4208622
4211181
4215247
4226441
4227467
4227829
4229396
4275709
4287633
4311187
4313287
4315058
4315640
4317054
4317850
4318460
4318907
4320217
4321168
4326303
4327445
4347540
4358839
4359419
4374459
4379735
4396736
4408848
4409781
4410098
4410500
4411066
4411516
4411556
4412012
4412240
4413411
4414626
4418589
4419917
4421161
4422258
4422714
4423463
4424176
4424639
4425260
4425950
4428570
4431714
4440146
4441034
4441939
4471872
4473492
4474056
4475711
