28893.64
30014.02
59658.21
61791.27
62302.07
62659.03
63108.65
63934.87
65413.03
66532.03
67635.11
71740.91
72787.86
85103.7
101841.3
102889.9
107014.3
108051.2
109043.6
109885.5
111210.7
113585.8
114402.9
117434.5
118255.3
120154.5
124561.9
125012.2
125705.2
127097.2
132407.3
133138.7
177411.9
179231.8
180349.5
180935.3
183809.9
185367.9
186213.5
187938.2
188705
189805.7
191631.6
193956.7
196616.5
197668.1
214688.5
215925
216678.4
223703.8
226118.5
227759.1
228515.7
229421
230046
231163.8
232296.4
233318.8
234022.8
237185.5
238180.1
251432.2
252137.3
253078
253630.6
254094.5
254404.6
254790.8
255183.5
255558.7
255980.2
256338.2
256708.1
257063
257730.7
258072.9
258457.9
258747.1
259322.1
319387.2
320034.9
321075.5
335137.7
336008.1
337268.4
338166.6
341632
369440.1
373057.7
373435.5
375671.4
376265.9
377150.9
378566
389002.5
390427.1
393390
394090.5
394461.6
394677.9
395815.5
396478.8
397273.3
397775.4
405620.6
406466.7
408219.7
410789.9
413679.1
416195.2
417125.6
417826.5
422398.8
423156.7
423941.1
424471.2
425896.5
426720.6
458382.3
458741.4
459240.9
459625.3
460751.3
461470.5
462405.4
463398.5
464321.1
468145.4
469266.9
470763.8
473593.6
477579
478623.9
479297.7
480079.2
480521.3
481347.7
481983.4
482485.2
482852.3
483317.9
483752.5
484405.8
485860.7
496182.4
496761.9
497388.6
498069.1
498745.9
499266.8
499869.5
540808.1
541474
542851.6
551231.2
551643.7
552142
553002.8
565293.3
566461.7
590563.9
591667.8
593435.9
611823.1
612664.7
613593.3
614193.5
614912.3
627761.2
628934.2
632415
632945.8
633946.4
636721.2
637715.9
638441.8
638929
639292.4
639664.7
640333.6
640678.6
641072.4
641542.7
641944.6
642379.3
642834.5
647781.7
648902
649741.7
650594.6
653162.8
653989.4
654430.2
654854.3
655379.4
656519.5
668087.5
668565.7
669074.2
669533.7
669894
670328.4
670773.5
675309.2
676014.2
676549
676995.5
677553.9
677962.4
678441.1
710614.8
712463.7
713485.2
715586
721851.9
722590
723330
723906.5
724955.2
743864.7
749358.1
749724.5
750290
750721.3
751225.9
751800.4
752434
770276.6
771130.2
772394.3
776091.4
776570
777254.8
792691.5
793819.3
794376.9
794872.1
795284.5
795849.4
796469
797501.9
798113.5
798647.6
807934.6
808439.2
809779.4
810221.2
810605.2
811025.4
829378.2
830097.5
830760.1
833160.3
848813.1
849300.7
849861
850394.1
852096.9
852578.5
853277.7
854801.8
855673.3
859252.6
862761.5
863467.1
864087.9
864661
865604.9
871053.2
871732.8
872946.9
918330.4
918893.6
919892
924015.5
939948
941519.1
942775.6
946565.1
953614.8
954093.6
954426.5
954741.1
955681.9
956590
970733.9
972605.7
979116.8
982880.4
983306.6
983681.5
984003.8
984398.3
984731.5
985065.2
985505
985934
986346.7
987198.2
993331.3
993802
994207.2
994970.4
1004019
1004584
1014618
1022812
1023531
1032614
1036803
1037551
1038667
1039663
1041356
1042249
1042990
1043551
1045091
1047620
1049134
1050255
1051526
1052250
1056015
1057458
1058115
1059239
1060558
1066320
1067187
1068253
1069890
1071211
1073911
1074685
1075280
1076430
1093266
1093936
1094776
1096939
1098204
1099970
1105411
1111857
1118356
1118837
1120019
1125043
1126000
1127414
1127931
1128868
1130452
1137282
1138034
1138921
1139536
1140121
1143340
1148843
1157416
1158255
1159743
1160639
1163735
1203055
1204362
1205470
1206244
1207096
1208031
1208059
1210112
1232759
1236597
1239636
1240647
1241328
1242190
1242775
1244198
1267439
1268127
1268771
1270694
1271619
1284286
1284847
1285557
1288363
1288986
1289492
1290185
1290515
1290865
1291307
1291918
1293556
1294081
1295210
1295789
1296291
1296741
1297274
1303018
1303420
1303831
1304416
1305001
1317825
1318462
1320528
1378550
1379006
1379333
1379649
1379983
1380431
1396745
1408519
1409237
1410093
1419873
1425616
1426212
1426919
1427645
1432190
1433160
1433854
1434925
1448289
1463051
1463335
1463592
1463895
1464290
1465019
1471294
1472369
1495768
1508803
1509577
1510488
1512494
1513627
1514406
1517055
1518563
1537535
1540589
1541940
1543908
1544490
1545242
1546615
1548442
1551194
1552174
1553709
1555457
1556157
1556830
1557278
1557684
1558207
1558800
1559429
1561330
1562790
1573314
1596015
1596477
1597038
1597672
1598109
1599488
1614290
1615217
1615819
1616272
1616814
1617448
1618117
1632147
1632659
1633355
1636197
1636609
1637242
1637822
1638918
1646626
1649702
1650039
1650304
1650565
1650822
1651077
1651293
1651537
1651819
1652166
1652486
1652910
1653260
1653852
1654464
1679150
1679699
1681188
1682019
1682512
1683416
1691625
1693133
1694752
1695660
1696671
1697665
1698543
1699286
1700501
1701210
1701969
1702362
1702713
1703033
1703335
1703664
1704015
1704360
1704729
1705075
1705534
1706018
1706631
1718351
1718878
1719657
1720499
1721326
1725440
1725883
1726719
1727863
1728518
1729240
1740208
1741018
1742120
1744312
1746416
1747113
1754745
1758908
1759576
1760472
1761180
1761779
1762635
1763156
1764569
1776038
1777698
1778337
1779071
1802945
1803489
1804052
1804599
1822450
1833889
1834516
1834903
1835703
1852345
1852904
1853591
1869005
1869511
1870032
1870580
1871199
1872348
1882364
1883771
1884510
1885325
1886079
1893196
1902572
1903318
1903763
1904160
1904820
1905398
1906803
1912058
1912623
1913008
1913372
1913846
1914361
1915164
1916153
1916967
1917732
1918734
1921123
1921882
1923983
1924887
1925598
1926268
1939662
1940415
1942276
1950449
1950968
1951508
1951961
1953342
1954189
1962094
1962518
1963189
1963581
1963896
1964160
1964566
1985711
1990214
1991464
1992146
1992513
1993272
2030531
2031230
2032636
2033895
2035002
2035654
2038006
2038679
2044855
2046261
2047164
2047485
2047888
2048252
2049031
2049342
2049812
2050421
2053553
2054338
2055082
2061124
2064045
2065432
2068152
2068571
2068899
2069201
2069579
2070338
2070686
2071136
2071485
2072064
2072959
2073938
2076674
2077222
2077974
2078719
2079690
2080689
2081694
2082837
2083403
2089667
2090709
2102221
2103230
2104363
2105038
2105969
2107150
2112706
2113594
2113980
2114353
2114709
2115084
2115648
2116142
2126119
2128895
2129334
2129674
2130053
2130388
2130973
2131404
2132617
2133210
2133894
2153289
2153947
2154692
2155482
2156094
2160380
2161337
2162183
2170737
2177099
2177551
2178055
2178569
2184385
2184962
2185495
2186182
2186723
2187740
2188186
2188534
2189034
2189501
2190087
2190979
2222230
2223181
2224123
2226678
2227315
2252572
2253085
2253641
2254342
2255469
2262587
2263635
2264863
2265989
2274182
2285997
2287181
2288259
2288773
2289481
2290170
2290596
2291614
2292677
2293953
2308535
2309752
2315429
2317971
2318952
2319602
2320261
2321588
2322060
2322413
2322770
2323118
2323479
2323891
2324330
2324771
2325616
2326773
2327554
2328135
2328884
2353902
2354698
2355357
2356268
2357244
2387599
2388810
2392702
2393503
2402614
2403365
2404279
2417696
2418213
2419327
2420240
2424221
2442473
2443490
2444430
2445099
2446100
2447005
2451896
2452357
2452793
2453120
2453552
2453980
2469682
2470485
2470840
2471395
2471966
2472539
2486235
2490660
2491865
2492487
2493143
2493851
2494549
2495223
2496569
2510975
2512376
2520628
2521565
2522270
2523282
2524040
2525634
2526197
2526594
2527324
2527776
2528279
2532685
2533826
2536242
2536888
2537870
2539869
2540759
2552729
2557895
2558548
2559047
2559527
2559992
2560338
2560772
2561194
2561666
2562799
2563703
2564718
2565402
2566003
2566649
2568218
2569665
2570561
2598508
2599268
2605575
2609330
2610566
2611580
2613883
2625599
2626331
2632416
2632993
2633854
2634544
2635066
2635855
2636265
2637059
2637769
2639666
2655932
2662360
2666750
2667678
2670645
2671938
2672967
2675208
2676157
2676545
2676979
2677313
2677579
2677915
2678313
2678697
2679402
2700912
2701833
2711625
2712880
2713850
2715835
2716303
2716749
2717134
2717445
2717778
2718132
2718448
2719596
2727106
2728615
2729121
2729547
2729982
2730329
2730863
2731749
2746432
2754345
2755462
2767256
2768201
2770793
2786587
2786986
2787463
2788239
2789576
2811323
2812158
2813470
2814511
2830099
2830889
2831622
2844394
2844997
2846015
2846398
2847028
2847612
2868724
2869725
2870671
2871495
2872124
2873055
2879736
2880490
2881359
2882054
2882769
2903748
2904575
2905196
2905818
2906654
2907600
2908708
2909809
2910421
2910927
2922825
2924306
2926478
2927022
2927548
2928246
2928805
2950291
2951011
2951507
2952078
2952691
2953785
2955597
2956692
2957621
2958546
2965924
2966666
2976943
2977692
2978724
2992641
2993256
2994607
2995308
2998064
2998517
2999169
2999747
3000359
3001194
3002294
3002868
3003714
3010198
3010759
3011380
3011981
3013247
3045175
3052441
3052924
3053471
3054079
3054803
3056566
3057670
3067764
3068570
3069615
3070348
3071178
3072666
3085314
3086601
3087559
3088670
3089562
3090427
3113923
3114828
3115213
3115649
3116338
3117293
3118344
3118901
3119840
3120637
3121582
3122552
3129636
3130148
3130924
3159835
3160730
3161522
3162381
3163521
3164843
3165876
3168290
3169497
3170386
3171417
3172359
3173032
3173666
3174137
3186349
3186805
3187276
3187594
3187981
3188335
3188725
3189298
3234562
3237869
3238375
3238887
3239321
3239922
3241168
3241806
3242396
3254631
3258478
3263918
3264474
3264875
3265311
3265744
3266229
3267288
3270365
3271660
3272648
3273081
3273524
3282418
3289347
3290299
3291250
3292047
3292853
3294169
3295650
3303843
3306865
3307698
3308360
3308847
3309900
3314119
3318567
3320094
3321068
3321728
3323238
3325277
3326210
3327580
3333693
3336272
3337569
3338214
3338815
3339381
3340133
3368679
3369998
3370666
3371668
3372253
3373549
3374002
3374454
3375081
3376233
3378037
3378625
3382312
3382898
3383557
3384344
3385063
3386708
3392644
3393573
3394538
3403004
3404581
3405212
3405886
3406695
3407433
3410183
3417086
3417646
3418124
3418674
3419766
3420309
3421259
3424233
3428999
3430163
3459745
3462137
3462516
3462926
3463270
3463666
3463971
3464319
3464647
3465672
3466686
3468525
3470875
3471766
3497231
3497847
3498434
3498810
3499353
3499937
3500323
3500958
3501656
3503343
3504180
3505058
3506603
3508027
3508684
3509168
3514073
3515009
3516590
3517473
3517997
3518450
3518824
3519172
3519610
3520041
3550492
3550960
3552064
3558243
3558985
3560662
3562374
3563291
3564032
3564607
3565846
3613480
3614183
3614812
3615224
3615666
3616129
3616627
3619779
3620452
3620710
3621010
3621312
3621655
3622136
3622894
3624297
3625140
3626178
3641510
3642190
3642756
3648437
3649035
3649436
3650350
3651444
3660093
3661836
3677598
3679757
3706323
3707093
3708281
3719596
3720500
3721414
3722407
3726148
3729949
3743680
3744190
3744653
3745024
3745378
3745749
3746485
3746904
3747392
3748026
3748447
3749515
3758821
3759225
3759576
3760019
3760492
3761366
3761841
3762454
3762971
3764007
3764497
3765196
3766232
3766916
3768034
3771979
3772595
3773267
3773759
3776247
3780236
3780984
3781847
3783638
3785717
3786434
3788830
3789708
3790161
3790704
3791753
3792393
3793028
3793488
3794681
3813869
3814851
3815957
3816623
3817388
3818152
3819173
3819878
3821897
3823085
3823615
3824409
3825245
3834277
3835515
3839191
3860021
3862561
3863382
3864384
3865050
3871154
3872260
3882370
3898086
3898428
3898782
3899089
3899356
3899663
3900158
3900988
3918580
3919075
3919497
3919840
3920246
3920574
3920982
3921682
3948991
3949469
3950098
3951862
3957188
3957828
3958402
3958973
3959675
3960998
3968978
3969417
3970219
3970591
3971102
3971445
3972037
3972425
3973168
3973653
3975025
3975688
3976401
3977222
3978456
3980366
3982013
3982551
3983347
3984947
3985759
3986710
3991777
3996131
4003388
4004286
4022627
4028033
4028607
4029191
4030063
4030589
4057107
4058502
4059116
4066728
4067713
4071338
4072118
4073111
4074039
4074481
4075271
4075739
4076567
4076934
4077382
4079722
4080259
4080660
4081024
4081462
4081868
4082407
4083060
4086729
4088030
4088627
4089455
4106699
4107422
4107996
4108533
4108936
4110227
4110829
4111987
4119155
4119690
4120733
4122885
4125497
4126195
4127074
4127925
4128564
4129402
4136217
4138919
4139863
4140954
4148692
4149257
4150069
4150884
4152201
4152918
4159548
4162166
4171522
4172344
4173562
4174259
4175681
4189447
4190620
4191815
4192652
4220978
4221653
4222524
4223163
4223761
4224687
4230953
4231591
4232257
4233070
4233880
4234884
4235525
4235996
4236500
4240215
4241886
4244551
4250414
4251125
4252047
4252412
4252910
4253575
4253752
4254513
4255274
4256080
4262562
4263197
4263732
4268817
4269577
4270139
4270951
4274245
4276555
4278548
4279491
4280204
4286224
4291306
4291956
4292354
4292842
4293385
4293990
4296546
4297614
4298164
4298652
4299115
4299648
4300243
4301057
4304227
4309518
4310431
4311305
4311894
4312468
4313098
4313646
4314078
4314594
4315287
4340413
4344092
4372978
4373786
4375231
4376108
4376693
4377255
4377651
4378190
4378501
4378733
4379463
4379833
4380226
4380907
4381353
4382001
4387144
4387538
4388004
4388523
4389126
4390121
4391599
4392487
4394070
4405930
4407811
4408639
4409068
4409548
4409956
4410653
4411150
4411812
4412690
4413139
4413618
4414261
4415047
4432302
4444572
4445180
4445760
4446324
4446809
4447668
4450306
4450904
4451472
4452040
4452696
4459749
4460668
4461775
4463305
4464047
4465117
4473459
4474197
