2856.726
3619.884
7627.417
11911.83
18380.49
18774.77
19627.02
22433.64
25043.78
25810.22
26972.17
28414.46
30875.49
31029.87
32968.74
34536.79
34862.39
36098.54
39424.03
40662.98
47806.43
51661.78
62440.84
63355.29
68348.19
71462.54
72308.46
73038.27
78357.56
79018.88
80948.17
81623.96
82250.62
82639.37
84946.3
86262.51
89395.91
92832.3
95372.29
99935.17
100739.6
100940.2
102617.6
109984
111611.3
112156.1
112495
113328.6
113682.5
125119.7
125695.6
126228.5
126681.2
127996.8
129752.8
133200.3
134412.5
136223.4
140014.6
141455.8
142225.8
143429.4
143723.7
144210.5
144250.1
146754
148188.8
152767.7
152769
154844.8
162939.9
167110
169993
170787.6
171461.9
191482.9
194720.3
195402.6
199359.8
200096.8
200745.8
202270.5
203044.5
205734.6
210336.3
211156.4
211790
212219.9
212277.7
212800.2
222631.3
232955.5
238281.5
241211
248867.8
251699.1
254907.5
267319.8
268592.7
270862.7
278446.7
280422.5
282983
283537.8
284048.7
284999.5
287112.6
288192.8
288679.5
289436.8
290852.9
291627.3
292215.3
292607.3
292716.2
294793.3
296636.1
304794.9
305992.7
306029.9
308408.5
309324.5
309921.7
310527.7
311566.8
312055
318726.2
319880.8
321639.4
325805.9
327015.1
330607.8
334375.7
334573.1
336963.2
337631
339196
339593.8
362620.6
363816.3
365358.5
366330
367995.7
368080.6
371316.3
371575.1
372829.5
385531.8
388416.7
390757.7
395414.6
396511.2
397880.9
398892.5
402720.3
404599.8
405951.2
406469.7
407208.8
407997.1
408481.6
408751.9
409838.6
410317.4
411164.9
412515.3
412544.1
413877.8
421495.6
422004.4
422479
423219.1
424115.2
460217.2
471492.2
494872.4
495896
499481.6
500396.5
511051.1
520112.1
521756.2
523959.8
525383.6
529802.4
532640.7
533997.7
534212.8
534685
534884.1
537218.1
538821.1
545163.9
546531.5
549961.5
551451.9
558472.8
561211.2
562068
565503.3
568169.5
572012.3
572067.5
573401.8
574985.6
576232.2
576491.6
577391.7
578064.9
578296.2
580492.6
581341.6
583662.4
587762.9
597057.6
604116.3
604606.5
607342.7
607619.6
611171.5
618860.7
620959.3
626421.5
626969
628937.1
629494.7
637466.3
641679.6
650868.9
652149.4
653062.6
653527.3
654152.6
655892.8
656443.7
657023.8
657179.6
657331
658135.7
658968.7
659102
659516.2
660848.5
669058.6
669771.6
670412.7
671197.2
671833.3
673205
673952.4
675159.9
675242.9
676512.5
677151
678731
690158.3
691729.2
692133.1
698282
698914.9
699138.4
700173.5
702881.8
706764.2
706798.2
708054.1
710608.5
718624.9
718708.4
723532.2
733544.1
735485.8
738282.7
739519.8
740182.4
743016.2
743555.4
745069
748098.4
750623
751203.5
752390.9
753406.2
755718.6
760716.3
761655.6
764710.2
765543
765674.6
767423.4
769673.8
777223.2
778016.5
779411.9
779558.5
780512.2
787987.6
789688.7
791517.5
792330.4
793663.6
795726.1
812972.6
813497.4
814157.4
814299.1
814317.9
814840.7
815391.4
815974.4
819347.9
826208.6
826876.1
830781.4
831058.6
832631.5
833425
836320.7
836732.3
837118.7
837348
838315
843147.3
845196
846493
849606.2
851479.1
852214.2
855631.5
856706.5
858252.8
860118.6
864932.2
865797.2
866323.2
867666.3
870015.2
870909.7
871782.3
872622.8
878148.9
880694.1
900155.4
902736.3
903462.2
904501.4
905137.1
910945.6
913584
914522.9
915329.1
916402.7
917565.7
919024.1
919765.1
920247.5
926553.7
930624.3
931592.5
935578.6
936568.6
937366.5
938521.8
938889.5
939601
940412.1
942079.5
943470.7
945488.5
947336.4
951225
955695.3
955805.2
956875.3
958202.4
960668.6
963860.9
974729.7
975521.6
977116.3
977213.6
978543.8
979526.9
980733.9
983189.1
989304.4
992439.3
1001504
1014516
1014999
1015242
1026276
1030188
1031486
1032705
1045878
1046759
1052879
1059104
1060780
1062938
1064003
1065175
1065761
1065900
1066853
1069785
1070770
1071628
1073065
1073788
1086779
1090963
1091938
1099708
1101446
1103030
1114491
1115596
1117289
1130205
1130493
1131255
1132276
1133349
1140751
1146180
1149093
1152109
1155238
1157110
1158290
1158608
1158886
1164314
1165763
1168890
1170072
1174626
1174661
1177280
1178360
1179881
1183608
1191734
1192275
1193061
1194574
1195699
1196149
1197015
1197681
1201372
1202153
1204082
1218028
1231953
1233537
1234750
1235495
1237216
1245829
1247929
1248033
1248838
1249206
1249465
1252431
1253556
1254062
1264765
1266786
1281415
1285018
1285989
1293931
1294888
1297591
1298733
1299007
1299739
1302767
1303227
1303977
1305029
1310572
1311098
1311772
1313075
1325979
1326325
1329245
1329281
1360782
1365087
1378368
1385085
1385424
1386151
1386615
1386642
1387270
1387467
1387965
1388636
1388657
1389008
1390826
1393133
1393299
1396283
1400212
1401127
1401980
1404603
1404741
1405366
1405382
1406077
1409937
1410888
1414099
1420167
1424913
1440511
1442222
1442398
1442909
1443107
1443640
1444176
1446076
1451498
1452138
1453354
1455366
1456243
1457792
1461776
1462259
1464988
1466001
1468706
1471683
1478696
1479572
1480180
1480755
1481329
1481985
1482696
1488727
1489652
1491473
1492366
1514724
1515746
1516362
1521547
1522062
1528543
1529430
1531548
1535113
1539527
1539824
1540360
1541596
1542204
1547913
1549795
1550363
1551855
1552400
1553006
1553379
1553746
1554398
1560808
1565906
1566679
1567143
1567433
1568115
1568768
1569239
1573687
1578222
1579535
1580158
1581783
1584425
1584800
1586083
1587180
1590241
1592994
1593072
1594633
1597628
1598787
1599148
1599343
1599823
1600937
1601539
1602140
1603435
1603814
1604478
1604788
1604874
1605241
1605572
1606161
1606397
1606796
1607493
1608110
1610688
1612685
1615354
1618901
1619307
1620068
1621060
1624572
1626936
1627583
1628145
1629794
1630446
1632165
1632544
1633329
1635062
1635633
1636166
1636615
1637294
1638380
1639406
1639855
1640281
1641170
1641465
1641622
1641959
1642701
1645881
1646835
1647074
1648300
1656409
1659084
1661172
1663563
1664395
1665036
1667567
1668425
1669417
1671533
1673094
1677381
1678357
1679899
1685057
1691379
1696259
1697129
1698738
1698848
1700696
1706819
1708352
1710517
1710883
1719552
1720381
1721411
1726927
1728859
1734698
1763158
1767978
1768972
1777355
1779764
1808747
1813695
1816243
1816993
1817473
1818351
1819114
1821877
1832520
1834885
1837598
1839019
1841249
1842644
1845025
1850116
1850790
1851663
1852239
1852660
1852907
1853522
1857566
1857857
1857972
1859562
1866720
1872716
1876852
1876968
1877507
1877814
1878807
1879215
1879389
1880492
1881036
1881079
1891748
1897943
1900142
1903164
1905441
1905992
1906479
1907752
1909705
1917357
1918635
1919234
1923214
1924405
1935514
1938219
1939843
1940553
1944475
1945667
1946296
1951582
1953440
1956485
1961887
1963739
1966504
1967656
1968742
1970416
1971131
1972730
1977310
1978152
1979641
1989882
1990515
1991609
1992838
1995990
2003056
2006953
2009961
2013729
2020543
2021722
2025816
2033927
2034190
2036337
2045092
2045364
2047234
2060055
2060203
2061449
2065877
2068720
2075236
2078166
2079023
2080042
2085042
2089656
2090849
2091632
2092834
2094289
2095928
2096411
2104375
2109449
2111184
2114006
2118733
2123926
2124501
2125939
2126242
2126753
2129435
2132867
2134170
2137474
2143659
2159752
2165786
2178773
2181583
2182554
2184329
2184399
2185792
2186328
2186967
2188477
2190929
2198107
2198796
2199631
2200517
2201144
2209046
2222404
2257917
2258052
2261876
2264618
2265661
2266552
2267229
2267713
2270112
2270866
2272192
2273615
2275798
2276115
2280688
2282084
2282189
2283369
2283651
2283871
2285150
2285331
2287923
2289278
2290091
2290821
2291919
2294108
2295872
2297507
2299155
2301126
2302008
2304386
2305726
2306145
2306568
2307270
2307839
2310193
2313504
2315062
2315716
2316367
2325435
2329896
2330508
2332111
2333112
2333990
2342511
2343615
2351669
2352346
2353040
2355207
2361062
2375433
2379806
2385920
2387443
2389653
2390361
2391158
2392294
2394686
2402734
2405035
2405876
2413284
2414153
2414752
2419339
2420511
2420983
2423341
2423513
2423993
2424794
2425374
2426174
2426309
2426982
2436272
2441275
2442248
2444325
2445557
2454672
2456167
2458642
2462165
2463658
2464696
2466669
2470755
2475482
2479407
2480411
2482085
2483614
2485727
2498303
2502501
2505287
2507427
2508648
2509127
2512667
2513094
2513774
2515032
2515426
2517025
2518604
2520485
2520886
2521574
2524601
2524811
2531044
2535347
2537684
2538626
2539138
2556103
2565910
2573955
2585753
2587828
2589029
2597291
2601695
2608532
2612111
2613394
2614251
2615668
2619841
2620163
2620917
2622144
2624911
2626952
2629880
2631509
2633556
2637924
2640100
2641916
2650703
2657964
2658494
2660066
2662540
2664541
2669222
2671913
2673085
2673437
2675715
2680775
2703141
2728614
2729861
2731870
2738639
2740115
2741325
2743143
2743314
2743428
2743607
2746509
2747980
2749396
2751527
2753427
2755798
2757662
2758038
2763050
2763516
2766223
2769009
2778484
2780831
2782368
2783046
2783707
2784854
2787058
2787421
2788002
2788021
2788453
2788672
2789743
2791181
2792426
2795137
2800932
2808787
2812892
2814213
2814523
2815583
2827299
2828286
2839666
2840404
2840984
2841422
2841874
2841976
2842143
2842410
2842971
2843640
2844874
2846242
2847306
2854448
2855532
2857517
2857640
2858487
2870092
2875616
2877423
2878119
2883916
2884600
2885207
2885960
2891250
2891252
2893656
2897428
2897598
2899869
2901149
2901384
2901764
2902723
2902864
2903295
2906062
2906170
2906317
2910951
2920719
2922688
2935168
2936242
2939249
2943569
2947787
2949025
2950994
2952873
2953392
2953667
2953825
2954413
2954830
2961047
2962408
2963105
2963358
2966586
2967347
2968930
2968948
2970509
2972042
2973992
2975502
2982678
2984581
2986252
2987050
2988135
2995312
2998579
3000104
3003151
3006932
3011496
3013500
3017303
3027523
3028969
3029986
3030586
3031105
3031806
3032351
3033101
3045641
3053354
3065780
3066517
3067765
3072748
3073254
3080086
3090502
3091261
3091301
3092815
3093870
3094764
3100174
3105241
3114021
3116234
3119090
3126434
3154514
3161735
3162222
3162348
3163209
3163695
3167434
3167966
3168467
3169389
3170699
3171235
3171266
3173635
3179750
3181257
3181919
3185828
3186327
3188827
3192273
3199317
3208584
3215015
3228452
3230561
3231010
3232362
3234519
3236473
3237977
3239584
3245982
3249960
3251445
3252629
3253941
3261830
3262432
3263207
3264390
3271378
3272675
3277220
3290713
3293299
3296736
3299190
3299952
3300926
3303424
3304203
3305083
3306972
3307781
3320070
3324212
3328715
3329166
3332883
3334825
3335476
3336388
3354238
3356178
3371175
3387141
3389853
3394495
3395714
3399947
3402802
3409161
3411310
3415615
3427267
3429058
3432045
3432877
3433626
3433662
3435211
3436268
3437814
3440462
3441147
3442472
3449096
3450443
3456468
3457545
3459942
3460615
3461204
3461499
3461920
3462560
3462699
3463503
3463690
3464527
3464824
3466840
3467613
3468676
3469308
3469410
3469897
3470971
3474135
3474782
3477482
3478128
3478914
3484744
3485198
3487430
3488806
3491433
3493382
3495700
3496012
3497320
3498104
3499539
3514123
3516050
3516698
3518936
3523921
3525314
3526897
3530802
3532223
3532500
3533384
3536508
3539459
3541280
3549516
3551766
3552023
3552961
3553636
3556939
3558076
3558077
3559294
3559864
3560920
3572297
3573355
3575834
3578380
3578782
3580845
3581235
3610428
3613601
3614308
3620845
3629341
3629624
3630513
3635963
3637648
3638408
3640247
3642329
3646666
3649146
3654487
3655605
3656091
3657044
3674776
3675142
3675344
3675846
3680026
3680619
3681737
3682528
3682808
3684189
3684860
3687279
3688010
3688463
3689350
3689561
3692370
3696475
3697723
3697985
3698208
3698582
3699801
3703714
3704294
3705635
3707776
3711253
3719730
3725647
3726560
3733321
3734099
3736091
3736249
3737737
3746105
3751455
3758707
3767412
3769903
3773294
3779352
3780147
3781188
3782115
3783152
3783836
3784114
3799518
3800516
3802641
3810269
3813328
3814779
3815351
3816108
3817255
3817861
3818909
3820823
3822052
3822888
3823526
3824202
3825870
3826321
3826530
3826930
3827507
3828528
3829965
3832170
3833591
3846478
3854983
3864702
3865332
3865490
3867148
3868564
3869002
3877435
3878789
3881165
3886018
3889363
3891213
3891270
3892374
3896201
3905497
3914395
3919424
3921428
3925792
3926998
3927811
3928941
3930576
3931029
3931496
3931707
3932447
3933268
3942547
3945508
3951406
3959328
3960556
3961315
3962100
3970560
3971422
3974309
3975313
3976068
3981822
3989559
3998376
3999451
4000174
4001617
4005731
4006182
4007251
4014332
4015928
4028044
4030293
4050303
4053407
4053903
4054463
4060963
4062222
4062772
4063826
4068936
4090090
4090836
4091123
4091795
4092486
4099163
4099535
4107284
4109153
4113824
4119215
4128261
4128903
4130925
4131015
4131665
4131834
4133057
4133358
4134057
4134627
4134955
4135524
4136021
4136460
4137537
4138084
4138599
4139498
4140427
4140953
4143085
4143515
4150827
4152618
4152692
4152913
4155699
4157247
4158230
4170704
4174593
4174761
4176572
4176595
4186618
4189537
4192521
4193141
4206008
4209038
4215584
4218466
4223744
4225083
4226522
4232412
4233080
4233523
4233873
4238049
4239094
4240577
4246977
4249306
4252279
4255529
4256626
4257512
4261378
4263186
4265556
4266171
4267732
4268633
4269235
4271433
4271618
4272223
4272847
4273346
4274696
4274875
4275828
4276077
4276495
4277405
4278530
4279155
4286945
4291998
4293738
4294334
4301267
4308311
4309111
4311126
4311890
4312872
4313546
4320730
4321408
4332984
4334687
4337139
4354513
4355412
4361378
4383774
4384438
4387983
4388403
4390549
4392376
4392859
4394306
4394704
4400680
4403690
4408935
4415522
4416605
4422125
4424870
4424936
4429359
4431203
4438974
4439906
4440563
4441492
4443795
4445517
4445921
4446964
4447532
4451879
4467358
4468443
4469898
4472710
4475887
