11692.04
16431.5
17714.13
48457.58
48603.76
53883.06
56801.6
73926.07
75122.3
76731.15
76892.35
77643.41
80011.9
82107
83197.7
87505.6
98228.33
99136.38
99638.1
100287.3
101304.4
102497.1
105226.7
112060.9
116987.5
122615.2
127548.4
128690.2
129337.6
130020.2
131024.1
144574.9
145995.9
151868.7
153133.5
154257.6
154759.9
156484.5
159098.1
160296.7
169061.5
171488.8
182630
188746.5
191135.3
192362.5
193937.8
206783.3
215010
216147.5
218161.5
219959.5
222070.8
223640.9
224246.5
224584.4
224655.3
225469.9
226111.2
226821.4
227819
228862.6
234141.2
238552.2
239897.7
263925
266118.6
269900.2
270495.7
276117.3
276630.8
277145.5
278215.5
279980.3
280694.1
284415.4
289364.9
322445.1
322932.5
325241.3
336373.3
343118
347814.8
348481.8
349120.8
350703.8
351486
352053.9
352577.9
352927.4
353214.2
353535.4
354155.5
354704
355577.5
360850.2
362368.1
375652.7
377329
402102.2
403011.5
406889.9
411368.8
412140.3
412321.1
420673.3
422061.5
427540.2
451771.8
452210.9
453464
454298.5
455002.7
456479.8
464432.7
464821.2
469191.1
479104.6
480950.7
482495.1
482558
483471.2
485168.4
485609.4
486140.1
486806.8
487544
492945.5
495871.4
496282.3
496889.1
505385.5
517702.1
519394.7
519984.8
534808.9
535781.4
538504.8
539343
541273.8
543003
548208.8
565295
568365.1
569947.5
570613.8
571946.4
572581.5
577845.5
589497.2
589994.4
590555.9
591042.1
594272.2
595556.8
597841.5
608826.1
616188.5
622309.6
633782
649238.1
657252.9
690117.3
691120.9
696706
717133.4
722351.3
730072.3
733075.1
757856.7
760743.2
762764.6
763438.3
763914.6
764461
765053.4
782047.6
790485.5
793252.4
793748.2
795990.7
800415
805597.7
824315.9
825442.7
826390.4
828486.9
838002.2
839577.9
843168.9
849338.2
850712.9
864071.1
870524.5
872681.8
873908.5
901512.7
903213.1
905968.6
906747.7
920908.2
922787.2
924442.9
925543.7
930794
948989.7
953486.7
954631.9
956638.6
959267.3
960118.3
961425.9
970676.7
977597
978287.8
985910.2
986928
987653.3
988692
999110.4
1042192
1043407
1047058
1049200
1055142
1064772
1069001
1075656
1081568
1086653
1089819
1091595
1097377
1097934
1098305
1112699
1113306
1116732
1118213
1151795
1153143
1166396
1167018
1171373
1184237
1186623
1190263
1194937
1205532
1208569
1211475
1212667
1223035
1223217
1223753
1229592
1232065
1232985
1234921
1239076
1258386
1259257
1259841
1263385
1265248
1266557
1267503
1269556
1269745
1273797
1274233
1274728
1275302
1287737
1289718
1311337
1314046
1323322
1324435
1328189
1328680
1353683
1355337
1374816
1376373
1377922
1379152
1394008
1395706
1410782
1412629
1425020
1434984
1435256
1435804
1436439
1437399
1438550
1453170
1453763
1454844
1457183
1473855
1495778
1496349
1496917
1497906
1499700
1500742
1501506
1502761
1507242
1508635
1509719
1510055
1510397
1511794
1512069
1512358
1513209
1513470
1513734
1514345
1514997
1515492
1517045
1518526
1534845
1536664
1542798
1549269
1549986
1563890
1568196
1569713
1570643
1571431
1582109
1583049
1600785
1602911
1634353
1636665
1637593
1639688
1643789
1646118
1647963
1655051
1658028
1660226
1661589
1663854
1665100
1666982
1667863
1669798
1687998
1688746
1691542
1692667
1694193
1695568
1696029
1697565
1699114
1722323
1732046
1733476
1734175
1735841
1748533
1749914
1750622
1751967
1752354
1752716
1759855
1765047
1773103
1773756
1806149
1808627
1815716
1822715
1834764
1841024
1841861
1841970
1842426
1843071
1843692
1844535
1847068
1848878
1858860
1861879
1867559
1879769
1887887
1888962
1889738
1893552
1894587
1895021
1895409
1895932
1897144
1897742
1924669
1925267
1926601
1935868
1936560
1939057
1940617
1940854
1943593
1944800
1959267
1961063
1966792
1966882
1967949
1975675
1977972
1983134
1986144
2003012
2013798
2015362
2018794
2028421
2041833
2042859
2043453
2044937
2045827
2047612
2050115
2051235
2052576
2053565
2062743
2064564
2065582
2066197
2066805
2090820
2106763
2110937
2111893
2113172
2114386
2115848
2121039
2122188
2122960
2143870
2144496
2150580
2150811
2151792
2152514
2152976
2153854
2154972
2156464
2157110
2160627
2180489
2193983
2194517
2197647
2200758
2221744
2223240
2225204
2226132
2227532
2228298
2270872
2271842
2272550
2292733
2296800
2300277
2300895
2301487
2302134
2320478
2321972
2365388
2368423
2371775
2379090
2383912
2385325
2386506
2387045
2387562
2388042
2390715
2393361
2393888
2394504
2431951
2432636
2433246
2433586
2433953
2435311
2436108
2441344
2462531
2464112
2465154
2468005
2479177
2484675
2486443
2510569
2515371
2516490
2539220
2542065
2542983
2544983
2549012
2550787
2559113
2559632
2571305
2573207
2573801
2577228
2581572
2582828
2583659
2586565
2625300
2626627
2639523
2644320
2645178
2651144
2661614
2662508
2662945
2663388
2663808
2664426
2700888
2715113
2732053
2733992
2752853
2774604
2775251
2775954
2777247
2802373
2802900
2804623
2805569
2807421
2811145
2826695
2827988
2828620
2829292
2829763
2831828
2832429
2834434
2851221
2853684
2861321
2862654
2863543
2865118
2865797
2869338
2870057
2872867
2874341
2880173
2902911
2903492
2904235
2906516
2910714
2911437
2917931
2923056
2926531
2937552
2938624
2940413
2946241
2948722
2949289
2950371
2955952
2985815
2991130
2992539
2993130
2993664
2994216
2994372
2995895
2997527
2997966
2999349
2999973
3000807
3009621
3015297
3038919
3040862
3041448
3049452
3050797
3051826
3052947
3056834
3070606
3073491
3076752
3077611
3083233
3098931
3103115
3107928
3108894
3110074
3111644
3125027
3125749
3158442
3159902
3166553
3173688
3174296
3175903
3182740
3196009
3196495
3197396
3205597
3206309
3207510
3218273
3226269
3238602
3257765
3261167
3267983
3282776
3299066
3302767
3303536
3318580
3329267
3356747
3359373
3362720
3368861
3370372
3370879
3371691
3372225
3374051
3375984
3376620
3378087
3384766
3386059
3386514
3386933
3387510
3393561
3394291
3397211
3402496
3403006
3403524
3403688
3410369
3412624
3416822
3446053
3462731
3471748
3473747
3474352
3474928
3475419
3476422
3506136
3512185
3514964
3516550
3522910
3523750
3524706
3527772
3538540
3540350
3555796
3557741
3558377
3558898
3560864
3566463
3567372
3568154
3568765
3573091
3574301
3574772
3575218
3576338
3576870
3578097
3610371
3629035
3652374
3662785
3663399
3664026
3675455
3687825
3688865
3689485
3690893
3691504
3692790
3705934
3707366
3711545
3712229
3713224
3713273
3714866
3731096
3731570
3737153
3738685
3745392
3763020
3766889
3769321
3771093
3772794
3776499
3777185
3797911
3812970
3814892
3815637
3818257
3822471
3823990
3826254
3829683
3830783
3831809
3837516
3847286
3847826
3848551
3849459
3852349
3889269
3889845
3890440
3891036
3894746
3895292
3895875
3903573
3905625
3907556
3908397
3908911
3909702
3910280
3911573
3931426
3952449
3953562
3954711
3965709
3967193
3967875
3968383
3970147
3970584
3973232
3994219
3997849
3999076
4002275
4018082
4021795
4023126
4024675
4025151
4027046
4060008
4061298
4063099
4064007
4067540
4068273
4071089
4075894
4076681
4077216
4078516
4079424
4080348
4081809
4082219
4083754
4084287
4085006
4089643
4100747
4101812
4103467
4107732
4108682
4110123
4116245
4117516
4119558
4120688
4122003
4123172
4123724
4124667
4126938
4128617
4129874
4136511
4159963
4160520
4161092
4162007
4162350
4162839
4163211
4163938
4164285
4164944
4165648
4172191
4173182
4185319
4191160
4192014
4192957
4194284
4201237
4216174
4220240
4223362
4225040
4225867
4226636
4227319
4227994
4229483
4232131
4241766
4242939
4245949
4248772
4251335
4252625
4254525
4255187
4270489
4283303
4284776
4287144
4288634
4289212
4295308
4300486
4314756
4326193
4345689
4352079
4352805
4359773
4362455
4366070
4368324
4369060
4375163
4403131
4403633
4404327
4405691
4406389
4412798
4428508
4431461
4432175
4433944
4435535
4437822
4440178
4440752
4448165
4463629
