2045.256
14423.65
23532.01
31730.85
32587.75
33735.15
36936.2
38007.4
38806.91
40642.17
43558.57
51813.31
58371.04
66122.22
72593.47
79888.82
81981.35
83147.12
86352.55
87679.15
88930.97
91178.6
94054.18
98586.42
99892.28
101521.9
102190
108112.2
125049.3
127598.5
131493.9
133097.5
133193.4
134015.3
135713
136048.5
139153.2
144737.8
150002.3
159923.3
166560.3
172474.1
195674
196529.5
202645.4
217353.9
229950.5
231196.2
232331.6
237360.8
238778.4
240531.7
257961.3
258806.2
260255.6
264138.3
264611.7
264919.2
265467.8
267119.5
269085.3
269796.2
270765.3
271562.8
293765.3
294277.4
294711.8
297664.7
297841.1
298350.1
299917.6
300896.3
316212.8
318164.1
319071.9
320652.4
345038.3
348948.9
349795.3
350777.1
369324.8
370687.2
395890.5
399425.1
406950.9
414913.6
417771.3
421705.3
422460.7
425819.2
452040.1
467432.3
468287.3
469254.8
470481.6
472027.4
481882.7
482073
483289.5
501306
510673.3
511614.3
512097.2
512522.9
513270.6
514150.8
524541
525304.6
538142.3
542019.5
545445.3
546038
546963
548447.8
567697.7
568871.9
573762.7
574151.9
575235.9
575480.7
575973.8
576426.9
576867.7
577547.7
580941.1
582488.7
582537.3
587251.5
592969.7
605637.4
615127.3
616178
619068.6
619583.4
621691.9
624511.3
625240.1
625791.8
626431.5
627328.2
637104.6
638091
653382.3
658946.9
660243.9
661256.1
662394.7
663122.8
664661.3
668396.5
677915
687906.1
691810
692326.4
692952.8
693370.3
695415.2
696265.2
697098.7
703398.3
704001.2
705624.4
706446.5
708810.2
709896.1
710396.4
710853.2
711498.6
712297.1
714900
717036.8
717604.7
720922
727898.2
742741
744206.9
749541.8
756627.8
777522.7
780778
791038.4
802754.7
806184.1
811334.2
812853.3
815628.4
817417.7
830141.8
835285.8
837360.1
837837.6
838942.1
843291.6
846347.4
852145.8
854349.2
854789.7
862059.9
876242.9
879461.4
902097.6
902920.4
903498.7
905570
910536.1
912055.4
921254
926499.6
932407.3
932917
934830.3
935398.9
935887.2
938993.8
945121.9
972441.9
1005653
1007858
1013473
1017941
1018586
1022319
1024022
1024460
1025012
1029492
1056322
1059088
1074638
1090080
1091053
1093032
1094359
1111281
1124352
1127207
1127761
1128311
1129105
1131466
1138331
1149265
1163023
1188558
1189838
1191709
1201206
1202055
1207300
1216283
1217559
1218484
1222105
1246781
1249336
1255289
1256714
1258112
1258847
1268111
1269210
1270601
1271179
1271700
1272177
1274227
1275021
1288260
1289819
1290275
1295978
1306661
1308060
1328639
1330239
1351111
1362245
1363600
1364558
1370711
1374135
1375336
1390427
1395949
1406802
1423648
1427867
1430842
1438020
1438620
1439168
1439864
1441681
1442230
1443275
1451946
1453371
1454286
1454968
1460000
1466344
1467569
1495376
1496187
1497760
1499916
1511595
1514575
1517000
1519020
1521453
1543090
1550598
1583347
1585509
1586783
1593684
1602573
1604420
1605625
1606508
1608734
1622393
1629960
1632797
1634733
1635190
1635720
1636203
1637019
1638642
1642636
1644060
1658222
1659750
1702075
1703834
1706752
1708913
1709549
1729146
1729765
1730457
1731247
1732942
1734364
1749462
1751901
1753588
1754534
1756297
1770498
1771111
1772046
1810210
1811144
1812542
1816492
1818200
1819865
1821110
1821929
1830746
1835062
1836612
1837604
1854366
1875250
1878087
1879620
1881017
1882295
1882706
1883337
1886122
1889075
1889705
1900915
1909188
1916489
1924525
1941613
1948351
1949872
1951569
1957753
1962102
1962713
1963792
1974329
1975176
1985109
1987779
2018213
2022448
2025207
2031982
2035281
2040895
2048354
2054305
2071697
2072297
2072926
2099727
2100417
2101416
2102299
2102766
2103182
2119243
2121674
2124486
2128680
2130958
2151126
2156313
2157395
2159600
2171923
2199028
2199560
2199957
2201058
2202332
2206423
2207598
2207956
2262327
2273397
2279400
2280390
2281502
2282392
2283860
2305144
2306880
2308270
2316104
2334642
2337894
2341153
2342024
2343186
2344215
2345572
2348488
2369509
2371493
2381416
2382271
2383517
2386414
2397853
2399994
2402481
2403859
2404766
2423262
2425197
2425347
2453627
2457834
2460061
2460672
2461811
2467702
2470266
2476026
2484795
2507906
2517352
2517952
2522556
2524280
2524949
2525433
2526295
2526874
2527472
2529358
2530057
2531367
2536891
2545548
2549839
2550464
2552150
2585223
2585763
2586252
2587401
2588274
2588790
2589868
2590675
2591010
2593249
2594484
2595064
2597478
2610802
2624176
2637989
2646385
2655872
2667100
2667808
2672819
2705123
2708205
2709197
2710470
2712748
2718822
2719686
2720978
2723449
2723880
2724794
2726232
2727831
2728613
2743901
2745050
2746209
2747404
2747787
2748216
2748531
2748904
2749987
2750873
2773592
2774444
2780943
2782761
2783609
2786400
2787819
2812515
2813092
2814559
2828206
2830041
2865814
2876708
2879639
2882095
2882877
2918468
2923758
2924768
2927973
2928800
2931975
2932561
2934030
2935395
2936120
2988877
2989049
2990373
2997401
2998368
3000748
3009506
3010248
3011231
3027716
3033114
3037755
3038711
3046525
3060754
3061856
3064119
3089336
3089988
3091992
3092757
3093820
3095447
3105395
3112188
3112526
3120067
3121376
3121854
3131169
3162290
3168149
3176374
3180133
3187515
3189325
3217256
3218696
3224774
3225431
3241104
3243144
3248049
3250350
3280821
3283160
3302884
3303412
3304749
3305093
3305467
3305874
3306397
3307709
3308237
3308830
3310201
3316889
3331959
3332669
3333241
3334163
3334918
3335626
3335801
3336644
3382463
3392119
3393379
3393611
3400022
3401039
3402166
3403389
3416865
3417477
3419057
3424227
3445578
3470194
3485822
3486972
3492934
3493621
3518980
3520362
3521518
3522997
3528663
3531934
3536287
3537283
3538171
3554261
3569538
3570358
3570884
3571730
3574973
3606861
3607255
3608161
3609292
3610129
3610625
3625739
3626930
3628653
3640839
3641426
3642571
3650275
3666141
3667108
3683231
3685422
3687476
3693717
3696088
3696472
3696832
3697136
3698059
3698757
3699944
3700989
3732137
3732785
3733883
3747683
3753369
3766813
3776402
3777261
3780489
3784534
3800553
3805440
3806990
3807926
3817397
3819969
3822270
3831349
3833294
3836134
3840781
3845495
3882571
3883677
3889629
3902568
3903216
3904563
3905348
3906595
3920069
3929150
3929762
3929826
3936525
3936699
3940541
3941117
3943833
3950170
3950709
3951989
3952699
3953717
3957965
3991723
3993067
3994101
3994739
3996923
3997721
3998858
3999746
4029271
4053253
4053748
4056372
4058653
4059868
4060924
4063686
4068068
4068922
4070206
4070838
4072846
4086584
4087522
4089164
4093171
4110101
4110680
4113171
4113910
4115794
4117576
4128006
4129189
4129974
4130846
4133631
4134336
4135412
4158339
4159467
4160134
4164418
4165011
4165375
4175767
4175872
4176853
4177825
4178472
4179045
4179479
4180017
4182046
4255290
4256609
4257117
4266153
4277906
4278773
4280424
4282244
4284666
4285152
4286348
4293846
4295158
4313832
4314473
4321226
4322033
4322806
4323310
4324581
4327172
4337120
4338073
4347078
4348003
4354505
4355587
4356358
4357018
4364214
4371825
4372649
4373743
4375433
4376582
4397931
4403374
4417906
4428557
4429704
4430603
4443225
4443852
4444399
4446654
4447049
4447435
4449005
4465520
4469052
4470518
4471449
4479849
