36628
37750.36
40185.25
49581.18
49953.85
50410.13
51167.16
51686.42
52465.99
53923.54
55321.12
55912.77
56550.24
57386.81
58933.77
66342.08
67358.96
68265.36
71963.38
73087.08
73836.18
74335.62
75407.92
76582.4
77193.44
79061.45
79676.89
80857.17
82729.88
83482.82
84013.29
140239.4
142024.9
142404.9
143159.1
144083.2
145473.9
146369.4
147791.5
148512.9
151276.8
151727
152616
153148.7
155469.5
214639.1
215280.4
215982.8
216636.5
223823.3
224534.5
241456.3
242262.7
246518.3
341057.9
341706.4
342745.1
343270.4
344857
345725.1
346153.3
382089.7
384168.3
385496
385986.5
386487.1
426930.3
427791.6
428545.2
429655.8
430224.7
461577.7
463024.3
503943.5
504472.9
506559.2
511477.3
528809.4
530047.5
559621
561240.9
562279.6
562956.3
584219.4
584877.2
585299.9
585664.6
586867.5
588794.6
589315.6
590440.4
591620.9
593753.8
594101.5
594409.5
595031
595929.4
596261.2
596560.9
600714.6
613867.1
673368.9
674410.2
675344.6
675570.7
675822.2
677555.8
678736.9
679541.6
680479.5
682108.2
682690.6
701108.5
736906.1
796553.7
835655.4
840916.1
845384.3
845848.6
846483.4
847914.7
849128
851011
851392.9
852639.6
853757
877129.5
877921.1
878558.1
913611.4
914599.4
919200.9
919846.1
920467.5
921360.5
921698.6
921985.9
922373.7
922916.3
923318.2
924266.1
925579
926014.9
926411
927348
928451.1
929300.3
930663.1
939581.4
940909.6
942271.4
942892
943555.1
961350.1
962263.9
962740.5
963112.8
963459.2
963891.7
964879.6
984159.1
986601.3
989684.1
990937.2
991747
992841.6
994089.1
995121.8
995722.5
996733.1
997401.7
998315.3
998676.2
999360.8
999661.6
999962.2
1034679
1036779
1037869
1038539
1066189
1067049
1067808
1069298
1069826
1070855
1071679
1072236
1073208
1073696
1087410
1097956
1102525
1103391
1128724
1130217
1131962
1132456
1132969
1136089
1136899
1139300
1139731
1140799
1142580
1208698
1215761
1255315
1256638
1257104
1257378
1257992
1258321
1259219
1259552
1259869
1263963
1265177
1276125
1276800
1277068
1277326
1277602
1277856
1278801
1279033
1279548
1280150
1281590
1310490
1311768
1312651
1324649
1357549
1358889
1359835
1363768
1365190
1380434
1381527
1382114
1383788
1385286
1386134
1387284
1394666
1396795
1398300
1399019
1399346
1400887
1401752
1430911
1431381
1431729
1432105
1432776
1433942
1436222
1450436
1452157
1464032
1468479
1470750
1471270
1473090
1474886
1476153
1482309
1483112
1487599
1488468
1488886
1489319
1489711
1492475
1494703
1495523
1497046
1497506
1498833
1507963
1508890
1509353
1510889
1513697
1516807
1520211
1521113
1554725
1556140
1556771
1563884
1571190
1611825
1612450
1613567
1613911
1615006
1616820
1617937
1618506
1640912
1641958
1643873
1645143
1647894
1667626
1668994
1671232
1672225
1672721
1677500
1678103
1679065
1682343
1684331
1691538
1701573
1702629
1703899
1708041
1731820
1734940
1736331
1745748
1746276
1747952
1774817
1775196
1775789
1776127
1776899
1777190
1777833
1778174
1778509
1778887
1807364
1825741
1827759
1828998
1829577
1829982
1830552
1831028
1831636
1833085
1844752
1846192
1850149
1850483
1852533
1852813
1853469
1854062
1854994
1856103
1858097
1868748
1869696
1871176
1871792
1873678
1874560
1874876
1875935
1879708
1880696
1882539
1884206
1885006
1887167
1888474
1890631
1891859
1892414
1893086
1893594
1894815
1895687
1898668
1899668
1900147
1901369
1901826
2011433
2012049
2013493
2017102
2018137
2020143
2021361
2021717
2022289
2022644
2025164
2026029
2026920
2027545
2029122
2044406
2045147
2046092
2046699
2047460
2048239
2051203
2051901
2053071
2057168
2057631
2058560
2058914
2059297
2060505
2060815
2062236
2094638
2095768
2097748
2111693
2112155
2113764
2117125
2122575
2126852
2127654
2130096
2130984
2131626
2133385
2133971
2135150
2136270
2137310
2144430
2145058
2145527
2146068
2147090
2149100
2150034
2151335
2151847
2153457
2154302
2156033
2158565
2182015
2183466
2183922
2184592
2186334
2186953
2187484
2190426
2190859
2226878
2227758
2250424
2250682
2250935
2251929
2252343
2253152
2254342
2255623
2256728
2257585
2258073
2258420
2258806
2259215
2259830
2286337
2288981
2291174
2291755
2292583
2294208
2294989
2295873
2296664
2297889
2298627
2299501
2300569
2304137
2419673
2420603
2421727
2448655
2449731
2450468
2451173
2472812
2473803
2481575
2482444
2482969
2487506
2490702
2491793
2493617
2494328
2495339
2498611
2500140
2500936
2504243
2505220
2505623
2506342
2506769
2508043
2508460
2528758
2529274
2529981
2530530
2532110
2532837
2533445
2534307
2543233
2555925
2556532
2556948
2558081
2561147
2561697
2562173
2569674
2571202
2578780
2579522
2581276
2639420
2671753
2672599
2676444
2676958
2677575
2679215
2679895
2680406
2700688
2731200
2731619
2732108
2733220
2733666
2734109
2734996
2736979
2740423
2741671
2750828
2751575
2752798
2762102
2762694
2763345
2773630
2775457
2775921
2777574
2779545
2780048
2780484
2782067
2782590
2783748
2786331
2786853
2787563
2795599
2796142
2796596
2797001
2797476
2798632
2799349
2827615
2835724
2855233
2857309
2858181
2868596
2870845
2871319
2872507
2874701
2875284
2875876
2878949
2880174
2977799
2979130
2979540
2981537
2981973
2983115
2983696
2984073
2984673
2985797
2986278
2987062
2988581
2990217
2991181
2991718
2992511
3002471
3003374
3004978
3007990
3009438
3009775
3010131
3010504
3010826
3011563
3012657
3013248
3013664
3014119
3014571
3014988
3020481
3022399
3025426
3026763
3028398
3046476
3046850
3047364
3047683
3049160
3049998
3051057
3053025
3053670
3074405
3076035
3076708
3078144
3078760
3079912
3083261
3083964
3084500
3085139
3087260
3090021
3090512
3091684
3092649
3094159
3095749
3155532
3227311
3228303
3229444
3230072
3231895
3232667
3233077
3278870
3279411
3293656
3296505
3297795
3298593
3299298
3300076
3301859
3312767
3313404
3313975
3314726
3315360
3315616
3316178
3353206
3353616
3355356
3356195
3356599
3359237
3359930
3360285
3361090
3361444
3362520
3364974
3447982
3457814
3458659
3459834
3462805
3481722
3482094
3483148
3486464
3498074
3499519
3500688
3501103
3502018
3505766
3507210
3508932
3510410
3511224
3512931
3513531
3514210
3515371
3516413
3516882
3517302
3517718
3518512
3519736
3520312
3520869
3521442
3522086
3522603
3523028
3524277
3525380
3528026
3544967
3546442
3560989
3561649
3562227
3600605
3602282
3621556
3622488
3623117
3623637
3624269
3625359
3666461
3686061
3687250
3687715
3688136
3688520
3689938
3690810
3730590
3736052
3802626
3807043
3807565
3808230
3839675
3841088
3852459
3872227
3873647
3874952
3875892
3879705
3915748
3917153
3931340
3934324
3948425
3958548
3961981
3963555
3973483
3974890
3976222
3977316
3977850
3986344
3987477
3989109
3990005
4026463
4027655
4028904
4029345
4030301
4053376
4055324
4070153
4071504
4072021
4072658
4073839
4074794
4081149
4081817
4082318
4083374
4122477
4124123
4132373
4151182
4154277
4154727
4158630
4159493
4160082
4161053
4161618
4163403
4182080
4186312
4186989
4194036
4195299
4196033
4220520
4221160
4223496
4224060
4226921
4227840
4228346
4228819
4229835
4230808
4232330
4243900
4245620
4246502
4248619
4251628
4253889
4257014
4257571
4258510
4259023
4262703
4263602
4271726
4273799
4274201
4275167
4276004
4277443
4279933
4281234
4337249
4337952
4338511
4339464
4339871
4340963
4341360
4342263
4342724
4349741
4350538
4351723
4352885
4353845
4355392
4356294
4357422
4357926
4358547
4364034
4366326
4367643
4371521
4372228
4372708
4373039
4375271
4415593
4417340
4417739
4419990
4421869
4479010
4479498
4479952
4480412
4480933
