1538.005
2536.042
2631.048
4064.585
4182.74
6862.334
7239.984
10983.14
15201.06
17777.61
26583.14
28115.82
34240.69
34991.65
37949.86
38765.81
40295.49
40731.28
40951.01
41599.87
42083.81
42740.55
48329.31
50219.68
59487.62
61587.56
65683.14
72654.57
74626.14
75385.5
75513.85
77408.07
77858.84
81244.68
81742.83
82137.11
82457.93
86273.27
91084.74
92270.16
92656.48
98285.67
104468.2
105033.2
106859.2
109836
111241.1
111925
112034.1
115151.6
116399.3
132164.4
138008.4
143439.9
149362.5
170460.7
172485
172751.2
175710
181872.1
184097.7
185969.2
187164.5
190493.1
197030.8
197583.3
206486.8
208711.9
212422.6
213890.9
217011.1
217402.5
219700.1
222909.5
232117.5
235723.6
237117.2
237583.5
238611.4
239022.3
240789.6
241628.2
246657.5
247179.2
255632.7
257907.4
261131.2
263494.1
274406.3
274836.3
275557.1
277755.2
278143.9
278312.8
279213.4
284493.5
285133.9
288903.5
298905.1
299705.6
313192.3
313334.9
314387.7
317510.7
322496.8
325225.9
326792.1
326880.8
327218.8
328143.4
328507.8
328733.1
331159.6
347758.2
352941.1
361444.1
362605.8
366704.6
373952.3
378373.4
384169.4
385931.9
386459.5
395151
396486.7
397483.4
401487.5
405705.3
408616.3
409490.7
413288.5
421736.8
422319.4
423206.5
424010.1
428563.9
453841.7
454732.2
455188.2
455188.5
456844.3
458732.5
460375.3
479283.9
480130
482892.7
483744.9
485188.1
486038.3
488007.4
493224.9
519009.3
520253.5
521728.6
524044.4
525586.5
529882.5
529934
539670.9
540169.8
541438.4
542034.7
542364.5
542509.6
542571
568417.1
569165.9
570648.8
576944.2
579485.3
584065.5
584832.8
585774.3
586473.4
587679.3
588365.7
589191.9
591390.7
596211.6
597607.2
597647.7
598879.9
599507.6
599861.5
600161
600218
601222.6
602085.4
602160.5
603703.5
604774.1
605190.6
607584.1
608503.1
611016.3
632109.8
632893.9
635673.5
636454.3
656695.6
666622.7
669845
674047.5
691500.3
697631.7
707810.7
708580.2
727836
741082.3
742022.2
758626.2
760520.8
764441.1
771992.6
774596.8
778080.8
778923.7
791918
797419.3
798202.8
799316.9
803856
804568
805326.1
806210.5
809076.7
816350.8
817638.5
818405.3
820894.4
832058.8
839836.2
841419.1
845654.4
846418.8
846461.1
851974.1
857433.2
858085.6
864045.4
870275.1
870926.7
872122.9
872431.1
875564.5
877716.2
909574.7
916047
917217.5
917238.6
923279.9
923631.6
937922.6
942099.7
954416.1
955167.7
965884.4
966077
967331.4
969048.4
974551.6
981592.6
982245.4
991721.4
992665
995081.5
996189.3
1003756
1006352
1007720
1008118
1008525
1009419
1009778
1013772
1020547
1032979
1035068
1035963
1042358
1051424
1054891
1068756
1081915
1084597
1085021
1085698
1087246
1090914
1092733
1107996
1108166
1111458
1112446
1114461
1121504
1126130
1126995
1131413
1137293
1137925
1139211
1152086
1162286
1164954
1170584
1189372
1190508
1194485
1198159
1205287
1217739
1218488
1225804
1231379
1240071
1246454
1252055
1267240
1268256
1269830
1276504
1276723
1278448
1283241
1283893
1286824
1287694
1288722
1295175
1301080
1302431
1303123
1303407
1304507
1310037
1310429
1311946
1314530
1320572
1322367
1325541
1326230
1327630
1355140
1375059
1379632
1384323
1390285
1401286
1401592
1402440
1402950
1405125
1407501
1407691
1408397
1409782
1434204
1436107
1440739
1444053
1444404
1448889
1451441
1453643
1454298
1460702
1472126
1473053
1473558
1475471
1477082
1478145
1480872
1485999
1491035
1492726
1494209
1494865
1495236
1498735
1499282
1501000
1501574
1504089
1509149
1535049
1540462
1543515
1548372
1553556
1561168
1562919
1563960
1568135
1570022
1571067
1572112
1585652
1585699
1597449
1599347
1600638
1601788
1603799
1611835
1618792
1621111
1622362
1623234
1632771
1633936
1636210
1637708
1638177
1641074
1641752
1642963
1643681
1648138
1658961
1668017
1669193
1669830
1671889
1672663
1672782
1673061
1673146
1674366
1674543
1675963
1676277
1677113
1677213
1681980
1690952
1699598
1710618
1712251
1712290
1721930
1722584
1731227
1732411
1735727
1742009
1744555
1744631
1754875
1755235
1755862
1756482
1758172
1759635
1760720
1764862
1765095
1768697
1771449
1772335
1773854
1774409
1776255
1801577
1816663
1825561
1828045
1829307
1833431
1834852
1835148
1836633
1836832
1837322
1837743
1839689
1845510
1847362
1854839
1855888
1862189
1873498
1874671
1876133
1882383
1882586
1887185
1889212
1902605
1903332
1904086
1906479
1906753
1907513
1918094
1919728
1920174
1920435
1923366
1923820
1928314
1942396
1942899
1948213
1949052
1950867
1955079
1968705
1972732
1976135
1977038
1985825
1988778
1990284
1990767
1992065
1993764
1997805
1998561
2002568
2002673
2004481
2007637
2008931
2022942
2033686
2034801
2035724
2036928
2050651
2060686
2064713
2070770
2072654
2078715
2079804
2081987
2082811
2092461
2105525
2106547
2107843
2119451
2130585
2137699
2145034
2151904
2154042
2157048
2163696
2164454
2170983
2177681
2179163
2186603
2192510
2196624
2197116
2200748
2205815
2208610
2211109
2217129
2250758
2251373
2255108
2258563
2266359
2271556
2273721
2289831
2291383
2294611
2321601
2321999
2322344
2322948
2323643
2335049
2336656
2337141
2341369
2343043
2344656
2351611
2359956
2360931
2366583
2368358
2371619
2372094
2372836
2383947
2386145
2391401
2401522
2406415
2408614
2408778
2409493
2415169
2422053
2436250
2440247
2444659
2451367
2452022
2457610
2457999
2459081
2460510
2463461
2479322
2482908
2483752
2485386
2485924
2490767
2502350
2502827
2503695
2505580
2509471
2510050
2510759
2514390
2515074
2516583
2518304
2519009
2521236
2527737
2530260
2531408
2541366
2544049
2546938
2551547
2555023
2557552
2557952
2558436
2587766
2592543
2593607
2611333
2612349
2614818
2619327
2624802
2625710
2626210
2626605
2627058
2627058
2627970
2628476
2628517
2632165
2640641
2642082
2643929
2648155
2653994
2658379
2661467
2663359
2669956
2670053
2671890
2675165
2675750
2678688
2679434
2713764
2720612
2721782
2722693
2724983
2730378
2731247
2734386
2739923
2741492
2749380
2752464
2754933
2761475
2764004
2768435
2768788
2772152
2774730
2779385
2779649
2781319
2797690
2798980
2799653
2805039
2808916
2809708
2814944
2820238
2821266
2821539
2828625
2840846
2841818
2843331
2843467
2844168
2853790
2863218
2866696
2872789
2873262
2879311
2884260
2891381
2892055
2900471
2902454
2902987
2903366
2905030
2905736
2906400
2906941
2907810
2908758
2909585
2910270
2911842
2917399
2919793
2929897
2930921
2931318
2933156
2935544
2936030
2937184
2938078
2939442
2939702
2939704
2940141
2942749
2945227
2946790
2946837
2947504
2949360
2952667
2971000
2978602
2982998
2985874
2990547
2993065
2993763
2999281
2999678
3001667
3003982
3008305
3016809
3020994
3025376
3028452
3028491
3029567
3029986
3031448
3032091
3038215
3039695
3039732
3040395
3040770
3040814
3041734
3041995
3044219
3054683
3068804
3074326
3084449
3096256
3097547
3098400
3106867
3109361
3111136
3112199
3112855
3117507
3120803
3125280
3125931
3129400
3158212
3171078
3175242
3188746
3190495
3198911
3206089
3206658
3207756
3208836
3210721
3224120
3224195
3224358
3230455
3231244
3231887
3233318
3235099
3240437
3253379
3254764
3257670
3258403
3270413
3278371
3285224
3285251
3290071
3292751
3297967
3301691
3308410
3317661
3319499
3323332
3324492
3324700
3327733
3333683
3337685
3339397
3356925
3357332
3367866
3369267
3384723
3385324
3386008
3386623
3391108
3392184
3397616
3398716
3399860
3401380
3404823
3425950
3435219
3435977
3437560
3439635
3439984
3442593
3443082
3443514
3444706
3448810
3450290
3460968
3462224
3462310
3463197
3464368
3464797
3465273
3468263
3469058
3472963
3477972
3488594
3496979
3501910
3503898
3504075
3505666
3508788
3509629
3510029
3510444
3512081
3513465
3513945
3515279
3541615
3545882
3548886
3552783
3553837
3558725
3558772
3562763
3564225
3570546
3571817
3578075
3580516
3600160
3602660
3607778
3608812
3611641
3612936
3614259
3626320
3628792
3646460
3650918
3654841
3656517
3659155
3659549
3663130
3663647
3663822
3666238
3686666
3687485
3689800
3699778
3706141
3709117
3712122
3712705
3712930
3713946
3718894
3730428
3731429
3755508
3757568
3772416
3776905
3778144
3784537
3789992
3791439
3794215
3802798
3808097
3808459
3808635
3809221
3812963
3815544
3816490
3818917
3821001
3821732
3822300
3823545
3824066
3829087
3830087
3841078
3847981
3852309
3853883
3855764
3855803
3856165
3856672
3869093
3879530
3887143
3888461
3890801
3891610
3892171
3892482
3892558
3893295
3894424
3896955
3899089
3901847
3903857
3906822
3913329
3915941
3936287
3944617
3948585
3951512
3956677
3977597
3979341
3979844
3999135
3999921
4002430
4006812
4009571
4010235
4013915
4028476
4030728
4051426
4059073
4064036
4065974
4076742
4077091
4081797
4082053
4086710
4093755
4093949
4096629
4099129
4099735
4103418
4106042
4110624
4119595
4120479
4120593
4122076
4122763
4129165
4131160
4134125
4135785
4140337
4149773
4162057
4164920
4165712
4165900
4168059
4172535
4180175
4180923
4181066
4183634
4184278
4188148
4195943
4205739
4222566
4224507
4228408
4250869
4252197
4254999
4255641
4255725
4257499
4258321
4262742
4267514
4271355
4272546
4274842
4277217
4279149
4284729
4287602
4292400
4295849
4296310
4297233
4297525
4298545
4299276
4305621
4315486
4330210
4336035
4336373
4339435
4341707
4357281
4359682
4360947
4361735
4368700
4373993
4376307
4376653
4380103
4383019
4390351
4391710
4392145
4393343
4393822
4394384
4398683
4399823
4400314
4409309
4410064
4411573
4411992
4412383
4413979
4415855
4417448
4420561
4424379
4427291
4429139
4430131
4443829
4444342
4448651
4450798
4460009
4460345
4462369
4462411
4462769
4467002
4467880
4475734
4477703
