7971.238
8712.441
9266.042
10008.71
10932.68
11462.26
12383.21
14202.91
14702.96
15545.58
15888.74
16792.07
17605.91
18509.55
18914.57
19572.3
21862.78
25525.8
26308.66
30855.31
31700.79
36212.08
50002.56
51315.01
57131.84
59763.53
60056.69
60893.46
61811.07
66777.74
66848.12
67738.44
68371.54
69380.03
70983.8
82060.24
103952.6
104449.4
104907
105284.7
105758.2
106955.3
107409.5
108108.6
108583.4
108954.8
110319.5
112895.4
113743.1
114814.4
115476.7
116536.1
116882.6
117340.3
119973.3
120691.4
122180.3
123259.8
124740.5
131173.7
132492.7
133200.7
133255.7
135081.3
135665.7
136520
137261.5
139101.2
141038
144380.4
144635.7
145025.8
145548.1
146755.7
151347.5
152037.1
152559.6
154192.8
156964.8
171527.2
172348.9
175717.6
176310.2
177085.6
184763.5
185293.5
192626.3
194750.9
196499.6
197047.9
198549
199291.6
205227.1
206507.4
207211.5
208108.7
209647.2
214718.5
217865.3
218901.6
220738
221882.6
224679.6
227230.3
228173.6
228915.7
229942.6
230519.6
231821.6
234354.2
238802.9
245009.9
245958.9
246561.2
247109.5
247642.2
248106
248553.7
249019.4
249451.7
249479
249982
250782.2
251602.1
252989.4
253658.2
254987.3
256457.9
264696
267471.3
270803.4
283044.2
284877.4
285591.3
286319.4
286863.5
287345.5
288392.7
294635.3
295385.5
296361.6
297506.5
300207.1
304307.9
304796.5
328561.2
330910.7
331112.2
335687.4
343491.3
345316.4
346183.6
347044.9
347847.1
348255.3
353081.6
353663.5
354943.8
355922.3
372885.5
373827.7
393646.7
396491.2
404992.7
405583.7
406006
407424.7
407908
408366.5
408670.5
409037.2
409501.1
409892.8
410466
410884.2
411216.2
411518
411917.9
412351.2
412852.8
413339.6
414338.7
414923.8
415590.8
427049.5
427530.6
428389.7
429252.5
454235.6
467565.3
468430.4
469287.6
473956.8
475058.4
476145.5
478108.5
478670.7
487842.5
488735.2
489267
493899
496003.7
496515.3
497664.9
498257.4
500531.9
501061.6
516881.5
518459.6
521757.2
525072.8
527854.1
548317
556573.8
557110.6
567986.1
569454.7
569590.6
570017
570290.7
571832.2
576245.4
579408.2
582712.9
603257.8
603693.7
604130.5
604705.9
605174.4
605526.3
612938
613077
613519
613967.5
614464.9
615131
615797.7
616225.6
617433.8
618883.4
619373.8
621592.3
623385
624971.4
639594.2
640731.4
641680.6
643678
644596.4
645083.9
645463.1
646438.4
647299.6
651432.6
658495
659482.3
659978.6
662614.9
663120.2
664144.5
664769.5
666373.9
667832
670680.6
671615.6
679477.7
680391.9
681677.8
682112.4
682756.5
683235.9
684105.2
694107.6
697425.1
703928.6
704402.2
705471.9
710378.4
711018.5
712955.1
713324.6
713763.5
714191.1
714671.6
715206.5
715657.1
716220.7
716671.1
717077.6
717872.5
718237
718516.4
718938.2
719364.7
719861.9
720464.9
721971.1
722521.5
728832.7
730108.7
730788.3
731531
732525.6
746082.5
746386.8
749877.6
750318.9
751604.4
759333.1
759875.6
761508.2
762194
762877.9
774638.5
776011.9
778416.3
780489.7
781085.5
781425.2
781854.1
782409.7
782891
783467.6
784553.3
791813.6
792332
793275.5
793688.1
794394.5
795347.7
806142.5
806930.6
807490.8
807934.1
808877.1
811831.3
813607.3
814020.4
815703.7
816041.4
816550.2
816982.9
818623.3
819350
820274.2
828344.8
833664.7
837208.4
838631
838631.4
849296.2
849773.8
852303.7
853602.6
861090.3
871767.4
873272.9
873812.5
874590.8
875456.6
876351.5
876935.8
878085.5
878905.4
879997.7
880468.6
880957.3
900622.1
902154.9
902480.3
902805.4
903194.5
903570.5
904207.6
904768.1
905552.6
905902.7
906255.7
907169.3
907666.7
909938.6
921109
922344.1
923347
923861.1
924391.5
925252.1
925887.9
926891.5
927480.6
928017.5
930851.4
931905.8
944101.3
944778.4
945405.5
947639.5
950322.8
959043.6
961339.1
961983
962520.2
962982.5
963695.8
964308.1
969408.2
970068.8
976725.1
978146.1
983252.4
984442.8
985733.2
986866
990292.6
1011392
1011886
1013920
1014811
1016659
1017704
1018601
1028040
1041327
1049349
1049861
1050464
1051023
1051983
1058058
1059052
1062444
1064539
1065345
1073988
1074495
1075846
1077253
1077918
1078793
1079319
1080098
1086496
1091434
1091855
1094532
1095679
1099889
1107707
1108316
1108462
1109303
1110399
1111530
1112363
1113184
1115733
1116380
1117375
1118114
1119283
1120751
1127929
1137572
1138167
1138716
1142866
1143995
1145099
1146018
1148615
1155957
1176471
1177039
1177391
1177833
1178291
1178702
1179641
1186437
1191524
1193623
1194700
1201787
1213810
1215154
1219918
1224435
1230622
1231037
1239281
1241954
1242628
1247542
1248262
1249496
1250983
1251848
1252553
1253084
1253451
1253856
1254701
1256169
1256662
1257075
1257602
1259218
1259631
1260448
1261079
1261640
1262391
1263142
1263797
1264476
1267138
1267618
1268281
1269464
1275677
1292913
1293608
1293967
1294402
1299303
1300351
1300740
1301266
1302662
1303139
1304361
1305641
1306212
1306797
1307492
1308162
1308694
1309544
1313294
1314410
1315538
1327641
1361411
1379489
1384265
1385487
1399697
1404553
1407376
1410814
1443386
1443987
1444632
1445354
1447882
1448476
1450713
1462257
1466588
1477274
1489609
1490918
1491188
1492152
1498070
1500261
1501890
1502526
1503832
1504554
1505180
1505861
1508942
1510155
1512925
1513940
1514445
1515061
1516129
1525460
1526252
1530448
1532058
1537281
1537857
1540152
1542540
1544354
1545190
1547610
1548437
1549199
1549709
1550850
1551962
1552838
1553588
1555612
1556362
1558271
1564542
1565041
1565693
1566055
1566434
1566978
1567453
1567897
1568507
1568975
1569419
1569790
1570758
1574103
1574546
1575117
1576221
1578363
1579111
1579770
1581497
1581804
1582396
1590379
1602789
1609139
1609650
1610240
1610884
1611642
1612482
1613181
1614278
1614607
1614948
1615300
1615833
1616820
1617357
1617738
1619175
1625080
1626090
1626785
1627602
1627900
1628169
1628463
1628782
1629085
1629589
1632866
1633459
1633992
1634563
1635276
1636277
1636972
1637915
1638302
1638658
1638989
1639815
1640637
1641077
1649550
1655072
1669414
1670161
1670680
1671668
1672349
1673564
1687757
1689876
1696892
1710559
1711759
1720545
1723933
1728394
1736025
1761656
1763720
1767941
1768795
1770743
1801256
1802155
1802901
1803760
1804203
1805045
1821877
1823933
1829902
1834786
1837107
1842906
1852412
1861869
1864564
1865169
1866211
1867917
1870844
1873193
1879070
1881057
1883286
1884616
1886956
1892196
1894070
1901083
1912379
1913263
1913863
1914510
1917321
1919362
1919746
1920014
1920453
1923635
1936038
1936587
1937103
1937964
1949298
1956181
1956913
1957584
1957948
1961154
1961558
1962033
1962562
1962939
1963264
1963804
1965003
1965798
1966524
1968964
1969658
1970537
1971505
1975101
1976283
1977821
1979135
1980574
1983552
1985056
1985120
1985481
1987377
1994237
1995761
1999806
2004660
2011157
2012210
2012645
2013148
2013675
2014264
2023836
2031391
2036549
2050586
2051105
2051680
2052257
2052795
2053390
2057467
2060056
2064855
2072209
2074515
2076026
2076802
2077757
2078333
2081242
2081764
2082459
2083118
2083503
2083926
2085139
2096629
2098766
2108726
2112811
2115611
2116166
2116773
2136042
2136360
2137251
2153428
2154892
2155910
2156723
2158000
2158704
2159036
2160163
2160483
2162391
2163326
2165426
2171265
2171980
2176954
2177944
2182475
2183324
2190976
2196484
2198331
2199165
2199755
2212704
2221852
2225013
2225931
2226289
2226716
2227030
2227362
2227668
2227733
2228103
2228633
2254151
2256814
2256845
2258475
2286564
2299969
2301155
2311090
2327167
2332560
2334110
2339812
2339867
2340658
2342512
2349133
2349995
2351812
2358337
2358931
2360964
2361552
2362565
2363059
2364201
2365220
2368671
2370338
2370420
2372190
2372528
2373376
2373981
2374473
2374616
2375527
2376762
2377161
2384081
2387936
2405203
2410767
2411246
2411606
2412133
2412665
2416557
2417747
2419383
2419934
2420412
2420924
2422704
2424378
2425331
2428068
2429079
2430282
2433647
2434429
2434816
2435678
2437333
2437511
2438072
2439162
2439891
2440164
2441885
2442469
2444660
2448404
2449070
2450002
2450914
2452110
2454673
2464178
2471283
2480506
2481961
2482567
2501245
2504097
2511311
2518604
2521574
2532960
2549325
2550006
2552153
2560306
2561254
2562043
2562746
2565078
2573549
2574323
2575207
2576094
2577054
2577481
2577892
2578351
2578958
2579401
2579832
2580516
2598143
2598895
2599624
2603981
2606264
2607488
2612563
2613260
2617823
2618309
2618772
2619613
2624774
2625563
2637556
2638459
2645121
2645298
2649487
2650849
2663201
2671844
2708317
2709301
2720771
2721347
2722427
2723205
2723968
2724702
2725165
2726922
2727643
2730031
2731266
2731949
2743231
2749462
2752761
2753652
2768790
2769018
2770530
2772042
2792419
2810307
2812025
2814697
2815404
2815768
2816168
2816896
2817276
2817727
2818231
2818736
2819611
2820784
2830644
2831292
2832518
2833194
2833773
2835366
2836632
2837596
2848937
2850319
2851488
2853531
2861845
2863824
2869310
2870126
2871163
2873549
2876422
2876911
2877381
2878409
2879922
2880842
2881268
2881698
2882307
2882757
2883263
2883693
2884445
2885684
2894371
2896672
2910136
2913157
2925275
2925834
2926879
2927738
2928740
2929137
2929807
2930250
2930878
2931462
2936414
2937651
2939230
2942226
2944368
2945215
2945277
2946122
2950141
2963336
2982999
2983969
2985095
2985861
2986651
2991265
2992179
2992788
2993457
2994146
2994479
2994997
2995506
2996109
2996470
3008654
3013602
3014659
3015659
3016112
3016518
3017946
3018603
3033971
3037518
3037960
3038564
3039168
3039964
3059279
3059827
3060808
3073658
3074458
3075163
3104311
3105360
3105849
3106249
3106591
3107030
3107441
3108564
3108997
3109241
3109339
3109724
3129816
3151139
3156520
3158200
3174011
3174698
3178442
3181123
3182223
3182680
3183367
3188072
3191918
3202768
3205020
3211332
3212209
3213471
3215076
3215682
3216376
3217608
3217902
3218165
3221678
3222170
3225595
3226188
3232311
3236139
3254744
3264669
3268097
3268765
3269569
3269873
3270193
3270630
3271019
3271816
3272108
3272445
3272740
3273002
3273329
3273618
3273882
3274195
3274518
3274841
3275210
3294178
3300267
3317478
3323692
3336525
3356655
3357662
3358190
3359302
3361274
3361750
3362627
3363645
3365809
3373252
3373871
3374664
3378274
3379057
3393334
3395141
3396086
3396462
3403862
3412636
3413134
3413760
3414713
3419492
3424488
3433097
3433956
3434865
3436599
3437395
3438501
3439120
3441564
3450578
3451394
3452227
3465730
3471250
3476374
3477195
3478176
3478839
3482326
3482916
3484985
3485823
3485890
3496090
3496537
3497063
3500542
3508517
3509163
3509458
3511046
3528738
3530569
3539911
3540569
3541224
3549789
3550117
3551941
3553061
3560884
3569984
3572011
3577385
3602389
3625170
3625784
3627530
3628212
3629536
3630045
3631174
3645195
3646226
3647779
3650834
3651802
3652478
3653345
3673156
3674625
3675346
3686891
3714823
3715585
3716228
3716849
3717559
3718040
3718566
3718931
3719348
3720036
3729874
3730834
3733028
3734195
3736682
3737978
3738483
3757407
3765009
3775819
3776717
3778261
3779283
3779586
3780698
3784254
3787159
3787978
3789546
3792497
3797277
3797763
3798419
3800767
3809635
3811107
3811858
3816213
3822700
3823336
3823934
3824677
3825145
3829160
3831023
3831479
3854340
3870682
3894087
3896170
3899186
3900719
3901439
3901959
3920515
3921131
3921578
3922840
3924886
3928024
3928903
3929736
3930487
3934278
3934989
3935483
3936058
3937904
3938991
3939724
3940321
3948137
3954792
3955468
3957180
3966204
3975345
3980094
3980202
3981466
3981784
3996954
3996992
3999694
4008055
4008959
4020443
4022746
4023469
4023902
4024251
4024792
4025109
4025413
4025711
4026196
4026705
4027127
4027552
4028256
4029266
4030383
4030383
4030994
4056866
4057271
4065896
4067974
4074694
4076031
4081222
4084142
4084656
4085038
4092556
4116820
4126571
4128192
4135689
4167290
4175326
4176572
4181505
4184067
4184526
4193314
4209039
4219555
4220028
4220629
4225821
4227156
4227855
4236525
4236899
4237331
4237782
4238169
4242287
4242819
4243480
4244059
4250014
4257406
4258351
4258840
4259492
4262990
4263441
4276078
4279764
4280373
4282363
4294421
4295806
4299534
4309154
4315908
4321872
4343537
4343767
4345759
4346863
4361639
4362092
4362470
4362820
4365255
4366872
4367800
4379726
4387437
4392762
4403424
4404617
4410078
4410826
4414161
4415443
4416718
4421251
4424283
4437904
4438880
4440519
4441637
4442544
4443642
4444078
4456855
4459076
4459804
4464097
4465465
4466320
4470161
4474543
4475441
4476261
4477583
4478832
4480028
