2548.997
3473.443
5872.342
10973.74
12375.46
24858.03
32013.61
34854.75
35773.09
36329.31
37704.43
55389.48
69120.7
69454.26
69897.45
76627.84
77973.2
86539.9
95993.29
97122.64
104637
104837.4
105366.3
105841
106394.7
107463.5
112316.9
112369.7
114586.3
114872.6
115333.2
115738.6
118665.3
119246.9
121975.8
130203.6
131501.7
144647.4
145314.5
149780.7
152677.8
157301.9
169330.4
173077.5
176494
178052.5
179028.1
181637.2
182243.8
183156.2
183390
185145.3
187046.5
189317.7
205660.7
208082.2
212261.3
224344.2
227645
230121.5
232003.4
234704.5
236426.5
241595.5
242847.4
244398.3
245543.8
250112.6
257245.5
270181.3
271374.9
277880.5
278245
287204.3
292960.2
298080.2
305761
317657.6
319308.7
319412.5
324297
325518
338194.5
348658.1
348756.4
349211.8
350924.8
353133.5
357193
359720.9
360229.7
364414.1
372419.6
372893.2
376841.7
384909
384965.9
389462.9
406064.8
408980.6
410053.1
410053.2
410436.8
412036.2
416311.6
418048.8
420336.4
426395.2
431100.2
452001.5
452049.6
460504.2
460840.7
463589.2
478212.1
482499.8
487927.7
488069.6
492526.8
509540.6
510798.4
511216.3
517282.6
521107
521591.5
523183.3
523572.2
526697.5
529399.6
529981.1
530601.4
533905.5
537919.1
539845.2
542131.9
545354.3
545922
550768.4
559347
563745.6
575111.5
575231.6
576751.9
577273.2
584236.8
586140.4
586979.4
587617.9
588462.8
589927
594070.8
599668.8
600308.5
603898.1
606562.3
628458
631466.5
635392.9
644445.6
645783.3
647826.7
652489.7
654782.2
657427.7
657762.3
661123.3
663335.2
667992.8
670102.9
672304.8
672438.5
676865
678397.5
678492.6
684109.6
685040.8
687936.4
690189.6
690821.6
707975.7
709345
710142.6
711983.9
713204.9
713611.4
715140.4
716310.6
725901.4
732703.7
735587.2
742152.2
743310.9
743374.2
748758.8
760670
761972.8
765190.4
765536.9
779672
780095.2
780912.1
783795
787554.9
788123.1
789565.6
790175.4
795591.5
797943.1
798613.9
799910.1
803132.8
828062.6
835661.4
837602
841180.3
848815.8
849416
851242.6
853975.4
855211.5
856226.6
857987.9
873060.5
873643.6
878731.5
879115.7
879503.9
902921.8
903390.5
909900.1
911854.1
918575.7
923963.6
924477.8
924571.8
925460.8
925826
931259.6
935171.4
936586.3
937108.9
946260.6
946547.1
960960.6
969299.9
972828.2
973767.3
981464.6
984277
984630
988296.9
999237.5
999867.7
1003480
1008242
1012718
1014297
1015653
1015760
1019631
1032201
1038248
1043015
1050801
1051751
1054658
1061127
1064593
1069058
1071157
1071476
1071953
1076693
1079163
1086851
1088739
1092212
1096331
1098906
1100508
1102836
1103089
1103637
1104604
1113825
1117318
1120269
1128313
1136355
1139680
1143628
1145438
1149776
1152512
1155108
1155875
1166504
1171927
1172720
1175742
1177445
1177576
1184714
1185797
1190918
1191453
1191801
1193049
1193981
1194432
1195142
1195481
1205902
1210961
1213065
1213566
1217395
1219582
1228746
1230752
1233023
1236983
1241151
1242926
1246022
1252714
1265513
1276564
1277891
1278788
1281089
1294899
1295729
1297220
1299495
1302758
1309174
1320221
1320388
1322627
1325671
1329103
1351932
1355570
1367860
1381272
1382814
1386195
1390078
1391924
1408890
1409596
1417683
1421884
1422195
1423036
1423613
1427255
1428179
1429634
1431267
1433401
1435271
1436288
1436966
1448393
1449502
1453289
1460828
1463271
1463608
1463621
1463728
1469736
1471326
1471673
1472944
1476368
1477513
1479784
1479838
1479968
1481452
1483624
1487054
1487887
1491055
1496306
1503095
1505870
1506888
1516038
1516181
1518556
1518986
1519570
1527965
1531822
1538327
1539763
1543416
1544762
1558296
1563047
1566777
1566865
1575968
1581034
1581566
1586513
1586828
1589263
1590012
1590901
1591361
1593113
1600155
1603724
1607668
1615105
1619260
1621245
1623655
1624719
1644313
1644610
1652641
1653566
1657625
1658355
1659146
1659811
1675858
1689057
1689278
1690820
1696285
1697783
1697929
1700971
1708649
1709962
1710001
1710524
1712896
1713976
1722900
1727337
1733101
1736034
1738513
1739221
1741346
1742032
1747102
1754309
1758536
1758797
1759089
1761269
1761959
1764181
1767815
1768304
1768462
1776428
1802305
1805295
1808568
1811532
1818183
1821583
1824740
1827297
1829487
1833274
1833756
1834284
1836448
1836971
1838370
1839675
1849233
1856856
1860146
1872045
1873978
1882248
1884000
1884048
1884681
1887580
1889344
1889618
1889867
1890855
1891187
1892060
1898766
1903096
1914626
1914630
1917517
1918425
1919854
1921049
1921444
1922998
1923336
1931465
1935664
1943018
1945899
1961365
1962470
1963715
1969693
1970593
1971122
1974520
1975520
1978913
1979198
1983195
1983597
1983945
1985691
1986638
1998487
2009150
2017240
2019759
2021932
2022927
2022929
2025405
2028314
2029231
2030880
2033980
2038173
2038664
2039213
2048591
2051012
2053171
2057118
2058478
2059892
2060735
2074125
2074219
2082776
2085214
2086659
2087209
2089168
2093791
2094272
2105326
2110506
2111333
2117453
2119019
2125913
2126764
2126835
2132365
2135662
2136924
2151709
2164758
2170855
2181230
2189744
2193381
2194608
2195352
2196299
2204784
2207631
2208908
2209330
2212724
2221870
2222685
2228487
2229387
2230928
2251683
2252441
2255297
2259461
2261671
2264410
2268697
2270088
2272961
2274593
2276116
2279798
2288321
2292013
2296968
2304704
2308234
2309684
2311146
2316313
2319640
2319727
2322814
2325197
2331287
2338985
2349831
2350714
2352660
2353743
2369939
2371370
2373326
2385858
2390377
2405701
2406533
2408525
2409205
2416894
2427022
2430348
2448340
2450003
2460494
2461873
2466256
2474674
2482879
2490466
2491007
2513690
2515687
2516260
2516398
2518188
2521922
2523250
2523886
2524478
2526290
2526672
2531567
2532359
2534058
2536727
2537236
2540836
2553416
2560575
2564107
2567309
2575044
2579085
2579891
2581618
2582367
2587090
2587479
2588040
2595468
2596109
2596311
2596628
2596967
2597406
2598154
2598201
2598994
2599037
2599389
2605149
2607510
2616635
2617839
2622183
2622755
2624279
2633712
2638333
2639406
2642745
2642795
2646164
2653789
2654259
2655769
2656588
2656689
2657765
2660389
2667107
2669620
2675841
2701074
2701868
2703114
2706307
2709383
2709810
2719483
2722941
2727135
2727608
2728550
2730314
2737579
2740923
2743189
2744533
2748403
2749824
2757550
2762291
2774010
2774509
2779873
2812649
2825127
2827488
2829861
2832360
2832826
2833605
2836671
2837253
2853058
2855413
2870708
2875389
2876152
2876835
2878368
2879509
2887651
2895586
2910152
2911069
2912115
2912888
2913448
2913864
2916361
2916875
2916920
2921355
2923355
2928752
2946997
2947123
2947700
2949881
2965053
2968593
2969723
2971393
2981030
2982294
2984466
2987193
2990757
2992665
3013505
3014086
3029220
3032362
3034283
3036800
3037958
3038592
3041412
3045123
3046934
3070524
3081440
3082624
3082679
3094980
3099297
3100103
3106921
3110451
3117218
3123813
3124348
3124952
3129800
3130191
3160471
3162204
3162685
3168182
3168472
3169303
3177492
3177961
3180401
3180903
3183588
3210191
3230253
3238453
3243005
3249665
3250896
3251998
3262001
3263794
3274049
3291521
3298033
3300605
3304847
3305726
3327927
3330670
3332344
3333754
3334244
3335053
3335611
3338350
3341711
3344403
3345026
3345783
3346538
3347680
3348349
3352246
3354364
3357142
3360907
3362949
3366062
3368817
3371337
3385011
3386332
3389123
3391219
3396831
3400716
3403131
3405294
3407748
3409666
3416205
3421207
3427085
3429467
3433858
3435860
3436063
3436572
3436843
3444475
3451480
3452444
3452705
3453122
3453484
3453525
3454843
3455528
3457771
3470110
3470793
3470833
3474357
3500558
3504191
3508756
3510903
3511006
3512548
3516754
3520598
3520764
3521212
3522421
3531140
3531697
3537892
3540580
3541356
3542695
3543928
3545875
3546570
3546883
3547726
3548554
3550846
3556500
3559065
3560592
3567862
3568256
3568604
3570348
3572119
3575465
3575466
3576179
3577879
3578435
3608748
3610658
3612597
3616632
3632104
3632618
3634882
3636285
3642328
3644621
3649237
3651102
3658056
3661096
3665063
3670908
3671596
3672050
3672440
3673213
3678208
3679477
3688592
3689505
3693341
3699285
3704859
3711033
3718697
3719805
3724217
3727865
3736385
3739903
3742442
3744116
3745929
3747244
3748001
3749882
3751305
3751713
3751853
3752323
3758277
3769615
3775677
3777298
3779148
3780074
3781226
3781783
3782282
3783262
3787326
3791652
3792161
3798643
3811777
3824100
3834379
3838563
3844188
3845319
3846471
3851813
3853153
3853557
3860018
3861368
3865651
3866090
3870681
3879944
3880881
3882916
3909403
3909992
3910585
3923093
3926956
3928360
3930288
3936507
3939073
3940011
3941668
3945028
3948589
3949063
3950153
3951002
3951282
3961232
3965561
3968806
3969629
3971053
3980093
3989524
3991995
3995339
3995803
4000913
4009206
4010566
4021672
4023390
4026079
4029808
4065830
4074188
4074376
4075952
4077819
4079546
4084583
4086213
4095411
4099216
4099995
4105969
4124379
4130861
4135479
4136434
4136858
4140537
4142412
4148079
4150258
4153951
4154855
4159920
4167081
4173485
4184896
4185777
4188904
4194713
4197974
4202959
4205706
4208654
4208892
4212187
4214753
4215927
4216682
4217222
4218868
4222198
4222284
4230024
4234875
4241090
4247548
4250771
4263462
4263510
4264353
4264943
4270155
4271776
4272297
4272865
4273325
4278117
4285617
4292387
4307008
4308811
4308858
4313571
4321816
4325653
4331926
4335340
4336643
4338930
4349911
4353956
4356225
4360519
4364042
4367183
4370974
4373362
4383456
4386164
4391690
4402325
4406119
4406487
4409975
4414781
4421215
4422326
4426137
4429161
4429999
4442962
4443766
4452530
4453377
4463211
4464635
4464889
4470355
4479129
4479730
4480280
4502502
4515807
4518196
4520728
4523530
4529927
4531459
4532580
4542067
4545296
4548186
4555969
4562075
4562277
4565054
4575600
4576440
4585191
4586968
4587665
4588060
4599721
4599769
4604042
4604974
4606556
4608586
4610467
4610715
4615276
4616327
4617329
4621482
4623989
4628668
4629997
4641944
4663049
4668791
4678317
4679593
4698266
4699526
4700248
4714097
4714997
4717473
4720293
4720780
4726477
4729861
4739035
4741175
4743188
4749086
4753225
4755455
4758232
4760214
4761840
4762890
4764452
4766414
4767715
4778106
4780321
4781642
4790412
4792945
4793981
4799949
4804742
4808465
4816612
4816688
4829136
4838815
4853296
4875121
4875444
4877426
4880567
4891427
4893470
4893871
4895821
4897787
4901515
4909987
4911923
4925620
4929679
4930972
4951624
4972628
4979852
4980704
4999775
5006787
5007078
5007918
5013919
5021740
5022492
5029136
5033569
5042513
5042690
5047452
5052401
5054301
5059599
5066064
5084085
5084088
5085443
5102012
5105439
5108073
5118708
5119016
5127615
5128356
5129334
5132092
5132563
5134704
5136553
5141164
5143255
5147366
5150072
5152653
5157482
5158009
5159014
5162387
5163814
5164023
5166962
5168345
5169442
5172719
5175061
5175502
5185397
5186588
5188152
5190447
5194824
5195905
5207079
5208578
5208740
5209743
5210846
5210959
5211979
5212328
5212434
5212972
5213203
5213528
5214811
5224285
5226308
5236808
5242746
5243628
5254194
5266744
5270427
5271499
5277217
5278972
5279644
5294440
5297511
5298487
5299236
5299334
5302615
5302672
5311343
5313081
5314464
5315805
5329123
5329750
5331672
5332611
5334262
5336461
5340513
5341074
5341598
5347392
5350377
5353679
5356747
5358064
5365884
5376376
5377186
5380830
5380968
5381366
5381399
5408988
5433205
5433292
5433827
5437882
5443527
5449537
5453913
5454470
5458677
5461133
5462108
5470589
5472039
5480378
5481804
5485556
5487906
5488405
5491678
5494249
5500009
5505595
5505638
5506887
5509448
5509696
5510679
5511123
5512217
5514669
5516747
5526709
5531783
5534396
5534521
5538160
5543118
5546903
5547407
5549379
5550331
5563862
5565830
5567485
5568072
5568414
5578880
5588164
5590737
5591582
5591832
5592522
5593324
5594476
5594572
5602750
5613069
5613662
5617037
5617660
5617708
5634405
5635977
5637772
5644476
5647771
5650802
5653958
5655046
5661491
5662491
5669766
5671556
5672842
5682902
5684596
5685711
5693035
5699624
5706129
5716890
5730576
5731378
5731475
5736381
5738321
5760163
5760934
5772798
5772863
5774726
5776081
5776125
5777272
5777414
5777672
5778376
5782970
5783531
5786684
5793651
5795053
5796475
5797616
5798796
5800490
5801491
5802829
5804789
5809979
5816066
5817399
5825143
5826315
5828620
5858193
5865308
5869389
5870295
5873907
5878778
5887719
5891235
5894723
5897571
5897617
5897938
5899499
5903993
5919099
5924970
5929127
5930808
5932150
5940294
5940914
5942968
5944683
5945509
5946201
5959398
5959836
5961529
5962008
5962357
5962439
5962456
5963242
5963773
5978591
5987171
5987632
5989480
5990406
5992230
5993081
6005736
6008172
6008898
6010370
6013907
6014937
6015929
6018749
6018833
6027849
6031521
6046376
6047845
6058758
6060725
6062354
6062965
6064262
6065208
6065289
6066523
6068641
6068814
6071246
6075321
6077587
6083597
6084850
6092240
6093034
6098665
6113582
6116166
6122695
6123740
6127272
6128268
6129358
6132984
6134488
6134855
6135091
6135663
6135930
6136478
6142970
6146499
6155092
6157710
6160635
6171256
6179340
6189706
6190683
6199018
6199087
6199768
6205057
6207439
6207925
6210216
6211799
6213279
6218625
6218828
6237533
6238169
6238798
6240137
6243106
6247518
6248019
6248461
6253479
6254501
6256143
6257945
6261122
6263805
6276353
6302377
6303335
6303434
6304359
6310115
6310452
6315905
6317198
6318923
6326632
6329636
6331107
6347865
6348961
6361410
6362234
6367566
6368878
6372512
6375508
6382016
6391265
6395285
6396510
6401121
6402928
6404563
6404885
6415678
6420671
6422953
6431989
6432928
6440628
6455791
6457241
6463593
6466736
6471255
6491360
6499609
6504049
6507489
6508646
6510218
6510813
6510857
6511210
6511538
6512311
6512497
6514353
6516364
6522318
6522890
6523408
6533431
6534910
6536054
6540766
6547390
6558930
6561802
6562500
6564417
6573003
6581897
6585578
6595547
6597665
6607543
6609433
6616884
6617576
6624452
6630173
6638664
6644188
6654320
6655119
6659872
6664281
6664450
6665550
6665953
6666340
6671583
6674239
6677737
6692171
6698499
6701999
6702565
6707279
6709594
6711088
6713243
6713756
6715984
6717278
6719146
6719656
6720589
6720996
6721083
6730098
6753594
6757412
6759159
6761573
6766374
6770358
6776062
6777309
6778412
6788424
6790835
6791408
6799696
6802918
6810734
6813460
6814549
6815061
6815631
6817226
6817556
6817846
6821809
6835054
6841638
6842278
6845361
6846134
6851510
6853643
6855825
6865290
6876244
6877224
6879717
6885584
6886043
6886436
6888478
6889353
6892577
6894629
6897420
6908947
6916895
6917051
6920541
6921130
6936553
6949841
6958329
6961769
6962375
6963176
6963883
6964372
6965925
6966491
6970408
6971972
6974708
6976144
6979536
6979655
6980454
6982458
6983575
6984841
6984884
6985478
7002815
7003225
7004618
7006433
7009927
7020756
7020756
7021217
7024794
7030267
7038695
7045338
7046678
7048230
7054311
7060703
7067740
7067856
7074849
7080013
7088760
7090734
7090869
7091139
7091476
7095564
7097869
7098266
7100388
7103118
7111213
7112699
7113154
7118322
7118932
7119641
7128589
7132941
7147770
7149246
7151739
7154407
7155118
7172555
7173947
7179216
7180270
7181184
7202069
7202849
7219071
7219276
7220250
7221392
7234835
7239360
7246506
7247636
7251723
7253638
7257509
7269047
7269222
7270060
7272033
7272782
7274259
7278582
7290893
7291324
7293252
7298024
7305072
7307665
7310807
7313334
7339020
7339531
7342310
7342629
7346175
7358924
7363164
7368864
7372527
7377394
7379166
7381553
7389542
7389762
7390241
7393118
7403877
7404982
7408093
7409669
7411113
7411630
7418675
7420650
7426391
7426755
7427096
7430795
7431870
7435040
7446920
7454710
7455307
7455322
7456734
7478205
7479397
7482605
7483750
7483973
7484205
7485150
7487173
7487946
7488097
7492072
7493204
7501846
7504232
7505418
7513556
7513951
7514541
7514905
7516304
7517637
7519287
7522822
7525273
7525995
7526477
7526852
7527369
7527761
7530975
7531350
7538598
7539109
7540729
7544620
7544876
7546503
7547654
7551699
7552066
7553677
7554191
7560881
7567297
7567326
7570608
7570837
7583969
7593078
7594987
7595291
7596571
7598217
7598706
7606401
7607650
7610508
7651348
7655416
7656865
7657876
7658321
7661091
7663075
7666249
7669634
7669707
7683192
7693800
7697534
7700278
7703044
7713840
7723350
7723707
7724792
7725443
7727529
7732212
7735468
7737694
7742932
7747883
7749715
7750243
7751048
7752303
7752789
7753001
7756458
7766698
7781707
7783171
7784250
7784430
7785287
7788967
7794836
7795475
7798056
7800834
7801254
7812391
7818183
7818566
7825132
7825576
7843788
7845619
7849592
7850210
7851445
7852880
7854849
7865725
7870066
7875141
7877470
7881013
7902573
7905709
7910363
7913393
7913841
7914685
7933488
7934248
7936689
7937941
7939551
7940892
7944270
7958769
7959468
7960660
7962234
7974453
7976559
7981883
7982975
8002191
8004202
8006062
8015505
8016394
8019164
8036216
8039905
8040226
8040723
8042105
8044010
8044058
8058424
8059473
8059748
8059860
8065275
8068774
8069052
8069642
8070076
8077329
8120012
8140105
8141797
8145352
8156218
8156307
8157381
8159296
8162884
8165814
8169486
8174253
8175072
8180685
8184157
8185056
8188725
8200166
8202049
8202153
8204211
8204735
8213322
8218333
8219801
8223719
8228215
8232014
8236757
8242690
8261201
8262405
8267453
8283339
8283891
8286472
8287010
8289079
8289270
8299346
8300992
8303227
8305100
8309083
8312035
8318323
8318768
8320523
8321359
8321673
8323056
8324308
8329609
8332899
8336652
8337099
8340813
8342216
8353695
8354297
8354905
8357457
8359557
8360320
8366211
8367553
8367988
8369551
8370919
8377556
8378855
8380062
8380626
8386507
8389486
8390024
8390266
8391906
8394708
8402559
8409519
8414180
8415038
8415979
8419439
8442806
8446570
8446853
8451742
8455403
8457464
8460554
8468909
8470220
8478569
8478871
8486577
8494509
8499293
8501318
8523403
8525559
8527874
8560390
8569075
8571552
8572790
8575992
8576994
8585034
8586484
8589249
8592002
8599085
8606749
8617114
8621042
8622243
8624774
8626858
8632368
8634043
8636671
8638035
8647485
8658214
8660073
8660801
8664249
8670895
8670953
8677487
8682124
8683240
8686021
8687605
8689145
8707110
8728290
8730702
8752420
8767243
8771005
8776202
8777303
8778592
8779277
8789494
8789909
8795861
8799188
8807985
8815536
8817604
8821561
8822270
8828751
8830465
8831491
8832911
8833374
8834720
8846733
8849353
8856484
8858534
8862100
8874244
8881003
8884284
8884894
8885406
8886164
8887898
8888693
8889596
8900393
8902759
8906948
8909775
8916416
8927549
8940874
8941614
8946830
8947478
8954838
8959577
8960833
8965322
8978380
8980013
8981048
9003523
9007854
9019242
9019395
9020640
9024324
9033268
9047172
9048055
9051448
9060082
9061751
9061792
9068349
9086182
9089936
9093606
9094202
9094660
9095452
9097411
9102286
9104954
9105896
9108839
9112847
9112862
9114828
9115467
9117097
9122394
9133668
9135393
9136071
9143369
9150774
9154559
9158894
9160372
9163494
9175800
9183337
9183386
9198847
9200006
9211228
9214698
9223720
9231167
9231665
9231677
9233929
9243757
9264948
9271229
9288325
9297781
9302008
9312828
9313145
9320965
9331310
9331457
9333127
9334797
9337610
9340325
9347008
9366645
9367589
9370234
9391048
9394719
9398325
9405418
9421767
9423375
9424582
9450187
9459856
9460905
9464177
9465951
9467055
9468459
9469138
9470033
9472419
9473878
9474268
9478282
9481456
9483273
9489588
9500939
9501113
9501438
9528802
9530596
9543050
9544699
9553781
9568201
9572917
9589037
9600650
9604134
9604795
9608174
9609163
9615467
9625594
9633541
9634574
9645757
9647482
9659927
9674013
9677141
9677184
9687786
9688742
9688845
9691321
9693008
9695991
9698139
9699539
9701336
9703471
9704976
9706555
9709475
9720034
9733595
9736128
9740716
9742712
9744883
9757351
9775650
9803383
9811439
9814281
9814876
9825740
9827904
9829839
9834317
9841953
9903948
9914777
9923611
9925714
9927203
9929329
9929814
9939984
9944988
9969844
9977997
9978108
9979202
9979330
9980221
9981326
9982009
9982281
9983606
9985876
9986369
9986474
9995408
10000446
10001532
10004567
10009186
10009816
10020904
10023179
10025312
10025907
10027575
10032297
10036270
10041950
10045945
10047706
10047823
10052590
10052868
10054269
10054756
10059579
10061521
10061633
10062613
10062737
10078981
10080153
10080850
10096703
10097416
10112179
10121441
10130083
10130441
10131364
10131734
10131863
10134838
10136284
10136479
10139507
10141819
10143200
10162941
10164053
10164483
10195406
10195897
10196091
10197191
10197783
10199427
10202194
10202739
10203051
10204072
10205068
10207803
10217034
10217163
10217783
10250829
10252250
10258124
10274565
10274565
10293407
10295014
10298400
10299567
10316586
10317466
10319014
10322030
10352626
10364150
10373403
10378897
10381916
10386993
10392717
10393584
10395507
10397209
10398046
10399179
10413641
10419975
10422512
10423927
10435224
10437120
10437711
10438611
10441001
10446791
10454888
10456198
10457718
10460411
10461432
10467076
10468319
10470324
10470648
10471006
10473596
10475770
10480493
10482163
10484448
10487347
10489290
10490085
10492196
10498620
10499630
10501344
10501705
10502141
10503081
10503434
10503613
10504667
10505321
10505672
10516438
10522834
10528052
10531109
10532314
10534646
10542136
10543422
10545510
10546116
10546338
10547449
10547569
10548585
10551302
10554605
10556378
10556866
10559095
10561977
10562874
10568809
10571598
10578054
10579981
10581323
10583142
10583691
10590344
10591550
10591985
10593451
10594422
10597709
10603430
10607304
10609412
10612457
10612606
10612931
10613938
10614102
10615793
10617880
10621937
10624291
10625011
10626123
10634403
10636072
10637946
10638353
10638678
10648579
10650492
10654820
10656051
10656223
10656672
10657806
10658462
10658865
10659447
10660545
10660955
10661349
10666777
10667522
10671526
10673423
10676290
10687970
10689701
10691858
10695809
10706006
10706857
10709291
10709940
10710726
10711634
10713883
10714429
10714830
10717077
10718487
10719320
10719424
10720004
10720288
10720598
10721283
10722028
10722870
10723445
10725067
10725316
10725422
10726997
10735037
10737413
10738499
10740240
10740241
10751933
10758396
10759859
10763451
10763543
10770466
10770994
10771300
10771790
10804142
10804628
10814657
10826238
10835802
10837935
10838485
10838866
10838912
10842894
10845097
10850670
10851460
10855272
10857955
10858300
10871559
10874495
10874588
10875972
10880869
10883643
10893083
10899658
10911085
10911416
10933092
10933725
10944067
10944576
10945021
10945185
10947321
10947526
10948420
10948609
10948875
10950513
10950514
10950965
10951370
10951724
10951934
10953403
10954946
10962148
10964540
10975358
10976979
10978341
10980570
10982309
10983108
10984796
10986372
11001566
11002560
11003112
11004340
11004384
11005610
11005987
11006270
11006778
11009545
11012127
11021571
11022557
11024342
11024671
11026404
11027186
11028136
11028702
11028856
11033481
11038611
11038963
11039670
11039750
11041273
11041873
11042355
11046184
11049893
11050555
11058972
11066481
11067874
11069495
11069642
11073731
11085495
11089797
11095699
11098517
11099173
11099420
11102636
11102685
11103688
11109899
11131809
11133359
11134682
11135926
11136911
11137526
11138164
11140791
11141299
11142187
11143462
11152289
11168197
11176657
11176834
11176988
11178960
11180883
11181275
11184883
11188084
11190492
11190534
11204583
11207478
11209990
11213695
11218624
11221106
11221592
11225020
11225417
11225466
11225847
11226147
11226504
11227582
11228642
11229117
11229241
