3982.824
4743.195
5215.55
5773.229
6249.323
7250.925
8026.019
73925.17
75315.39
76672.21
83128.52
110947.8
111437.5
112051.5
112945.5
113761.6
114098.4
143361.4
145093.5
145924.5
148439.3
159612.8
163611
169621.8
172835.2
184755.8
189641.2
190743.6
193224.1
198928.6
203750
204455
205325.9
209913.2
212654.5
214382.9
215474.7
224772.4
228256.9
237065.4
244307.5
244944.4
255394.2
256385.2
257076.7
269815
270635.2
271160.1
272130.6
273780.2
274856.4
275600.5
276066.3
277669.2
279217.2
288523.1
289187.1
289688.2
290228.2
290737.7
305481.6
306955.4
314312.3
316954.3
317394
317764.8
318147
318452.8
319038.4
319334.5
319550.4
319841.4
320103.8
320409
321127.7
321614.7
330327.3
330692.7
331023
331414.7
331748.6
332110.1
358032.2
359585
365478.9
368733
371112.3
372147.6
373264.7
373856.5
374300.3
375152
375645.8
376243.4
377221.4
377852.3
378640.2
391053.2
391681.2
392588.2
403017.1
403368.7
403715.9
403965.1
404218
404511.6
404767.8
405049.1
405345.5
405752.6
406140.3
407696.3
408432.4
409371.1
414340.8
416324
424471.4
459444.1
459835.9
460138.9
460818.9
461435
495666.6
496405.8
500781.8
511837.1
512225.2
512519.5
512818.4
513154.2
513498.3
513836.4
514589.9
515072.5
515655.2
547153.5
548705.7
552333.1
557929.1
568944.9
571314.7
573529.7
575065.2
576021.5
577693.4
579746.5
587713
600411.1
601357.4
602629
603545.7
604672.6
606459.8
607134.3
607609.3
608147.7
608570.9
609492.6
612529.8
612998.8
613546.5
613977
614586.9
614906.7
615290.1
615692
616483.5
638961.3
647559.3
666026.1
666821.9
668174.8
670049.4
681678.3
682342.1
684012.5
684868.1
686498.5
689303.7
697101
700755.1
702002.8
704720.6
705620.1
706428.2
707035.6
707248.5
707883.8
709343.8
734164.5
739575.2
740964.6
742401.5
745868.7
746280.2
747010.1
747667.3
748697.7
757544.3
758146.3
758966
759419.7
759859.9
760837
762075.1
762899
771921.3
776088.6
777536.8
779208.2
783744.9
786759
789899.5
790384.4
791504.7
792368.4
793439.5
801210.1
804911.5
818232.5
818826.2
820417.6
821078.8
821734.6
823889.7
824580.6
825489.6
828976.9
831322.2
833520.5
836626.9
837088.9
838819.5
843425.4
844431
844943.7
845274.5
845653.5
846180.8
846480
846747.5
847196
847485.9
847817.8
848272.4
848846.9
849393.3
849972.9
851920.6
869906.9
901686.6
905605.7
907720.3
908209.9
908706.2
909169.6
909562.5
910032.8
910522.7
918112.3
918675.4
919080.2
919559
919958.7
920444.6
921461.1
922030.1
922942.6
925772.4
932050
932663.1
973214.2
974391.5
975265.4
975772.7
976309.1
977002.6
982394.3
983048.7
983791.2
984871.6
986777.8
987856.6
991969.3
997083.4
1011844
1014400
1018447
1020256
1023479
1028556
1029957
1030619
1031314
1032297
1035715
1036461
1037328
1038012
1038400
1038911
1039590
1040538
1043877
1045045
1046792
1071340
1082917
1084558
1085233
1086891
1090861
1098452
1099885
1100638
1101309
1101912
1103150
1105198
1118176
1119202
1120162
1120776
1121397
1122175
1122892
1123892
1126368
1135278
1136082
1139849
1145231
1145992
1146997
1148387
1149023
1149520
1151855
1152870
1155678
1171695
1173817
1174857
1175905
1177036
1177868
1179232
1180957
1189561
1199764
1201128
1201722
1202737
1203361
1212494
1216338
1217150
1218401
1220108
1222960
1223464
1224527
1225029
1225338
1225873
1226772
1227370
1227880
1228798
1229107
1229401
1229642
1230022
1230420
1230855
1231354
1231821
1240193
1262102
1262527
1264249
1285051
1285681
1286684
1289331
1290603
1291432
1291772
1292579
1293356
1294048
1294665
1295571
1296584
1298668
1299482
1300103
1300456
1301045
1308360
1308809
1309306
1309959
1319009
1319763
1321146
1321678
1322574
1323108
1323595
1324045
1324525
1325146
1325703
1326835
1327920
1329197
1330500
1354972
1355645
1356107
1356459
1356821
1357150
1357819
1368628
1369094
1369761
1370516
1371085
1372285
1373116
1373556
1374106
1374526
1375207
1376345
1378560
1386955
1394660
1396889
1413116
1417913
1418528
1419104
1420054
1420433
1420922
1421654
1422353
1424108
1433804
1434225
1434772
1435143
1435514
1435835
1436180
1436494
1436919
1438184
1480393
1487272
1487841
1496338
1496789
1497458
1509574
1510862
1511455
1512157
1516545
1520152
1528132
1537630
1538273
1539263
1541765
1542811
1543302
1544078
1548515
1554288
1557024
1557948
1560607
1561205
1561617
1562029
1563143
1574484
1579071
1582093
1583397
1595811
1597393
1598662
1600150
1603420
1603847
1604533
1605002
1605873
1606851
1607358
1607899
1608473
1608845
1609364
1609720
1610280
1612333
1614561
1615670
1617663
1638361
1640694
1641405
1641984
1642642
1644146
1646338
1647504
1648393
1649144
1649732
1650432
1650806
1651202
1651707
1652144
1652665
1654041
1657130
1658303
1665025
1665880
1666518
1667088
1667717
1678570
1679398
1686890
1709800
1713923
1715570
1716108
1716796
1732073
1744118
1755436
1757459
1759782
1762212
1765011
1767092
1767971
1806159
1807141
1809217
1810868
1811866
1812398
1817313
1818137
1819987
1820542
1821771
1823140
1823835
1824621
1825693
1834216
1844051
1857545
1860825
1861663
1863143
1863880
1870433
1872026
1879303
1880045
1881127
1883154
1894134
1894832
1905237
1911706
1912625
1913468
1920449
1925484
1929718
1938518
1939589
1940740
1950709
1953714
1958673
1960000
1960673
1961594
1965397
1966322
1966822
1967229
1968035
1968493
1968950
1969648
1970017
1970789
1971445
1972158
1973008
1973588
1974605
1976228
1977573
1978225
1978720
1979268
1979854
1980709
1981234
1981931
1982536
1983149
1984471
1985221
1986061
1987606
1988227
1997091
1997452
1997891
1998383
1998710
1999057
1999581
2000100
2000484
2000917
2001533
2060223
2064968
2066803
2085245
2086136
2088691
2089831
2094300
2096081
2097004
2098863
2104939
2106703
2109943
2112188
2114337
2115727
2116887
2118207
2119573
2121605
2123089
2123617
2124389
2124981
2125932
2126701
2128059
2129110
2155093
2161831
2165591
2166271
2167056
2167978
2168648
2169237
2169878
2181255
2183337
2185446
2188967
2192589
2198507
2198858
2199249
2199694
2200144
2200578
2201047
2201577
2202646
2217694
2223963
2250112
2250628
2251931
2252612
2253694
2263740
2268646
2277016
2278261
2279014
2283850
2284844
2287118
2291998
2302581
2303885
2306602
2307939
2312539
2313755
2314352
2315009
2316181
2316919
2318544
2321702
2327755
2328451
2329514
2330411
2332222
2334309
2339023
2343147
2344358
2347578
2348192
2354701
2358297
2359193
2360577
2361128
2369069
2370806
2371586
2372123
2372641
2373775
2374254
2375061
2375975
2377078
2378560
2379109
2379598
2380343
2380917
2388442
2389305
2397381
2398379
2400013
2417689
2418510
2419326
2420442
2422761
2424244
2425579
2426403
2436063
2440252
2440936
2442019
2444487
2447105
2447744
2448268
2448757
2449278
2451183
2451915
2452573
2453265
2454961
2458601
2459289
2459984
2461219
2462418
2463493
2464569
2465582
2466979
2472280
2475751
2477204
2491942
2493024
2494264
2494959
2495395
2505459
2506564
2507626
2508662
2510516
2511990
2512623
2513423
2514084
2514862
2515318
2515884
2516798
2517373
2517924
2518539
2519238
2519811
2520630
2521597
2522435
2523096
2523824
2524505
2524866
2525411
2525952
2526626
2527617
2528233
2529211
2529723
2530116
2530519
2531719
2532258
2532794
2534678
2535429
2536362
2543660
2546217
2547301
2588308
2588912
2589539
2590739
2595988
2596626
2597352
2598794
2602903
2616745
2617677
2618110
2618443
2618788
2619167
2619549
2620005
2620414
2620866
2621313
2621779
2622212
2622736
2623714
2624256
2624874
2625358
2625924
2626379
2655069
2666288
2677160
2725240
2725981
2727082
2727776
2734828
2735387
2735990
2736719
2737148
2737578
2737645
2738356
2739571
2747613
2748211
2749578
2750222
2751726
2752626
2754188
2756494
2757749
2759641
2761405
2766783
2768736
2769643
2770675
2771606
2774195
2785384
2786883
2793345
2794609
2798841
2799431
2800111
2800862
2805391
2806449
2814097
2814679
2815200
2816473
2829196
2829760
2830358
2830926
2831820
2833638
2835520
2836945
2837733
2839157
2845852
2853927
2855149
2860933
2863661
2865234
2868936
2870080
2895351
2897799
2906540
2907758
2908270
2908712
2909175
2909869
2910715
2911691
2912204
2912781
2913254
2914043
2914916
2916266
2917412
2918225
2920603
2921537
2922201
2923533
2936718
2942802
2947586
2949252
2950835
2956256
2957054
2957554
2958003
2958593
2959656
2960428
2960875
2961208
2961588
2961951
2962254
2962525
2963128
2963874
2964367
2968979
2970110
2970592
2971385
2989894
2991709
2993720
2995897
2996888
3003217
3003834
3004604
3005658
3006499
3007781
3014065
3014799
3015518
3016169
3020238
3034697
3036575
3039669
3049478
3049923
3050237
3050662
3051079
3051493
3052540
3052938
3054255
3055455
3062872
3063316
3063810
3064293
3064798
3065562
3066370
3067199
3067681
3068024
3068386
3068868
3069496
3070232
3071065
3072102
3073117
3092229
3094481
3095742
3096283
3096652
3096956
3097249
3097592
3097945
3098344
3098741
3099839
3111798
3112130
3112424
3112840
3113247
3113603
3114087
3119501
3120127
3120661
3121378
3121775
3122239
3122683
3123368
3123769
3124763
3125328
3126297
3127548
3165019
3165465
3166059
3167017
3167648
3168499
3169631
3171352
3172063
3173008
3173856
3177051
3177437
3178242
3191655
3195265
3196149
3196986
3197709
3202100
3202656
3203238
3204035
3204342
3204688
3205246
3205585
3205994
3206354
3206822
3207170
3207580
3208237
3210925
3217407
3217851
3218316
3218877
3219344
3219824
3220586
3222089
3222866
3224379
3225900
3227675
3235468
3236154
3238793
3239540
3240253
3258585
3259640
3260530
3261933
3262747
3263749
3266172
3273801
3274470
3276786
3277919
3279004
3279749
3288176
3288843
3289633
3290260
3301146
3302077
3302896
3304236
3305261
3328373
3330084
3340872
3341901
3343677
3344891
3349765
3361564
3364659
3366790
3367462
3368613
3391867
3400880
3401457
3401944
3402656
3403794
3404306
3404764
3408766
3409721
3410847
3412237
3416881
3417474
3417983
3418494
3420077
3427192
3428584
3429409
3430274
3431646
3437400
3438133
3438810
3441846
3442572
3444195
3446149
3451190
3451799
3452298
3453396
3453827
3454621
3457249
3458082
3458592
3459411
3459820
3460444
3461191
3461738
3465655
3466370
3467064
3468188
3469802
3477595
3478345
3479494
3481934
3482428
3483128
3483828
3484327
3484778
3485234
3485650
3486048
3486458
3487535
3488596
3489128
3489628
3490269
3491501
3492351
3493058
3501727
3502954
3517123
3527816
3528412
3529196
3530242
3531562
3532243
3532730
3533215
3533754
3534347
3535039
3566912
3567630
3568581
3570364
3570890
3571313
3571756
3572210
3573079
3573719
3574222
3574666
3575108
3575877
3576387
3577464
3578376
3579147
3579702
3580185
3580761
3581168
3604811
3610049
3610586
3611035
3611883
3612668
3613427
3613912
3614408
3615700
3616977
3622539
3622865
3623212
3623579
3624029
3630780
3631753
3632786
3635336
3636107
3653524
3654400
3655407
3656357
3659722
3660530
3662570
3669859
3670592
3671393
3672202
3678898
3679364
3679801
3680640
3681206
3682557
3683636
3684325
3684916
3685645
3692026
3692895
3693756
3694385
3695336
3704227
3704809
3705212
3705842
3706383
3707545
3707992
3708351
3708692
3708986
3709261
3709628
3710136
3710598
3711019
3711646
3712191
3712773
3713381
3714350
3715563
3716708
3717289
3717852
3719583
3720624
3736336
3736686
3738145
3755353
3767858
3768394
3769013
3769492
3770514
3770923
3771379
3771870
3772287
3772907
3773663
3774386
3777143
3779367
3786717
3815691
3824439
3826646
3827181
3828838
3833746
3835782
3836988
3841011
3841752
3842302
3842780
3843580
3851419
3853009
3853940
3864065
3865337
3866531
3867542
3869233
3870473
3877397
3878380
3879127
3879840
3881559
3882861
3884635
3885565
3886610
3893231
3893890
3894435
3895095
3897186
3911015
3921497
3922130
3922662
3941229
3942830
3953915
3957559
3959586
3961873
3962727
3963905
3965553
3966514
3967586
3972445
3974009
3975170
3977572
3978184
3978795
3979515
3980465
3988830
3989566
3990097
3990598
3991268
3992133
3994393
3995189
3995978
3999391
4001041
4002139
4002963
4003855
4017122
4021078
4021773
4022292
4023014
4023623
4024562
4025573
4051664
4053905
4056271
4060682
4061281
4063414
4064596
4065225
4066762
4067400
4067968
4068426
4069053
4069838
4076383
4078232
4079941
4101377
4102403
4103197
4105666
4106347
4108372
4109107
4109779
4110604
4112908
4114085
4114921
4115663
4116872
4117527
4118495
4148171
4149688
4150767
4151533
4151917
4153029
4153754
4155981
4156777
4157754
4158564
4159398
4159964
4160566
4161130
4161805
4162438
4162810
4163805
4164496
4165237
4166810
4183617
4204125
4205693
4206420
4207119
4207991
4209238
4209868
4211101
4211784
4212965
4215473
4219200
4220312
4221606
4222953
4227402
4232479
4235242
4236055
4236639
4237476
4238558
4239131
4239752
4240616
4241931
4243227
4244279
4245154
4246065
4248033
4249194
4249873
4250752
4251405
4251817
4251939
4252979
4255836
4262500
4266245
4268171
4274184
4280566
4281250
4281946
4284896
4286192
4286845
4290068
4293924
4297608
4298433
4315762
4317921
4320503
4321616
4322869
4324283
4327172
4328329
4341493
4342196
4342856
4343621
4355026
4355966
4356642
4357541
4363789
4365004
4365763
4369413
4373130
4384157
4385542
4385954
4386473
4387219
4388386
4390283
4392051
4392813
4393708
4395715
4397317
4398048
4398703
4399326
4399793
4400190
4400677
4401095
4401449
4401935
4402719
4424066
4424915
4425592
4426196
4427129
4428314
4429538
4430549
4431168
4434344
4434927
4435808
4447265
4448813
4449618
4450171
4450851
4467900
4468528
4469032
4469552
4470960
4502437
4503147
4503750
4504188
4504765
4505210
4505677
4506200
4506894
4507456
4508530
4509095
4515988
4517215
4517843
4518530
4519622
4521843
4540941
4541619
4543198
4544307
4544970
4546063
4548069
4560915
4561452
4562606
4571541
4573760
4577456
4577893
4578441
4578844
4579407
4580183
4581225
4581850
4582402
4583001
4583645
4584795
4585454
4585908
4586384
4586848
4587210
4587694
4588457
4590336
4598217
4598742
4599169
4599859
4604033
4604848
4605893
4608620
4610057
4611039
4611791
4612799
4613647
4614863
4615866
4617049
4617665
4618285
4619140
4619984
4620715
4632463
4632968
4633508
4635021
4658578
4660718
4661272
4661774
4662490
4666217
4669285
4672885
4674267
4675548
4678312
4678862
4679441
4680118
4680692
4681278
4681864
4682433
4682950
4683310
4683941
4684425
4684996
4688839
4690125
4693858
4694499
4695129
4695517
4696075
4696536
4696887
4697242
4697583
4697975
4698607
4699258
4699678
4700088
4700517
4701267
4701930
4702854
4715329
4733425
4734640
4738218
4738746
4739179
4740317
4741029
4742445
4743382
4743893
4744606
4745182
4745541
4745922
4746386
4746835
4747252
4748743
4749666
4755033
4755477
4756275
4756798
4757399
4758113
4758700
4770933
4794463
4795366
4806765
4807243
4807716
4808096
4808569
4810355
4812369
4813035
4817099
4818415
4819010
4822322
4823053
4824229
4828755
4830271
4831042
4832425
4839512
4844950
4845472
4845875
4846337
4846779
4847252
4864381
4870781
4871332
4871798
4872266
4873669
4877954
4886147
4887197
4890879
4896554
4917331
4919002
4919577
4920388
4921152
4922163
4923229
4925257
4928518
4929537
4950451
4954883
4955579
4956691
4957408
4962747
4969830
4971174
4974194
4975449
4985492
4986147
4986617
4987196
4987770
4988704
4990016
4992061
4993849
5006199
5016675
5017569
5018005
5018760
5019530
5019988
5020560
5021005
5021375
5021715
5022341
5023205
5041501
5042713
5046020
5047450
5051521
5051978
5052499
5053107
5053585
5054172
5054848
5055389
5056308
5061386
5062947
5064473
5065039
5066625
5067386
5069406
5071089
5072332
5077702
5078987
5080105
5081024
5081602
5082166
5082589
5082980
5083354
5083798
5084498
5084922
5085396
5085866
5086482
5087046
5088662
5101484
5101962
5102580
5105853
5107013
5107820
5108491
5109777
5110789
5125799
5126374
5126689
5127009
5127356
5127641
5127972
5128284
5128747
5129139
5129470
5129893
5131454
5132520
5163445
5164447
5179544
5180102
5180558
5180928
5181498
5182043
5182539
5183159
5183669
5190555
5207176
5207711
5208090
5208556
5208943
5209300
5209807
5210277
5210681
5211228
5212004
5212508
5213914
5216675
5217945
5222161
5223305
5224262
5224926
5225416
5225963
5226304
5226690
5227108
5227549
5228261
5229483
5230405
5231210
5236653
5237248
5237935
5238463
5239177
5247786
5248234
5248701
5249231
5249786
5255872
5259430
5261180
5273756
5274367
5274765
5275469
5276058
5277281
5306337
5306812
5334605
5340499
5346636
5347976
5348679
5369551
5371243
5371899
5372695
5380684
5381239
5400445
5402224
5405649
5407475
5409011
5410420
5412256
5413290
5413786
5414228
5414796
5416324
5425909
5426535
5428267
5437740
5438788
5448838
5449995
5479613
5480332
5489709
5490176
5491390
5491807
5492162
5492395
5492705
5493025
5493408
5493845
5494264
5494862
5497052
5498903
5500088
5500934
5527203
5527809
5528816
5530209
5541192
5541861
5542553
5543417
5543862
5544376
5546647
5547287
5547840
5549033
5549612
5551312
5555450
5556380
5557148
5558399
5559204
5560014
5561446
5562106
5562723
5563498
5563981
5564404
5565448
5566745
5567337
5567818
5568520
5569062
5586830
5587633
5588056
5588543
5589148
5589930
5590466
5591433
5592482
5593258
5594627
5595280
5595811
5596617
5597497
5607712
5608084
5608482
5609749
5625961
5627154
5628218
5629083
5629676
5630543
5631102
5632078
5632586
5632997
5633910
5635701
5636224
5636837
5638331
5640102
5641294
5661926
5662318
5662671
5663130
5663551
5664024
5664835
5665511
5666243
5667136
5667891
5668837
5678222
5678997
5679626
5680554
5694334
5694855
5695369
5695859
5696416
5700433
5701443
5705284
5706990
5709424
5711223
5713679
5714268
5715752
5717155
5717783
5718393
5719405
5720731
5721410
5722232
5734562
5735930
5737497
5742426
5743219
5777350
5778093
5778809
5779620
5794392
5795535
5796460
5797095
5799136
5800107
5802317
5804644
5805957
5809595
5810224
5810744
5811295
5812000
5812487
5813257
5821822
5827677
5855372
5856501
5857085
5857689
5858546
5859073
5859842
5860318
5860896
5872625
5873194
5873699
5874704
5875622
5887635
5888254
5888940
5890509
5891128
5891632
5892512
5892922
5893323
5893733
5894153
5894560
5895006
5895413
5896016
5896572
5897141
5897893
5900172
5900881
5901296
5901760
5902352
5903062
5905473
5907996
5909242
5912019
5913411
5913959
5936977
5943795
5951951
5952396
5953448
5953927
5954624
5958246
5958469
5958930
5959295
5959639
5960206
5960500
5961191
5961479
5961759
5962032
5962341
5962608
5962911
5963695
5965292
5968153
5968914
5970711
5977445
5978434
5985567
5986096
5987171
5987836
6003251
6003804
6007672
6008636
6010018
6013139
6013588
6014129
6014642
6016781
6017861
6018699
6064130
6065051
6065531
6067053
6073622
6074254
6075133
6076157
6076727
6077884
6085756
6086019
6086373
6086714
6087131
6087805
6088599
6089494
6093436
6093965
6095058
6095651
6096703
6112555
6112883
6113192
6114037
6114587
6115522
6116508
6126916
6127560
6128805
6129024
6129413
6129802
6130206
6130679
6131204
6132182
6132616
6133286
6133862
6134670
6136701
6138955
6139745
6140663
6141899
6145256
6155754
6156782
6162072
6162523
6163473
6164394
6173284
6174156
6182612
6192859
6193157
6193758
6194021
6194309
6194806
6200374
6206780
6207224
6207588
6208218
6208952
6209451
6210642
6211263
6212102
6212612
6212971
6213412
6214019
6214813
6216317
6216984
6217608
6218512
6218944
6219722
6227198
6227767
6228170
6228706
6229151
6230669
6250079
6256818
6257390
6257853
6259074
6259847
6260496
6261920
6262826
6264011
6264581
6265553
6266134
6266638
6267281
6268163
6280755
6317692
6318063
6318440
6318718
6319096
6319417
6320055
6320749
6321337
6322050
6322673
6323073
6323619
6324024
6324534
6325238
6326743
6329028
6329587
6330139
6330860
6331874
6359322
6360544
6361447
6362139
6363953
6372182
6373447
6374962
6375564
6379892
6380543
6382239
6382787
6383652
6384325
6385796
6386407
6395714
6396289
6396647
6397072
6397512
6397866
6398445
6399096
6399784
6400293
6401811
6402280
6402850
6403354
6403759
6404176
6405239
6415318
6416424
6417200
6417922
6418453
6419162
6419652
6420224
6420768
6421285
6421647
6422388
6427331
6427718
6428137
6428487
6428874
6429369
6429860
6430267
6430883
6435427
6435928
6436503
6436976
6437697
6439372
6452472
6452852
6453182
6453542
6453940
6454414
6455237
6455786
6456391
6457124
6458805
6459414
6459891
6460371
6460907
6461314
6461794
6462240
6462751
6475544
6476248
6478002
6495173
6495683
6496063
6496564
6497143
6503129
6509110
6509947
6510976
6511634
6512744
6513377
6516039
6517062
6517673
6525549
6557737
6562386
6569588
6570717
6571597
6572452
6573434
6578365
6578797
6579146
6579460
6579817
6580225
6580775
6582206
6582846
6584319
6585283
6588709
6589167
6591872
6592769
6593294
6593893
6594471
6595744
6596271
6597319
6598135
6600173
6610521
6611885
6614446
6615037
6616657
6627175
6627691
6628235
6628644
6629036
6629426
6629813
6630269
6630707
6631051
6631491
6631817
6632331
6632844
6645207
6645683
6646113
6646612
6647097
6647580
6651526
6653372
6654174
6654838
6655361
6655847
6656627
6658105
6658696
6659119
6659764
6660211
6660753
6661231
6661697
6662455
6663461
6663927
6664340
6664769
6665650
6666641
6668526
6669030
6669437
6670138
6670935
6673356
6674291
6675141
6703014
6707163
6707893
6708900
6710127
6710724
6711462
6714172
6714845
6716099
6726121
6726958
6730642
6731309
6751380
6751958
6752796
6755229
6755926
6760685
6761322
6762196
6763372
6766706
6769352
6796181
6796631
6797625
6798374
6809641
6810279
6811037
6811663
6812146
6813277
6813892
6814410
6814983
6824136
6825347
6831778
6832200
6832624
6833107
6833811
6835752
6840632
6841270
6842029
6843147
6844596
6850114
6850697
6851386
6851949
6854902
6864652
6865880
6866460
6867350
6872356
6874009
6888918
6889579
6889993
6890641
6891709
6892749
6895855
6897164
6898591
6899473
6900238
6900738
6901436
6905545
6906436
6907040
6907545
6908071
6908838
6911109
6912501
6914073
6915049
6918335
6919066
6919876
6921200
6922602
6923463
6923922
6924431
6924860
6925271
6925663
6926165
6926589
6926900
6927248
6927552
6927941
6928362
6928900
6955835
6956393
6956814
6957396
6958060
6958716
6959283
6960508
6961491
6962067
6962550
6962970
6963427
6963842
6964297
6964824
6965483
6966587
6975378
6975703
6976025
6976494
6976908
6977303
6977952
6979220
6979911
6995599
7001979
7003044
7003746
7004318
7004837
7007575
7013878
7016020
7016848
7018354
7019239
7019755
7020178
7021636
7022606
7023437
7024530
7031588
7032353
7033058
7033740
7043815
7049850
7052771
7053613
7054342
7054802
7055438
7056162
7057382
7058138
7058898
7059443
7061776
7062683
7063055
7063654
7064031
7064457
7065086
7078927
7080633
7081292
7081687
7082031
7082563
7083159
7083839
7086402
7087212
7087883
7088736
7089157
7089775
7090361
7113461
7114579
7115432
7116331
7117212
7119089
7120068
7120811
7121082
7121585
7122435
7123283
7123989
7124569
7125317
7125829
7126387
7128047
7130784
7131284
7132168
7133115
7139772
7140599
7141454
7142117
7143050
7144227
7144770
7145702
7146539
7148108
7148728
7149201
7149802
7150555
7151149
7151794
7152241
7153025
7154074
7154787
7155357
7155946
7156783
7159179
7165324
7174472
7204818
7205225
7206153
7208143
7208854
7209697
7210377
7211097
7211979
7213067
7213829
7214901
7215521
7217518
7218242
7220039
7230639
7231437
7245190
7245993
7247003
7247871
7249316
7250017
7251405
7262610
7263051
7263569
7264308
7265462
7266334
7269668
7270020
7270571
7271179
7272774
7273354
7273922
7274319
7274711
7275114
7275530
7276142
7289679
7290417
7291667
7296403
7297190
7297963
7298593
7304712
7306637
7307595
7309848
7310454
7311314
7312125
7314257
7314896
7315665
7316392
7317663
7318780
7320794
7321506
7324871
7326540
7326988
7327501
7328425
7331041
7332167
7332714
7333184
7333702
7334209
7334791
7335502
7335897
7336277
7336667
7336968
7337272
7337630
7338026
7338508
7339473
7341182
7343565
7344799
7350884
7351718
7354661
7355268
7355767
7356263
7357308
7358484
7360071
7360733
7361407
7366699
7367405
7367735
7368076
7368497
7368847
7369236
7369599
7369961
7370275
7370728
7371167
7371566
7396307
7397262
7399658
7400818
7402851
7411577
7433931
7434470
7434976
7435770
7436615
7445566
7459578
7460391
7461034
7462268
7464635
7466092
7493338
7502141
7507537
7508099
7508625
7509186
7524933
7527620
7532651
7539894
7542046
7543763
7548943
7549531
7550293
7560037
7563095
7572376
7572445
7575665
7576644
7577520
7578328
7579135
7579687
7585596
7588023
7588936
7589552
7590097
7590727
7591599
7592760
7593494
7594003
7594425
7595913
7596828
7598242
7602099
7602696
7605942
7606297
7606709
7607136
7607517
7607925
7608313
7608831
7609327
7609992
7626021
7651425
7651770
7652190
7652606
7653058
7653551
7653909
7654189
7654537
7659279
7660972
7664366
7666257
7666868
7667251
7667739
7668249
7668919
7669626
7688639
7689947
7691355
7692160
7693142
7694449
7695433
7696582
7698169
7704369
7705083
7706332
7708618
7710547
7711786
7712472
7713440
7714179
7715351
7716318
7718940
7719537
7719923
7720376
7720952
7721485
7722038
7722546
7722954
7724692
7730919
7731613
7732161
7732676
7733130
7744306
7744706
7745050
7745368
7745663
7746354
7746712
7747044
7748362
7749878
7750719
7751973
7753014
7754269
7757124
7758962
7760282
7763422
7764229
7764838
7765675
7766216
7766754
7767194
7767884
7768513
7769217
7778827
7779499
7779924
7780370
7780760
7781191
7782755
7783800
7784203
7784641
7790604
7791156
7791692
7792433
7792984
7793522
7794081
7794403
7794876
7795464
7795813
7796141
7796705
7797356
7797707
7798036
7798395
7798766
7799559
7799906
7800750
7801536
7802449
7803121
7803981
7804936
7806598
7807100
7807716
7808292
7808903
7809902
7811333
7812143
7812728
7814902
7815648
7816656
7817154
7817568
7818130
7818590
7831018
7836709
7839537
7840232
7840760
7841569
7842457
7843457
7844934
7845933
7846650
7848365
7848923
7849468
7849972
7850459
7851334
7851948
7852549
7853263
7854063
7855907
7865020
7866312
7868201
7870907
7871512
7872607
7884214
7884775
7885475
7885982
7886571
7888271
7891888
7892788
7893406
7893832
7894887
7895366
7895822
7896277
7896832
7897743
7899528
7906324
7906824
7907383
7908646
7909235
7909756
7910633
7910968
7911714
7912107
7913068
7914355
7917259
7927617
7928082
7929521
7931018
7932613
7933255
7933790
7934288
7935283
7936502
7937011
7937384
7937874
7938288
7938834
7940026
7967816
7969836
7981626
7982204
7983649
7992913
7993334
7993743
7994085
7994449
7995743
7998944
7999916
8014311
8014863
8016234
8016929
8019422
8020220
8020880
8021613
8024212
8025018
8049670
8063347
8063891
8068988
8073595
8075503
8076959
8077727
8078215
8108061
8108546
8109264
8110168
8112121
8112772
8115625
8116587
8136809
8147103
8147603
8147977
8148327
8148631
8149012
8150302
8151235
8152029
8154260
8155276
8156257
8158122
8159562
8161048
8162035
8162605
8163444
8164524
8166235
8168625
8171540
8172799
8173919
8181024
8181398
8187875
8188733
8189618
8191856
8193217
8200043
8200347
8200734
8201360
8202238
8203939
8206017
8206615
8207446
8209932
8210539
8210964
8211307
8211669
8212231
8212685
8213145
8215055
8235808
8236300
8236849
8237366
8238207
8243170
8243637
8244799
8245215
8245677
8260221
8260747
8262555
8282962
8283563
8284502
8284996
8285827
8288584
8290033
8291522
8313120
8315011
8315716
8317210
8318418
8320293
8327928
8328544
8329235
8329756
8359271
8359723
8364455
8368125
8369832
8374113
8389024
8390164
8390744
8393581
8394197
8394900
8396204
8408322
8408783
8410426
8413021
8413547
8414686
8416315
8416742
8418675
8422088
8430131
8432710
8433133
8433696
8435500
8442177
8460250
8464958
8466158
8474616
8476126
8478406
8490272
8493510
8504050
8504566
8504818
8522268
8523858
8524304
8524868
8525372
8530141
8560400
8562405
8571412
8572207
8572859
8576468
8577099
8578183
8580116
8580631
8582521
8583071
8589547
8590006
8603657
8605629
8607074
8616674
8617218
8621560
8626038
8631572
8633709
8637777
8700156
8703101
8715506
8717334
8718965
8727769
8740878
8746492
8751667
8752797
8797888
8798689
8799831
8804825
8812791
8818432
8838615
8867524
8905897
8907855
8908850
8911199
8916691
8935661
8944758
8963560
8965695
8967688
9002741
9006346
9010860
9017890
9025958
9037789
9039807
9041288
9042408
9045254
9057751
9059270
9060743
9068300
9071139
9080571
9087299
9088503
9089930
9106061
9106973
9107563
9108093
9114936
9138281
9160629
9163434
9167231
9171501
9174289
9175292
9196351
9199486
9210699
9212342
9216577
9226516
9257511
9285907
9295239
9295782
9303863
9326389
9330042
9345105
9355555
9356809
9364739
9369778
9383075
9383445
9383825
9384185
9392340
9422214
9424086
9490660
9490962
9491427
9506732
9533914
9534479
9599017
9613237
9613559
9614710
9616284
9617424
9630000
9641662
9653272
9659071
9674457
9675253
9687052
9693222
9708925
9729433
9745627
9748145
9750095
9761288
9820502
9860820
9877467
9925536
9935631
9938062
9958165
9970644
9975656
9993133
9994196
10020487
10033626
10042650
10045897
10047278
10055480
10060402
10061355
10063303
10063915
10064628
10075618
10076559
10078783
10079213
10080503
10082134
10085334
10092529
10094967
10098644
10099148
10100275
10101557
10103072
10103561
10107237
10107793
10108263
10108634
10108942
10109312
10109712
10110150
10110643
10121042
10125549
10125999
10126412
10127051
10127716
10128652
10129579
10130827
10131757
10132926
10134452
10135892
10140913
10141340
10142693
10143126
10143869
10147248
10147638
10148009
10148766
10149095
10149430
10149801
10150373
10151244
10151629
10152401
10158254
10162849
10163231
10163733
10164157
10164634
10165173
10165748
10166546
10167952
10168957
10169616
10171636
10174924
10181173
10181642
10185231
10185914
10186459
10186873
10187416
10188109
10188763
10203592
10204026
10204406
10205270
10205666
10206033
10206732
10207122
10207761
10208229
10208833
10209577
10215159
10215715
10223734
10224066
10224539
10225342
10230363
10238565
10239180
10239635
10240251
10240813
10241628
10242173
10242970
10243711
10244779
10245403
10245940
10246457
10246855
10247293
10247776
10250719
10252765
10263417
10264044
10264833
10265403
10271009
10271594
10272145
10272647
10273083
10274148
10276172
10279006
10279331
10279641
10280103
10280557
10281085
10281654
10282191
10283142
10283767
10284376
10285102
10285992
10286566
10287373
10287838
10288313
10289173
10290145
10292818
10293337
10293780
10294481
10295437
10305665
10306112
10306742
10307120
10307587
10307984
10308353
10308728
10309144
10309494
10309986
10310473
10311026
10311801
10314060
10315303
10315755
10316084
10316496
10316828
10317218
10317613
10318086
10318444
10318899
10319391
10319905
10320388
10320796
10321424
10322053
10323153
10328877
10329673
10350522
10352994
10353538
10354030
10354514
10355231
10355937
10363863
10364701
10365434
10369289
10380273
10382142
10382503
10382892
10396936
10397208
10397478
10397749
10398043
10398305
10398628
10398936
10399457
10400030
10400680
10401133
10401665
10402184
10403135
10403849
10411212
10411618
10411966
10412413
10412885
10413622
10415535
10416305
10417097
10424113
10424367
10424648
10424952
10425227
10425645
10426050
10426457
10426912
10427316
10427950
10428749
10429385
10437015
10445996
10446377
10446647
10446962
10447409
10449086
10453287
10458400
10458776
10459185
10459934
10460971
10465901
10466303
10466681
10467062
10467506
10467897
10468315
10468753
10469155
10469557
10469869
10469995
10470322
10470642
10471034
10471441
10471887
10471913
10473211
10476133
10476581
10476976
10477500
10478410
10479125
10482922
10483494
10484267
10484688
10485233
10486202
10488321
10489289
10489806
10490374
10491535
10492370
10493864
10494957
10495547
10496139
10496736
10497155
10497804
10498385
10498881
10499612
10500289
10500743
10501734
10507508
10508734
10509212
10509661
10510126
10519581
10519974
10520379
10520969
10521388
10521390
10522205
10530403
10534141
10535418
10536499
10538986
10539946
10540445
10540902
10541329
10542086
10542347
10546628
10547185
10548126
10548712
10549717
10556266
10556865
10557317
10559039
10559812
10560576
10561229
10561740
10562321
10562970
10563507
10572393
10573252
10573892
10574735
10577046
10578012
10578792
10581321
10581715
10582218
10582695
10583142
10583635
10584096
10584535
10584930
10585294
10585646
10586469
10587207
10588596
10600489
10600886
10601293
10601623
10601965
10602494
10607303
10607867
10608500
10609301
10611707
10612170
10612484
10612848
10613184
10613549
10613934
10614215
10614532
10614838
10615150
10615466
10615784
10616232
10616619
10617210
10621779
10622213
10622910
10623401
10623827
10624282
10624669
10625007
10625383
10625929
10626504
10627286
10627916
10628605
10629279
10629742
10630594
10632346
10632925
10633447
10633828
10634252
10634726
10635055
10635426
10635811
10636189
10636477
10636776
10637003
10637235
10637501
10637719
10637971
10638210
10638462
10638704
10638943
10639267
10639535
10639841
10640172
10649987
10650669
10651563
10653606
10654609
10656045
10656792
10660951
10665959
10666302
10666773
10667234
10667718
10668163
10668885
10669262
10669654
10669993
10670293
10670670
10671029
10671331
10671597
10671950
10672375
10672821
10673423
10674114
10674943
10675358
10675883
10676242
10676636
10677014
10677595
10678143
10678609
10680439
10681908
10682339
10683313
10684377
10686374
10688920
10691853
10692226
10692705
10693435
10696072
10696955
10697556
10706149
10706739
10707127
10707549
10707975
10708346
10708867
10709260
10709610
10710144
10710724
10711994
10725947
10726493
10727076
10727813
10728587
10729576
10730432
10731125
10733171
10733918
10744694
10747767
10748366
10748925
10749295
10749643
10750091
10750433
10750784
10751229
10751929
10755837
10756474
10756979
10757350
10757832
10758176
10758629
10758981
10759363
10759713
10760014
10760363
10760815
10761267
10761902
10767620
10770992
10778183
10780954
10801336
10801800
10802193
10802470
10803133
10803575
10804125
10804765
10805635
10807108
10807595
10808207
10808910
10816700
10817534
10818524
10819444
10820137
10826916
10828244
10831047
10835930
10836362
10836910
10837627
10839120
10845236
10845613
10846059
10846423
10846790
10847716
10848370
10849035
10849568
10849909
10850243
10850559
10851138
10851403
10851732
10851989
10852292
10852597
10852938
10853364
10854195
10862874
10863484
10863976
10864572
10865690
10871260
10871558
10871839
10872154
10872466
10872826
10873219
10873674
10874142
10874781
10875390
10875930
10876583
10877207
10888467
10891935
10898365
10898714
10899056
10899702
10904537
10906055
10906667
10907335
10911735
10916952
10917701
10932706
10933050
10933336
10933654
10934014
10934448
10935104
10938383
10943370
10943739
10944063
10944385
10944777
10945786
10946577
10947115
10947786
10948437
10948823
10949258
10949745
10952802
10967896
10968367
10968801
10969118
10969469
10969894
10970325
10970758
10971462
10972728
10974965
10976113
10976581
10976977
10977615
10977615
10977966
10978340
10981260
10988930
10990446
10993709
10994068
10994428
10994834
10995346
10995905
10996327
10996894
10997449
10997976
11005675
11006776
11007786
11008717
11009508
11010068
11011496
11015029
11015411
11016107
11016671
11017209
11017866
11018537
11019498
11019943
11021591
11022255
11022830
11023614
11026403
11027006
11027371
11027720
11028094
11028410
11028723
11029038
11029373
11029767
11030161
11030623
11030998
11031542
11031976
11038692
11039669
11040268
11040840
11042820
11043396
11043848
11044230
11044526
11045026
11045502
11045912
11055849
11056783
11057267
11057712
11058303
11058968
11064458
11064753
11065137
11065498
11065926
11066333
11066872
11067320
11067833
11068374
11068789
11069690
11070280
11071211
11073387
11075199
11076108
11077161
11078572
11079107
11079599
11080060
11080709
11081286
11081886
11082635
11083230
11083959
11084389
11085002
11085449
11085976
11086367
11086844
11087253
11088023
11092141
11092773
11093358
11093799
11094357
11095015
11095315
11095839
11096541
11097159
11097583
11098512
11099117
11109434
11109897
11110405
11110899
11111324
11111696
11112164
11112696
11113182
11113759
11114278
11115018
11115757
11116385
11118035
11118577
11118983
11119300
11119880
11120402
11121217
11121712
11122070
11122497
11122986
11124112
11124724
11125395
11125898
11126218
11126736
11127076
11127402
11127738
11128113
11128484
11128916
11129351
11129797
11130424
11147291
11147932
11153883
11154242
11154602
11155110
11155704
11156516
11157559
11160305
11163618
11164432
11165902
11166468
11167275
11168003
11168601
11169166
11169761
11170243
11170688
11171369
11171846
11172477
11173047
11173683
11174186
11174845
11178325
11179423
11180474
11180873
11181372
11181864
11182368
11183091
11183527
11183890
11184350
11184821
11185385
11186105
11189731
11202206
11203864
11203952
11205144
11206003
11207200
11211693
11212649
11213693
11214533
11215527
11216558
11217366
11217961
11218875
11219677
11220263
11221104
11221970
11222444
11223140
11223764
11225490
11226188
11226754
11227046
11227428
11227755
11228238
11228812
11229239
11229889
11230426
11231033
