8555.459
9629.128
11037.47
12877.36
13670.98
13872.84
14304.49
18536.31
19084.41
19672.19
21446.8
23562.77
24677.13
26896.61
28581.9
30020.33
30125.04
30827.63
31678.41
39653.26
42323.03
58832.91
69613.96
70775.94
72973.96
73926.99
74845.64
119444.8
120765.9
121822.1
123372.9
124419.1
124720.7
126346.6
127252.5
127763.1
128221.9
129258
130076.4
136539.6
138385.8
139434.9
145647.2
149714.9
153527.3
170554.7
171593.6
182347
182956.1
186753.8
188175.2
203784
205607.6
207077.3
217319.3
217837.4
218405.2
218914.4
219478.2
219897.9
220312.9
221438
222363.8
223186.6
223768.7
226079.3
232576.1
233622.4
237178.2
248480.8
266813.9
269265.8
270686.6
274552.2
279120.6
298821
323380
324119
324667.5
325061.4
325576.9
326034.7
326399.8
326869.8
327804.9
328979.7
329793.4
330149.1
330504.2
330875.8
331512.3
331952.6
332320.4
332812.1
334816
358278.7
362633.8
392381.3
395329
395941.7
396508.7
396630
402745.6
409355.7
410997.9
411991.4
412020.1
413551.7
415390.7
417298.8
418106.5
419932.5
422197.7
451346.7
453211.3
461980.4
479970.4
493931.2
495843
519925.8
524497.7
525488.4
532310.3
547533.8
582405.1
583655.2
589510.8
589967.4
590884.2
591537.1
592027.6
594784.1
595487.2
597415.3
598182.8
600881.1
601400.7
605237.6
606283.7
606858
624485.5
626232.4
629533.1
630966.2
632617.2
637744.1
638721.4
641802.2
643811
644692.3
658825
660660.5
661669.9
667984.2
669389.5
670123.7
670772.6
677972
684303.9
688313.6
691115.4
695543.8
704878.7
705838.3
706595.7
728392.2
729267.7
729903.6
731218.8
735531.8
737461.4
738195.8
740324.3
743862.6
747729.2
748553
749317.2
750166.7
750533.1
758168.3
758846.7
759444.8
760034.3
786679.9
812186.7
813903.5
815366
817405.6
836577.8
837697.1
839043.7
839386.4
839822.7
841321.9
842412
843502.1
844850.7
853051.7
855617
855954
873368.7
901389.7
910468.1
911509.3
920978.4
923639.1
941227.5
946167.7
947611.9
953146.7
953904
954585.8
955965
959378.6
973236.6
976267.2
977249.8
978438.4
989696.9
993824.3
994072.5
994413.6
1004341
1005704
1006448
1007146
1007708
1009077
1010378
1011774
1014631
1015136
1033686
1038132
1039732
1046240
1048573
1049505
1056007
1057491
1058508
1063990
1070047
1079111
1081501
1083744
1092954
1098506
1099798
1103670
1104435
1110207
1113743
1117002
1132057
1133765
1144202
1148160
1148608
1149632
1165855
1170895
1171934
1177015
1178665
1179438
1179886
1181117
1182096
1189076
1191100
1192080
1192727
1195630
1196510
1197492
1214741
1217430
1218633
1219379
1235700
1236841
1237684
1238259
1239003
1240708
1243077
1243126
1249968
1250881
1252337
1268679
1278465
1304298
1311716
1314171
1314927
1317577
1318351
1327660
1330893
1351696
1359730
1365003
1374372
1376271
1388972
1389823
1390426
1391222
1392578
1393139
1408065
1410168
1416109
1423748
1428982
1436127
1438485
1442112
1462364
1466366
1469953
1470766
1471476
1473958
1495477
1499150
1509674
1511129
1522284
1526783
1527919
1548926
1553589
1554248
1555857
1560379
1572222
1577156
1586076
1594836
1601218
1602932
1607403
1609496
1613739
1614274
1615611
1621424
1622999
1627925
1628893
1629564
1636814
1637288
1639355
1645032
1663083
1672885
1677177
1680537
1681160
1681957
1682906
1685265
1686026
1719803
1720482
1721482
1722263
1723310
1723914
1724380
1724477
1725073
1725169
1725607
1742898
1745110
1754034
1772345
1773176
1773996
1780763
1800216
1803357
1811808
1813393
1814189
1837889
1845491
1846169
1846728
1848372
1851238
1858995
1860183
1861513
1862543
1863341
1864242
1864709
1866907
1869931
1912811
1913623
1915722
1929294
1952723
1953506
1954470
1955214
1956753
1957065
1974484
1977181
1977732
1978757
1979465
1980130
1980717
1982054
2009264
2010890
2013363
2013486
2016573
2022104
2024068
2028992
2029802
2030332
2030834
2031982
2032618
2033038
2033510
2034052
2034799
2035263
2035609
2036640
2038960
2039797
2041159
2048014
2058975
2060024
2061152
2065645
2076173
2077507
2087784
2089264
2090073
2090880
2107164
2107970
2109610
2111012
2111277
2114458
2122084
2130700
2135156
2154020
2154742
2155451
2157251
2168493
2169821
2173259
2174928
2175698
2176377
2177262
2178277
2186391
2194021
2194561
2195466
2198560
2211591
2212715
2219395
2226772
2227367
2264452
2274005
2275433
2280004
2283700
2284824
2291534
2298254
2301115
2301819
2302329
2303989
2304779
2305261
2318324
2318964
2331885
2337863
2351974
2353114
2356223
2359349
2360313
2361020
2361658
2361974
2362296
2362667
2363084
2363456
2363942
2364325
2365078
2367543
2372615
2383118
2393985
2396900
2397867
2399043
2400474
2401534
2402380
2402982
2403906
2405532
2406695
2407595
2409375
2411032
2412576
2424010
2428413
2429097
2432325
2436651
2437635
2446332
2446927
2447439
2475999
2477318
2478654
2515448
2516608
2517724
2529590
2530737
2531699
2532389
2540621
2544945
2545646
2552612
2553481
2554431
2555333
2565542
2575897
2597671
2605608
2606144
2606679
2607246
2607898
2624603
2625459
2628434
2631498
2632419
2637138
2650917
2655251
2661865
2662369
2663276
2664083
2671355
2701094
2701664
2702189
2703435
2704095
2711735
2721098
2739510
2740667
2744371
2744633
2745130
2746370
2754450
2759258
2761297
2761999
2764966
2766227
2770274
2776178
2797510
2804749
2806063
2813649
2825679
2827810
2828611
2835239
2865659
2878397
2879339
2886504
2889860
2890713
2891559
2891762
2892548
2895961
2903367
2904280
2915249
2916238
2916822
2918783
2926124
2928164
2929165
2931296
2934856
2935867
2936413
2937049
2937847
2938398
2939671
2940119
2941735
2943449
2960057
2960741
2961757
2964473
2980600
2982945
2984415
2985104
2987268
2989372
3000278
3000307
3001854
3003963
3007311
3008201
3009778
3012299
3028180
3029267
3030063
3033619
3034765
3038760
3055357
3061402
3061942
3062690
3063865
3064878
3080194
3091843
3092582
3093612
3095571
3097202
3098638
3122964
3123640
3124233
3124578
3125203
3125820
3126931
3131130
3150600
3155561
3183129
3184463
3185226
3187915
3201781
3203256
3207485
3208361
3209325
3226248
3250957
3264910
3271638
3275660
3277623
3309692
3317079
3317804
3323559
3325040
3325994
3332764
3333260
3333978
3334527
3336823
3350421
3385375
3385868
3386708
3387823
3388443
3389951
3390506
3391109
3392177
3397284
3397785
3403833
3404504
3405760
3430939
3431802
3434410
3464260
3475515
3476138
3476599
3477663
3478382
3479064
3480054
3481572
3493291
3494040
3495120
3506972
3507501
3508706
3510847
3512163
3512803
3514866
3516369
3519389
3524662
3526097
3541310
3546465
3548387
3560446
3572166
3617214
3618121
3619021
3619857
3624864
3627920
3642785
3644421
3646778
3648125
3651658
3652159
3653246
3660118
3675973
3677166
3682997
3695167
3718280
3719117
3719661
3720086
3720647
3721061
3722018
3722326
3722927
3723733
3724546
3725147
3725832
3727054
3727706
3731921
3741953
3742680
3743484
3744372
3745564
3753537
3757376
3759198
3760538
3761812
3762450
3768089
3788953
3796015
3797226
3803808
3804563
3809848
3812076
3813735
3815588
3823330
3824505
3825040
3828524
3841407
3845433
3848835
3868633
3869119
3869567
3870956
3889685
3890453
3890929
3891373
3892111
3892783
3893712
3894824
3896380
3900092
3905804
3906402
3907275
3916483
3943612
3944189
3945427
3946306
3947050
3951357
3954320
3955827
3969920
3971428
4002763
4006595
4008262
4015661
4016625
4018099
4019265
4064700
4065850
4066289
4068801
4070353
4071123
4078850
4080395
4082097
4083142
4083739
4085720
4087620
4088105
4090546
4125824
4126710
4127438
4128312
4128872
4129537
4130146
4131320
4131971
4132710
4133547
4134291
4135439
4136230
4137091
4137746
4138380
4138936
4140224
4140934
4144191
4162259
4182905
4183551
4183957
4184415
4184853
4186186
4189265
4192085
4195838
4198458
4200278
4202045
4204163
4227145
4228683
4229372
4230059
4230654
4231970
4233347
4234923
4236298
4237182
4238044
4238939
4240251
4240959
4247320
4249685
4265825
4267960
4275570
4296607
4299960
4310294
4344518
4346018
4347167
4355428
4356782
4358495
4364079
4365126
4371766
4373098
4374060
4388020
4409783
4411550
4412325
4412839
4413312
4414465
4415828
4423779
4425737
4427574
4435609
4436310
4440101
4440695
4441242
4441772
4461856
4462037
4464280
4465500
4468218
4470393
4481053
4500104
4501528
4502575
4503454
4504593
4505333
4506262
4508244
4528979
4530183
4530769
4531362
4532016
4532608
4533104
4534252
4534781
4535446
4536431
4548578
4549188
4552954
4573872
4579430
4580371
4582300
4583334
4585994
4595913
4596848
4599647
4603858
4617319
4629827
4630072
4632429
4633430
4650497
4650942
4651476
4653185
4656233
4657175
4660948
4665677
4666507
4668707
4670884
4685754
4709426
4720706
4721858
4725853
4727539
4729189
4730262
4730733
4731573
4732268
4733621
4734066
4735047
4738280
4739469
4752285
4752472
4767413
4767892
4768796
4771364
4772479
4774290
4775351
4778519
4779333
4779968
4781233
4782862
4799897
4800943
4820713
4823641
4824076
4826041
4842109
4844267
4846019
4847485
4859436
4861321
4861382
4863417
4863659
4863954
4864711
4864982
4865067
4865508
4866851
4868186
4879805
4888522
4889155
4890359
4908815
4910459
4912885
4913675
4924276
4954948
4956147
4957970
4960434
4967356
4972896
4973642
4979612
5003149
5010909
5012714
5013276
5013915
5015038
5016169
5024152
5024783
5026114
5026833
5028638
5029545
5030926
5032176
5039910
5041101
5042356
5045044
5045858
5046748
5050652
5050677
5052631
5054235
5056475
5057037
5063096
5085165
5087588
5114978
5126692
5135678
5138542
5143650
5166431
5166920
5167383
5167894
5168292
5168694
5169206
5169707
5170128
5170571
5171027
5172352
5173176
5182716
5185701
5186327
5187283
5189122
5204323
5206041
5221498
5222230
5238944
5240224
5240913
5244068
5245645
5246383
5246437
5247088
5248136
5274094
5274505
5277407
5278451
5279274
5280173
5281562
5282846
5284104
5285816
5286364
5289166
5307502
5309432
5311210
5312577
5313367
5314209
5322364
5323938
5325307
5326602
5327413
5332563
5333270
5334450
5335828
5336415
5336898
5337440
5337832
5338664
5349366
5350585
5351223
5351791
5352361
5354013
5354747
5371049
5377417
5377515
5381300
5419726
5420121
5437025
5437907
5438405
5439160
5440082
5440703
5441243
5441934
5453120
5459689
5473209
5474194
5475613
5477729
5480452
5488760
5489543
5491970
5492830
5494412
5496136
5496515
5497425
5498768
5509369
5509972
5510636
5511278
5511715
5513568
5514303
5515228
5520090
5521248
5528436
5529621
5541275
5542438
5544431
5547521
5591252
5591745
5593913
5594646
5612780
5614071
5615988
5622625
5631121
5634354
5645956
5646727
5647202
5647720
5648569
5652091
5652873
5655467
5658311
5658971
5667998
5683237
5683266
5684720
5686968
5687999
5689054
5689127
5732028
5734767
5739280
5742029
5742791
5743379
5745961
5770486
5771608
5773650
5796211
5796831
5798593
5798968
5804612
5819634
5856638
5860004
5861395
5862044
5862906
5864117
5865069
5877810
5886999
5889684
5908312
5910642
5927906
5929695
5933152
5934771
5937732
5938481
5938916
5939745
5940074
5940427
5940763
5941307
5941601
5942083
5942738
5943128
5944319
5944507
5945959
5959784
5967329
5968290
5968796
5969238
5969715
5970248
5970738
5971727
5972991
5974657
5975679
5977965
5981945
5984825
5990525
5991778
5998403
6016814
6019300
6020349
6021665
6022972
6031703
6037814
6039157
6039689
6040223
6041090
6042360
6044898
6045691
6052394
6054927
6073477
6074426
6088886
6090899
6092033
6096629
6097801
6118920
6123002
6124924
6126170
6133707
6150890
6170273
6176602
6177347
6179173
6179805
6199156
6215717
6221709
6222718
6224541
6225214
6225719
6226763
6231859
6234793
6240371
6250119
6252013
6254346
6256671
6258603
6260146
6260839
6261642
6304203
6304748
6307965
6312532
6315718
6336913
6339584
6343683
6351868
6354543
6355401
6378466
6392182
6392885
6393256
6395049
6395876
6400886
6407394
6408393
6409152
6409819
6410875
6412754
6421056
6423620
6428020
6442325
6442853
6443801
6444377
6444727
6445714
6446003
6446678
6447314
6448102
6450086
6467844
6468983
6469639
6470093
6470905
6491871
6492759
6493401
6493818
6494333
6494757
6495082
6495781
6520738
6527414
6528774
6530730
6531390
6532645
6543511
6552366
6563597
6564205
6566569
6568541
6569744
6580700
6590562
6592322
6593860
6601807
6602850
6616328
6618813
6635619
6636457
6637263
6637757
6638382
6638856
6653612
6654683
6655967
6657637
6664516
6672200
6683408
6685592
6688572
6694971
6695514
6705178
6706411
6764068
6764778
6765455
6766678
6768842
6770977
6771618
6772326
6774664
6775744
6777612
6778911
6779652
6814854
6823458
6824509
6825240
6826474
6827070
6827692
6828240
6828927
6829391
6829947
6831735
6853096
6854041
6855298
6856379
6856835
6857421
6858104
6859200
6859819
6863258
6866779
6869724
6876871
6887020
6887405
6887943
6888464
6894181
6902704
6927964
6928492
6931182
6935896
6945439
6947227
6954950
6968196
6970602
6986258
6987395
6997108
6997662
6998904
7027276
7028329
7030588
7032117
7032649
7033177
7033668
7034328
7037025
7037743
7040780
7040806
7042836
7045221
7055440
7056839
7057456
7065428
7066130
7066825
7095253
7096234
7096462
7096817
7097153
7098782
7103019
7103893
7105376
7120939
7127678
7129304
7131604
7132536
7133320
7133750
7137636
7163326
7170253
7171312
7173798
7176337
7176850
7178529
7179039
7180467
7181256
7200647
7201373
7201549
7202012
7202349
7211581
7224362
7232847
7233927
7234137
7235485
7236440
7237404
7243204
7243728
7244168
7244735
7246171
7247135
7260777
7262012
7263280
7267037
7276810
7300670
7322675
7324100
7325741
7325861
7326804
7330467
7353049
7367387
7372691
7373207
7373759
7373859
7374793
7375381
7376908
7392661
7408657
7409947
7416999
7417888
7424183
7433835
7444855
7445487
7446513
7448749
7460595
7477025
7478160
7478673
7480462
7481479
7486047
7486372
7486781
7487672
7487837
7488151
7488288
7488798
7489576
7495901
7497025
7497613
7497975
7498235
7498943
7500171
7501794
7502860
7504058
7517854
7518641
7522249
7528637
7530837
7531008
7532167
7532755
7533482
7540502
7543248
7545389
7545881
7546396
7546837
7547275
7549433
7550015
7551396
7563281
7566493
7580782
7582871
7587276
7600699
7603829
7604759
7605921
7609926
7610736
7614120
7621073
7622540
7624002
7624797
7625850
7627781
7665308
7673252
7687536
7687977
7688182
7688445
7689049
7699647
7700618
7715395
7735934
7736844
7737545
7739887
7740601
7742223
7743145
7744745
7745499
7748657
7765019
7772623
7775568
7776120
7776915
7777981
7778977
7784169
7787088
7789366
7790312
7810160
7811536
7813416
7814746
7826024
7852612
7854217
7854776
7880884
7891565
7899052
7903009
7930926
7941390
7945450
7946757
7947255
7947922
7948889
7950388
7954404
7978779
7979640
7981832
7986707
7987251
7987999
7990591
7991871
7992399
7993213
7999799
8001835
8002466
8003279
8009640
8010095
8010661
8011299
8025682
8026787
8029152
8078609
8079075
8080817
8081331
8104316
8118692
8120273
8120795
8121413
8122775
8123323
8124057
8144602
8145912
8146535
8147799
8150916
8160007
8170668
8176617
8181379
8193713
8194224
8194852
8196683
8205182
8214466
8217118
8217764
8218367
8218991
8228960
8234625
8247563
8248357
8264782
8270753
8271376
8271909
8272906
8273369
8273861
8275832
8277302
8283966
8284573
8285606
8287294
8292056
8321030
8324457
8325654
8326132
8327059
8332032
8337795
8348105
8353409
8354371
8357345
8358026
8358450
8359023
8359615
8360822
8361474
8369978
8371179
8371883
8372577
8377506
8379810
8382392
8386130
8400479
8402197
8403812
8429940
8434075
8452304
8453422
8456077
8456506
8459350
8470885
8478145
8490702
8491172
8493175
8494092
8494544
8495760
8497082
8498259
8502929
8504538
8505034
8508682
8520266
8528736
8567193
8567892
8591775
8603163
8613419
8633621
8636536
8640985
8642916
8647296
8654275
8655237
8655715
8657255
8657794
8658440
8659685
8660069
8660919
8661718
8662450
8664722
8666551
8669405
8684023
8686587
8687342
8688008
8688950
8689825
8692248
8693477
8694770
8695574
8721363
8762170
8763030
8764696
8765863
8766590
8767192
8768499
8769401
8770374
8771336
8777202
8786400
8808398
8809909
8811602
8822862
8837805
8839846
8848827
8849682
8850196
8855744
8857482
8857670
8858441
8859498
8863635
8864591
8867267
8868698
8869440
8870277
8871142
8874903
8877723
8896905
8899660
8901680
8909420
8911479
8912447
8914655
8924065
8942381
8943774
8947673
8949746
8950372
8950857
8960367
8961915
8972874
8974110
9000508
9002182
9020175
9033536
9054985
9055656
9056140
9057307
9057752
9059655
9060537
9069157
9069660
9070049
9096701
9097206
9097716
9098626
9102246
9113363
9116119
9121347
9138966
9140734
9142369
9143860
9151016
9169878
9175388
9184599
9185461
9189401
9189921
9194002
9194742
9197389
9198408
9204256
9205080
9222280
9229874
9237676
9238198
9240077
9240617
9241112
9243404
9248841
9249634
9250182
9252070
9258293
9266082
9267923
9272350
9284308
9296707
9315262
9316622
9320286
9320822
9321693
9322518
9343341
9357780
9369442
9372700
9379937
9389016
9395660
9398131
9413597
9416785
9422418
9453698
9459065
9460757
9461846
9462267
9462797
9463495
9464324
9464868
9467853
9480370
9481634
9493832
9496043
9499311
9508866
9509912
9511371
9511956
9512937
9527809
9528125
9534713
9536004
9572990
9581384
9584913
9604808
9605598
9606134
9608089
9620753
9622918
9624006
9624654
9625360
9625707
9626202
9654276
9656847
9657321
9657913
9658766
9666192
9666503
9667704
9668363
9705891
9740440
9745205
9785531
9796377
9806977
9808627
9809378
9809953
9810347
9810759
9811158
9811797
9812361
9812909
9813202
9813623
9814061
9814641
9837466
9838139
9846774
9862492
9863870
9867227
9868142
9869351
9871242
9872438
9874038
9875056
9902994
9903777
9904286
9912839
9915319
9916050
9921450
9926431
9933083
9933417
9938244
9961233
9962431
9978404
9978772
9987449
9988960
9992245
9993349
9994105
9995360
10024822
10029292
10032293
10034379
10038720
10039625
10049365
10055148
10058071
10070110
10070768
10081201
10082008
10100198
10100592
10101827
10102996
10105036
10106362
10106868
10107315
10108265
10108686
10133535
10149574
10179043
10186320
10188130
10190827
10194517
10215923
10218485
10218525
10222173
10231161
10232352
10234338
10235378
10240498
10241386
10243865
10245168
10246258
10256839
10257111
10273751
10276115
10298427
10323778
10365795
10366318
10366758
10367145
10367904
10369020
10383863
10385603
10386159
10386883
10388989
10392632
10393466
10395323
10395889
10396718
10419871
10434128
10435683
10443398
10463923
10478774
10480069
10480919
10481347
10482246
10511546
10514065
10515775
10536058
10537174
10537224
10541361
10569657
10586101
10597580
10598659
10600811
10611025
10641042
10642022
10642613
10643129
10643569
10643934
10644329
10644836
10645334
10645721
10647117
10647700
10677261
10677996
10679980
10680815
10682554
10687374
10711335
10725761
10726949
10727834
10739088
10739803
10773978
10775212
10776887
10777585
10779182
10780026
10800133
10802120
10810118
10832866
10834734
10837990
10839773
10840359
10840871
10842194
10843908
10844565
10875999
10882777
10883627
10887601
10888039
10888550
10889005
10889484
10890022
10904739
10905605
10907265
10910401
10912887
10915021
10915653
10916569
10917827
10937227
10939772
10941382
10942436
10946970
10957654
10963532
10987459
10991662
10992437
10993024
10994357
10996516
11017015
11020435
11021825
11022878
11037233
11041584
11044410
11063450
11065914
11071778
11073823
11086736
11087983
11089605
11090264
11090965
11093769
11094554
11096209
11096851
11105661
11107193
11107628
11108970
11110633
11112980
11113445
11114719
11115491
11172048
11173090
11181737
11183710
11194739
11195845
11197422
11197996
11198590
11199594
