1051.958
35940.99
40221.93
41864.43
43946.31
48952.09
49136.33
51111.37
52530.86
53506
56612.12
57450.42
57827.25
58188.8
58674.29
59095.05
59513.77
60062.19
61517.51
62050.04
69129.5
69509.89
73604.27
76111.83
76751.79
77466.81
78060.24
78974.27
80524.55
83291.43
84139.49
84861.78
86148.24
131154.2
132086.3
141510.5
142377.1
144445.9
145820.1
146323
146814.5
146868.1
147956.8
148638.5
149208.5
149628.8
150425.6
150900.8
152449.1
153275.6
153848
154266.8
155049.4
155837.7
176525.3
243265.1
266679.7
286937.6
344527.8
346603.6
376165.2
376966.3
377914.2
381904.4
383096.9
383512.5
384055.2
389377.7
390115.6
390787.2
393638.4
396833.6
400940.8
429185.2
458591.1
468897.9
474376.6
481633.4
492880.6
494741.1
495623.8
497096.3
498362.4
502155.6
503283.4
504047.7
504107
505460.3
509645.5
510010.4
516178.2
517799.6
518407.3
518906.1
519378.9
529874.4
533266.3
537228.4
566091.1
567793.5
583625.4
584013.9
586959.5
587766.1
588420.6
589149.8
589359.7
589733.8
591673.6
592004.9
592591
593271
593839.8
594335.3
594766.1
597653.8
598071.3
613773.1
657696.9
673936.7
674894.1
675534.6
676457.7
676751
677165.4
678627.2
679083.4
680411.7
680842.3
681253.6
681714.9
683643.4
735337.8
736054.7
736997.2
739078.8
747295.9
763228.4
810933.9
811889
812296.6
816113
816320.1
843658.8
879612.9
903305.8
906484.8
909684.2
910250.3
912457.4
920691.9
922851.4
923458.4
923944.8
924136.4
924870.1
925529.1
925938.7
926377.6
926778.4
928773.9
929229.3
929702.7
930187.7
932127.5
933629.2
938300.7
938956.6
948478.7
949724.9
952730.3
953949.9
954573.5
955326.8
959259.1
959857.6
961689.5
962192.4
964072.4
974303.1
975724.2
976440.3
977119
978008
997900.1
998025.4
1000989
1001779
1005152
1019294
1028958
1033930
1034807
1037002
1037415
1039272
1040608
1043631
1059515
1060414
1061065
1067770
1069148
1070314
1071011
1102738
1126839
1132971
1135135
1135794
1136319
1137195
1137549
1173463
1176747
1177797
1178946
1183541
1191222
1197021
1197251
1197949
1204132
1205006
1206383
1207900
1208475
1209060
1213249
1214124
1218439
1243630
1247248
1248716
1253545
1254383
1258592
1274186
1280504
1283239
1306254
1311253
1314530
1320369
1321243
1361921
1363561
1364169
1365160
1365539
1366284
1369705
1377061
1377826
1378897
1379292
1379623
1379681
1380338
1380774
1381579
1382394
1382549
1382851
1383390
1385581
1386723
1390080
1390797
1393395
1395180
1395348
1395876
1397268
1397635
1397947
1398542
1400105
1402677
1445487
1446444
1447688
1465606
1465733
1469860
1472046
1472218
1472646
1473633
1473861
1475438
1476503
1477224
1478828
1487698
1488441
1489818
1490211
1490424
1491244
1494513
1496861
1499169
1504981
1505982
1507744
1508553
1509628
1509978
1510579
1519947
1520490
1521534
1522251
1559062
1561134
1561636
1562517
1563326
1564470
1565193
1576096
1603320
1612013
1613797
1614375
1615384
1616135
1617261
1617880
1618901
1619788
1620149
1620532
1620877
1623237
1624795
1638675
1639385
1640300
1642209
1642901
1644645
1645089
1645778
1646483
1647477
1648864
1663510
1664239
1665939
1670285
1670824
1671399
1672079
1673349
1674237
1681956
1703373
1727856
1731995
1733911
1734721
1735248
1736676
1738209
1738756
1739542
1741138
1741956
1758186
1770286
1772270
1773017
1773634
1774369
1774503
1776834
1778591
1779345
1836154
1843357
1843934
1844133
1844548
1845056
1846413
1846712
1847081
1849675
1850387
1850734
1850879
1851429
1851957
1852426
1852984
1855029
1856299
1856750
1858620
1858891
1859478
1868787
1869607
1870737
1871326
1871700
1872393
1874191
1877275
1878018
1878834
1878881
1880762
1881279
1881397
1881720
1884462
1885627
1887299
1893486
1893885
1895136
1895535
1895798
1895863
1896209
1897875
1899186
1899639
1901093
1901927
1903609
1983142
1983189
1992339
2000850
2001415
2001927
2002375
2003684
2005700
2008145
2008696
2009525
2010459
2010960
2011463
2011813
2012133
2012496
2012899
2013099
2015426
2017787
2021317
2021812
2022741
2023603
2024060
2024309
2031264
2033244
2034075
2034809
2046863
2051110
2051601
2053304
2054826
2054887
2055791
2061441
2062102
2075603
2090312
2094984
2098500
2099137
2105261
2106543
2107074
2108072
2108509
2108986
2109742
2110694
2111151
2111722
2112055
2112626
2112778
2117201
2119628
2119969
2123108
2123548
2124383
2124955
2125369
2125812
2127074
2129162
2135092
2135838
2136516
2136553
2138690
2140014
2141904
2142404
2143280
2145487
2146005
2146536
2147391
2156818
2157436
2158095
2158129
2158867
2160749
2172648
2173380
2176188
2177348
2179684
2188534
2191520
2191774
2194536
2196770
2198633
2229998
2250320
2251227
2251295
2253031
2253597
2255137
2259723
2261126
2265362
2266773
2267435
2268942
2270191
2270839
2274993
2276467
2289525
2290470
2292326
2301210
2302416
2326379
2327295
2328604
2330373
2331187
2337129
2339165
2348136
2350783
2351765
2353000
2353597
2367251
2396454
2403550
2404202
2405263
2405987
2406654
2407452
2408001
2430794
2432825
2433908
2435568
2436754
2437418
2443779
2444366
2444892
2445644
2446232
2447057
2447651
2451886
2452545
2454525
2458295
2461628
2462490
2463980
2465160
2466718
2470544
2472654
2474044
2475312
2476742
2477677
2478273
2478767
2479426
2485694
2487826
2488296
2488875
2489630
2491016
2492368
2494255
2495952
2496913
2498485
2499538
2500580
2501122
2502080
2502644
2503414
2504486
2505649
2506467
2506974
2509160
2510801
2512726
2514234
2514451
2537944
2539970
2540930
2551310
2553176
2554381
2556304
2556789
2557299
2558519
2559888
2561044
2561964
2562941
2587891
2623256
2623531
2623828
2625263
2626059
2626889
2627525
2628234
2628486
2628850
2629534
2630067
2631550
2633976
2634457
2635049
2635501
2638827
2658134
2660779
2662016
2671046
2673313
2673346
2673866
2674468
2674991
2675476
2679103
2700067
2700130
2700572
2701711
2703286
2729011
2730172
2730971
2732232
2734745
2736877
2739615
2739848
2741020
2744698
2746534
2747187
2748162
2753038
2754924
2755652
2757919
2757980
2778770
2779789
2780518
2782497
2783498
2784396
2785082
2788963
2790438
2796115
2825200
2825896
2825992
2826734
2827031
2828709
2830683
2830871
2831836
2833577
2834345
2834384
2836425
2837096
2838723
2842829
2851055
2852129
2853417
2854792
2862056
2866975
2867603
2868163
2868710
2869280
2881175
2883562
2884090
2884600
2885175
2885648
2886241
2887067
2892049
2893129
2897450
2923822
2925012
2928659
2929469
2931086
2938257
2939904
2940342
2942386
2947728
2954131
2955691
2973271
2975441
2976867
2978006
2978551
2978997
2979983
2980450
2981703
2982402
2982775
2984017
2985433
2986154
2986948
2990699
2991271
2994134
2997078
3008862
3013880
3015168
3015862
3018958
3019559
3019600
3020820
3021251
3023356
3024414
3026485
3046005
3046038
3048443
3048597
3049758
3070635
3071472
3071917
3072389
3072977
3073360
3074056
3074802
3075502
3075561
3077029
3077579
3080010
3080561
3080948
3081449
3084077
3085240
3086355
3086831
3087309
3087772
3088233
3093250
3094354
3095979
3120970
3122461
3124391
3126122
3128959
3129661
3151416
3154795
3157215
3174445
3185413
3186357
3235989
3240874
3250021
3252198
3254665
3263122
3272779
3274557
3276482
3277314
3277843
3287375
3290208
3291044
3294058
3294663
3295344
3297355
3297950
3298554
3299103
3299885
3301028
3301101
3307561
3309609
3310396
3311071
3312645
3315018
3315105
3337435
3341658
3344191
3346537
3348304
3348851
3353482
3355088
3356076
3356539
3357134
3358081
3359155
3359960
3360900
3361915
3363071
3363596
3364248
3364901
3366470
3367118
3368351
3369038
3374236
3375101
3376336
3382580
3414699
3415200
3448253
3453275
3461409
3463202
3463798
3463857
3464479
3464612
3465993
3481502
3488754
3489723
3496330
3499018
3501571
3505123
3505794
3506007
3509346
3510022
3513720
3514542
3515050
3515572
3516191
3520008
3524518
3525537
3535256
3536411
3537731
3544119
3546212
3550143
3551419
3558855
3559547
3560566
3562481
3564863
3565645
3566118
3566670
3567572
3569709
3572112
3574715
3574812
3575969
3579600
3600672
3615538
3616937
3618981
3619979
3633778
3659094
3660011
3686450
3687083
3687578
3688589
3690304
3691241
3692029
3723715
3725660
3727578
3727687
3728052
3728994
3729850
3733759
3734878
3735394
3736104
3737760
3784483
3802775
3805060
3805290
3809218
3809923
3810607
3811351
3811926
3812663
3818637
3818801
3834754
3867667
3868653
3869399
3870430
3871547
3872776
3874660
3876576
3880830
3882991
3900070
3901381
3902414
3911937
3913896
3916538
3917244
3920307
3923343
3924215
3931435
3934495
3936610
3949584
3950602
3951292
3951766
3952508
3952642
3954150
3954262
3956834
3957384
3958394
3958860
3959362
3959707
3960186
3960704
3961354
3962526
3963397
3983618
3986672
3987399
3990255
4016482
4018492
4050146
4050603
4051343
4052766
4080332
4081208
4109500
4114737
4115091
4116311
4117706
4118376
4120170
4125107
4127243
4129569
4134645
4138616
4140754
4155398
4162274
4164358
4167383
4182432
4183441
4187236
4187615
4187961
4188619
4188958
4189269
4190807
4208150
4211316
4212251
4218523
4219226
4221206
4222239
4222781
4223824
4224217
4228098
4229165
4229656
4230901
4232213
4233319
4237467
4238118
4239199
4239706
4240770
4241660
4243309
4244741
4246564
4247883
4249806
4255473
4257993
4260314
4260804
4261482
4262835
4264974
4265062
4268961
4270008
4270718
4271024
4272100
4273315
4275502
4276084
4279263
4282532
4283045
4283680
4284463
4285241
4285885
4287919
4290419
4333097
4333852
4349070
4350482
4351622
4352465
4353975
4355447
4357979
4360272
4363372
4366884
4368483
4369069
4370147
4370724
4371991
4372679
4373196
4373280
4380393
4382563
4384820
4385286
4385647
4386090
4386605
4388951
4390017
4397059
4397987
4398608
4416105
4416853
4416910
4417418
4418887
4419085
4419420
4420749
4421421
4422096
4422660
4422978
4423446
4424648
4439576
4475219
4476147
4476837
4477434
4477859
4478235
4478932
4479435
4480444
4481074
