8619.781
10418.69
16649.16
21344.38
29112.36
34525.84
35489.76
37036.7
38402.56
40666.57
40937.38
41595.87
42597.48
43037.9
47431.49
49664.09
57578.86
61766.07
63902.72
65412.63
66869.64
67169.91
67510.97
69204.6
75606.06
77065.38
78236.94
79360.17
79475.86
80461.41
80913.25
86310.36
87347.24
90305.81
90627.5
91549.72
95326.45
101131.5
101633.6
103938.3
104967.1
110572.9
112397.6
114078.8
115840.6
116153.5
117073
119193.2
128083
142992.7
148349
148504.6
150850
150904.1
155959.4
157096.7
167041.6
182236.9
188206
189029.2
192050.1
193018.4
193536.5
194484.1
196327.1
197427.2
198867.5
207585.8
207982.3
208648.2
209237.1
210057.2
211008.8
211479.8
213335
214227
218898
222311.4
223504.9
224240.3
227439.2
230203.2
232610.9
236621.6
239381.7
254783.6
255368.5
257153.4
258188.6
258432.5
258733.3
264131.5
265276.6
268196.8
270469.5
274999.5
276546.6
277997.3
282202.7
283631.7
287602.2
287887.4
292941.2
300780.1
302863.9
304355.7
323398.6
324871.2
324925.8
326472.1
327917.1
329003.3
329151.5
329582.9
329943.3
333354.9
333449.3
346073.9
365136.7
366660
368346.5
372795.1
379006.5
380565.3
381512.8
385841.8
385932.1
395924.1
400833.5
401755.1
405190.9
407478.8
421767.4
424933.4
450395.2
450803.1
451210.9
451592.4
454254.3
456701.2
458079.5
459035.6
459411.8
459982.3
463088.6
464224.3
466179
466562.8
467450.9
468514.4
470875.6
471385.7
476462.9
477650.4
480259
482586.9
485170.8
485725.4
486363.2
487380.7
489266.4
496124.4
511160.2
517413.5
517872.9
518320
519649.5
523911.9
527854.4
528363.9
537979.5
541377.2
543539.5
544112.4
544230.9
544453.3
545382.7
547015.7
548333.8
548998
549573.3
567835.8
571531.5
574211.4
578406.7
580188.5
581007.2
581486.1
584006.4
584236.3
586381.4
588040.7
588100.3
588534.8
588677.6
591270.5
591893.5
592100.5
592406.2
594133.3
594165.8
594687.5
594912.6
595384.3
595667
596321.5
596462.6
597211.1
598260.4
598914.5
599215.5
599305.9
600192.6
600938.3
602507.6
603250.2
604365.2
605898.8
606202.2
607524.2
607560.4
608033.4
611201.3
615991.6
616908.3
617455.3
619395.6
628089.4
628950
632355
633570.4
633746.5
634429
634490.3
635103.8
635866.5
645066.7
646791.1
648899.5
649408.8
649847.5
651573.9
652168.6
653583.4
654258.9
656170.1
667399.9
667981.3
673559
684862.8
688141.5
689758.2
691381
707334.6
712676.6
715860
723088.4
723540.9
726655.7
726998
735694.4
740297.7
743380.5
744588.3
751413
753359.4
754045.6
755435
757876.3
760458.5
761192.3
762142.3
763820.5
767359.4
770170.7
774111.8
779652.9
785419.9
786686.7
792050
805393.8
807372
807424.9
813462.2
814965.7
815727.2
821992
824302.6
826157.1
828303.7
828902.4
828956.7
836142.8
838328.6
839562.7
840544.3
847841.6
850076.5
850422.5
851027.9
854938.6
856082.6
856877.5
857573.8
859033.9
860005.5
865949.1
867949
868704.4
869113.8
869561.2
871221.4
871527.7
872246.5
872852.3
873697
874044.9
875204.8
875267.2
875935.9
876155.8
876346.7
877970.1
878013.5
905451
912091.3
912653.1
913581.1
915436.8
920414.4
921749.8
925068
926383.7
932639.2
935908.2
937255.1
937953.3
938627.2
939350.5
944175.4
951547.7
952233.6
953009.8
953420.2
953624
954448.8
957426.5
957474.5
966792.8
967601.1
971499.3
971955.3
972037.6
972360
972897
973406.5
978545.1
983248.6
991356.5
992464.2
993237.9
993302.2
994880.8
1001078
1003155
1004698
1005064
1005289
1005654
1006139
1006653
1006928
1007973
1011202
1011770
1012935
1017487
1018971
1028869
1032862
1035062
1039410
1047199
1048602
1048796
1052410
1058475
1061550
1063834
1074254
1074495
1075229
1076463
1077391
1077665
1078509
1079161
1079733
1080758
1081442
1083550
1084155
1085389
1088440
1089869
1090592
1091174
1092618
1093322
1093391
1093496
1095577
1115739
1121866
1135023
1137011
1137233
1141943
1144156
1145494
1146855
1151671
1164742
1176346
1177741
1189751
1193570
1194116
1197369
1208458
1208906
1218416
1218442
1219664
1220115
1221016
1226627
1230221
1231518
1233396
1236493
1240831
1245274
1245705
1250649
1253631
1254170
1270895
1280716
1283995
1285132
1285914
1286215
1286521
1287422
1287997
1289250
1291161
1291585
1293018
1303102
1305915
1306419
1307277
1308049
1308456
1309351
1310229
1310856
1310920
1311325
1312000
1312741
1313102
1313162
1313630
1314713
1316065
1318761
1322557
1323832
1325212
1352191
1353266
1354601
1356030
1357028
1360176
1361156
1362323
1363624
1370437
1371529
1372235
1375471
1386212
1386736
1387434
1392609
1392660
1414492
1417449
1418999
1420956
1431194
1434755
1437543
1438049
1438828
1441501
1441703
1442662
1443596
1444824
1445622
1446861
1447159
1447210
1447565
1450169
1451774
1457812
1469939
1470961
1471409
1477077
1491521
1492091
1494141
1494888
1497231
1497663
1498034
1500063
1503698
1504995
1506907
1507353
1517116
1518776
1537213
1540936
1550415
1550894
1551401
1554024
1560813
1561368
1564051
1564691
1566298
1584584
1585584
1585936
1587398
1593836
1596132
1597994
1604981
1606685
1606907
1610765
1613971
1614870
1615645
1625105
1626392
1629524
1634066
1641435
1643710
1650694
1651225
1653286
1653948
1655066
1660801
1661911
1662674
1663455
1664075
1670636
1671167
1672306
1673131
1673271
1674678
1675830
1676748
1678837
1682362
1682729
1685941
1688893
1692463
1695823
1708057
1711493
1726340
1727801
1729019
1737940
1739427
1740756
1743561
1744582
1746652
1746719
1747766
1747832
1750918
1751266
1752870
1753746
1756239
1757377
1758917
1759018
1760134
1762056
1763734
1765478
1780148
1807155
1808215
1808233
1808682
1810130
1810890
1814316
1815645
1816311
1822750
1824230
1825063
1827309
1827931
1828073
1828385
1828479
1830658
1830977
1831257
1831306
1832741
1833788
1834154
1834878
1835489
1837276
1842948
1843608
1845436
1845623
1846087
1849049
1850337
1852992
1862328
1865073
1865246
1871340
1871507
1872193
1872586
1872749
1873810
1878228
1882083
1888571
1894809
1895365
1901219
1902192
1903362
1904269
1904387
1906741
1907328
1912698
1918395
1919363
1922420
1924212
1925380
1926953
1931327
1938777
1940137
1941054
1943324
1944086
1944965
1945615
1946168
1947278
1947438
1947880
1948389
1949162
1949913
1950185
1950900
1951267
1952696
1954645
1955342
1955751
1957591
1958260
1966799
1968696
1984572
1989403
1992496
1994232
1995118
1996090
1997006
2004113
2007608
2008251
2009018
2010456
2011147
2012003
2013189
2014402
2015551
2017512
2019782
2024488
2026735
2027015
2027216
2028861
2032934
2036111
2042776
2049948
2053225
2063096
2065941
2069344
2071515
2075981
2078499
2080294
2080807
2082534
2083560
2084161
2087031
2087639
2094025
2095096
2103246
2104545
2105068
2105830
2106629
2107500
2108223
2109747
2112250
2115784
2127448
2134246
2135548
2138839
2140407
2146423
2155197
2160129
2181229
2191253
2198451
2198800
2199478
2200151
2200331
2209257
2212399
2214864
2215322
2216041
2219527
2221801
2222365
2223303
2223996
2225462
2229652
2250457
2252897
2255395
2255937
2256844
2257256
2257995
2258236
2258753
2258907
2259275
2260977
2261075
2262231
2263915
2265699
2269573
2276057
2285884
2287603
2301278
2301896
2302384
2302882
2303237
2303972
2305455
2314025
2315189
2316070
2317534
2318141
2321231
2323296
2324767
2325132
2325635
2326242
2326871
2327248
2328386
2332658
2333209
2334188
2334290
2335535
2337408
2338146
2342064
2344376
2345232
2346518
2347631
2348984
2353950
2356768
2361293
2376536
2383824
2385587
2385809
2388267
2400987
2401556
2402284
2402617
2403178
2404057
2404910
2405464
2405783
2407687
2407932
2409966
2420341
2421546
2422214
2425401
2426935
2433737
2438036
2441621
2442602
2447316
2451042
2452982
2454301
2454652
2455599
2456773
2458708
2458903
2458951
2459219
2459403
2461530
2462695
2463330
2464078
2464386
2465174
2465562
2466230
2467873
2468708
2472019
2472837
2473399
2476080
2482214
2483412
2484092
2484481
2485594
2491636
2493149
2493499
2494433
2497985
2500685
2507085
2509459
2509739
2511815
2513689
2517577
2518302
2521606
2524837
2530291
2531040
2531932
2540509
2541526
2541939
2542662
2543553
2544072
2557334
2570977
2573215
2574711
2577437
2578956
2582746
2583408
2585132
2586674
2587121
2594808
2596837
2597288
2602714
2604447
2625537
2626415
2627731
2630246
2631122
2635406
2636248
2639875
2642661
2642846
2644558
2650590
2650834
2652029
2652933
2652975
2655444
2656107
2656707
2659256
2660282
2660661
2661332
2661444
2662904
2662996
2663506
2664442
2664988
2665488
2666099
2667735
2669597
2672444
2674904
2677578
2678412
2678682
2706010
2713383
2715352
2717944
2718777
2719340
2719918
2720263
2731480
2736880
2742477
2746890
2753390
2757794
2761902
2762703
2763517
2764003
2764391
2764736
2765073
2767015
2769688
2773522
2776327
2777020
2778360
2780921
2794917
2795593
2798412
2809296
2810378
2813509
2814526
2833286
2833576
2835368
2839826
2840791
2841498
2842610
2843368
2844844
2845340
2848356
2854008
2854524
2859040
2864917
2865529
2869552
2870240
2871528
2871651
2872537
2874770
2876241
2878237
2880268
2881977
2886192
2886940
2891675
2894674
2895634
2896375
2897527
2901987
2903680
2904020
2904876
2905262
2906741
2907421
2907786
2908629
2909407
2911327
2912000
2912779
2913116
2914428
2915329
2916320
2926287
2930483
2932497
2934624
2935124
2935805
2936828
2941406
2941786
2942064
2942145
2943499
2944198
2944552
2947699
2948675
2949081
2949530
2950003
2951008
2952617
2955864
2970396
2974319
2975309
2976138
2976730
2980005
2982004
2982382
2984484
2984571
2994713
2996148
2998866
3005288
3006024
3012589
3014207
3014384
3028687
3029072
3030368
3031484
3033487
3034135
3036317
3036741
3037205
3037894
3038905
3042370
3042459
3043406
3053415
3053874
3056542
3057549
3060139
3082026
3086156
3096022
3096646
3097431
3105389
3105950
3106666
3107279
3107885
3108334
3108555
3108832
3109609
3109916
3110671
3112881
3115233
3118338
3121638
3124119
3130425
3150881
3151423
3159112
3160844
3164109
3176972
3182326
3191249
3191738
3197023
3206859
3217376
3221820
3225815
3226335
3226671
3229936
3232300
3234561
3248455
3252623
3253791
3255169
3255304
3255519
3259276
3261785
3266879
3278463
3278525
3279538
3282577
3284372
3285284
3285818
3287533
3288625
3290851
3291836
3292297
3294064
3296234
3298166
3300854
3301529
3308345
3311847
3335852
3337357
3340129
3341280
3341704
3344150
3350514
3351181
3360917
3362482
3365229
3366026
3369475
3369902
3370368
3371475
3374168
3374968
3378064
3378466
3379179
3380997
3381380
3381857
3397602
3405355
3407221
3411859
3412978
3413182
3423805
3424856
3426611
3429221
3429877
3431058
3431546
3433463
3434104
3435639
3436080
3438441
3438977
3446351
3457559
3458649
3459535
3459693
3461358
3462206
3463016
3463688
3464916
3464971
3465253
3465766
3466657
3469494
3470914
3474286
3476036
3483209
3485262
3487312
3489896
3490110
3490975
3491646
3492268
3492740
3496449
3497717
3498667
3499793
3501236
3503114
3503313
3504386
3504716
3506166
3506430
3506770
3507013
3507104
3511088
3513495
3515864
3516630
3517761
3523044
3524187
3525567
3542598
3543343
3545241
3546524
3548091
3549283
3551128
3551668
3555210
3555979
3557074
3557590
3557840
3558216
3562510
3570528
3571521
3607970
3609264
3609988
3621993
3622732
3622790
3623569
3623915
3624320
3624501
3624885
3625433
3625894
3635139
3635830
3636642
3638561
3640822
3649557
3654737
3656002
3659276
3664984
3678253
3678439
3692701
3693269
3693454
3694242
3694478
3694838
3696376
3696896
3697613
3699339
3703178
3706657
3710205
3712600
3714405
3714977
3715994
3716440
3717425
3718053
3718312
3726585
3730455
3735923
3744896
3745525
3747931
3748843
3749392
3750074
3751846
3751938
3756626
3765724
3766727
3770343
3771318
3775512
3778907
3779573
3788094
3788651
3788857
3792567
3794025
3794192
3794613
3796784
3796931
3797364
3798977
3808617
3809575
3812050
3812935
3813293
3817222
3817755
3819738
3820386
3822654
3823536
3826367
3826557
3829117
3830804
3834193
3834840
3846963
3847256
3848898
3849616
3852335
3853416
3855547
3856505
3864932
3866339
3876594
3879756
3880924
3884865
3886463
3886509
3889065
3889250
3890094
3890374
3890497
3893320
3894086
3895472
3898957
3899164
3899581
3900401
3902798
3903228
3903675
3904062
3919547
3921120
3923027
3925144
3927481
3927986
3928618
3938632
3942066
3943087
3945256
3955077
3956600
3960862
3963560
3975419
3980378
3985166
3986724
3987256
3989637
3995790
3999521
4001518
4007895
4013730
4016429
4017067
4054429
4063134
4068409
4077366
4079052
4079386
4079507
4080502
4081289
4081357
4082366
4082772
4085752
4086285
4086739
4087641
4088404
4088565
4093980
4095818
4098642
4101469
4111251
4120419
4120710
4121266
4122409
4123366
4123658
4124295
4125428
4125681
4125869
4126050
4126548
4128344
4128993
4132380
4133834
4133900
4134303
4135093
4138171
4141539
4142085
4142874
4145648
4152204
4160253
4164098
4170192
4170794
4171190
4172609
4175184
4177435
4178207
4178740
4179472
4180557
4180560
4182871
4184313
4184969
4186427
4186785
4186878
4190343
4204301
4211061
4221359
4221812
4222899
4223410
4232317
4232799
4246514
4252228
4253940
4254188
4257120
4257873
4258580
4274124
4274574
4277301
4279444
4281878
4282219
4282624
4283290
4283854
4284043
4285864
4288042
4288477
4291171
4291587
4306066
4309798
4314624
4327500
4327802
4327924
4328776
4332557
4333521
4334374
4338217
4346448
4350537
4354177
4357126
4361089
4361212
4363402
4366775
4368036
4372145
4372356
4381060
4381729
4382648
4383363
4383819
4388007
4390875
4391261
4391758
4392567
4393014
4393377
4401310
4406311
4407103
4409610
4412908
4413204
4413395
4415288
4422874
4423267
4423325
4423974
4428686
4433641
4443564
4444935
4449636
4451713
4454150
4457807
4459644
4460372
4461340
4461473
4463227
4466514
4467363
4467455
4468365
4468578
4474962
4476856
4480361
