1602.269
16063.21
18115.84
18950.97
20058.22
21564.06
22453.17
23362.36
23699.82
24899.76
25455.6
26147.98
27288.97
29650.14
43268.44
45580.74
45902.1
46487.17
47899.17
54126.23
59562.19
61240.75
61409.22
61725.75
62430.69
63232.11
63807.35
64229
65919.53
66358.27
66784.22
68854.61
69407.96
75761.58
85505.87
87304.6
92717.17
96115.68
96702.76
100322.5
107726.8
110608.6
112497.5
114154.6
115555.4
122257.8
122314.9
122764.1
123779.6
136434.5
137684.9
139611.3
148397.6
150238.1
152091.5
152134.3
153572.6
156144.9
158007.2
158960.7
159516.4
172424.5
173450.2
173536
173695.9
174077.8
175013.2
176740.5
177444.5
178315.5
179323.7
196538.4
197412.6
198114.6
198537.1
198993.2
201039.8
215302.9
216944.3
227800.9
229107.7
231984.4
234894
236334.2
236776.7
237253.6
238385.1
239356.5
245607.7
245652.1
246420.3
248222.3
256324.5
263492.3
264928.5
273128.2
275672.7
276480.3
276570.6
279009.2
284330.2
287217.4
290814.3
295882.2
297498.3
297689.7
303533.2
316628.3
320923.2
320978.7
322608.6
323915.6
324514.3
326081.3
333728.2
336516.8
337521.7
339559.7
340637
343337.7
345534.6
346543.8
347497.1
348271.8
351204.1
353810.1
359803.5
360421.4
364826.1
371523.4
374532.8
378342.2
379754.9
379961.1
388976.9
392003
396075
396735.3
397407.6
398161.4
399006
400182.6
404201.1
407169.1
407721.2
408255.5
411300.6
411453.5
414426.5
417841.3
418035.2
419568.3
424726.1
454859.3
455180.4
456383.2
457301
462647.7
463351.1
464093.7
465955.2
477257.8
478778.5
484341.7
487231.8
490748.9
491243.4
492108.3
492450.1
493455.8
494217
495426.6
497769.6
499718.6
500509.1
501866
503127.5
503869.4
503936.8
506125.3
510338.3
512916.4
516522.7
522199.8
522734.7
524916.8
525696.7
529689.8
530553.7
532722.6
534276.2
537520.3
541142.2
550715.1
551466.6
551990.2
553364.8
558581.2
560148.6
561772.4
562814.5
563081.4
565102.6
572309.2
576220
576975.9
577561.4
578237.1
579639.4
582183.9
582672
583081.2
583900.9
584084.3
588603.6
589102.5
589115.5
589706.6
590458
590867.9
592035.1
593885.5
594373.7
595993.2
596334.1
597010.5
597328.5
597356.2
598240.2
598673.4
599615.7
615874.4
617586.4
623567.1
624609.7
626412.5
627724.4
628553.3
629304.5
647494.1
647629.6
647973.9
648070.7
650511.6
654464.8
656065.5
662017.3
662188.6
664662
666015
666787.8
674446.5
680974.6
687424
688084.6
688929.2
689329.6
689479.6
690400.8
690715.3
691431
691775.5
692191.1
692640.3
693067.6
693380.8
693519.7
694143.3
694501.4
695156.5
705827.5
706029.4
713594.8
716676.7
717414.3
721290.2
727192.2
727336.6
728749.7
730591.3
732984.1
745058
758510.3
760626.2
764823.7
766278.8
770104.7
770850.1
770938.3
772234.7
778883.2
783911
786637.6
787244.5
789932.1
791268.1
792056.1
794432
822860.1
829823.3
833510.3
837653
838720.6
841066.6
842133.1
842289.7
843467.7
845877.3
848335.4
849321
849967
850408.6
850985.1
851728.8
858761.6
860400.7
861933.7
865256.7
870004.6
871501.8
873426.2
876489.7
877178.9
877747.1
879195.2
879569.2
880404.4
901537.5
901996.7
911492.4
912211.1
912435.1
913486
914879.9
915363.9
919930.2
921919.4
928997.6
933058.2
942487.9
945268.2
946937.1
951108.6
953510
957810.6
958209
958592.6
958820.1
960062.6
964178.2
965841.7
972135.5
980637.2
985486.5
986173.5
986636.2
986926.5
987082.8
987689.1
992642.5
994028.9
996372.4
1006913
1007473
1008159
1016006
1017127
1024302
1028448
1036049
1041445
1042106
1045345
1046764
1047496
1048143
1049001
1049774
1049886
1053094
1053382
1053503
1054857
1055135
1055430
1064167
1069759
1070519
1070912
1071988
1073730
1074581
1077696
1078150
1078731
1093722
1099482
1100798
1101702
1110150
1119240
1124681
1125277
1130290
1137586
1156150
1166601
1167018
1170977
1180319
1181126
1181503
1181976
1183869
1185545
1187834
1188474
1199841
1223594
1228874
1230242
1231659
1235770
1241607
1250642
1253876
1256101
1258217
1258911
1261100
1264207
1264732
1264990
1266323
1267374
1282026
1282773
1284636
1296810
1297720
1299875
1300449
1301121
1307685
1311663
1314294
1317665
1319497
1320034
1323651
1328650
1352671
1356589
1357291
1357945
1358898
1359280
1360097
1360653
1361271
1362441
1367224
1371054
1371782
1375903
1380360
1383433
1384042
1385213
1387697
1388053
1390870
1403477
1404700
1408994
1411607
1416129
1424488
1426388
1427084
1428684
1430827
1431193
1432253
1432751
1434906
1435757
1436709
1436863
1437748
1438791
1439543
1448100
1450375
1452024
1458791
1459432
1503494
1504121
1505484
1507251
1518614
1527088
1540124
1543250
1547752
1548097
1548238
1548780
1549624
1550926
1551860
1553472
1554400
1557467
1564597
1569279
1579474
1584342
1594666
1599778
1605832
1607145
1607757
1608151
1609474
1610627
1619560
1620060
1620966
1630927
1633793
1637307
1638664
1639860
1656783
1658509
1661199
1661969
1663416
1663465
1664352
1668011
1674642
1675403
1683271
1685450
1686398
1689265
1689788
1691134
1691200
1694563
1697749
1705933
1707227
1711883
1720373
1727006
1729342
1732950
1734711
1738838
1740956
1744435
1753720
1754539
1754543
1755049
1755326
1758376
1759250
1759892
1761082
1761270
1761666
1762133
1762279
1762789
1764163
1766257
1766849
1769272
1770025
1772132
1772452
1774335
1775237
1776175
1777687
1800474
1803283
1808406
1820436
1823898
1825113
1828460
1833857
1843702
1852374
1865176
1865731
1873371
1875601
1876588
1877001
1879377
1886355
1891989
1897852
1901186
1905813
1909440
1910161
1914289
1914905
1920328
1922473
1925506
1930456
1937866
1949346
1954326
1958405
1958680
1958985
1959278
1959602
1959915
1960227
1960830
1962221
1962443
1963435
1966517
1970765
1971105
1979370
1981602
1983256
1988622
1990643
1997929
2002430
2003757
2006060
2007236
2008466
2010025
2010376
2011084
2011134
2011565
2014471
2014519
2017026
2018913
2020950
2022052
2038218
2038244
2038249
2041118
2041279
2042101
2046828
2048310
2048812
2049108
2052425
2069837
2086933
2088503
2095952
2096160
2096582
2096667
2099260
2103165
2104008
2108670
2116768
2149120
2149926
2155831
2156342
2158799
2158971
2159877
2163128
2168131
2169163
2178116
2190861
2194882
2195850
2196349
2197116
2201305
2202551
2203231
2203907
2207227
2207378
2207503
2211417
2212772
2214427
2218838
2250053
2250830
2260416
2262111
2263365
2264137
2268787
2270068
2271449
2278567
2278790
2279772
2280793
2281085
2281823
2294073
2294986
2295581
2300045
2301625
2302938
2304949
2306090
2306492
2308508
2319498
2320712
2321825
2322191
2325629
2336989
2341031
2349698
2350477
2360334
2363245
2364753
2366218
2372489
2378340
2378921
2379412
2380486
2381088
2383896
2386730
2390153
2394623
2399894
2407488
2409071
2415809
2416767
2417128
2421997
2428019
2429943
2435198
2439945
2460955
2462429
2465344
2467160
2468219
2468939
2469429
2472494
2474638
2475312
2477633
2482641
2490429
2490452
2492566
2501814
2504989
2505220
2506080
2506538
2509099
2510671
2510912
2517396
2518538
2539948
2540056
2542303
2547605
2547686
2555533
2555536
2559150
2561445
2568844
2571769
2577274
2583868
2587696
2589693
2590095
2608285
2616161
2618034
2618711
2619355
2620384
2621122
2624210
2626846
2631782
2632543
2634287
2634371
2635566
2636761
2637890
2638423
2639493
2642495
2642535
2643340
2643899
2650211
2652692
2661813
2665585
2675052
2700068
2703306
2704224
2710577
2711070
2711323
2715212
2716570
2719549
2721429
2723600
2723832
2724915
2726192
2733756
2734257
2734694
2735746
2736025
2736037
2736668
2737364
2737776
2738603
2748291
2753842
2754405
2754932
2756074
2757073
2760195
2766172
2775576
2786558
2786919
2788097
2788188
2788895
2790996
2791444
2802256
2808222
2816219
2817975
2819699
2819946
2820796
2822415
2828728
2835314
2835751
2847160
2849779
2855514
2855982
2856584
2857280
2857800
2858001
2858929
2859011
2859810
2859890
2860236
2865412
2867149
2868393
2868956
2870770
2871688
2889168
2890843
2900262
2908021
2910657
2913595
2913870
2915125
2916448
2921478
2922547
2922694
2925328
2925463
2925858
2926318
2926888
2927076
2927435
2927648
2928909
2944759
2945864
2948530
2953997
2955900
2956258
2957450
2958291
2959144
2961649
2963103
2968444
2970481
2971898
2974268
2976893
2979931
2980958
2981317
2982298
2984572
2985487
2986458
2987491
2987969
2990298
2991641
2992348
2992582
3007991
3009590
3012841
3013304
3013922
3015069
3015120
3015519
3016220
3016741
3019735
3023843
3024957
3025784
3026797
3029610
3030596
3031308
3031325
3032134
3032790
3032946
3034365
3035794
3038852
3045919
3056547
3061200
3064330
3065027
3068644
3070835
3071487
3072998
3075465
3076284
3077146
3083085
3085084
3086065
3091451
3097569
3124209
3127714
3129889
3151070
3151183
3151358
3151704
3152014
3153371
3155884
3159709
3160060
3164195
3167576
3176771
3181721
3182576
3182968
3183354
3184102
3200145
3204348
3205481
3213471
3214795
3215252
3215843
3221644
3225055
3225368
3227147
3235980
3236200
3237620
3240798
3248781
3252397
3261216
3264375
3265005
3270989
3272002
3274668
3277578
3283159
3289304
3297026
3309591
3312393
3312548
3314134
3314464
3314810
3315739
3316097
3316476
3318813
3320099
3320590
3322059
3328849
3331847
3333570
3338530
3342254
3344555
3353418
3353882
3354543
3354959
3355979
3362892
3363284
3369025
3374398
3379709
3380341
3381632
3391673
3396937
3398061
3405131
3406296
3406757
3408436
3418438
3419007
3419494
3421614
3422816
3425161
3433732
3435453
3436021
3436508
3439001
3463171
3464646
3465330
3471565
3472104
3472548
3473919
3484737
3485878
3486250
3486734
3487292
3487803
3488475
3489305
3489434
3489678
3490071
3490799
3491594
3501828
3504106
3513007
3515038
3516295
3516801
3517088
3528246
3541541
3542595
3545222
3546290
3547648
3548281
3549210
3550060
3551518
3553474
3558178
3559012
3563540
3567346
3568058
3568727
3570694
3572861
3573758
3575359
3579410
3603681
3607356
3610990
3614593
3618665
3621178
3621947
3627392
3633321
3636419
3646649
3648813
3653836
3660970
3661506
3668077
3675396
3675758
3697102
3707963
3708504
3708724
3708725
3709284
3716231
3717533
3723352
3726972
3727598
3733334
3738395
3740546
3741394
3747989
3750162
3750793
3757619
3758399
3764346
3764430
3766655
3767228
3767983
3769207
3770722
3771921
3772743
3777484
3778320
3778590
3778893
3779885
3781520
3782425
3783788
3784835
3789027
3793314
3795918
3801510
3801669
3802698
3811241
3812293
3814618
3814768
3815371
3818335
3822050
3824270
3825268
3826972
3829824
3831855
3835582
3849906
3857906
3858450
3862198
3864792
3870006
3870101
3873804
3874264
3875505
3876015
3877139
3880975
3894267
3898676
3899711
3908356
3910298
3911513
3915278
3922540
3924060
3938675
3940496
3944111
3952802
3956717
3957821
3970480
3971910
3976096
3997777
4010849
4010893
4012438
4025354
4025610
4053455
4069293
4071452
4072420
4094564
4100320
4102817
4104352
4106441
4134288
4135333
4137517
4139242
4139766
4140515
4141484
4143540
4149911
4155492
4158002
4159972
4160716
4163190
4163957
4164345
4164445
4165009
4166235
4167127
4168215
4169695
4174786
4181489
4188606
4189176
4192973
4194280
4195707
4196916
4206561
4210336
4217467
4217815
4218878
4219397
4220130
4220555
4220963
4221395
4221842
4222857
4227179
4231154
4234253
4235521
4236019
4236979
4237458
4238065
4243987
4259177
4259521
4260038
4261600
4261720
4262312
4263412
4263879
4264314
4265428
4266340
4273392
4274669
4276174
4291541
4292685
4297520
4303114
4304446
4306164
4307170
4309812
4310422
4312957
4321743
4322516
4331956
4343253
4346924
4348814
4349582
4352897
4358536
4360677
4361800
4362055
4369591
4376560
4376706
4387956
4389538
4390107
4390798
4391410
4392578
4392603
4392924
4393302
4393615
4394020
4395459
4397469
4398004
4398307
4398660
4407216
4408459
4413864
4419975
4437112
4438126
4438252
4438529
4438620
4439048
4439956
4440564
4444823
4447118
4447519
4447850
4448632
4449324
4449706
4452337
4469680
4473532
