36169.17
38194.48
39162.32
39849.87
40882.02
41461.24
41979.27
42514.56
49607.31
51245.32
51811.86
52317.76
54131.2
59226.29
59962.5
60404.82
60742.94
61066.16
61544.43
62498.49
68661.38
72057.87
73348.53
74008.05
76693.53
78683.54
79954.79
80825.24
129413.4
139623.7
139888.3
140153.2
140652.1
140884.9
141416.1
142332.8
142709.8
143357.3
143815.2
148808.8
149296.3
150002.5
150312.4
150635.5
150989.2
151461.5
152490.1
177966.7
178822.4
180166.9
180894
181605.4
182521.3
183446.2
206895.3
207280.2
207572.5
208214.4
208600.8
208921.5
209242.9
209790
210344.4
211411.9
213358.1
242870.5
244724.5
273507.6
310326.5
311371.4
312387.6
345918.8
348302.7
350297.7
374035.8
378253.4
379952.7
380908.1
381642.8
383129.5
387614.6
394351.6
395296.5
395841.8
396485.4
397825.1
410171.4
459974.1
460922.1
471728
473359.8
475501.8
476203.5
477348.9
477997.7
493267.7
494031.4
495104.2
495568.9
496056.3
496428.5
496844
497638.4
498484.5
499091.5
499564.2
500535.4
503390
504729
505303.6
511317.5
513696.2
515925.2
518117.6
526637.5
527751.3
548849.5
556247
556857.6
557346.7
558399.7
560578.6
566773.6
581599.6
581934.6
582231.4
582896.2
583232.7
584118.1
587998.9
588771.1
589256.6
590078.2
590545.4
590876.9
591374.8
591711.1
592135.8
593109
593602
595095.9
655331.6
656353.7
657247
676663.6
677071.4
677607.3
678503.1
678962.7
680351.3
715059.2
716152.9
725560.6
734273.8
735789.5
738756.8
740391.9
743034
744407.2
746363.2
747426.6
749363.4
751201.6
758443.8
763616.9
764725
765654.2
793251.4
793881
794641.5
795542.9
796636.5
809473.1
810864.2
811408.1
811980.7
812630.6
813295.8
815236.6
833887.1
834326.7
835888.2
836675.9
861618.5
876155.8
877014.7
879383.5
900476.5
901137
904744.1
907297.7
911770.7
912538.5
913455.9
918631
923431.9
923893
926171
927747.1
928103.5
928486.7
928963.2
929886.6
930556.6
940382.2
949219.7
950134.9
950559.2
950941.1
952112.6
952693.7
953583.6
955138.6
957372.2
958252.5
958818.5
960779.5
971372.9
972876.5
973487.9
974192.9
975332.5
976194.5
977866.5
978268.2
979112.8
979892.4
1000262
1001356
1010900
1011356
1012050
1012574
1013568
1032960
1033610
1034358
1035622
1036300
1037101
1037649
1038159
1038716
1039792
1053919
1054654
1055423
1057136
1059831
1060595
1061530
1062995
1064165
1064535
1064986
1065636
1066673
1069119
1082617
1083848
1086818
1089774
1094644
1095314
1096243
1096593
1097107
1097561
1098264
1104573
1105780
1106852
1108329
1117908
1133904
1134511
1135431
1136124
1136794
1137898
1138714
1165661
1166799
1167443
1167987
1169369
1169851
1170699
1171211
1177664
1180378
1184422
1184979
1185762
1186737
1187618
1188202
1189454
1190414
1201655
1202444
1202997
1203791
1204183
1206726
1207181
1207919
1208587
1209911
1210490
1215576
1241296
1249903
1279244
1283036
1283897
1285084
1312316
1312982
1313790
1314414
1315167
1316210
1318197
1318881
1319456
1320203
1350804
1360291
1361471
1361986
1362720
1376630
1377476
1378128
1379016
1379404
1380179
1380573
1381196
1390353
1390865
1391476
1391975
1392775
1393307
1394294
1394874
1396150
1397142
1397916
1398468
1416650
1430818
1442835
1444728
1445460
1446699
1451769
1455038
1456224
1460929
1464705
1466092
1466785
1467380
1467977
1468676
1473544
1474491
1475162
1475969
1477489
1482123
1488075
1488614
1489220
1490674
1493615
1495755
1496523
1497639
1498585
1499344
1507218
1508867
1510043
1520155
1535803
1551512
1557036
1557350
1557743
1558512
1559241
1559777
1560792
1561531
1562407
1563493
1572563
1573395
1577346
1591809
1604445
1604905
1605421
1606530
1607703
1608375
1610902
1611518
1616378
1617132
1617610
1618113
1620473
1622253
1636996
1637874
1638554
1639136
1639664
1640182
1640663
1641096
1645040
1646778
1654348
1656537
1657745
1660129
1661557
1662875
1663665
1665538
1666327
1666862
1667601
1669126
1670389
1672429
1679086
1680584
1695938
1697611
1698328
1699182
1700261
1701476
1703314
1704886
1717974
1721573
1722285
1723053
1725262
1726176
1728210
1729039
1729515
1730667
1732145
1733028
1734391
1735073
1736420
1739187
1739653
1740050
1740428
1741394
1742249
1743042
1744025
1769725
1770914
1771371
1771917
1772771
1773484
1773882
1774878
1775680
1777833
1842312
1842657
1843029
1843418
1843862
1844266
1844652
1845045
1845745
1847052
1847634
1848329
1848925
1850123
1850934
1854759
1855411
1855937
1856631
1857293
1858780
1864526
1865597
1866423
1867265
1868213
1870776
1871453
1872090
1872747
1880648
1881695
1882399
1883047
1883479
1883923
1890720
1892158
1893128
1893920
1894302
1894683
1894966
1896907
1952729
1953322
1954197
1955320
1968682
1969615
1981169
1999201
2000099
2001046
2002009
2002603
2004582
2005217
2006840
2008215
2008787
2009359
2010019
2010366
2010728
2011155
2011498
2011951
2012399
2013774
2014167
2014588
2016841
2027763
2028605
2030856
2032121
2033845
2041601
2042012
2042334
2042774
2043296
2043749
2044232
2044727
2045410
2049313
2050320
2050903
2052247
2053271
2053652
2053991
2055048
2055424
2055853
2056156
2056628
2066293
2066929
2067352
2068308
2068989
2076572
2077629
2081042
2082360
2090413
2091528
2092122
2093661
2098410
2099223
2107138
2107478
2107823
2108371
2109291
2109933
2110367
2110854
2111322
2112298
2112968
2113412
2113961
2115270
2116771
2117664
2118987
2119554
2120092
2120660
2121163
2121542
2121971
2123830
2125082
2125941
2129190
2129868
2130440
2130919
2131372
2132491
2133037
2134066
2135714
2141651
2142025
2142480
2143053
2153071
2153615
2155673
2156559
2166363
2166845
2167338
2168241
2175264
2175940
2176306
2177087
2177560
2177962
2178433
2179000
2179476
2179905
2180379
2181380
2192007
2192431
2192742
2193926
2194833
2195532
2196139
2197793
2201504
2260171
2260646
2261314
2261867
2262350
2262957
2263865
2264633
2265642
2266178
2266727
2267318
2268338
2269361
2270326
2271509
2272941
2274061
2291506
2308581
2309056
2309805
2323200
2324305
2325488
2326113
2326596
2327164
2327756
2328437
2345763
2346555
2348729
2349844
2379168
2380537
2384699
2387090
2387830
2393604
2396297
2397305
2399240
2399909
2400462
2401312
2409766
2410387
2411028
2412343
2414127
2414741
2415237
2415716
2416724
2430195
2433232
2434474
2434844
2435245
2435666
2436208
2436893
2438382
2438964
2439541
2440775
2441434
2442096
2442610
2443537
2444728
2446761
2463530
2466795
2474513
2475397
2476102
2476597
2477604
2480165
2489131
2490637
2491382
2492096
2493303
2497394
2498258
2499160
2500267
2501074
2502224
2502728
2503167
2503660
2504282
2504906
2505466
2506174
2506759
2507428
2508410
2509979
2510491
2527493
2532258
2532686
2533036
2534080
2535323
2549671
2550333
2551094
2552267
2552735
2556343
2557351
2557791
2558278
2558749
2559194
2559689
2576777
2585972
2593308
2613786
2614497
2616261
2617058
2621319
2624075
2624923
2625545
2626120
2627819
2629561
2630228
2631150
2631759
2632757
2633635
2634190
2635651
2636953
2637778
2649960
2652382
2653225
2657315
2659455
2662382
2668446
2668898
2669271
2669646
2670268
2670752
2671437
2673980
2680326
2680883
2700784
2724135
2725033
2726673
2727215
2727634
2728136
2728739
2730025
2731761
2733994
2735390
2735811
2736574
2737689
2745245
2747359
2752373
2752933
2753903
2755334
2779406
2805148
2808210
2816429
2817204
2818255
2818958
2819476
2820147
2820861
2821962
2827922
2828358
2829122
2829542
2830158
2830831
2831960
2832559
2833161
2833715
2834819
2835333
2848258
2848635
2849314
2849727
2850253
2851156
2852372
2853390
2855145
2855765
2856391
2857229
2857944
2858500
2859009
2859474
2860014
2860715
2862955
2863915
2864261
2865101
2865448
2865867
2866445
2866916
2867506
2868285
2870021
2870654
2874898
2875481
2876186
2876641
2877135
2877628
2879036
2879542
2880151
2880641
2881084
2881691
2882209
2882534
2882966
2883532
2884735
2885781
2887536
2888429
2890298
2893547
2895113
2895476
2896667
2922361
2938285
2938832
2939373
2940071
2940627
2941772
2953212
2953736
2954238
2954685
2955237
2955779
2956566
2970117
2970691
2971404
2972021
2972671
2973165
2973620
2974268
2975188
2975754
2978296
2979950
2980729
2982509
2984838
2985536
2986737
2987681
3000683
3013579
3014243
3015030
3017391
3020967
3021553
3022250
3023441
3025568
3026417
3046145
3046594
3069495
3069908
3070311
3071113
3071496
3072797
3074030
3075360
3076068
3077248
3077760
3079322
3082508
3086401
3087362
3089163
3094130
3095672
3113148
3116098
3122420
3123120
3124163
3128795
3129339
3129887
3130963
3150332
3151072
3151525
3151986
3152758
3153342
3153926
3169359
3170322
3171680
3173198
3173944
3174828
3175508
3176182
3191426
3191858
3192507
3193466
3194438
3215180
3215516
3216550
3226278
3233843
3234566
3246240
3246910
3247381
3269167
3270598
3271075
3271729
3272229
3274933
3275643
3276130
3276634
3277177
3286012
3287409
3288528
3289479
3290287
3291601
3292768
3296651
3308513
3309296
3311549
3312414
3313220
3340551
3341469
3342677
3346763
3347178
3347723
3348544
3353075
3353695
3354896
3357021
3362348
3363177
3364027
3364821
3365345
3365816
3366285
3366874
3369383
3373773
3374143
3374632
3375061
3375447
3375813
3376270
3376772
3377135
3382288
3407764
3408533
3409074
3411803
3413651
3414262
3444984
3445464
3446478
3447495
3449997
3455230
3457445
3459358
3460642
3461274
3462607
3463120
3479496
3480337
3490452
3491584
3492218
3493868
3494377
3495029
3496142
3496949
3497677
3498801
3500579
3502380
3503708
3507275
3507743
3508196
3508781
3509756
3510560
3514033
3515267
3525065
3526704
3530966
3531842
3540477
3541606
3542584
3547382
3550493
3551293
3552094
3552785
3555144
3555803
3556295
3557049
3557605
3558444
3559609
3565233
3565703
3566236
3566796
3567182
3567630
3568108
3568448
3568868
3569271
3570528
3571304
3571818
3572406
3608416
3613963
3616352
3617481
3618054
3618687
3619208
3619716
3620762
3634783
3644013
3644590
3645420
3646085
3647205
3648343
3655008
3658959
3659576
3661460
3662164
3662638
3662988
3663356
3665432
3675036
3677708
3678803
3685302
3686193
3692533
3693294
3694045
3704694
3705323
3707148
3717102
3717809
3718789
3719617
3720210
3720991
3722270
3723461
3724417
3725391
3725853
3726331
3726789
3728644
3729598
3730190
3731788
3735202
3736001
3738863
3748049
3749413
3775856
3776533
3777373
3782386
3783516
3783970
3784430
3784939
3785513
3786495
3787032
3802255
3803160
3803593
3803969
3804497
3805657
3806338
3809327
3863851
3866917
3867857
3868386
3869024
3869717
3870669
3871431
3872331
3872864
3873810
3884112
3884796
3885715
3886257
3886887
3887859
3895699
3896248
3896713
3897230
3897718
3898391
3898987
3899923
3901437
3902347
3905112
3908657
3909480
3910332
3913044
3914485
3917012
3918787
3919739
3922986
3923763
3925456
3925702
3930189
3930509
3930841
3931242
3931731
3932319
3939413
3946487
3947014
3947439
3947860
3948282
3948671
3949163
3951877
3952377
3952796
3953469
3953792
3954473
3954958
3955605
3956367
3957965
3958885
3959529
3976531
3977912
3978910
3985343
3986407
3987241
3989564
4011961
4012462
4012935
4013407
4013755
4014171
4014816
4015861
4017925
4020872
4023559
4024410
4026277
4028309
4029184
4078679
4080522
4081438
4082245
4090896
4112345
4113946
4115860
4117056
4119907
4120584
4121511
4122540
4135513
4137938
4139895
4151006
4151577
4152480
4152980
4158512
4159243
4160492
4161589
4169376
4180285
4186344
4188301
4188570
4189008
4189317
4189795
4190392
4203691
4204226
4204923
4205370
4206047
4206674
4208216
4209163
4210392
4210871
4211812
4212711
4213222
4213843
4216088
4216553
4219954
4221478
4222779
4223226
4225009
4225895
4227099
4228259
4231582
4232649
4235733
4236605
4237561
4238040
4242101
4242635
4243161
4243682
4244156
4244604
4246390
4246980
4247576
4248717
4249385
4250082
4252616
4253335
4255604
4256084
4256634
4262270
4263122
4268490
4268900
4269252
4269632
4270367
4271665
4272330
4272688
4273056
4273407
4273683
4274222
4274499
4275146
4275836
4276223
4276563
4277150
4279081
4284607
4288675
4303093
4303925
4304798
4330158
4331305
4331921
4344198
4344838
4346878
4347859
4348335
4348858
4350043
4350990
4352345
4364425
4364831
4365346
4365837
4366563
4368480
4369554
4384471
4385032
4386246
4388500
4392616
4412053
4412501
4412856
4414036
4415939
4416499
4417214
4417583
4417985
4418309
4418671
4419470
4420670
4421315
4422683
4423519
4424850
4469665
4470634
4471276
4471757
4476113
4476568
4477026
4477459
4477918
4478411
4480275
4480841
