678.1331
23872.89
32801.57
60669.71
156612.2
157582.3
163641.6
164774.3
165268.3
165945.4
166998.7
168199.4
168455.4
170415.2
175687.8
192789.1
196007.9
200397.5
230688.6
270706.5
273943.3
286741.9
291418.9
335500.2
335983.4
338787.6
339614.6
341379.5
342110.8
363348.3
373021.8
374458.2
374814.7
375193.6
375985.9
376669.6
377564.7
378705.5
391922.6
392865.7
393990.3
394334.7
395121.7
395467.7
395850.5
396311.3
397511.8
399128.8
399767.7
400805.9
401414.8
402270.5
404222.6
405276.8
425263
425661.8
425991.9
426264.1
426726.7
427492.1
428239.6
428558.2
428836.4
429183.6
429486
429854.3
491614.3
527584.2
528486.8
536943.5
550935
552914.1
553413.4
554162.4
558722.6
572888.6
573802.3
578385.5
579273.1
579893.2
597096.6
599826.9
601881.7
603152.9
621800.6
623643
624100.7
624663.3
625115.1
632900
633564.3
635422
638269.2
639151.8
653524.8
666937.7
667315.1
667675.9
668476.7
669277.1
672084.6
674562
678134.8
681466.4
682400.1
685900.6
687849.9
689149.2
690715.4
692099.5
696477.3
746274.3
746939.3
747289.8
770501.8
771788.2
772496.9
773084.2
773436.5
774234
774619.4
775372.6
775943.6
776985.5
777336.8
778141.9
778875.9
779280.4
780690.9
781449.1
782074.7
782611.2
784209.2
784904.8
787250.1
788579
789069
790318.1
791933.3
796438.8
797157.1
798239.1
800489.2
800901.2
802152.2
805463.1
864901.4
867100
867459.6
867986.1
868419.5
870031
871506.3
876033.2
947012.8
953566.6
954629.8
965885.1
980031.7
1010617
1011257
1011789
1016967
1021146
1021586
1022212
1022981
1023390
1024363
1024943
1025402
1026514
1027296
1029613
1030919
1031381
1033037
1036181
1039041
1041290
1043778
1047188
1073723
1082868
1087567
1091486
1105992
1120037
1125386
1127983
1128859
1129299
1130764
1158222
1178567
1181038
1191285
1201121
1207097
1208858
1209333
1209765
1210194
1210598
1210919
1211205
1211588
1212181
1212541
1212931
1214475
1214947
1215008
1215280
1215460
1216651
1218196
1227361
1264078
1264642
1265227
1266643
1268020
1269307
1283166
1293192
1299951
1352616
1354031
1358984
1359741
1360448
1361327
1366992
1367650
1369631
1371638
1374258
1376113
1396284
1397046
1399105
1405701
1408393
1420627
1423144
1424148
1425845
1427519
1435126
1435730
1437262
1439114
1440874
1441380
1442037
1463946
1464499
1468219
1469019
1486640
1504693
1505424
1505945
1506663
1507897
1509061
1511881
1513074
1518966
1521889
1526390
1529973
1540707
1541013
1576603
1578519
1578947
1579322
1580161
1580658
1581116
1581571
1586876
1588331
1597886
1598745
1602969
1603783
1604250
1605144
1607835
1609987
1621998
1622036
1635940
1640028
1641352
1642017
1643026
1643794
1645540
1645942
1651561
1656819
1659239
1660085
1661227
1661293
1661766
1676319
1687341
1725028
1725802
1727006
1729404
1732079
1744744
1751196
1762001
1805466
1808537
1809164
1810521
1811286
1812488
1813509
1813932
1814259
1816982
1819163
1819202
1823060
1824594
1835003
1835694
1852121
1852718
1852834
1853609
1854698
1855517
1856938
1857603
1858918
1860243
1860404
1878723
1879219
1905075
1906787
1933554
1935346
1935609
1937239
1938868
1939087
1940018
1940536
1941015
1941234
1941311
1941750
1942312
1942743
1945243
1956183
1959343
1960467
1961316
1964598
1965620
1966180
1967544
1968577
1971842
1972692
1978101
1978608
1980054
2022172
2031794
2037818
2048861
2049594
2050556
2052139
2052178
2070157
2076048
2076507
2077673
2078794
2079025
2080095
2082441
2083012
2083762
2091189
2093180
2107434
2128695
2132058
2141445
2141996
2142523
2143746
2144277
2144949
2146346
2147273
2147836
2148436
2148920
2149982
2150691
2152391
2153114
2155977
2157081
2157741
2158555
2198146
2206855
2207929
2215285
2217141
2219061
2219615
2220026
2220439
2222093
2225657
2226187
2226992
2227444
2227992
2260979
2263062
2264323
2265936
2267006
2269135
2272602
2273217
2274509
2275730
2279091
2280131
2288395
2291152
2292263
2293162
2294495
2295062
2296226
2299809
2300532
2302934
2303527
2304424
2307100
2309677
2311081
2311483
2311973
2313577
2322286
2330478
2331200
2332166
2332691
2333581
2334128
2334861
2335672
2336600
2372160
2372866
2374099
2376364
2378001
2384447
2385873
2386998
2392356
2393690
2395397
2397022
2419678
2420308
2422995
2424823
2425537
2436987
2437754
2438290
2438977
2441818
2443552
2444967
2450499
2457018
2478525
2485093
2486225
2486928
2487751
2488559
2489370
2490536
2492057
2493777
2501359
2502007
2502525
2503381
2510403
2517901
2518857
2520894
2526324
2531456
2543443
2545383
2549164
2562081
2580348
2585015
2586675
2587238
2587845
2588395
2588926
2590333
2624594
2625467
2626042
2626535
2627126
2628672
2635911
2670420
2672695
2674999
2675678
2677510
2679578
2680256
2706797
2707464
2707665
2710650
2711459
2713600
2714289
2716673
2718006
2725024
2759826
2761359
2762280
2762852
2763431
2764615
2767349
2767552
2768563
2770620
2773989
2774833
2775494
2777589
2779206
2780088
2781967
2782462
2793404
2794547
2795052
2795534
2796038
2797496
2799572
2811300
2812559
2813369
2815119
2816033
2816825
2817831
2818627
2819604
2820258
2820715
2823439
2823811
2824592
2826235
2827294
2829049
2829183
2830590
2831642
2832505
2833215
2837916
2838967
2840782
2848376
2848883
2849573
2849988
2850028
2850476
2851023
2851594
2852389
2861300
2861930
2862914
2863338
2864754
2865924
2866947
2867403
2867884
2868620
2869184
2869872
2870418
2872372
2873154
2876871
2905291
2906101
2906751
2907411
2909488
2910398
2910793
2911280
2912088
2912482
2912839
2914242
2914740
2915316
2919982
2922717
2946057
2952471
2957934
2972948
2996657
3005743
3006719
3032324
3032817
3033256
3035112
3035199
3035892
3037330
3038517
3038918
3040895
3041187
3042096
3042503
3044687
3047776
3050669
3055719
3057134
3059280
3059895
3060636
3074988
3075704
3078409
3079617
3080250
3102273
3102974
3103619
3108600
3109269
3110168
3110859
3111968
3118784
3119499
3120603
3122223
3124814
3126237
3162049
3173143
3181108
3181218
3181655
3182038
3183246
3183736
3184764
3185115
3185501
3185791
3186148
3186450
3186484
3186859
3187202
3187601
3188076
3188648
3192561
3192881
3193863
3194762
3195460
3201324
3201751
3202656
3203253
3204001
3206731
3207385
3207930
3211190
3217013
3218247
3219266
3258616
3260053
3264908
3266933
3268307
3269059
3275374
3277524
3279130
3280063
3280246
3280273
3280787
3283758
3284113
3284531
3284751
3288519
3305072
3322436
3325208
3325876
3331543
3332283
3333298
3335715
3336416
3336965
3338333
3338926
3341513
3345525
3348575
3352130
3353421
3354022
3355440
3356032
3356663
3359434
3362188
3366873
3368829
3372029
3374099
3407187
3408565
3409073
3409548
3410309
3410743
3411233
3412043
3412813
3413061
3413399
3415611
3416709
3422825
3424471
3435787
3444086
3444233
3445019
3446158
3448290
3463047
3465792
3470437
3471687
3472144
3472734
3474876
3484460
3488328
3489984
3490626
3493709
3495219
3499376
3513331
3514413
3515850
3519181
3520564
3523048
3524715
3528523
3532401
3533141
3534394
3535435
3535589
3536145
3537946
3538684
3545406
3548276
3549230
3551284
3563359
3564152
3607395
3610207
3612790
3616666
3619104
3621339
3622070
3624130
3624161
3624971
3626065
3628117
3628806
3640154
3640734
3642249
3645753
3659525
3661263
3664422
3664885
3665948
3666225
3679089
3681774
3681838
3685008
3693170
3720702
3722397
3723073
3724805
3725282
3725908
3726811
3727245
3727628
3727744
3728852
3729570
3730133
3730900
3731399
3731926
3732422
3734718
3740122
3748668
3749272
3749852
3750724
3752637
3753323
3757404
3757898
3758496
3765579
3809670
3810358
3810487
3811867
3830613
3842641
3849420
3854457
3882329
3888759
3891840
3914448
3915798
3917355
3944631
3947344
3947810
3948253
3948671
3949155
3950030
3950555
3953888
3961617
3977645
3990227
3990255
4022931
4026846
4028261
4052022
4052801
4053675
4055163
4056138
4058662
4059717
4060550
4071008
4083346
4083769
4085022
4085457
4087062
4088894
4092827
4093432
4095256
4095774
4096219
4096257
4096786
4097018
4102993
4103765
4104401
4105148
4105490
4105848
4106532
4106879
4107216
4107559
4108001
4109364
4109502
4109764
4110183
4110545
4111029
4111792
4112546
4113103
4113970
4114352
4114744
4115130
4117329
4120688
4121170
4121802
4122447
4123824
4150620
4159049
4172721
4174863
4175828
4177794
4178805
4181545
4183141
4184819
4186173
4189276
4191605
4195024
4195979
4199380
4201067
4204693
4213643
4216450
4237700
4238979
4247441
4256391
4280024
4285987
4289368
4290174
4295983
4297440
4297950
4298594
4299658
4302035
4303792
4304915
4306161
4307148
4309236
4309750
4310267
4311177
4318893
4319577
4321286
4322640
4324353
4324866
4331544
4350316
4358674
4364701
4365630
4366867
4367514
4368001
4372161
4372647
4374163
4378077
4382503
4385955
4386527
4387174
4388062
4388743
4392271
4392686
4393155
4393615
4395738
4403011
4403066
4406098
4407343
4407536
4407837
4408942
4479992
