2649.573
3708.646
17586.26
18842.75
19428.4
19968.2
30825.02
31500.01
35583.09
37412.55
41000.36
42689.23
43561.89
60544.84
61135.5
64216.7
68886.63
72631.96
73856.58
74228.81
74625.54
75259.46
75920.43
81573.47
87125.28
90223.47
94190.91
95307.14
95621.74
98988.29
100269
107116.8
110042.5
111156.2
112293.8
113156.9
118209
124832.5
127776.8
127917.2
132695.7
143217.3
145806.6
146358.8
146701.6
146760.4
147211.1
147297.5
147610.3
147974.9
148252.1
149791
149922.7
150498.5
150600.7
151770
151902.4
151923.2
152356.7
152559.8
154062.4
155127.2
155175.6
155985.9
156168.6
157086.4
158575.8
159487.2
166977.3
174640.4
175467.2
177003.7
178189.9
179465.8
191554.3
194802.6
198061.4
200284.7
222699
223209.7
223438.8
224674.3
229090.4
229842.7
231378.7
234351.6
234401.4
237371.2
249475.9
256622.9
257639
259141.5
260042.4
260987.2
265930
267504
276731.8
278300.8
286916.1
288988.2
290450.4
291078.2
293096.8
293147.4
294388.7
295371
302715.3
303601.8
323771.5
324677.5
326520.3
327012.9
327331.4
328513.8
329415.7
329680
330272.1
330342.2
330584.4
331784.1
332050.4
333994.9
334060.3
334313.4
335687.8
335940.1
336150
336645.7
337237.6
337428.8
340643
341257.9
342260.1
344562.7
345102.3
345173.5
345876.2
346467.8
346502.3
346812
347065.9
347438.9
350864.7
355458.4
357270.1
362835
365228.2
365755.4
371413.3
371725.4
381678.6
382014.7
384696.3
385312
392002.7
394806.2
395700.3
404889.9
405996.5
406025
409464.7
411345.6
422147.9
422909.1
425833.5
454039.1
454598.4
473700
484311.9
485181.1
485290.1
486620.4
487451
489341.8
492137.4
503388.1
507978.6
510175.1
511175.3
513461.6
514101.2
516094.2
519117.7
522756.1
525446.1
526785.4
546963.5
550448.7
553873
557596
561118.6
564303.6
567578.6
570625.5
579894.4
580923.8
581699.4
582931.8
583210.2
594266.8
595415.8
595600.3
599342.2
603734.6
614893.8
617164.6
617295.1
621343.1
624213.6
625294.8
625910.5
634765.9
635027.3
635395.7
636721.4
638672.8
649858.8
650073.4
650669.3
651323.4
653265.5
657022.3
664201.6
666278.9
667501.7
668115.8
680669.4
684843.8
685879
686403
693657.9
693908.7
694322.5
695298
695649.1
696831
698127.6
698662.8
705308.6
705825
706070.4
706653.8
706939.2
708287.7
708995.4
709330
711925.9
714499.2
715241.4
717848
718940
719104.9
725869.9
726493.2
727229.1
728213.5
729930.5
735741.8
739212.9
741096.2
744653.7
745473.4
746041.5
746569.1
748579.6
754023.8
760484.2
761501.3
762348.7
765225.3
767568
768948.3
770202
770406.5
770498.7
770884.7
772489.6
772533.3
776007.7
778203.4
778542.3
784186.6
791296.2
792009.1
794689.2
802921.9
810881.4
812241.8
812911.1
813260.5
813274.8
813482.7
813644.3
813799.4
813957.9
814354.1
815397.4
816328.9
816738.2
817113.4
819891.2
821577.7
824495.3
825186.1
830495.6
834528.2
836672.5
837756.8
838588.3
850216.7
850702.9
856671.4
861705.8
869395.2
869746.6
870831.2
870876.9
871170.1
871487.3
872733.1
872857.1
877492.1
880497
914759.9
915494.5
921280.1
921608.1
921949.3
922297.9
922715.1
934593.1
936068.3
937538.1
938412.3
938520.7
940395.8
942326.3
944113.5
945810.4
947244.8
947693.7
950782.2
951218.1
951701.5
954472.9
957988.4
958192.2
968228.7
971316.2
971905.4
973375.2
973568.1
974598.6
975647.7
978931.9
983357.3
984186.7
986158.8
991256.1
991771.9
992212.3
993282
1000172
1001422
1002488
1006075
1007927
1009382
1016025
1016589
1017426
1018197
1020930
1026192
1027938
1028391
1031769
1032166
1033245
1034357
1045117
1049768
1051009
1052110
1062814
1064621
1065613
1069742
1083165
1083353
1083812
1085180
1085293
1086390
1087212
1089295
1097548
1099766
1110699
1112421
1113908
1118567
1120288
1121687
1122256
1129530
1131050
1133632
1135283
1136924
1137972
1148487
1151960
1153871
1154598
1155091
1155135
1156003
1159388
1161158
1166963
1169665
1171925
1176429
1180623
1190720
1190758
1192107
1193444
1194635
1199599
1208161
1208959
1209481
1210636
1212773
1213538
1214231
1215057
1215606
1217663
1219241
1219867
1232621
1237918
1249065
1256570
1257715
1261336
1266630
1268524
1271736
1273126
1273729
1273925
1275041
1277798
1281614
1282558
1283385
1284139
1287261
1291305
1294956
1297318
1305664
1305681
1329243
1329419
1329818
1351748
1354720
1354796
1358550
1374524
1375123
1375299
1375536
1375771
1376144
1377468
1378754
1383088
1383545
1384061
1389890
1390030
1391916
1398781
1399370
1405042
1407891
1410535
1410975
1412260
1413978
1418339
1418991
1421326
1422357
1423327
1424231
1432370
1434682
1453291
1454020
1454733
1456976
1458268
1460387
1460990
1462225
1463566
1464222
1474514
1476091
1478061
1497358
1497809
1497961
1498193
1498821
1500172
1501183
1501274
1502541
1503148
1509432
1510589
1511587
1517727
1519392
1521837
1526934
1528898
1530027
1530607
1532712
1532886
1535256
1546270
1547331
1553858
1574277
1577914
1579917
1581143
1591196
1591553
1592057
1592346
1594375
1596669
1601851
1609138
1609493
1611076
1611345
1611490
1612014
1612456
1616380
1618417
1626144
1631771
1633309
1638398
1638608
1639334
1640298
1641830
1642620
1643186
1644151
1646567
1647028
1647468
1648296
1648681
1651137
1651713
1652581
1653057
1653670
1653961
1655650
1657245
1659260
1659960
1667734
1669116
1674619
1674944
1675606
1675802
1676138
1677243
1682667
1683138
1685337
1686419
1687371
1689157
1692331
1693850
1694485
1694946
1694970
1695267
1697189
1698614
1706503
1706648
1709421
1710924
1711433
1711972
1712954
1713963
1713986
1715789
1716193
1716807
1717238
1721541
1724179
1724583
1724644
1738006
1738512
1749688
1752670
1753136
1753686
1755541
1760917
1761608
1764539
1766423
1766911
1770690
1771734
1772238
1772864
1777577
1778336
1800851
1810040
1822459
1824027
1824699
1826508
1844568
1855992
1863451
1863939
1864393
1864446
1866421
1868829
1869160
1869607
1884104
1886415
1888145
1892350
1893070
1893164
1893849
1894589
1895429
1897687
1902261
1906557
1907510
1910013
1912164
1912920
1913236
1914174
1914537
1914861
1915400
1915595
1917279
1929092
1935723
1936763
1937389
1939998
1941292
1942567
1946050
1947713
1948699
1949549
1950748
1951697
1951747
1954778
1957819
1964089
1965609
1975031
1980422
1984404
1987078
1990774
1995278
1997291
1999086
2006016
2008359
2008859
2011007
2017650
2026269
2029880
2031331
2031751
2033237
2038025
2038954
2039130
2040442
2042616
2043424
2044079
2046488
2050229
2051316
2051953
2052526
2060969
2061585
2063388
2083150
2084372
2085586
2086111
2088560
2089538
2090000
2091176
2091316
2094016
2094260
2094745
2111152
2114328
2114986
2115438
2120700
2122237
2122498
2122900
2123233
2129501
2130378
2137682
2144304
2146942
2151012
2156292
2157796
2158763
2160410
2167415
2167520
2167623
2168191
2168884
2170807
2174234
2176260
2197783
2198668
2199482
2200137
2202022
2202354
2202654
2203020
2203382
2205159
2205334
2206500
2206862
2209888
2220814
2223560
2225604
2287802
2298911
2299653
2315397
2316618
2319561
2320661
2322937
2329070
2329328
2330688
2334358
2334935
2336125
2339017
2339382
2341479
2342257
2342727
2345704
2346012
2347917
2348310
2348755
2351493
2352482
2359644
2362191
2367182
2367421
2368297
2370056
2371284
2371439
2373595
2373777
2374379
2375628
2375784
2375914
2376714
2380480
2380832
2386950
2391494
2393041
2396083
2398026
2398163
2403012
2406520
2407005
2407570
2408857
2417123
2417694
2420906
2420951
2421512
2423045
2423786
2436694
2442220
2444390
2444976
2451821
2453889
2454729
2455552
2456533
2458267
2459669
2462327
2466374
2467893
2469368
2472944
2482007
2483427
2496131
2496825
2498117
2500426
2500829
2509098
2509497
2512814
2516122
2516188
2516747
2518468
2518939
2521622
2535325
2537381
2539941
2540742
2549487
2552931
2553712
2554315
2555459
2555554
2556863
2560957
2562025
2562618
2563361
2565893
2575267
2576290
2577201
2577523
2577787
2578797
2579655
2580103
2587804
2588567
2591111
2593352
2601592
2602914
2603012
2603625
2604310
2610299
2612344
2615338
2618497
2624069
2632598
2644264
2645496
2652113
2652278
2664578
2666464
2672932
2676984
2679618
2700353
2702358
2702784
2716602
2724204
2734493
2737488
2742094
2747205
2750160
2753483
2754049
2755627
2757151
2757160
2764488
2765690
2767609
2768699
2769605
2771188
2780211
2785390
2788722
2795428
2796109
2797111
2802820
2811116
2813893
2814725
2816323
2819934
2820050
2823194
2831429
2831652
2833589
2840969
2843232
2844571
2847018
2852073
2852911
2855204
2861047
2863631
2864129
2867374
2869469
2871753
2878700
2879204
2879649
2881322
2890756
2894068
2895451
2902202
2902760
2907694
2908411
2910228
2910648
2911757
2913464
2919217
2920282
2923290
2924182
2934147
2940116
2940437
2940852
2944846
2945356
2945443
2958086
2962743
2965979
2970907
2973340
2982533
2993313
2993728
2994210
2995425
2995789
3006285
3006939
3007225
3007716
3009478
3011465
3012899
3014607
3021975
3022919
3024767
3029858
3035911
3037641
3038124
3038699
3041201
3062917
3064760
3072509
3075168
3079038
3081895
3083212
3086183
3087285
3089322
3091337
3098382
3098973
3100456
3114356
3114837
3115107
3115542
3118103
3119335
3119717
3122033
3123026
3124964
3129048
3155663
3156185
3157318
3158471
3159732
3160267
3161026
3162205
3165681
3173443
3175511
3176019
3182773
3183221
3188906
3189122
3189557
3190012
3190943
3193091
3194002
3197418
3197841
3197893
3198019
3199986
3200434
3200805
3201698
3201901
3202119
3202448
3205866
3209116
3216643
3223116
3224513
3232600
3235363
3239324
3243491
3249217
3249799
3253034
3255707
3256234
3256579
3259088
3262240
3262733
3269656
3271192
3273008
3275888
3276579
3277053
3277154
3277434
3279068
3280268
3281342
3305387
3306683
3307143
3311215
3311948
3314785
3317844
3321574
3322145
3327095
3344191
3345364
3349641
3351019
3351235
3351978
3353096
3353521
3360334
3376116
3380260
3380824
3382706
3383756
3386294
3393531
3395073
3404710
3409080
3412390
3413319
3415110
3415994
3416401
3417115
3417586
3418069
3418237
3418417
3418765
3418905
3419735
3419857
3420236
3422017
3422214
3422647
3423423
3424794
3425081
3426480
3428599
3428843
3429280
3430388
3431293
3432884
3437447
3446697
3448829
3448917
3452232
3453308
3456008
3457153
3460914
3460999
3461333
3463146
3473150
3487274
3491769
3496409
3497017
3499031
3499560
3504680
3505048
3505228
3511443
3512336
3519006
3519512
3521750
3524319
3525278
3526466
3531386
3532660
3535753
3542386
3543267
3543600
3545649
3545972
3546696
3547146
3547829
3548237
3548652
3549142
3550965
3551578
3563984
3564321
3566459
3579542
3580207
3600935
3600995
3601288
3601608
3602100
3603054
3604215
3611954
3612315
3614161
3614354
3619847
3620308
3621523
3622674
3629634
3631187
3632417
3633033
3633271
3633621
3635163
3635904
3637001
3637650
3638103
3642932
3643034
3667514
3667672
3668297
3668941
3669781
3672052
3672597
3672826
3673248
3673851
3674689
3675064
3676128
3676735
3685588
3691524
3701041
3707025
3707591
3708746
3708835
3709278
3710217
3714280
3714529
3715023
3719030
3722996
3725759
3726215
3743014
3746283
3749732
3752484
3753019
3753535
3754049
3754142
3754797
3755858
3762420
3764415
3767756
3773484
3780081
3785614
3787782
3790649
3795880
3804401
3818367
3826999
3827047
3830611
3832263
3836868
3841923
3845094
3847543
3854565
3855807
3856910
3857356
3865681
3865754
3866170
3868745
3870538
3870971
3871671
3872690
3874410
3886248
3890514
3892781
3893475
3893569
3895233
3898272
3899133
3899693
3900810
3901782
3902989
3905751
3906195
3907028
3907426
3907846
3915543
3915643
3919423
3927999
3928578
3933335
3933830
3934224
3939587
3947189
3948836
3948984
3951239
3951746
3955203
3966770
3969994
3973275
3973680
3974714
3974858
3976474
3976762
3977719
3985940
3988967
3993135
3993801
3994292
3994657
4000126
4010305
4011262
4011673
4016415
4017570
4023026
4023621
4025391
4050317
4050659
4051176
4051634
4052723
4053905
4058185
4063778
4065713
4066109
4075924
4085125
4092342
4093307
4094728
4095545
4095927
4097302
4100046
4100980
4108554
4112354
4114532
4115322
4118109
4118747
4119730
4121615
4125909
4126068
4138845
4141867
4147629
4159168
4171032
4180151
4187388
4188358
4188494
4190070
4190116
4194863
4195429
4196685
4202537
4204161
4204867
4207583
4207865
4207983
4208246
4208692
4210736
4213690
4215776
4217522
4231291
4232654
4234887
4235496
4235666
4238362
4240483
4241281
4245610
4264017
4265561
4265885
4268896
4270844
4270909
4278347
4279356
4280080
4280713
4281839
4282427
4283049
4286537
4287674
4299378
4312123
4312506
4313070
4314816
4316328
4317798
4318417
4318483
4325019
4326345
4332171
4342184
4344602
4345501
4346155
4355636
4356554
4368532
4369881
4370318
4374029
4375596
4376663
4382025
4383005
4383865
4392541
4394121
4401991
4403258
4410666
4416489
4419076
4422784
4424740
4428911
4432144
4439793
4447021
4454228
4455913
4458825
4460145
4476785
4477725
4478295
4479009
