26001.27
26722.53
27119.84
28275.39
28698.55
29154.66
30778.16
31330.51
32283.14
38978.85
41732.12
42053.26
42337.11
42598.96
43942.11
47638.53
48707.8
49041.66
52189.46
53606.52
56308.98
58102.18
68390.68
69607.31
70158.09
70573.57
71235.64
77560.17
78010.77
79367.82
79769.6
80908.92
82339.96
82893.68
83614.45
84516.77
84910.45
85577.73
85824.03
86064.86
86527.91
86789.29
87383.87
87697.29
88039.81
88392.13
88837.73
89887.31
90198.6
90620.64
107007
108281.7
109204.6
109628
110115.9
114785.8
116068.2
116935.1
117827.8
118072.7
118438.7
121040.1
122686.1
124382.9
179925.3
180963
212789.3
257032.7
262005.7
270649.6
271573.6
272299.6
272732.9
273916.9
275707.9
277100.3
318565.4
318904
319315.6
319985.2
320361.5
320781.6
322010
322658.9
323041.6
323447.4
324362.6
325419.5
326036.6
327693.1
328158
329044.2
330991.3
331333.8
331672.6
332758.1
334409.2
335544.4
336087
409543.6
410393.4
450377.6
450974.3
451244.1
451589.5
451924.8
452543.7
453486.9
454077.6
456098.9
456622.6
459349.8
466587.3
467150.5
471352.4
535192
536090.1
537723.6
567595.2
570483.9
572883.5
573820.5
574419.8
576332.1
577152
577556
578319.7
578651.2
579221.7
579502.2
580060.8
580188.1
580323
581416.7
581703.3
582064.8
582417.7
582752.7
583093.6
587477.4
587954.2
589378.4
589903.5
593053
596095.4
596705.6
612318.7
613338
614980.7
615339.6
617389.2
617681.7
618084.1
618567.3
621056.5
622676.6
626117.8
627601.2
630829.8
631276.4
632660.6
633382.8
634315.8
635153.6
639142.9
639741.5
641580.7
641915.6
658669.5
660380.6
660839.1
662036.6
663249.5
667728
668219.6
684701
685041.6
685354.1
685666.3
686034.7
686987.3
687323.2
687940.7
689227.2
743351.4
745381.5
747416.2
748205.4
748586.8
749058
752763.6
753976.2
754489.2
755115.7
757300.5
757786.1
758805.7
760463.5
761640.4
762039.1
762715.4
763735.5
764085.9
764426.5
764979.1
785836
789079.9
791079.9
791419.5
791754.8
792257.2
811397
811848.6
812367
814122.7
814614.4
817534.7
825731.2
832797.7
833767.6
901462.3
929669.1
930098
931036.3
931394.4
932685.5
933163.3
933663.5
934768.3
935720.3
937522
938307.5
938894.1
939602.3
940511.8
942343.5
943278.3
963909.6
982005.6
1003130
1006323
1006808
1009121
1010437
1012291
1015317
1018160
1018649
1020537
1024698
1028520
1029104
1036345
1036984
1076218
1077691
1078840
1079591
1081257
1083335
1084191
1084678
1086179
1086842
1102576
1104819
1105281
1106396
1145083
1145719
1146369
1147424
1166834
1195620
1201106
1201627
1202520
1203743
1242533
1248064
1248947
1251711
1252266
1253389
1254985
1256428
1257380
1263036
1263862
1269615
1272011
1272720
1273562
1274436
1310309
1311129
1311540
1313046
1325773
1326546
1326972
1328189
1350653
1352205
1353361
1354435
1355859
1357713
1360055
1388291
1389808
1391577
1393134
1394801
1396386
1397344
1401915
1402488
1404141
1410188
1411291
1414559
1415133
1416978
1417751
1429118
1442191
1443774
1444154
1444674
1445141
1445821
1448090
1465453
1466057
1490843
1516778
1547962
1549559
1550255
1550613
1551001
1553771
1556790
1558269
1559134
1559965
1560544
1627124
1627702
1628428
1629769
1630462
1631863
1632414
1633351
1633746
1634985
1635504
1636138
1636527
1636981
1637801
1639424
1640510
1640996
1642074
1642847
1643447
1644081
1648726
1649768
1650205
1651104
1661876
1662560
1663072
1663609
1664005
1665682
1667872
1669281
1671260
1671719
1673886
1675124
1676219
1676644
1677117
1678033
1678507
1678958
1679346
1683285
1697421
1699807
1702619
1703519
1704005
1704772
1707007
1708941
1710921
1718584
1719455
1723085
1762987
1763822
1765718
1770404
1775004
1775800
1777763
1778191
1778584
1780649
1781007
1812808
1845466
1847861
1894651
1895769
1896115
1896476
1896833
1897541
1898827
1899699
1900805
1901274
1901821
1903422
1904024
1925876
1926521
1927269
1927751
1928365
1930107
1931760
1932080
1932808
1935489
1935876
1937738
1939444
1940960
1941418
1941932
1947253
1947939
1951165
1951623
1952231
1954107
1954545
1955022
1955422
1955865
1956198
1958187
1961140
1962330
1964988
1965837
1969419
1970844
1971560
1973086
1973402
1974790
1975272
1982460
1986129
1987303
1993795
1994388
1996166
1996775
1998963
1999919
2000401
2015937
2017167
2049131
2050330
2052393
2066564
2128070
2129083
2129533
2146295
2148373
2149701
2157881
2250643
2251255
2294209
2294642
2295023
2295725
2296957
2302231
2316936
2317756
2318698
2319488
2321517
2323160
2325805
2326287
2336587
2338467
2338699
2338935
2339190
2339951
2340205
2340538
2341260
2342821
2343667
2349114
2394313
2395011
2395601
2397773
2398329
2399442
2401248
2401718
2402332
2403333
2404071
2407362
2408764
2409859
2410406
2410827
2413816
2415608
2422394
2423380
2423816
2428269
2443470
2459073
2462083
2462894
2465098
2465445
2466060
2466478
2468804
2469264
2469934
2493672
2494109
2495354
2496026
2497448
2508200
2509663
2525589
2526494
2527512
2529432
2531182
2532051
2588076
2588680
2589448
2589783
2590839
2591516
2591882
2594536
2594983
2595370
2596030
2596734
2597552
2598769
2599262
2600358
2645843
2647832
2649705
2650299
2651161
2654476
2701640
2765437
2768501
2768891
2769887
2770344
2776164
2776946
2777256
2778825
2779990
2781174
2781426
2782069
2782454
2784191
2792966
2793339
2793792
2794753
2795973
2796395
2806859
2807426
2808210
2808521
2808811
2809642
2810223
2810487
2811924
2814808
2838703
2868487
2869156
2869497
2871279
2872304
2872706
2875528
2875978
2876818
2891673
2893662
2894031
2894474
2895337
2896041
2897487
2907665
2910038
2910893
2912062
2912777
2919537
2920373
2923713
2924506
2925168
2926458
2927014
2929013
2929788
2930157
2930510
2931545
2932683
2933354
2934109
2951679
2952981
2957884
2972594
2973228
2976219
2980948
2984922
2986619
2987004
2987850
2988256
2991837
2992463
2993429
3002492
3004572
3006658
3007338
3018109
3019950
3021593
3027097
3029772
3030317
3030891
3032214
3032650
3034821
3041153
3041852
3043126
3046326
3046708
3050017
3091866
3093024
3093636
3094029
3094842
3095306
3097147
3097797
3100180
3102836
3113815
3115454
3115983
3116926
3118636
3118952
3119807
3120384
3121690
3123339
3127849
3128481
3173259
3173715
3195734
3200329
3201788
3221096
3221678
3223081
3229704
3230789
3231185
3231532
3231910
3233727
3318781
3320167
3374988
3376188
3376688
3377670
3392770
3393639
3395914
3396454
3422571
3441434
3446333
3447855
3449790
3462510
3463051
3464565
3465139
3465649
3466094
3466454
3467549
3468563
3468885
3469480
3469896
3471461
3474680
3477018
3478243
3478798
3479844
3480741
3482838
3485035
3488574
3490310
3490632
3493255
3495630
3496699
3499426
3500312
3510394
3548063
3549078
3549534
3550249
3550562
3550904
3552027
3552327
3553914
3555116
3555524
3600579
3607301
3670513
3671606
3674659
3676940
3678057
3678616
3679642
3681976
3683053
3692446
3694469
3696111
3696663
3697741
3698235
3698960
3701459
3720664
3721221
3721930
3722358
3723200
3724221
3724693
3725735
3727137
3728056
3728689
3729229
3729697
3732782
3741036
3742305
3745006
3746923
3749602
3828638
3853083
3853949
3854758
3854920
3855206
3855454
3856069
3856702
3856997
3858193
3858565
3858881
3859714
3871188
3873733
3875312
3875923
3877076
3877571
3940224
3943987
3945007
3966546
3967074
3967428
3968653
3968984
3969343
3970148
3970408
3971468
3972671
3973056
3973470
3976931
3979470
3980816
3987142
3987857
3989662
4061383
4067173
4069463
4071128
4088940
4089357
4089903
4091058
4092235
4093359
4093968
4094368
4096424
4097292
4098029
4098474
4100134
4100937
4101292
4101602
4101884
4103224
4104557
4105017
4107639
4109785
4111595
4112073
4113227
4115480
4116778
4117997
4169200
4170260
4170638
4172056
4172524
4175913
4202882
4203998
4205437
4207181
4208073
4208909
4212229
4212693
4216022
4216611
4219460
4220210
4221512
4222583
4224357
4225973
4226790
4228344
4235254
4236167
4236985
4255837
4277790
4278224
4284926
4289665
4292506
4294691
4314906
4315436
4316452
4317292
4318006
4322728
4324406
4325488
4328022
4329373
4330894
4331170
4331480
4332229
4335944
4336671
4337606
4338685
4388987
4395660
4396978
4403115
4403521
4404073
4405361
4406150
4437865
4438617
4438650
4440306
4441322
4442032
4442454
4443274
4443982
4445589
4447604
4449596
4451530
4454097
