117.906
1144.249
25460.2
28558.1
66066.73
67124.76
74182.91
74784.81
85956.53
89894.52
93237.43
93868.74
95293.19
97390.54
98663.9
99473.9
101132.6
102263.5
128879.4
129896.8
130850
144998
146222.6
147275.6
147805
148380.2
149560.4
150855.3
156009.8
162095.1
163821
164494
165288.9
171667.8
172799.1
174515.6
176719.7
177776.8
178900.6
182359.6
194895
205895.9
206793.7
207891.2
211983.4
212419.4
214848.6
215918
238881.1
240120.9
241201.9
241221.8
250468.4
251918.7
252583.1
253538.4
257464.1
259323.9
260838.7
261616
262260.4
264103.7
264874.9
265383.3
265961.2
266675.9
268231.9
276231.7
278141.6
280139.6
280962.6
281740.9
283082.6
284135.4
285174
288305.1
293046.7
293525.4
304535.5
317202.1
330043.3
330674.4
331555.7
332530.7
333306.3
333902.3
334449.8
335311.2
335662.8
336115.5
336438.6
337203.2
337744.5
353726.7
371518.3
372216.3
373303.6
373602.3
373940.8
374187.6
374846
375552.3
376012.6
376573.7
377819.3
379576.1
389422.6
389935.1
390230.7
390527.2
390857.2
391225.4
391652.9
392140.3
392526.6
392966.1
393436.5
395083.5
395936.4
396952.1
398196
398913.5
399545.8
400137.9
400548.7
401042.5
401642.3
402302.3
409756.2
410223.2
410576.6
410869.3
411242.9
411555.1
411947.3
412410.5
413847.6
423670.3
424194.9
424599.2
425727.8
426162.3
426539.4
427018.9
427381
428327.1
428713.7
429044
429409.5
429771.9
430203.8
430596.4
473725.3
475484.8
477753.5
489257.5
500368.5
502197.3
514131.2
526550.2
527128.1
527857.7
529469.2
530129.9
532311.8
539436.8
544667.7
545415.5
546820.7
557928.5
558392.1
560715.1
561435.5
563315.9
565647.1
566470.1
568514.3
568934.1
569940.1
570729.7
571297.5
593396.3
596988.4
597459.5
597933.1
598479.3
598955.6
599550.1
600192
601002.6
601819.6
620175.4
620712.7
621041.6
621325.1
621593
621885.4
622205.3
622563.7
623201
623513.9
623864.3
624191.7
624551.7
624881.3
625366.8
625858.2
627348.6
631581.7
636065.1
646216.7
646665.9
647184.4
647615.5
648105
648695
649244.7
649694.7
650146.8
650774.7
663902.6
664202.9
664238.4
664691.7
665511.2
666164
666724.3
667152.9
667544.8
668118.1
668535.3
669385
670067.7
670615.5
671196.8
671834.1
672988.3
673914.3
675066.6
675771.2
676404.4
677518.6
678828.9
679301.4
680035.3
681047.2
681638.7
682473.5
683411.6
684293.7
685155.1
685935.9
687001.3
687546
688120.9
689916.3
692413.8
716211.5
761854.5
762871.9
763639.5
764218.4
764812.3
765509
766158.9
766808.4
767314.3
769129.1
771159.1
771540.8
772001.9
772946
773922.1
775834.8
776824.9
777880
778672.6
784269.8
786711.3
787485.9
788367.5
788962.8
789719.1
790494.5
803138.8
803761
804348.7
805438.9
818342.4
862264.3
862839.6
863307.3
863820.6
866303.5
866916.8
867589.6
868239.2
868813.5
869494.5
870724.1
871177.5
872037.5
872942.1
901656.9
917787.4
918514.5
927856.8
939309.1
940046.2
942253.9
943132.6
943909
945204.9
951408.2
953873.8
955216.8
956592.8
957365
958770.4
960868.6
977630
984093.5
984878.4
985623.2
986075.5
987173.3
990024.9
997611.9
1000718
1001259
1002244
1002810
1003542
1004950
1006046
1006935
1007647
1008442
1008926
1009392
1009831
1010259
1017028
1017673
1018394
1018904
1019336
1019970
1020653
1025046
1025854
1026367
1026987
1028420
1029808
1030658
1031764
1032162
1036945
1038229
1038965
1039967
1040436
1041029
1041809
1042405
1058250
1058988
1062263
1063870
1064703
1066407
1066885
1069544
1081129
1082371
1082972
1083583
1085485
1086607
1087937
1088720
1089635
1107093
1107948
1108803
1109361
1109841
1110487
1111051
1111623
1112106
1112683
1113887
1121469
1122209
1123114
1124769
1125644
1126077
1126494
1127079
1127506
1128513
1160229
1165430
1166189
1167027
1179525
1185507
1186348
1187153
1189612
1190889
1192678
1205971
1206397
1206727
1207394
1207868
1208361
1208816
1209620
1211473
1214160
1218337
1226527
1243440
1244158
1245164
1246280
1246789
1247366
1248467
1260286
1260981
1261465
1261987
1262516
1263086
1263648
1265413
1265883
1266232
1267263
1267782
1268493
1279290
1280096
1289445
1300892
1301449
1302034
1303081
1304764
1318988
1320023
1321627
1323667
1324330
1325478
1359931
1360416
1360958
1370729
1373189
1377790
1378846
1381141
1382278
1383645
1394746
1395191
1395824
1396241
1396719
1399110
1400909
1401529
1402156
1402674
1403312
1404060
1405398
1406529
1407141
1407795
1417330
1419719
1420285
1420897
1428442
1429116
1429623
1433035
1454646
1455586
1456054
1456517
1456973
1457362
1458277
1458853
1464874
1465501
1466209
1467028
1471663
1472277
1473882
1475137
1475729
1476244
1477273
1481539
1505230
1512344
1513314
1513785
1514235
1515010
1517225
1522389
1523048
1533128
1533774
1534674
1537230
1538063
1539941
1540486
1542238
1543214
1544618
1545508
1552252
1553425
1555591
1573502
1574453
1579748
1580484
1582242
1582859
1592453
1593166
1593655
1594053
1594478
1594922
1595270
1595625
1596041
1596366
1596762
1597224
1603969
1604649
1605502
1607603
1618399
1619548
1621660
1631025
1636799
1637186
1637604
1637980
1638380
1638816
1639407
1641977
1642685
1644936
1645644
1646420
1648107
1652409
1653735
1655170
1655706
1656560
1657415
1658826
1668913
1669783
1699293
1700119
1701357
1702565
1703374
1717361
1718288
1718934
1723891
1724594
1727971
1730766
1757178
1758099
1758681
1759588
1759997
1760695
1761392
1769536
1770998
1771482
1771917
1772249
1772769
1773134
1773506
1773993
1807471
1808191
1808729
1809317
1810130
1811232
1812209
1812967
1813531
1815311
1816186
1816786
1817349
1819324
1819566
1826589
1827199
1828233
1830236
1831448
1832118
1835773
1836577
1837270
1837951
1838610
1839327
1852586
1853171
1853666
1854171
1854560
1855054
1855625
1856195
1856706
1857700
1858323
1875339
1875870
1876839
1877212
1877580
1877993
1904676
1931450
1932655
1933061
1933394
1933709
1934029
1934304
1934594
1934859
1935100
1935566
1935798
1936279
1936526
1936779
1937052
1937393
1937782
1938288
1954471
1954983
1955899
1956418
1957119
1958611
1963822
1964339
1964777
1965162
1965534
1965927
1966261
1966583
1967161
1968147
1969020
1969582
1970675
1971342
1971824
2021031
2022228
2022916
2023470
2024203
2030996
2032168
2032667
2033539
2034144
2034718
2046181
2046624
2046985
2047293
2047604
2048102
2048331
2048570
2049157
2049494
2049856
2050251
2050864
2066698
2067091
2067858
2068458
2068865
2069464
2073247
2074237
2074754
2075323
2075752
2090708
2091104
2091470
2091874
2092560
2124583
2129973
2130470
2131065
2131793
2134115
2134989
2135615
2136528
2137205
2137701
2138092
2138551
2138930
2139362
2139694
2139996
2140380
2140948
2141674
2152476
2155541
2161031
2161506
2162372
2179478
2180187
2182332
2208565
2209916
2210879
2211690
2212255
2212774
2213409
2213987
2215365
2216667
2217254
2218092
2218804
2220119
2221632
2225286
2225814
2226469
2226896
2228110
2229232
2259584
2260440
2261114
2262556
2263260
2263701
2264504
2265172
2265724
2266297
2266930
2267822
2269133
2269886
2271086
2271758
2272965
2273602
2274128
2274663
2275195
2275705
2276554
2281530
2289128
2289935
2290390
2290908
2291511
2292910
2293922
2294704
2295682
2296131
2296878
2297901
2301519
2301950
2302467
2303171
2303532
2303929
2304365
2322725
2323256
2323809
2325311
2332645
2333267
2334228
2340088
2349864
2350577
2352057
2352592
2353449
2354280
2354936
2355196
2365028
2368361
2370033
2372412
2373138
2373618
2374304
2374996
2376688
2377667
2378378
2379080
2379597
2380218
2380826
2381508
2382235
2389226
2391501
2398313
2421576
2435040
2435966
2437019
2437752
2438379
2439119
2439847
2440279
2441700
2442771
2444035
2465834
2475685
2476769
2477601
2479386
2480075
2480903
2481863
2484684
2485614
2486203
2486720
2487467
2488244
2488999
2493529
2494310
2495306
2496131
2496703
2498174
2500527
2501079
2501788
2502329
2502876
2503296
2504203
2504917
2505799
2507091
2529309
2538053
2538666
2539697
2540339
2540977
2542120
2542775
2543701
2547291
2549191
2550708
2552143
2552729
2553684
2555240
2556202
2556941
2557872
2559310
2560694
2561784
2580732
2581915
2582766
2583436
2583857
2584546
2585586
2586094
2586591
2587159
2587986
2589184
2591223
2592010
2606244
2607787
2621076
2622808
2623450
2624199
2625963
2632986
2633723
2634434
2635283
2636304
2639925
2646763
2649559
2654364
2654876
2656115
2657070
2659248
2659664
2661452
2664522
2667373
2667977
2669045
2669765
2670643
2671313
2671825
2672607
2673236
2673939
2674507
2675196
2675598
2676144
2676675
2677210
2677721
2678799
2700279
2706255
2707242
2708239
2708838
2709764
2712013
2712837
2713513
2714545
2715231
2716570
2717287
2717857
2718436
2719043
2719830
2720367
2721243
2725719
2726656
2732028
2732487
2732879
2733333
2733677
2734105
2734993
2745558
2753425
2754243
2754945
2755691
2756511
2757069
2757450
2758231
2758963
2759447
2761547
2762984
2763737
2764433
2765580
2769747
2778390
2779085
2779397
2779862
2780216
2780594
2780941
2781277
2781639
2782154
2782553
2783154
2783933
2793181
2793765
2794488
2795686
2796232
2797279
2798069
2799206
2805897
2806838
2807415
2808022
2812043
2813425
2821984
2822526
2823914
2824336
2828794
2829080
2829443
2829753
2830333
2830587
2830860
2831152
2831437
2831826
2832547
2833320
2833819
2834442
2835034
2835651
2836059
2836713
2837118
2837576
2838041
2838506
2839114
2839504
2839841
2840199
2841041
2841476
2841858
2842478
2844276
2847670
2848190
2848805
2849540
2850106
2860740
2861342
2861749
2862084
2862532
2862857
2863639
2863933
2864264
2864628
2865064
2865469
2865830
2866366
2866758
2867340
2867975
2868723
2869152
2869499
2869837
2870523
2870847
2871168
2871554
2871945
2872296
2872780
2873210
2873568
2874467
2874955
2875639
2904736
2905503
2906032
2906590
2907472
2910137
2910522
2911017
2911354
2911776
2912633
2913142
2913741
2914440
2915016
2921717
2923427
2945572
2950082
2950538
2951085
2951951
2952667
2964306
2964714
2965063
2966036
2981503
3002324
3012309
3014574
3029131
3029627
3029958
3030296
3030655
3031034
3031384
3031753
3040141
3040686
3041161
3041675
3042567
3053552
3054275
3055126
3074357
3075251
3075889
3076470
3077115
3077970
3081822
3094091
3094601
3095030
3095359
3095792
3096147
3096599
3097106
3104190
3105479
3106257
3106859
3108526
3113406
3114108
3114800
3116417
3117366
3118059
3118697
3119343
3119898
3126142
3126848
3127867
3128698
3129986
3160074
3160622
3160978
3161402
3161827
3162293
3162900
3163461
3164313
3166896
3169886
3178560
3178973
3179274
3179549
3179910
3180191
3180481
3180794
3181460
3181822
3182139
3182558
3182933
3183402
3183984
3184436
3184889
3185448
3191673
3192352
3193014
3200952
3201486
3201989
3202397
3202909
3203858
3204795
3214484
3215422
3216141
3216989
3217638
3218373
3219169
3219796
3220273
3255169
3255760
3256272
3256680
3257356
3258403
3265632
3266721
3267243
3268100
3268721
3269284
3269921
3270773
3271709
3275142
3275879
3276567
3277782
3278506
3279349
3279791
3280484
3281471
3282929
3285975
3286541
3287113
3288043
3297607
3317527
3318077
3319569
3320419
3321114
3321775
3322473
3323188
3323858
3324604
3327472
3327980
3328818
3329605
3330252
3331598
3333470
3335082
3342036
3342563
3343081
3343593
3344470
3345259
3346358
3346889
3347982
3349630
3350422
3351756
3353583
3353972
3354287
3354603
3355094
3355491
3355971
3356507
3357048
3357549
3369227
3369739
3370364
3371125
3401796
3402293
3402752
3403909
3404968
3405433
3405867
3406329
3410489
3411090
3411605
3412112
3440305
3441279
3457715
3462619
3463561
3467804
3468379
3468890
3469264
3469653
3470158
3470663
3471116
3471591
3472277
3473037
3487195
3487730
3488830
3489200
3489649
3490263
3490715
3491125
3515759
3516445
3516851
3517497
3518955
3521696
3522482
3523227
3524297
3533156
3536824
3537569
3541368
3542036
3542770
3543212
3543880
3547775
3548485
3549902
3550364
3550861
3551973
3553856
3554555
3555638
3556879
3557774
3561753
3562926
3570147
3570983
3572274
3572866
3573678
3574491
3604607
3605306
3606034
3606500
3606970
3607566
3608325
3609831
3610482
3611236
3612032
3612642
3613374
3614666
3622763
3623314
3623812
3624237
3624666
3625200
3626233
3627658
3641439
3642861
3644147
3645196
3646255
3646853
3647636
3648633
3654187
3656936
3661026
3661778
3662253
3662573
3662917
3663342
3663636
3663991
3664372
3680528
3681182
3688935
3689796
3691287
3692382
3692938
3693800
3717495
3718162
3718800
3719520
3720299
3720919
3721793
3722227
3722795
3723574
3724102
3724654
3725793
3726358
3726967
3727806
3728394
3728875
3729299
3729909
3748854
3749435
3749958
3750862
3756973
3757485
3758040
3758570
3759323
3764150
3770084
3770640
3772788
3794459
3795076
3795685
3796492
3798739
3799628
3800648
3801438
3802118
3802535
3803054
3803582
3804039
3804518
3805470
3806357
3806968
3808183
3808653
3809241
3824367
3825096
3826180
3828884
3830363
3831018
3831743
3832507
3842145
3843026
3843627
3844229
3844868
3845451
3845950
3847975
3850471
3851437
3852662
3853257
3854911
3862476
3875207
3875940
3877178
3879196
3880071
3884873
3887444
3887975
3888420
3889183
3889492
3889802
3890084
3890357
3890631
3890909
3891260
3891554
3891902
3892262
3892656
3893165
3893784
3894719
3907825
3908397
3908842
3909563
3910095
3910795
3911521
3918097
3930173
3930956
3931757
3932138
3934684
3935282
3935715
3936149
3936761
3937634
3938517
3939840
3944230
3945081
3945934
3946491
3948015
3949738
3950185
3950901
3951846
3952430
3952900
3953738
3970358
3975061
3976508
3977769
3978423
3979402
3989654
3990462
3991367
3992325
4001487
4013844
4014819
4016430
4017824
4018524
4020557
4021393
4024396
4025965
4029039
4029816
4055605
4056302
4056928
4057797
4058623
4059134
4060249
4070813
4071305
4071839
4072596
4082457
4082923
4083306
4083731
4084103
4084546
4085052
4085615
4086270
4087689
4091917
4092406
4092764
4093168
4093581
4094056
4095241
4097485
4098146
4100486
4103490
4103972
4104346
4104886
4105488
4105919
4106420
4106942
4107344
4107842
4108396
4109695
4110309
4110975
4112074
4113441
4113946
4114450
4114941
4115672
4116148
4116650
4117694
4118132
4118712
4119227
4119670
4120160
4121333
4122266
4122752
4123177
4123984
4143172
4143637
4144010
4144517
4145260
4146099
4147287
4152448
4170259
4170751
4171270
4171740
4172155
4173795
4174656
4175226
4175859
4176448
4177065
4180730
4181786
4182462
4183382
4185545
4186935
4188269
4189171
4190749
4193448
4193941
4194452
4194849
4195334
4195818
4196280
4196896
4216945
4232142
4232583
4233040
4233614
4234105
4234716
4235211
4235680
4236482
4238050
4238573
4239324
4239938
4240498
4242270
4247020
4247825
4249588
4268236
4275607
4276567
4278928
4279504
4280008
4280501
4281222
4281961
4282965
4284354
4284900
4285279
4285453
4285723
4296715
4297881
4298967
4301142
4304774
4307095
4312559
4313207
4313702
4314318
4314675
4315223
4315808
4316697
4318279
4319410
4319897
4320515
4320917
4321341
4321724
4322168
4323824
4327440
4328198
4328874
4329474
4330465
4353176
4353633
4354207
4355112
4355804
4356547
4357187
4357695
4358111
4358620
4359438
4360924
4361525
4362943
4363819
4373049
4373668
4375204
4375839
4376657
4377285
4377827
4378426
4379825
4380783
4383093
4384253
4385348
4388378
4389004
4389423
4390351
4390881
4391538
4392638
4402489
4402930
4403315
4403642
4404085
4404463
4404811
4405697
4406329
4407068
4407691
4408140
4408484
4408803
4409113
4409440
4409776
4410090
4410551
4411115
4412220
