288.4665
997.6579
1372.002
1776.326
3650.548
6905.47
12172.67
13355.66
13905.62
14279.51
14838.86
15687.08
16391.04
16870.4
17642.79
18149.65
18791.78
19178.02
19660.39
20082.88
20755.13
27318.54
28982.67
33354.51
34404.17
35052.5
36975.16
44088.56
44690.12
47186.62
50469.71
50816.41
51236.01
51271.56
52848.83
53306
73480.87
77049.5
80057.76
81498.68
82911.42
90304.65
92424.65
98155.29
98736.48
99628.18
100125.2
101151.4
101500.2
103845.5
106867.7
108052.6
108166.6
109142.9
110730.6
112060.1
112780.5
113502.7
118421.3
119593.1
123285.8
124641.2
141687.4
143912.6
161566.4
162673.3
163014.6
163624.4
167251.3
167590.5
168598.5
170826
171774.7
173070.1
175499.5
187552.8
189331.9
189990.1
190378.3
191268.6
199189.4
200225
202321.1
202933.6
203942.5
204482.4
225763.5
227199.5
228411.4
229439
231286.7
232517.7
233126.8
233796.5
233822.5
234084.8
234732.9
236769.1
237685.5
238242.1
238264.9
238761.2
241903
245653.8
248877.2
250511.2
250854.5
251323.5
251722
255875.3
256735.5
257687.9
260323.8
262484.1
264052.6
270702.5
271237.4
271796.5
272376.7
273716.8
281090.9
281476.5
281870.6
282304.9
291190.7
291785.4
292169.8
293450.7
294588
295182.7
295627.5
296176.7
298385.9
299945.8
305024.2
305573.9
316848.9
319422.7
321253.5
321740.6
322733.8
324900.5
338397.5
346540.4
346746.7
347323.1
349936.3
363676
364504.3
364970.4
365717.2
366523.3
367195.9
368105
369894
385048.4
405501.3
408631
409415.9
410934.5
415115.5
429821.2
430545.6
431041.5
454146.5
458589
464166.4
466802.4
467681.2
468452.1
469024.2
470839.9
484327.8
498028.6
499810.9
501724.6
502484.3
505049.7
518438
518460.2
542040
542612.2
547521.8
547958.5
548401.8
549826.7
551513.9
559825.7
563460.6
566573.3
567268.7
586027.6
587991.4
592532.5
594072.8
596885
597862.9
632318.7
635161.1
636447.2
637398.6
638423.2
638910.7
639411.6
639779
640598.4
640972
641286.8
641799.2
645859.3
648160.9
650282.6
650818.5
651435.1
651932.3
662486.3
663591
664006.2
664461
666019.7
672461.2
679938.3
681248.4
697777.2
698777.5
698911.7
700945.8
701370.7
701648.6
702435.5
704844.5
707986.7
723761.3
724607.3
726664.9
736257.4
737520
738146.9
738708.1
739155.5
739754
747990.1
751312.1
751950.3
752474.7
753453.7
768503.5
769265.8
770254.6
771487.5
776686.7
778561.1
781887.7
786907.6
787606.2
788178.5
788812.3
789481.7
797227.6
798915.5
800205.9
801222.5
801464.6
802142.4
803027
804724.7
806823.9
807343.7
808169.7
808621.6
809113.4
809690.6
815538.5
816006.1
816498
816929.2
827574.9
828793.1
830459.1
833843.3
835063.9
835636
836627.6
837244.9
838795.3
850310.3
850978.7
851612.9
852903.9
853957.8
855152.1
856330.2
860648.5
864650.1
865315
868865.6
869593.2
878632.6
880633.9
905389.3
905721.6
909753.2
920980.1
931241.8
938410.5
939453.9
947536.9
949496.6
955153.4
957804.2
962430.9
965822.5
967144
971897.3
974220.9
977258
978658.8
981273.5
993179.6
1015091
1015893
1018145
1018800
1020024
1021185
1021632
1022545
1027005
1027763
1028126
1029368
1029933
1030436
1032138
1039194
1052211
1059013
1059219
1067444
1074426
1075505
1076787
1087755
1088900
1090743
1091244
1091623
1092256
1093433
1109246
1111705
1117189
1122640
1123193
1124050
1124701
1126965
1139749
1142988
1143691
1144230
1144774
1145192
1146316
1146914
1149761
1152880
1153517
1160972
1161593
1162055
1162558
1163421
1164496
1164876
1165239
1165923
1166835
1167655
1168155
1169015
1171278
1172576
1173141
1173590
1175595
1176016
1177137
1178339
1187127
1188333
1191041
1206984
1207551
1209047
1210428
1216761
1217453
1217984
1218902
1224773
1225715
1230809
1237583
1238640
1239624
1240263
1241752
1242839
1249837
1250778
1258357
1260933
1269388
1277144
1277804
1282130
1286553
1287004
1289221
1290932
1301158
1303720
1304216
1304665
1305005
1305450
1305822
1306257
1306735
1307134
1309222
1309661
1310762
1320762
1321312
1321894
1328922
1331183
1354898
1364578
1366377
1367080
1378582
1382248
1392435
1398919
1402885
1405049
1406323
1408090
1417040
1432443
1440256
1441361
1446139
1458922
1459562
1463583
1465032
1465604
1472957
1474984
1477813
1484204
1484630
1485524
1486001
1492816
1493890
1494679
1506090
1506584
1514933
1519277
1521143
1525570
1528243
1530266
1530691
1534794
1538074
1538912
1539654
1540829
1541367
1541810
1544585
1549187
1551232
1552447
1553287
1558164
1558879
1558992
1585849
1588272
1588911
1590856
1593202
1600633
1601076
1609792
1613590
1617347
1619181
1624234
1634985
1635798
1636490
1638335
1653044
1654989
1657387
1681069
1682923
1687477
1707099
1712952
1713475
1714351
1717391
1720295
1721143
1721666
1732768
1733481
1734642
1735401
1735884
1736401
1737437
1741735
1748656
1751033
1752709
1757281
1758086
1759122
1760845
1761956
1762839
1772366
1778339
1779011
1779972
1804067
1806773
1809321
1811347
1812102
1812963
1813694
1819754
1820555
1832217
1848282
1851431
1877870
1895325
1895797
1915099
1916564
1919429
1920352
1920932
1921755
1922537
1923653
1924137
1932229
1932738
1933844
1934408
1934839
1935700
1936388
1939083
1941626
1948123
1951263
1952127
1953870
1954313
1956991
1957671
1958301
1958674
1958923
1959533
1960653
1962320
1963182
1964714
1967096
1968870
1975728
1977318
1978278
1981593
1983190
1983864
1984474
2001484
2009932
2028353
2054545
2059945
2078099
2107075
2108982
2112626
2121884
2122611
2123248
2129518
2135622
2146602
2147545
2148496
2154462
2155031
2164267
2166867
2168994
2171942
2185160
2207682
2208348
2209153
2210535
2211180
2212408
2218274
2219173
2220012
2222048
2228206
2250565
2253033
2265781
2286280
2293227
2298502
2303421
2303862
2304334
2307843
2315366
2315794
2316322
2321522
2323895
2337548
2338789
2347360
2356776
2357480
2357898
2358211
2358488
2358787
2359081
2360185
2360975
2361320
2370279
2373751
2375615
2377414
2380246
2380866
2382751
2390685
2392033
2397416
2398298
2417250
2420696
2421418
2424588
2425475
2426890
2427712
2433348
2442282
2450498
2450992
2457326
2462666
2467580
2474808
2479152
2507233
2507653
2509205
2520349
2533403
2540981
2543915
2546999
2547627
2547950
2549225
2556923
2560644
2571658
2576244
2579376
2580451
2581659
2582356
2587755
2588646
2589176
2589717
2590989
2591521
2591941
2592453
2597997
2600915
2602465
2602920
2603726
2604600
2605479
2611419
2613002
2614357
2614892
2616027
2623531
2628484
2630021
2643274
2648336
2651505
2651685
2652866
2653564
2654580
2655611
2658013
2677813
2678934
2680026
2707279
2709995
2710810
2711295
2738037
2746687
2749127
2750978
2751629
2769644
2769746
2772204
2772998
2773884
2777186
2777656
2783123
2785924
2794881
2800896
2806298
2806935
2807748
2809355
2810242
2811634
2813077
2818332
2826714
2831011
2839577
2841232
2850274
2863415
2871946
2875217
2875940
2876716
2878359
2879897
2890387
2891085
2894325
2914009
2914428
2915432
2915971
2916389
2917150
2917703
2918188
2920782
2929110
2929912
2931746
2932514
2948018
2959345
2959975
2960518
2961572
2962181
2964002
2964499
2965126
2965735
2967137
2968559
2986026
3000885
3001679
3002435
3002870
3003500
3004130
3004922
3006694
3009067
3009705
3011317
3023202
3029682
3032171
3033705
3036210
3037159
3037708
3038627
3039314
3039749
3040737
3042174
3043185
3045606
3045893
3047038
3047342
3047662
3067110
3067805
3074600
3111088
3114465
3115382
3127111
3130972
3160288
3173105
3174443
3185098
3185804
3188857
3189652
3190123
3192696
3193251
3197372
3197904
3204888
3206786
3207476
3207818
3208641
3209061
3209441
3209866
3210236
3210701
3211115
3221311
3222144
3225550
3225955
3226550
3227112
3227551
3227923
3228666
3229536
3230642
3233710
3234343
3238989
3239350
3239692
3240027
3240391
3246101
3246989
3251669
3278310
3301890
3302673
3303139
3303740
3322143
3326409
3327261
3327939
3328436
3328942
3329393
3330329
3331542
3334445
3337387
3337962
3338656
3340572
3346151
3352897
3354571
3373174
3392708
3396827
3397419
3397873
3398367
3401642
3402579
3404114
3405412
3405799
3406356
3407303
3419643
3420212
3420682
3421143
3421952
3424536
3434315
3450846
3451436
3454379
3455007
3456293
3457895
3463857
3492692
3510020
3511941
3527068
3544721
3552399
3552926
3570077
3570862
3576509
3577197
3577829
3578874
3603354
3605845
3612780
3615930
3617969
3620877
3630526
3631073
3631687
3632219
3633424
3637220
3638283
3639889
3640699
3641441
3651507
3652111
3652563
3653216
3661281
3662021
3667694
3669150
3670194
3670927
3671629
3678540
3683320
3683796
3693503
3700025
3702262
3702942
3703440
3703776
3705458
3706916
3708091
3708563
3708955
3709377
3709764
3710211
3710800
3711217
3711553
3712224
3713309
3729223
3733283
3737737
3748370
3749011
3751069
3751674
3752244
3753515
3755447
3759669
3760493
3760922
3761375
3762653
3765123
3765992
3766446
3767734
3768184
3768547
3769708
3770829
3771219
3772144
3784742
3786146
3788224
3789116
3789698
3790061
3792107
3802774
3806415
3807339
3808092
3820521
3826645
3827427
3828210
3830443
3830959
3831280
3831750
3832196
3833368
3840451
3841030
3842512
3843235
3843572
3843976
3844006
3845449
3846177
3847039
3847456
3848397
3848542
3849189
3849813
3850354
3851347
3852491
3853126
3853798
3856671
3861172
3862462
3863622
3864549
3865267
3867849
3888676
3922286
3922876
3923418
3924106
3924885
3937584
3938193
3938581
3974921
3979711
3981357
3982200
3986600
4001059
4004713
4005113
4005823
4006913
4007620
4008300
4009137
4013094
4014061
4014737
4027035
4056326
4056954
4057633
4058583
4072941
4075311
4076128
4076613
4077411
4092459
4094292
4094625
4095524
4097751
4101990
4102706
4103703
4104657
4106700
4114008
4114705
4115370
4116971
4124314
4125266
4128218
4133027
4133921
4136422
4136943
4142046
4143284
4148830
4155307
4161158
4162438
4165235
4166841
4168428
4179614
4181340
4187566
4188310
4194533
4198008
4199703
4204827
4206914
4217266
4226431
4230006
4236153
4245175
4245906
4246109
4253217
4283231
4315848
4316556
4317246
4318004
4318581
4324326
4330766
4334742
4335404
4336146
4337324
4338906
4341095
4345111
4348604
4349228
4349454
4350553
4351348
4363013
4363694
4364585
4364700
4366090
4370898
4399669
4401297
4402924
4406253
4407050
4407490
4407807
4408477
4409583
4410157
4418114
4419534
4438955
4440126
4443140
4443999
4444986
4450318
4452972
4454511
4455179
4463443
4463989
4466211
4479832
