6937.243
8035.84
8121.763
8816.924
10683.64
12878.42
13876.58
16707.42
20055.54
22819.73
23596.19
27728.45
28740.37
35693.48
36976.79
38361.41
39075.86
40284.89
41399.47
42923.13
43142.94
44995.32
46614.54
47723.32
49494.87
50470.62
53147.14
57105.27
59603.04
60632.06
62742.8
65536.92
66202.24
71837.88
74437.4
74829.84
75521.52
77467.7
78190.91
78721.45
78995.69
79779.33
81251.66
81823.5
84980.13
90805.28
93100.79
96202.68
98449.65
103508.4
108739.2
118066.4
118883.8
130238.1
134785
137558.5
138520.6
139035.8
139368.2
139548.5
140853.4
141125.2
141387.8
141687.5
143207.3
143503
148095.9
148847.4
149696.8
151535.2
154301.4
156867.6
161584
163113.2
164509.7
165590.4
166753.6
170765.6
172003
172599.3
173208.5
173982.7
176525.4
176866.1
177852.6
178967.3
179114.4
179944.1
180528.8
181637.1
183520.7
185286.4
187172.8
187936.7
188527.4
200778.1
207599.9
207920.3
211623.8
213582.3
217855.2
218293.5
223475.2
225606.1
229779.7
232918.1
236519.5
238082.4
239341.7
240882.8
241902.3
242096.1
243331.6
256330.7
259022.1
262974.1
267813.4
268807.1
271305.7
278231.6
278935.6
280976.2
283737.4
284400.1
284972.3
286825.2
290464.2
292268.9
293296.9
294212.4
294847.8
295713
297157.1
298659.9
299307.8
300156.6
302184.9
312499.4
313588.3
314064.3
314887.2
323734.1
324508.4
325138.4
325356.4
325858
326303.8
329911.5
332047.7
334632.2
334800.2
336619.3
336893.6
338962.3
340402.1
342218.3
343514.6
345229.5
345269.2
347304.6
348207.2
351586.4
357095.9
357849.5
358342.4
359604.8
360369.5
361219.1
361542.6
365790.3
366874.5
367757
368942.3
376736.5
377376.9
378759
382458.2
386037.8
386078.6
386866.3
387883
387950.6
388260.7
391371.5
394277.9
394832.9
397897.2
399030
408998.3
410963.5
411607.2
418790.3
419644.1
419711.2
428922.7
430344.7
451530.5
452912.1
454172.3
457196.2
461290.2
467192.2
467985.4
470611.7
474958
478637.6
480293.5
492308
493440.8
496494.6
497682.3
502637.9
504242.7
505778
505936.4
508933.7
510457.5
511209.7
517397.3
518807.7
519249.2
519311.8
519830.5
527496.1
530547.8
531508.2
532781.4
535182.3
536832.5
537982.6
538173.3
545158.6
547477
552351.4
553042.1
554866.9
555566.8
557080.2
559048.4
559049
559826.9
560802.3
561563.7
565216.2
567920.2
572801.7
575160.1
575670.3
576486.6
577577.7
582520.4
583207.1
583625.2
584849.2
585538.9
585805.4
586181.2
587545.2
588773.1
589663.5
590315.6
590649.4
590927.4
591212.2
591574.8
593416.5
593879.1
594016.9
594140.5
594519.1
594873.2
595200.5
596623.3
597726.5
599065.9
606628.5
612429
614844.6
615067.5
617810.2
619817.6
622406.6
623354.2
626377
639823.2
642871.9
646208.1
647867.3
653108.2
656515.8
657273.2
660513.4
661075.2
665538.2
666508.5
667263.2
668504.3
672771.1
676136.6
677107.6
678084.2
678538.8
679260.3
679362.3
679476.6
682472.8
683504.9
690249.8
699300.7
712031.6
712981.4
716837
718217.7
719702.4
726663.8
729271.3
730241.1
730973.9
731660
731903.4
733643
737579.7
738161.9
740622.3
742325.2
744526.4
744620.4
745135.3
747993.3
748744
755834.3
755837
758380.6
761712
768504.3
771390.8
771755
772510.6
773126.2
782485.7
787285.4
790102.5
790682.9
801166.9
803477.6
803702.8
809543.6
809870.7
810196.5
810311.8
811257.2
811507
811758.9
812705.8
813174.8
817046.2
818631.9
820436.6
824173
825718.4
828655.7
829473.3
831022.1
831639.3
832501.8
832947
833563.4
839340.5
841168.3
841823.5
845353.4
847779.3
850279.5
853135
853666
854285.4
855687.3
857060.1
857882.2
859877.6
860648.5
863196.9
871974.6
872358.6
872614.3
878330.8
879075.6
880276.6
900709.9
902574.7
907348.5
909302.4
909932.9
914705.2
918965.7
919591.8
920013.8
920628.6
922106.3
922894
923031
924368.4
926131.6
926324.1
926988
927140.5
927519.2
927962.6
929431.4
936982.6
947466.5
951496.2
953130.9
957883.4
958676.7
958697.6
960536.2
961081.1
965717.1
966068.3
966495
967692.6
972387.4
973091.8
978660.3
981272.1
982949.2
988120.5
988226.4
1000105
1000779
1009216
1009807
1012763
1015264
1015914
1016697
1021123
1023682
1024486
1026329
1027914
1030849
1031104
1031482
1031550
1032147
1036168
1037949
1038516
1039197
1041957
1046129
1046721
1047575
1047776
1047888
1048058
1048727
1048882
1049906
1055243
1055975
1057712
1059219
1059989
1064892
1065676
1066583
1066943
1067419
1068225
1069731
1069929
1077820
1078609
1086157
1088361
1091125
1095787
1099402
1102620
1105172
1115122
1115956
1116514
1122027
1122146
1124702
1125208
1133535
1134980
1135862
1136716
1137128
1137234
1137638
1138548
1144652
1145288
1145788
1146624
1147985
1149325
1149938
1150560
1151315
1152493
1153430
1154624
1155178
1155644
1156213
1156933
1161788
1173330
1174648
1177038
1177936
1178565
1183642
1187095
1189431
1190006
1190533
1191399
1191459
1192029
1196319
1196803
1198221
1202563
1203436
1203956
1204604
1205787
1206794
1207956
1209508
1209698
1210603
1211364
1211504
1211758
1212083
1214926
1215725
1217476
1222909
1223096
1225198
1226234
1226819
1229899
1231487
1238737
1261500
1264062
1264482
1265220
1266326
1267562
1269236
1271978
1275628
1278113
1278320
1283757
1284949
1286430
1288519
1290081
1293969
1296417
1296902
1297322
1299188
1300801
1302245
1305951
1306563
1309139
1314686
1315552
1319252
1320543
1320980
1321417
1321794
1322198
1323738
1325501
1354352
1356519
1360890
1373058
1375669
1376146
1376598
1376689
1378196
1378343
1379786
1381108
1381252
1381419
1383259
1386382
1387993
1389870
1391241
1392154
1392435
1396838
1398231
1400439
1401184
1401494
1418376
1446300
1449163
1452520
1453446
1463901
1464283
1464830
1467349
1468520
1469660
1471128
1471551
1472747
1473168
1473937
1474491
1489197
1490964
1492115
1492817
1494168
1494698
1495462
1495638
1496128
1497951
1501309
1504300
1504420
1506290
1506843
1507314
1507511
1507612
1511108
1511740
1516327
1517280
1517701
1517868
1518628
1519297
1527048
1527783
1534794
1535319
1546778
1553973
1554474
1556177
1556510
1557525
1559653
1560672
1561925
1562200
1567245
1570871
1572341
1573327
1574648
1589559
1590941
1591711
1596487
1597122
1597577
1598154
1598686
1599463
1600034
1607197
1610992
1612335
1613203
1615882
1616863
1617763
1618408
1618693
1619251
1619329
1621393
1621851
1626279
1626913
1627454
1633059
1641550
1642456
1644152
1652852
1653863
1655888
1656945
1662358
1665229
1667381
1668242
1669656
1676442
1679756
1681425
1687250
1692278
1696463
1697023
1700470
1710995
1711688
1729241
1730152
1731046
1731793
1732467
1732539
1733972
1734017
1737111
1740191
1740992
1742882
1743311
1745325
1746006
1747564
1748789
1753059
1757031
1759669
1761748
1765480
1766219
1766920
1767395
1768906
1769855
1770888
1772740
1773149
1775980
1822170
1824853
1825805
1832651
1833205
1833861
1834567
1837093
1844386
1845373
1846656
1847669
1848466
1849471
1849571
1852677
1855474
1855872
1857997
1864739
1869571
1870017
1874007
1876838
1881188
1882058
1884103
1884395
1892651
1895327
1896334
1897550
1898390
1898842
1899033
1899708
1904935
1908079
1909051
1910297
1922215
1923132
1924495
1925695
1930799
1938784
1940134
1941496
1942259
1943934
1953619
1954382
1955003
1955904
1981255
1982607
1983908
1989140
2000160
2001849
2004463
2005650
2007369
2007666
2008727
2013438
2015109
2015795
2016310
2018471
2019206
2023230
2024184
2025230
2030385
2031945
2033705
2034445
2035595
2037970
2039216
2045238
2049616
2050601
2051942
2052623
2054329
2054662
2059481
2060404
2060966
2060999
2062424
2066293
2067834
2068709
2070729
2075927
2079023
2079629
2081466
2082114
2083108
2083264
2086591
2089770
2092863
2093763
2094385
2097950
2100150
2104548
2105917
2107495
2108661
2109636
2109901
2110220
2111868
2114446
2116229
2120028
2121457
2122758
2123946
2124553
2126259
2126426
2126651
2128211
2128269
2129571
2130504
2131924
2133301
2134183
2135019
2135065
2136174
2137077
2137785
2139130
2140837
2141337
2146116
2147445
2148971
2150463
2151126
2151542
2151825
2155252
2155718
2157220
2157978
2158740
2159858
2164522
2165198
2166020
2174214
2176156
2176681
2177153
2178623
2182947
2184438
2185687
2188754
2193134
2193469
2194415
2195292
2196709
2198852
2202903
2204923
2205990
2206664
2208182
2208824
2209420
2210604
2211903
2212874
2216732
2229378
2250846
2251160
2251509
2253181
2264085
2265200
2267968
2269508
2270992
2272087
2272779
2273725
2275822
2277305
2278810
2280347
2291883
2293660
2294455
2299097
2300034
2304944
2309835
2314937
2315662
2318046
2318890
2320131
2320450
2322166
2323517
2323727
2324266
2324931
2325075
2326685
2327723
2329200
2347361
2348897
2349195
2352125
2352722
2353477
2354114
2354632
2355110
2355614
2356020
2356170
2356846
2357300
2357422
2374892
2379421
2379809
2381201
2381618
2386160
2386514
2387476
2390059
2391258
2395456
2396777
2398334
2399745
2402229
2403651
2404709
2406135
2407940
2408859
2410938
2411598
2411937
2412610
2413367
2416165
2416166
2416290
2417247
2420763
2421913
2423124
2423773
2424323
2425299
2427229
2429717
2430833
2433069
2433396
2433649
2434041
2434775
2434914
2438172
2440864
2443052
2444142
2444607
2445033
2446526
2449109
2450842
2460033
2464582
2465950
2469264
2473250
2476492
2476997
2478196
2479153
2480026
2486359
2489992
2491669
2493466
2503144
2503764
2503973
2504814
2504816
2505198
2505889
2505982
2507984
2509110
2509559
2511143
2531656
2533404
2542081
2551810
2551834
2553659
2553728
2554442
2555057
2555398
2555845
2557850
2560257
2560762
2560961
2561551
2562873
2564783
2566077
2566908
2567484
2568652
2569541
2570644
2570865
2572783
2574804
2579888
2581151
2588306
2589933
2603040
2607926
2608626
2609415
2611172
2614297
2616311
2617254
2617963
2621935
2623293
2625666
2627171
2628531
2628685
2632308
2634660
2634796
2640940
2650074
2669942
2672254
2674253
2678757
2680081
2704137
2707145
2712233
2716091
2719252
2720456
2721968
2724900
2728919
2734876
2737901
2738510
2738811
2739520
2743435
2745790
2746688
2748995
2750358
2754213
2757073
2759165
2761694
2762367
2764718
2765183
2768663
2780098
2780553
2781703
2781757
2785446
2785623
2786225
2788384
2791624
2796920
2802887
2803306
2804544
2805165
2805725
2806325
2806476
2807731
2809336
2809770
2810770
2812152
2814833
2818534
2819923
2824094
2825117
2830576
2831353
2834208
2835286
2835932
2841178
2843450
2846283
2860580
2864107
2864673
2869065
2869969
2870657
2877170
2878191
2881369
2881977
2882472
2883010
2886805
2887604
2889399
2889428
2889474
2894325
2896009
2896771
2908237
2908688
2909434
2916243
2921127
2921806
2937300
2938479
2939227
2939409
2939442
2941044
2943104
2944481
2944617
2947575
2953689
2957116
2960667
2961381
2961979
2963866
2966640
2971245
2973963
2974702
2974731
2975230
2976527
2977476
2978550
2979442
2981840
2983391
2984788
2986026
2988157
2989914
2995716
3004754
3008415
3009813
3010294
3010898
3011760
3018070
3019624
3020377
3020414
3021788
3022327
3022797
3023910
3024758
3024797
3028888
3033984
3034427
3035983
3037386
3039561
3039712
3041233
3043269
3044955
3045606
3047036
3047073
3047767
3070224
3070740
3072231
3073448
3075527
3078222
3078461
3078496
3082908
3082943
3084051
3084735
3086154
3088130
3089416
3091132
3092069
3092110
3093249
3094697
3095763
3097159
3098550
3099380
3100477
3101018
3102705
3109045
3116072
3116606
3118421
3122144
3125357
3126311
3127356
3128132
3129849
3130370
3150209
3155884
3158964
3170389
3174036
3179297
3180312
3180533
3181555
3181995
3182657
3188023
3188376
3189013
3190186
3194151
3207624
3211014
3211156
3216036
3218180
3218771
3220102
3221184
3221930
3226702
3227281
3227984
3228093
3233575
3233636
3235116
3237174
3237752
3238013
3238521
3239123
3240301
3247959
3253914
3256554
3261367
3264629
3270194
3274009
3279954
3281257
3291979
3300932
3305219
3305382
3306160
3308195
3311826
3313304
3313883
3314497
3315972
3316565
3318745
3326882
3328265
3330892
3333068
3333768
3336895
3343386
3345365
3346150
3347477
3353231
3355933
3361811
3362544
3362640
3374399
3377154
3378335
3378378
3379085
3379200
3380967
3383873
3397502
3404402
3410207
3412389
3413266
3414145
3414206
3414698
3415198
3415238
3415796
3416570
3417362
3418206
3418933
3420105
3423511
3424246
3424734
3425220
3425833
3429670
3430907
3445943
3447224
3450725
3453697
3453762
3456958
3457644
3458761
3461734
3462924
3465293
3467508
3472192
3484294
3485076
3486144
3486734
3488112
3490260
3492869
3501504
3503625
3506832
3507599
3508350
3508725
3509300
3511486
3514119
3519234
3521702
3521794
3523301
3529159
3529996
3535572
3535622
3536080
3536574
3538641
3539823
3548018
3548589
3549825
3549826
3554405
3556093
3556695
3564163
3568041
3568317
3568954
3576223
3576998
3577545
3578476
3600355
3601497
3604406
3604901
3605413
3605700
3607180
3621015
3621879
3623747
3626820
3627049
3627089
3629485
3630643
3631985
3632780
3635049
3637807
3639356
3642946
3643546
3647166
3651733
3657605
3658146
3660340
3663308
3663743
3664116
3665624
3668081
3670508
3674945
3675704
3676977
3678779
3680378
3685027
3685181
3685485
3685581
3687084
3688299
3689132
3692932
3693342
3693638
3694472
3695305
3700146
3701198
3707879
3723304
3724855
3725688
3726633
3728522
3729956
3731055
3737084
3737971
3739012
3748558
3750690
3752918
3762330
3762700
3763244
3763882
3764611
3766110
3788378
3793665
3799224
3800702
3801756
3802560
3805199
3807376
3811172
3813983
3814726
3815238
3823164
3825484
3835893
3836514
3837465
3841253
3847344
3848254
3849014
3850011
3854463
3856746
3858342
3859569
3870017
3870189
3870889
3873112
3873849
3874088
3874826
3875566
3876002
3876087
3876756
3877752
3880313
3905437
3909801
3911043
3911973
3913789
3913830
3914995
3918106
3919636
3924470
3925049
3928030
3933679
3937246
3938843
3938863
3943883
3944425
3945611
3953112
3953112
3953282
3955248
3955967
3972078
3973154
3977248
3978420
3979690
3982087
3982801
3983430
3984210
3984211
3984498
3987027
3988911
3999499
4008318
4008746
4012192
4016780
4019998
4021865
4023718
4024337
4025057
4025418
4027275
4050147
4058735
4059130
4066055
4073313
4076881
4078757
4079425
4079596
4079635
4080145
4080607
4080852
4081461
4084702
4085751
4089091
4098260
4101845
4102214
4102772
4104146
4108648
4110267
4111163
4111702
4112365
4112829
4113550
4119267
4128458
4129568
4133482
4133950
4139796
4140839
4142556
4143711
4146435
4147389
4152026
4152127
4153602
4154961
4158713
4159780
4160689
4162180
4163177
4165453
4168202
4169985
4170114
4171124
4171275
4174352
4174914
4182661
4184460
4185217
4185896
4186031
4186345
4186486
4186793
4187118
4187927
4188661
4191257
4192308
4209743
4210649
4211072
4213121
4214269
4215160
4215289
4215858
4215883
4216744
4217785
4218079
4218739
4222173
4226326
4227648
4228408
4231054
4232802
4236409
4237093
4238118
4238794
4240178
4242846
4243778
4244209
4244780
4245156
4245906
4245981
4249093
4251391
4252574
4256174
4259212
4261409
4261936
4265252
4266220
4267775
4269866
4269990
4270488
4271359
4271511
4272003
4273745
4273956
4274952
4278059
4280327
4282866
4293475
4293587
4309196
4309484
4314212
4315497
4319051
4319946
4320086
4320267
4328016
4328158
4330293
4332256
4341787
4347712
4348354
4349616
4349849
4351121
4351717
4353223
4353513
4355720
4360647
4362052
4363758
4364460
4364940
4365256
4365943
4366421
4367011
4367763
4368646
4369068
4369536
4369892
4370279
4371989
4372855
4382563
4383533
4386184
4386722
4387494
4387644
4388245
4388643
4390915
4391196
4391269
4392422
4396112
4397257
4399871
4399950
4400253
4401267
4401933
4403040
4404838
4404901
4406332
4409884
4410481
4411331
4412577
4413140
4413525
4414846
4419054
4421784
4421948
4431927
4433331
4439550
4440186
4441377
4442608
4444094
4444952
4449209
4450495
4458194
4463707
4466217
4467048
4470211
4472563
4473254
4474690
4478836
4479251
