715.8683
2087.583
4045.594
4922.447
6026.33
6720.692
7852.468
9751.65
10716.38
16984.41
22931.25
24532.31
24817.58
31293.56
36868.38
38853.82
38889.09
45688.99
46939.65
47840.48
51023.04
52676.46
53115.32
53467.23
54099.05
58752.83
67219.37
67770
68381.03
75883.33
81125.23
82378.41
83783.33
90527.58
91279.42
92215.71
94846.18
105365.4
107793.6
108551.9
110650
111901.1
115762.5
124871.3
128417.9
131435.2
133761.7
137467.1
140173
142745.5
142773.3
150384.5
151320.1
151862.7
164023.6
165535
177267
178069.3
179010.8
179641.1
180012.1
184361.5
187255.9
191433.9
199303.7
200270.8
210724.1
217671.3
220619.8
222397.1
223697.5
226679.5
227748.8
227897.4
233248.4
236828.6
238022.8
238392.6
239194.5
244871.5
245780.1
256470.8
267885
268355.3
269133.1
272581.3
274175.2
275583
278273.3
280489.1
291238.8
293766.1
294626.9
295643.8
296368.9
297397.2
298363.4
307278.5
309370.2
312251.4
318721.3
320140.4
329488.9
331999.6
333181.2
335786.3
336558.8
337605.2
338960.4
355820.5
357353.1
358521.6
358905.3
359815.6
360515.2
365633.9
375327
377084.1
379868.9
383678.5
386361.4
389729.4
393490.5
397816.8
398978.2
401392.8
404462.4
404809
406856.1
407857.1
409670
413128.5
418686
427245.1
428499.1
453970
455454.7
456596.6
460590
464423.6
465190.6
465728.5
468739.5
474906.3
477308.2
478554.6
479161.7
481367
492110.7
503227.5
503647.3
504346.5
505237.7
506363.3
507857.6
512581.3
514366.1
522210
529861.8
532573.1
533028.7
533439.9
537909.3
542893.1
543287.3
546572.3
547028.3
547193.1
552217.4
558293
558359
560247.3
560968.6
569816.3
571246.1
572062.1
573313.7
581958.4
585165.1
585259.5
589222.9
590380.4
594879.8
599830.2
605338.8
607303.6
629638.4
633594.6
633967.8
636121.4
639901
640800.9
643480.5
644369.3
644821.7
645183.9
645593.8
653591.4
656243.5
656753.2
659434.8
662629.2
663888.3
671879.3
673241.7
674265.2
676454.4
687370
688244.2
689082.9
689333.1
690304.4
694711.7
702334.3
705579.2
708236
710972.7
719198.5
729061.5
731022.5
731398.6
731462.9
732654.7
744412.9
746237.9
748635.8
749405.2
750394.4
750663.4
750700.1
751013.8
753710.5
754770
755920
756509.2
759403.9
769060.5
769823.5
770943.3
772239.2
773474
777291
779964.6
781833.3
784390
791802.6
794424.2
798926.4
804675.7
805841.7
806541.1
814212.4
815687.8
816237.5
819490.6
823595.4
837124.8
851302.6
855989.5
857058.7
857523.9
858625.8
864673.7
867664.6
873971.9
874551.9
876148
876568.8
880479.6
904598
904863.9
908349.9
911487.9
912364.5
914560.7
915960.6
922027.8
923028.2
924429.8
929174.8
930452.8
930520.6
932854.9
943833.1
945388.8
945642
953369.6
958140.6
959473.8
980110.6
988832.8
990111.8
995293.9
996634
1001795
1007215
1007866
1008277
1009722
1010765
1015372
1020304
1020827
1021380
1034524
1035716
1035927
1037621
1055313
1061068
1062679
1069906
1070321
1071014
1073604
1078424
1080029
1086319
1088274
1088773
1089568
1090379
1091678
1093562
1096759
1100548
1107246
1109812
1110146
1111347
1117445
1124092
1133547
1135799
1137972
1138607
1139009
1140230
1143137
1159469
1165390
1168186
1177687
1183794
1186104
1187288
1187628
1189650
1191016
1194104
1195876
1199750
1203110
1203520
1204505
1205898
1214985
1217752
1219788
1231090
1231207
1233422
1235833
1237771
1244651
1246960
1249271
1249641
1262988
1263027
1270250
1278741
1279217
1281152
1282475
1283855
1294232
1301744
1304624
1306259
1307943
1309960
1313489
1315089
1317727
1321230
1322978
1323519
1324420
1325585
1326255
1329864
1330611
1354147
1358983
1360852
1364840
1367069
1368273
1380178
1392522
1394812
1395184
1400180
1414754
1419336
1431012
1432717
1434083
1440355
1441321
1443043
1455041
1459439
1460034
1460847
1461663
1464689
1465570
1467534
1470455
1474146
1477445
1478495
1481235
1483567
1487312
1488288
1490136
1490965
1501734
1502202
1513292
1513906
1516348
1518581
1518705
1531849
1532306
1542576
1557336
1558165
1560935
1562468
1563593
1566226
1567633
1575619
1576251
1577713
1586957
1599696
1600377
1600845
1604278
1606365
1607359
1608265
1620801
1633933
1637873
1638187
1638792
1641250
1642061
1651299
1651391
1652460
1653499
1654087
1656990
1664635
1667024
1669165
1669630
1672076
1674622
1678802
1681060
1683358
1692801
1695680
1700535
1701047
1709843
1721384
1723695
1723956
1733035
1734868
1739885
1741811
1744462
1748109
1748747
1749239
1756942
1758179
1763662
1773215
1777083
1778589
1779307
1779412
1808600
1809728
1822194
1829304
1829448
1834750
1834928
1836630
1837793
1845105
1845616
1846591
1849745
1849899
1851277
1856888
1864281
1867057
1871696
1873059
1880090
1883522
1890437
1890787
1894557
1894833
1898202
1899936
1914005
1918000
1919209
1922182
1926255
1928634
1937803
1938797
1939869
1955367
1962469
1965804
1966823
1966893
1967161
1968256
1968669
1973550
1978130
1979112
1980153
1980970
1981351
1981989
1982466
1983033
1983813
1983945
1985267
1985860
1987641
1988930
1994273
1999104
2000285
2016784
2020351
2023161
2024400
2028642
2042934
2051823
2051823
2053817
2057812
2071323
2079884
2082551
2084440
2084658
2085130
2085584
2090671
2101162
2103839
2105170
2111676
2114952
2120926
2122471
2125647
2130329
2131816
2135076
2141105
2152561
2160200
2160677
2160768
2165766
2166209
2167123
2178045
2182787
2188550
2193137
2196254
2204809
2206099
2207879
2213686
2213793
2215259
2217581
2218226
2221470
2221902
2222639
2223671
2228378
2253991
2258460
2263556
2264314
2264926
2265646
2267024
2271692
2272996
2276829
2277829
2282306
2299855
2309157
2314084
2321199
2321744
2322672
2323419
2323864
2324071
2328408
2332944
2350852
2357062
2358771
2360392
2363122
2363797
2365131
2368436
2377848
2381507
2393305
2393872
2395059
2395883
2396336
2402281
2402618
2403954
2405042
2420033
2422550
2425775
2426405
2427045
2427634
2428527
2429020
2429892
2431606
2432247
2440467
2440936
2441536
2441752
2442021
2442716
2445137
2445968
2447952
2448797
2450159
2451032
2453290
2453291
2464108
2465685
2467012
2467482
2468173
2468336
2470714
2473530
2474972
2486448
2487697
2491819
2492952
2493709
2495124
2495299
2498259
2498566
2500271
2502202
2502698
2504333
2505497
2506147
2509816
2510682
2510864
2511791
2512128
2512661
2513804
2514309
2514488
2517407
2520757
2521745
2521783
2524051
2529628
2531143
2531327
2534057
2536379
2536601
2540484
2541476
2541779
2542431
2542515
2542709
2542831
2544567
2545608
2551336
2551849
2552712
2553362
2560048
2560197
2565433
2566638
2567665
2568451
2578565
2579813
2580981
2581642
2582293
2587142
2588184
2589057
2589444
2589819
2592027
2594454
2594487
2596386
2597533
2601379
2613959
2618224
2622639
2623329
2625016
2625757
2626274
2626729
2629318
2629789
2630265
2631202
2631638
2633118
2636367
2637057
2643342
2645043
2645828
2646457
2647061
2647243
2647471
2648222
2652264
2653058
2653683
2654206
2655166
2655531
2656214
2657257
2657514
2658394
2662742
2664105
2664577
2665322
2666131
2673465
2674025
2674025
2674400
2674816
2675253
2675589
2676035
2676419
2676758
2677199
2677667
2678132
2678238
2678614
2679124
2679521
2680103
2680464
2700307
2700865
2701541
2704121
2706134
2709704
2711085
2712195
2714579
2718866
2728415
2729197
2730029
2730915
2734830
2735423
2735455
2736311
2736346
2737608
2738533
2739240
2739663
2740076
2740732
2741381
2741979
2742467
2742808
2743245
2743786
2744169
2744208
2744942
2745850
2746552
2747083
2747553
2749096
2749413
2750443
2750765
2751143
2753025
2754650
2755198
2757582
2760436
2761930
2762775
2765825
2767111
2768232
2768756
2769135
2769552
2770100
2770255
2770502
2771044
2771632
2772699
2774545
2776018
2776937
2777901
2778650
2779378
2779930
2780529
2780940
2781353
2782007
2782594
2786236
2786639
2787777
2788405
2792256
2792375
2793050
2794224
2808546
2808955
2810021
2810691
2818951
2819417
2819923
2820341
2820801
2821195
2821663
2822203
2826948
2828248
2829536
2830396
2831164
2832759
2833983
2834573
2838300
2839275
2839929
2842740
2846694
2848279
2849445
2849599
2850075
2850566
2850962
2851395
2853330
2854520
2854997
2856331
2856957
2857910
2858825
2859394
2860553
2861479
2864680
2867755
2869293
2873055
2874442
2883509
2883951
2884709
2885729
2886148
2886778
2887377
2888281
2888735
2889260
2889689
2890094
2890597
2891431
2891533
2892889
2893489
2894173
2894840
2895147
2895583
2899900
2900421
2905359
2907965
2908548
2911911
2913104
2913645
2915966
2917081
2917202
2918506
2918977
2919337
2925658
2925662
2926929
2929416
2931539
2933412
2934829
2935420
2936158
2940252
2940939
2941684
2942434
2944396
2949226
2949780
2951680
2953275
2953970
2955374
2955763
2956574
2956611
2957713
2958268
2958937
2959875
2960525
2961193
2961837
2963425
2972502
2973335
2973743
2974322
2975154
2975790
2976183
2978810
2979276
2979694
2979914
2980543
2981014
2981999
2982586
2983162
2983634
2984816
2986364
2986815
2987536
2988506
2988967
2989100
2989597
2990105
2991178
2992577
2993175
2993982
2996097
2996580
2997701
2997963
2998334
2998982
3003190
3003726
3006827
3012266
3013323
3014763
3016481
3017762
3018584
3020311
3021804
3022388
3022800
3022827
3023212
3023718
3024281
3025014
3025798
3026986
3027737
3028621
3029177
3029923
3030426
3031161
3031530
3032111
3032892
3033552
3034926
3035646
3036644
3040917
3048004
3048917
3051016
3051137
3051229
3051921
3052378
3053206
3053961
3054255
3056033
3057210
3058854
3059391
3060456
3060989
3061563
3062226
3062897
3063978
3064784
3068481
3068525
3069471
3070154
3073590
3073809
3075713
3075955
3075985
3076172
3076904
3077137
3078549
3078931
3080023
3080231
3081269
3081804
3082230
3082678
3083074
3086147
3090841
3091545
3091758
3092326
3093377
3093632
3094187
3094757
3095433
3096027
3096496
3097019
3097551
3097874
3099197
3100269
3101104
3101302
3104748
3104814
3105087
3105345
3114131
3115255
3116074
3116158
3122425
3126125
3150356
3152709
3154141
3155369
3155456
3156063
3156530
3158681
3159331
3160779
3161154
3161197
3161630
3162006
3162457
3162798
3163173
3163746
3164194
3164692
3166963
3168670
3168803
3169948
3170056
3170302
3170303
3170611
3171463
3172018
3172662
3172760
3174619
3180889
3181464
3182678
3183541
3184004
3184737
3184759
3188233
3189692
3189769
3191291
3193658
3195404
3195940
3196580
3200028
3205491
3205995
3209685
3213065
3213538
3213851
3215170
3218065
3219122
3221763
3222293
3224595
3225249
3225845
3227237
3227839
3228338
3229483
3229783
3234145
3235595
3235813
3236557
3236788
3240508
3241104
3241739
3242026
3242381
3244655
3245119
3245569
3245946
3247632
3248262
3248527
3249937
3250852
3253443
3254013
3254840
3255395
3255941
3256533
3256875
3257187
3257583
3257976
3258416
3258901
3259525
3260749
3261328
3261824
3262267
3262990
3264779
3266788
3268004
3269557
3275621
3276558
3277564
3278782
3279788
3280837
3282324
3283376
3284137
3289770
3289814
3291222
3292347
3292909
3293080
3298068
3298822
3299360
3299649
3299971
3300221
3300510
3300900
3301082
3301527
3301682
3302446
3302693
3303375
3303891
3304481
3304805
3305188
3306060
3306325
3313353
3316394
3316699
3319973
3323435
3325158
3325650
3326974
3330214
3331797
3332438
3332831
3333562
3334893
3334995
3338310
3344001
3344836
3344931
3345383
3345962
3347842
3348895
3349737
3351052
3351976
3352132
3353159
3354712
3356362
3358176
3358360
3358839
3359916
3360570
3360995
3361855
3362899
3363591
3364119
3364823
3369077
3370193
3370909
3372209
3372779
3373179
3373204
3373695
3374318
3374573
3376118
3380396
3380634
3382865
3383379
3383787
3384213
3385542
3385995
3386528
3387090
3387772
3388535
3389647
3391573
3394937
3401063
3401232
3402538
3403767
3404157
3404647
3405694
3406243
3406969
3407616
3407787
3408051
3408728
3409431
3410891
3411862
3412536
3412983
3413044
3413365
3413727
3415879
3417638
3417847
3418905
3419482
3419696
3420667
3421617
3422125
3422801
3423107
3424049
3426496
3426724
3427129
3428116
3433855
3434112
3434441
3435060
3435420
3435565
3436447
3437875
3438455
3440368
3443577
3445159
3445536
3445824
3446034
3446632
3447158
3447640
3448046
3448161
3448645
3449088
3450111
3450787
3454099
3455892
3457605
3462823
3462911
3463577
3464358
3465551
3467488
3467550
3469366
3469380
3472934
3474000
3475864
3479282
3481870
3484109
3488038
3488098
3489166
3489241
3490150
3491638
3492246
3493466
3495918
3495987
3496355
3496432
3497150
3497683
3499142
3502149
3502881
3503735
3504760
3505215
3505712
3506592
3507035
3507762
3507810
3508286
3509219
3509577
3509986
3510274
3510653
3512205
3513630
3514600
3515216
3515416
3515877
3516445
3516901
3517525
3518933
3519512
3520099
3521163
3522129
3522839
3523066
3524885
3528258
3528944
3529387
3530549
3531356
3532017
3537617
3538244
3539007
3539380
3540108
3540529
3541039
3541684
3542051
3542385
3542845
3543765
3544129
3544611
3545681
3545904
3546346
3547322
3547623
3547891
3549181
3549686
3550100
3551253
3551947
3553202
3553345
3554399
3555554
3556284
3557040
3557499
3557905
3558411
3559686
3560921
3561870
3562871
3564117
3565064
3573742
3574157
3577314
3603130
3603886
3605410
3608005
3608633
3610006
3615732
3616668
3618658
3619738
3619779
3620214
3622903
3623135
3631083
3631224
3637117
3638750
3640168
3641479
3643190
3643367
3643797
3645082
3646234
3648434
3649485
3649773
3650008
3650454
3650653
3654221
3654776
3661802
3662626
3663224
3664129
3665392
3666687
3668418
3669320
3669915
3670995
3671457
3673702
3674284
3675360
3677146
3677596
3678242
3679028
3679996
3680083
3683885
3684154
3684342
3685862
3687209
3688026
3688405
3691352
3692965
3698456
3701169
3702746
3704727
3706055
3706995
3711923
3712034
3713651
3715198
3721146
3721681
3722349
3722855
3723536
3724541
3725088
3725517
3725860
3726230
3726832
3727208
3727290
3728189
3728692
3729248
3729731
3730285
3730403
3730981
3731417
3731941
3733285
3733859
3734503
3735228
3736976
3737354
3738872
3739682
3740688
3742132
3744626
3745688
3748534
3749146
3749877
3750279
3750738
3751377
3751855
3752651
3754510
3755280
3755964
3756682
3760043
3760486
3760575
3761120
3761515
3761664
3763007
3763172
3764631
3768645
3768682
3769054
3769945
3770364
3770916
3772947
3783172
3784799
3785583
3787659
3788011
3790402
3791352
3792526
3792620
3793712
3794404
3794595
3795908
3799178
3801449
3802045
3803015
3804201
3804601
3807864
3809782
3810556
3812412
3813309
3821739
3822468
3822974
3824545
3825878
3827908
3830080
3835436
3835577
3836777
3838516
3840869
3841907
3843275
3845394
3845984
3846450
3847132
3847573
3848508
3849069
3850514
3855345
3856248
3857836
3858620
3859459
3860390
3862019
3862821
3862822
3866743
3867989
3868683
3869783
3871060
3872204
3872313
3873027
3873726
3874274
3874947
3880370
3882113
3885533
3886926
3887868
3888985
3892374
3894371
3895294
3895974
3897726
3898378
3899273
3900068
3901109
3901942
3903861
3907579
3908063
3908219
3908681
3910047
3910441
3911061
3911617
3912368
3912616
3913358
3913605
3913854
3914996
3915218
3915841
3919899
3921115
3921593
3924534
3926840
3927594
3929413
3929828
3930475
3931725
3932414
3933289
3934525
3934955
3935346
3936635
3937295
3937970
3938961
3939694
3941176
3942486
3943281
3945703
3946034
3946461
3946738
3948228
3948836
3950104
3956027
3956768
3961400
3964243
3970819
3971759
3979092
3980051
3980084
3980852
3981819
3982593
3984015
3984657
3985369
3985965
3993474
3994377
3995918
3997118
3997867
4001460
4002925
4003754
4005703
4006865
4007526
4008050
4008830
4009585
4010843
4011315
4012098
4016658
4017331
4017858
4018272
4019075
4019678
4020594
4021339
4022242
4024251
4025440
4025975
4026460
4027134
4027612
4028404
4029882
4030520
4050508
4051295
4052701
4053827
4054955
4056009
4056565
4057204
4058089
4060753
4062902
4065217
4072296
4076317
4079474
4079826
4081241
4082745
4082893
4086347
4094227
4096779
4097427
4100131
4104405
4105496
4106242
4109149
4111680
4117257
4117392
4118128
4118221
4119091
4119182
4120673
4122040
4123354
4123971
4124498
4125102
4125824
4126484
4127265
4127638
4127990
4128031
4128454
4128976
4129537
4129998
4130399
4130860
4131773
4132271
4133566
4133684
4134442
4134896
4135793
4137006
4137684
4138510
4139782
4142643
4142744
4144954
4145641
4146357
4149422
4149854
4152999
4157599
4158242
4161812
4166417
4166593
4168961
4169258
4169519
4172981
4174573
4175305
4176655
4177512
4178771
4178802
4180306
4181208
4182192
4182780
4184081
4185759
4186702
4186735
4189345
4193098
4197195
4198104
4198847
4199390
4199964
4200605
4204552
4207327
4207964
4209482
4210468
4211451
4212075
4213168
4215016
4216122
4216843
4218763
4218901
4219056
4219582
4221860
4222562
4223217
4227473
4229224
4229784
4230531
4231241
4231717
4235332
4235924
4236270
4236735
4237224
4238169
4239745
4240563
4241556
4244087
4244126
4244314
4247180
4247764
4248647
4250124
4250898
4255732
4257129
4257783
4258189
4258883
4259781
4261092
4262661
4263351
4264304
4264733
4265310
4265851
4267854
4268756
4269744
4271073
4272112
4276099
4277955
4280640
4281039
4282471
4282564
4283105
4283529
4284007
4284880
4285668
4293751
4294376
4294892
4295619
4296922
4297887
4299324
4301118
4304044
4307156
4308333
4309736
4311171
4315506
4316487
4316690
4317201
4317680
4318353
4320193
4320666
4322456
4322522
4323122
4323518
4324390
4324645
4327439
4327473
4327767
4333927
4335946
4337235
4337937
4338610
4346378
4347247
4348244
4354289
4355311
4357872
4361095
4361377
4364664
4366679
4367138
4368635
4369892
4370626
4373149
4374647
4376346
4376784
4377282
4378693
4379258
4380078
4381000
4381686
4382800
4385576
4385658
4387002
4387373
4388218
4389474
4390334
4390497
4397575
4398855
4401248
4403332
4409464
4409811
4410193
4410789
4411590
4412182
4412570
4413249
4414699
4415053
4416557
4417227
4417868
4418474
4418962
4419482
4423179
4424150
4424934
4428602
4430794
4431344
4432296
4434133
4436188
4436896
4437644
4447119
4450022
4450244
4450908
4451644
4453067
4453676
4455986
4456705
4457397
4458055
4458936
4459735
4461823
4462348
4462984
4464528
4465128
4465575
4466099
4466578
4467309
4472592
4473575
4474456
4474701
4474858
4474921
4475577
4477419
4478772
4479257
4479761
4480639
4501337
4501992
4502658
4503552
4504973
4509948
4510085
4511573
4513743
4516430
4519570
4520116
4525586
4538871
4539737
4540728
4543354
4544306
4545162
4545861
4555279
4557850
4558687
4561250
4564539
4565401
4566143
4567948
4569066
4569885
4572504
4573325
4577418
4578621
4578828
4582531
4583930
4586596
4587745
4590090
4592044
4592661
4593204
4596910
4597120
4599093
4601232
4601556
4602603
4602865
4604123
4605234
4606597
4606674
4608961
4609611
4613573
4615315
4617793
4619089
4619831
4621472
4621648
4622238
4622854
4623496
4625396
4628094
4628733
4629324
4629691
4630283
4633610
4634740
4642700
4643296
4643996
4649214
4650055
4650775
4652743
4654262
4654797
4655233
4657041
4658652
4659203
4660107
4660923
4660934
4662539
4663120
4663877
4663905
4664659
4664961
4667129
4667707
4668236
4668510
4670483
4671103
4672761
4674029
4674291
4675516
4678031
4679988
4681235
4682243
4684811
4689400
4689872
4695471
4696500
4697136
4697361
4698938
4700428
4701847
4702205
4708797
4709270
4713860
4715589
4716875
4717414
4718083
4718119
4719296
4719725
4721451
4721898
4721899
4722829
4724017
4724078
4724555
4724992
4725689
4725731
4726087
4726956
4727059
4727461
4728984
4736117
4744067
4746243
4747361
4747771
4747844
4749575
4757316
4763531
4764126
4764535
4764970
4765485
4768066
4770222
4770694
4772025
4778258
4778384
4779003
4779546
4780158
4780579
4781502
4782061
4782396
4782773
4783368
4783932
4785874
4786566
4787052
4787861
4788598
4791828
4793225
4794187
4798668
4799496
4799747
4799897
4800307
4800638
4801074
4801757
4802732
4804188
4806093
4809878
4816984
4817512
4818602
4819504
4820327
4822122
4823586
4835286
4835716
4835917
4836477
4836727
4837534
4838425
4838508
4839322
4839530
4840097
4840562
4840946
4841501
4842140
4845943
4846229
4847899
4849085
4849956
4851502
4858444
4870920
4871595
4872845
4873308
4873916
4874315
4874461
4874935
4875499
4876253
4876734
4881688
4882811
4883663
4888372
4890025
4892861
4894308
4895317
4897332
4898256
4899940
4900608
4902055
4905231
4906765
4906985
4907143
4907740
4908043
4909443
4909890
4910436
4911292
4912737
4918470
4924505
4925364
4925850
4926175
4927023
4927622
4929289
4930109
4950106
4958046
4960031
4960644
4961365
4962038
4963906
4969434
4972663
4974297
4974583
4976730
4979725
4980767
4981825
4986925
4989018
4996151
4996685
4997481
4997720
4998622
4999471
4999765
5003102
5004034
5005401
5006201
5006778
5009722
5011340
5013500
5020835
5022449
5022531
5024275
5025315
5025873
5026740
5032516
5033747
5036408
5038135
5039551
5040071
5040758
5043519
5044840
5045236
5045731
5047113
5048131
5054685
5055123
5055681
5062200
5062755
5063161
5064045
5064213
5065983
5066025
5066472
5067020
5067465
5068398
5070055
5081973
5085114
5090249
5092929
5102156
5106824
5108244
5108321
5109964
5111263
5111854
5113013
5120552
5121329
5122509
5122654
5123503
5124094
5125458
5126198
5127210
5128865
5129581
5130398
5131756
5131786
5138049
5138902
5140516
5141065
5141954
5142839
5143392
5144262
5145617
5147597
5152517
5152824
5153222
5154146
5156528
5156583
5157953
5162565
5164293
5165633
5169144
5169563
5171572
5175662
5176225
5176795
5177356
5177850
5179200
5181203
5183202
5183848
5184736
5187735
5188193
5189086
5189607
5190091
5190760
5191213
5191933
5192224
5195970
5199942
5202942
5204635
5205584
5207875
5208663
5208976
5209807
5210058
5210849
5211973
5212316
5215209
5215598
5215722
5218449
5218928
5219336
5219611
5219767
5220255
5220255
5220632
5220929
5221379
5221987
5222853
5227277
5228472
5229296
5230978
5233467
5234291
5238676
5238960
5239267
5243528
5243703
5244640
5252372
5253136
5254113
5257234
5261029
5263158
5264295
5267435
5268088
5268519
5268648
5269200
5270631
5272507
5275768
5278168
5279243
5283810
5284771
5285919
5287228
5293802
5295163
5296981
5299128
5299776
5300425
5301152
5301275
5301514
5301926
5302251
5303720
5304561
5305266
5305316
5306380
5309482
5309956
5310259
5310777
5311318
5311998
5317160
5317932
5318309
5318809
5321849
5324175
5324994
5326083
5327088
5327812
5328721
5329629
5330128
5331219
5331717
5332795
5334081
5334255
5334855
5335737
5338125
5338310
5339243
5340985
5343320
5343607
5344466
5344499
5345294
5345912
5351806
5352298
5352868
5354282
5355304
5356986
5360685
5365232
5368625
5370884
5372009
5372322
5374929
5376178
5405065
5407113
5408809
5409200
5409821
5411625
5412666
5417279
5423108
5432447
5432843
5433239
5433612
5434187
5435394
5436469
5437379
5438006
5440022
5442201
5443455
5443933
5445722
5448552
5449151
5449923
5449955
5452975
5455879
5456332
5457658
5463585
5465349
5465927
5466793
5467481
5468389
5469496
5471358
5471450
5473526
5474497
5477229
5477897
5481740
5482469
5482707
5483884
5485918
5487856
5488157
5488591
5490522
5492338
5493210
5499275
5500632
5501244
5501362
5502065
5502363
5503010
5503928
5505047
5505254
5506255
5507225
5510256
5511120
5512844
5519278
5525295
5526419
5527130
5529572
5530647
5540027
5543257
5548509
5550331
5550653
5553173
5565816
5569175
5570024
5577930
5582847
5584317
5587348
5588752
5593364
5597818
5605145
5609254
5609939
5610532
5613171
5613701
5614230
5614231
5614689
5615224
5616502
5617177
5617419
5618140
5618826
5618953
5619306
5620021
5620160
5620890
5622385
5628032
5633630
5639444
5639559
5640237
5640801
5641866
5645678
5648994
5651005
5651310
5657132
5657813
5658536
5660282
5669327
5671283
5671320
5672380
5673716
5674551
5676359
5677609
5677758
5689610
5693827
5695240
5696452
5697477
5697535
5697953
5699031
5699785
5700534
5702503
5704125
5704924
5705694
5709485
5717157
5718699
5721653
5722362
5725418
5726898
5729940
5734255
5736738
5739903
5740929
5741456
5743463
5744036
5744727
5745852
5746856
5749921
5750760
5751289
5754090
5757104
5757649
5758233
5758663
5759302
5759883
5759990
5762420
5763085
5763788
5764298
5764660
5765526
5766432
5767178
5768379
5769311
5773516
5776069
5777043
5778675
5778731
5789184
5797617
5797725
5799877
5810095
5811585
5813562
5814527
5815117
5815401
5815656
5816741
5818326
5819704
5820299
5820396
5822976
5823047
5850600
5866212
5867963
5869822
5872835
5874914
5876193
5876715
5878082
5881944
5887519
5888905
5888927
5897199
5905979
5908131
5909422
5912492
5913461
5914112
5914467
5915383
5916845
5926962
5932906
5935017
5938988
5939763
5941793
5942626
5943613
5946152
5948281
5960275
5960681
5961948
5963501
5963751
5973277
5978767
5979499
5979698
5980993
5982699
5986463
5987211
5988031
5989465
5990444
5992510
5992569
5994039
5996417
6002802
6009572
6011197
6012299
6012328
6013041
6014038
6014803
6015724
6016319
6017146
6018567
6021118
6021301
6022693
6023480
6024020
6024540
6025257
6026449
6027245
6027428
6028287
6033541
6039655
6042149
6044194
6044259
6044750
6045011
6045846
6046825
6047563
6051116
6051958
6053015
6053384
6054357
6056956
6057305
6058149
6059294
6072404
6081384
6087492
6092130
6092567
6092868
6093235
6094197
6094662
6096894
6097639
6098142
6099061
6099380
6100172
6100173
6101637
6102048
6104477
6106247
6106338
6107496
6108730
6110667
6115524
6116198
6117038
6128050
6129346
6129617
6131664
6132664
6134835
6137418
6144200
6144260
6147405
6156012
6156979
6158553
6163541
6164525
6165218
6168179
6168263
6170146
6171591
6172968
6177126
6177784
6179899
6180490
6181855
6185737
6185906
6186524
6189255
6193467
6194202
6195562
6199608
6200483
6202029
6204892
6206522
6209916
6212286
6216927
6217081
6217697
6217706
6219299
6229013
6229654
6230271
6230783
6231486
6232168
6232618
6233837
6240977
6249310
6250156
6250718
6251224
6251811
6253005
6254125
6255333
6256009
6261121
6265445
6266537
6271101
6276719
6300178
6300803
6304532
6307114
6312134
6313132
6313972
6314813
6314815
6315834
6316614
6320365
6321874
6323801
6327510
6329700
6339451
6349307
6351635
6352549
6359940
6367377
6371779
6372594
6373748
6373967
6375955
6379380
6380297
6382713
6383132
6384834
6391946
6393956
6397484
6403323
6403549
6409438
6425576
6430106
6430392
6430392
6431652
6432448
6435847
6439959
6441163
6442184
6442766
6443675
6444134
6444625
6445230
6445334
6446551
6447596
6449631
6458290
6460200
6460664
6461097
6470032
6477611
6488991
6493119
6498206
6498881
6499394
6499820
6500514
6500891
6501305
6501421
6502334
6504449
6506107
6511762
6513220
6514142
6518696
6518893
6519678
6520878
6521262
6521398
6521860
6522718
6527494
6529537
6533427
6535072
6536717
6537532
6538290
6547385
6547805
6549008
6549738
6551849
6552569
6556171
6564274
6565961
6567050
6568133
6568185
6569241
6577565
6578366
6578798
6579885
6581193
6582182
6582888
6583029
6583744
6585728
6586848
6588432
6589841
6592413
6594092
6604400
6609761
6610522
6616092
6619070
6621695
6624856
6625405
6626370
6631753
6642609
6643590
6645509
6646721
6647270
6649131
6649342
6651732
6656067
6656715
6657142
6664272
6664340
6667345
6670399
6672884
6675399
6680563
6686803
6691554
6695544
6701838
6702375
6705362
6705993
6706748
6707772
6708271
6710897
6711716
6714677
6717985
6720045
6721096
6722047
6723494
6724396
6725387
6725854
6750798
6751606
6752896
6753994
6757804
6759185
6761717
6767328
6767547
6768207
6768301
6768520
6769144
6769547
6771199
6775989
6777039
6778412
6782633
6782699
6787865
6789326
6789501
6789894
6790647
6795875
6797579
6798407
6801052
6801209
6801965
6802615
6803231
6803606
6804169
6807242
6811759
6812441
6812857
6813091
6813289
6813770
6813891
6814289
6814637
6815161
6815662
6816107
6816838
6818502
6821715
6826840
6838599
6850838
6852184
6853165
6856379
6859976
6865193
6865234
6871133
6873975
6876230
6877648
6880039
6886837
6887891
6893348
6895672
6901212
6902427
6904825
6910866
6911001
6913438
6913752
6918510
6918588
6922782
6924348
6926694
6927220
6929742
6929768
6930655
6931090
6932802
6934256
6934574
6935552
6935998
6937221
6937721
6939072
6947771
6948992
6951136
6956299
6959122
6959906
6968283
6977612
6983968
6991746
6993463
7000119
7003562
7010162
7011638
7013315
7019430
7021477
7021600
7024634
7028776
7031039
7037876
7038572
7039022
7040965
7042142
7042720
7042940
7047626
7050475
7057366
7060006
7060398
7062571
7063695
7064126
7065639
7073340
7085009
7089450
7090413
7091813
7092650
7095107
7095681
7096113
7102881
7103255
7104513
7108075
7109456
7117360
7118833
7121852
7131818
7133289
7134459
7146703
7150706
7155326
7166055
7171091
7176119
7177291
7180920
7202279
7205654
7205781
7206746
7207492
7212353
7217053
7218754
7219346
7222305
7223093
7224092
7234221
7236198
7237583
7237916
7240498
7241022
7241706
7245127
7246500
7256574
7259522
7265187
7265711
7267364
7269046
7270885
7275115
7280867
7282347
7283661
7290365
7293621
7301026
7301843
7306090
7307443
7309641
7317451
7317881
7324682
7332663
7336074
7337018
7341387
7342585
7346009
7350920
7354757
7357145
7358130
7358713
7358752
7359652
7360134
7360734
7361188
7363139
7365008
7366335
7368402
7368571
7368731
7370091
7370434
7372171
7372983
7379164
7380804
7381961
7382491
7383092
7383948
7384847
7386038
7386258
7390868
7392243
7396069
7404429
7405848
7406411
7406822
7413486
7414425
7417497
7433836
7434740
7438162
7439727
7441317
7444646
7444915
7449592
7450741
7451603
7451859
7452487
7456277
7471779
7474464
7475932
7477721
7479288
7480002
7480692
7481459
7482429
7482684
7483226
7484010
7484687
7485467
7489735
7490632
7494663
7496015
7496499
7497870
7499582
7500495
7501597
7502044
7503367
7504127
7506863
7509146
7510635
7511820
7512914
7514620
7517317
7519059
7519682
7526021
7527965
7530620
7531294
7534015
7538106
7539822
7541564
7541961
7544513
7544565
7545451
7547038
7547930
7548058
7548861
7551316
7551584
7555186
7567761
7569344
7569528
7570453
7581090
7583069
7591824
7595952
7596071
7606298
7608903
7608903
7609861
7612815
7650663
7654724
7655413
7657297
7663365
7664795
7665986
7667690
7670314
7670771
7674453
7674590
7675347
7681360
7682276
7695433
7695535
7695773
7697346
7697568
7699760
7702549
7704247
7705799
7706548
7707352
7707837
7710827
7712105
7717330
7720319
7721261
7722120
7722349
7726064
7727588
7727588
7728205
7728659
7731664
7732732
7734915
7737580
7737733
7742745
7743693
7747684
7747769
7748061
7748241
7748463
7749193
7751851
7753042
7753900
7754471
7754982
7757224
7758055
7760069
7760197
7761476
7762813
7763581
7764681
7765521
7765852
7766616
7767153
7767782
7768757
7772622
7776877
7779894
7781588
7781859
7784203
7784413
7785495
7785642
7789174
7796896
7796931
7798444
7798444
7799162
7799825
7800316
7800710
7801653
7802588
7812769
7816132
7818473
7820212
7821281
7821413
7823614
7828451
7829165
7829587
7830290
7835297
7840405
7840760
7844995
7846255
7847432
7848031
7848545
7850922
7851989
7852116
7854217
7854851
7856020
7857611
7858893
7863220
7864311
7867651
7870136
7872489
7873703
7873827
7876629
7877465
7878308
7881185
7889293
7889506
7890739
7894198
7894241
7898597
7898799
7902917
7903787
7907842
7908708
7910244
7910351
7911302
7911957
7912855
7914443
7915259
7915630
7916081
7917601
7919280
7919903
7922289
7923184
7924243
7924961
7925895
7928984
7929569
7930158
7933756
7934039
7934967
7939117
7940154
7941673
7942772
7947034
7948171
7949013
7949937
7949965
7950685
7951190
7951526
7952446
7952772
7953240
7953763
7954200
7954516
7955342
7955617
7956172
7956786
7958732
7963132
7969627
7970997
7971727
7972319
7972726
7973502
7979761
7984064
7984774
7984837
7986006
7990417
7992346
7992763
7994680
7994964
7997017
8001576
8003321
8003444
8005537
8006632
8014438
8015505
8017967
8018313
8019070
8019970
8020319
8024322
8033467
8034589
8044671
8046137
8047200
8050889
8051816
8053071
8055368
8056596
8057838
8058230
8058795
8059334
8059647
8059855
8061125
8061756
8061880
8062736
8062780
8063726
8064868
8066626
8067280
8069410
8079478
8101326
8106342
8106694
8109688
8111110
8113412
8115177
8116419
8118051
8119485
8119875
8122301
8125566
8126443
8136686
8137740
8140319
8142890
8143629
8149421
8149813
8156519
8157101
8158028
8159824
8162524
8163293
8163971
8164765
8165240
8166955
8167515
8169411
8171774
8173229
8175512
8176650
8176994
8178364
8181558
8182715
8187022
8187510
8191654
8195659
8196684
8197642
8199296
8200692
8201331
8201505
8202623
8204588
8205269
8206104
8215615
8215949
8219823
8220142
8222455
8224543
8225745
8226792
8230735
8231282
8231379
8235014
8235574
8236181
8237771
8241837
8244416
8244524
8247675
8247863
8249143
8261611
8261729
8262059
8262616
8262653
8264174
8264438
8267860
8268835
8274212
8274916
8278933
8286691
8289117
8290068
8292787
8298538
8300620
8301621
8302803
8304365
8307803
8310852
8311832
8313309
8314296
8315154
8316472
8318227
8319272
8319272
8319966
8320705
8320937
8321441
8323503
8323733
8328933
8329339
8329757
8330564
8334206
8337149
8338117
8349490
8350981
8352973
8353324
8358689
8367554
8368633
8371589
8371966
8374794
8375725
8376510
8377156
8378837
8379287
8379851
8384801
8385319
8386913
8388426
8388914
8389636
8392088
8395360
8396765
8399685
8400394
8404474
8405649
8409156
8409374
8409906
8410488
8410941
8411537
8412078
8413942
8414370
8414997
8415921
8417102
8417722
8418390
8419168
8419773
8419923
8421700
8426452
8427762
8429233
8429545
8429607
8431015
8431784
8431968
8432266
8432518
8434488
8435589
8436960
8436996
8437673
8440425
8444403
8445013
8445712
8447863
8449213
8449569
8453093
8456287
8457823
8458469
8459527
8459614
8472936
8475323
8476884
8477506
8478021
8478336
8480697
8483102
8485190
8487098
8487588
8488083
8488874
8489407
8490055
8491586
8491878
8491908
8492056
8492684
8493296
8495089
8495456
8495457
8496058
8496781
8496921
8500932
8504305
8505088
8505703
8506018
8506984
8514137
8519024
8522479
8522779
8523394
8524380
8524900
8525922
8526403
8528499
8529118
8529484
8530221
8530644
8550951
8551530
8553419
8555715
8557477
8558828
8559452
8559760
8560779
8561315
8561930
8562036
8562939
8563447
8563509
8564068
8570465
8570499
8570788
8573340
8573840
8574199
8574432
8575424
8575859
8577026
8577626
8578725
8579175
8579573
8581223
8582054
8583497
8583863
8584425
8585025
8585539
8585584
8587465
8587923
8588262
8588810
8590210
8591492
8593660
8595099
8595205
8596380
8597164
8597196
8598160
8598560
8599203
8599284
8599781
8599996
8600107
8600293
8601743
8602108
8602630
8603056
8604163
8604777
8604876
8606432
8606674
8607761
8609330
8610223
8611539
8612650
8613641
8617686
8618190
8619298
8619374
8619906
8620344
8621393
8622100
8622188
8622491
8622952
8623620
8623686
8624851
8625451
8626479
8626964
8627388
8627938
8628391
8628704
8629058
8629791
8630269
8630689
8631045
8631804
8632233
8632461
8634164
8634538
8635794
8636798
8638945
8639278
8639991
8640441
8643653
8644551
8652238
8655626
8660138
8662528
8663208
8663979
8665931
8666287
8666692
8667324
8667698
8672974
8673376
8675214
8680207
8680718
8681297
8681501
8686442
8691022
8691858
8692228
8692678
8693881
8696283
8697533
8699796
8700876
8701562
8702370
8703786
8704360
8705406
8707964
8709728
8710335
8710710
8711027
8711497
8711955
8712154
8712891
8715597
8716248
8716711
8717110
8718319
8719143
8719790
8721486
8723161
8723763
8724214
8724681
8725075
8725378
8725538
8725888
8728595
8728632
8729459
8729733
8730761
8730992
8734671
8740525
8741363
8742504
8742585
8743235
8744948
8746111
8746952
8747005
8751245
8752079
8753471
8754266
8754568
8755710
8757006
8765644
8767345
8773860
8774572
8774963
8775664
8778198
8778311
8781342
8782060
8782680
8791198
8792029
8793165
8798255
8798829
8799142
8800108
8800590
8800731
8800824
8801289
8801472
8801768
8802321
8802427
8802794
8803267
8803322
8803721
8804269
8805601
8805675
8807046
8812219
8813404
8817604
8817975
8818186
8818768
8819006
8819789
8822307
8822528
8823173
8826157
8826924
8829250
8830495
8831122
8839250
8839402
8839841
8840400
8841799
8841866
8842475
8843675
8844042
8844439
8845470
8848457
8849766
8850289
8851625
8852369
8853186
8854793
8855435
8857418
8858760
8859019
8859562
8861255
8861834
8862313
8863333
8864536
8864955
8865656
8866518
8873335
8875565
8876010
8876570
8877139
8877937
8878765
8878935
8879223
8880304
8882761
8884559
8885069
8887287
8891415
8891801
8892171
8892397
8892847
8893428
8894001
8899121
8899731
8902140
8905137
8906671
8907289
8907827
8908965
8911510
8911572
8912356
8913645
8914922
8916307
8917498
8917513
8918493
8923014
8926605
8928815
8929162
8930770
8932545
8934315
8939178
8940305
8942281
8944224
8945131
8946304
8949471
8954466
8957702
8958254
8958767
8959208
8959565
8961937
8962192
8962599
8965033
8966878
8966979
8967216
8967820
8968005
8968367
8969122
8970818
8971768
8972526
8973562
8980609
8980693
9000387
9000456
9001524
9003201
9003303
9003763
9004694
9005183
9010952
9011537
9012260
9012964
9018995
9019174
9019986
9020140
9021858
9023276
9023400
9023732
9024310
9025032
9025793
9032328
9032615
9036779
9038276
9038664
9039019
9039391
9040313
9040553
9041822
9042349
9042450
9042962
9043100
9043464
9043860
9044584
9045062
9045760
9047648
9048470
9050584
9052382
9052706
9052828
9053242
9053764
9054020
9054336
9054534
9054982
9055106
9055581
9056229
9056774
9057235
9057412
9057577
9058246
9058800
9059623
9059888
9060158
9061228
9063113
9064250
9065485
9066961
9067624
9069122
9070296
9070547
9071044
9072130
9072283
9072863
9073401
9074215
9077196
9077647
9080231
9082482
9084211
9086107
9087243
9089483
9090711
9095923
9103024
9104080
9104955
9105396
9105695
9105931
9106696
9108071
9108739
9109704
9109854
9110400
9110602
9111255
9111756
9111802
9112472
9113389
9113758
9114023
9114158
9114315
9114541
9115703
9116745
9117685
9118611
9119746
9120474
9120957
9121428
9121889
9122699
9124085
9124462
9124716
9125585
9126949
9129397
9129523
9130537
9130570
9131392
9133392
9133608
9134813
9135169
9135912
9137384
9138132
9138152
9139197
9140087
9140213
9140925
9140982
9141885
9142111
9149762
9154063
9155372
9155779
9156327
9160373
9160955
9161342
9161389
9163325
9164408
9165169
9166275
9166544
9167870
9169073
9169540
9170223
9171994
9172886
9172929
9173697
9174222
9176007
9176469
9179189
9179459
9180457
9180910
9181750
9185974
9193905
9194562
9195353
9196179
9198323
9200087
9200404
9201081
9201140
9204212
9205754
9206383
9206545
9206907
9207230
9207550
9207899
9208284
9208625
9209027
9209623
9209996
9210074
9211822
9213490
9214396
9215078
9215240
9215966
9217559
9217844
9218218
9220420
9221683
9224020
9224406
9224858
9225242
9225732
9227459
9228434
9229784
9229802
9230344
9231051
9231204
9232022
9232067
9232859
9233235
9234666
9235464
9235966
9236232
9236761
9237441
9237905
9238298
9238441
9240747
9243710
9244371
9244889
9246280
9248669
9250017
9257111
9260859
9261413
9261508
9262312
9266028
9266545
9268546
9272621
9274645
9275240
9275274
9275416
9275665
9276375
9276792
9277192
9277452
9277615
9279728
9281863
9283709
9293846
9296970
9297467
9297575
9297984
9298317
9298451
9299049
9301493
9303100
9303133
9303581
9303603
9304225
9304419
9310520
9310703
9311597
9320993
9322014
9323487
9323970
9324304
9326909
9326935
9327305
9327723
9328043
9328386
9328808
9328809
9329447
9330392
9330689
9330925
9332075
9332539
9332923
9332925
9333404
9333863
9334218
9335480
9335905
9343928
9344250
9344592
9345824
9346268
9346533
9346841
9347034
9347356
9348010
9348592
9348742
9349321
9349794
9349950
9350318
9350649
9350694
9351363
9351742
9352057
9352255
9352674
9352704
9356255
9356404
9357628
9357675
9359427
9360562
9362083
9363519
9364178
9364739
9365207
9365927
9366112
9366880
9367024
9367602
9367734
9368308
9368689
9369494
9371145
9371579
9372140
9372387
9373096
9373690
9374533
9378097
9378577
9380949
9383885
9384001
9384555
9384966
9385290
9385835
9386363
9386841
9390039
9391247
9392233
9393107
9394674
9394916
9396228
9396871
9401958
9402302
9402632
9402931
9403222
9403680
9404038
9404763
9405253
9405918
9406429
9406617
9407061
9407769
9408622
9409570
9409997
9410077
9410895
9411349
9411758
9412180
9412864
9416759
9418602
9419313
9419914
9420188
9420544
9420544
9420880
9421174
9421529
9421843
9422544
9422671
9422829
9423158
9423518
9425172
9431066
9451046
9452417
9452913
9453500
9453540
9454803
9456452
9457314
9458059
9466529
9468351
9468726
9469328
9470265
9473596
9475758
9476617
9482121
9486798
9486980
9487587
9488314
9494975
9498936
9499594
9499667
9500361
9500726
9502068
9502652
9503366
9503532
9504874
9505407
9505966
9507450
9509469
9509966
9510050
9510264
9510522
9511135
9511218
9512485
9513633
9515553
9521627
9521706
9523632
9524094
9525610
9526057
9526098
9535032
9535927
9538285
9538285
9539317
9539695
9540541
9541560
9542147
9542524
9543048
9543671
9544219
9544697
9545238
9546072
9546260
9546260
9546959
9547761
9549003
9549645
9550219
9550914
9552591
9553570
9555323
9560464
9561210
9563494
9563495
9564014
9565998
9566818
9569251
9573851
9579819
9580227
9580605
9581026
9581062
9581425
9581551
9582072
9583497
9585728
9589016
9590663
9598693
9598694
9599310
9599636
9600019
9600071
9600174
9600392
9600611
9602819
9603024
9603432
9603595
9604115
9604602
9604602
9606254
9613946
9614190
9614359
9615133
9615490
9616673
9617098
9617099
9617816
9618155
9618413
9618456
9619403
9622059
9626061
9626537
9627816
9630535
9631003
9631400
9632040
9635511
9637000
9638526
9641571
9641948
9642331
9642629
9642847
9642973
9643353
9643485
9643749
9643817
9644050
9644252
9644418
9644814
9645086
9645201
9645568
9645696
9645854
9645985
9646227
9646571
9646747
9647098
9647936
9648142
9649849
9650752
9651054
9651845
9652627
9654296
9654430
9655914
9656077
9657495
9657558
9658431
9666222
9667016
9668905
9669015
9669547
9670086
9670996
9673012
9673639
9674057
9674818
9675745
9676604
9678894
9684345
9685383
9685880
9686230
9686436
9686606
9687402
9687601
9687727
9688363
9688663
9688744
9689689
9690080
9691226
9691773
9691841
9691841
9692690
9693684
9693746
9694232
9694344
9694921
9695751
9695818
9696320
9696386
9697019
9697605
9697760
9698125
9698520
9698578
9698974
9699409
9699447
9700034
9700247
9700899
9701837
9702138
9702867
9703227
9704615
9705023
9705435
9705479
9705733
9706079
9706408
9706489
9706732
9706804
9707085
9707466
9708344
9708600
9709038
9709754
9710369
9710832
9711340
9711558
9711804
9712369
9713040
9714399
9715819
9716116
9720605
9721379
9722794
9722976
9723402
9723845
9724786
9726949
9726975
9727938
9728704
9729230
9729702
9730253
9731342
9732239
9732389
9733037
9734044
9734292
9734507
9734818
9734955
9735268
9735308
9735617
9735682
9735728
9736129
9736462
9736465
9736781
9737079
9737100
9737464
9737591
9737999
9738099
9738509
9739168
9739783
9740270
9740357
9740473
9741049
9741819
9742465
9743177
9743178
9743810
9744236
9744654
9745147
9746042
9746504
9746907
9746907
9747228
9747684
9748546
9749052
9749481
9750612
9751055
9751700
9752154
9752618
9753093
9753502
9754026
9754482
9755493
9757351
9757938
9758260
9758713
9759047
9759333
9759352
9759625
9760241
9760554
9760961
9761542
9761774
9762156
9762658
9763103
9763742
9764463
9764550
9765008
9766134
9766701
9766726
9767476
9768792
9769450
9770363
9771022
9773127
9773706
9774133
9774598
9775061
9775481
9775858
9776925
9777347
9777779
9778093
9778776
9779322
9779877
9780126
9780603
9781074
9781106
9782546
9784694
9785157
9785584
9786143
9786194
9786751
9787465
9788127
9788596
9789470
9790582
9791202
9792797
9793078
9793665
9793868
9794767
9795003
9795487
9796535
9798930
9799542
9800214
9800884
9801920
9802784
9802927
9804308
9805342
9807065
9807472
9809181
9815707
9816246
9816966
9820757
9820983
9821251
9821733
9822264
9822930
9823479
9823517
9824385
9824701
9825880
9825880
9828230
9828693
9829171
9829292
9830227
9830817
9831569
9831998
9832430
9832573
9833092
9833532
9834631
9835336
9836147
9837495
9837834
9839149
9839993
9840561
9841146
9842089
9843111
9844195
9848770
9849746
9850304
9850989
9851527
9851881
9852502
9853102
9853541
9853904
9854088
9855291
9855856
9856455
9857290
9858222
9858650
9858979
9859168
9859557
9860020
9860246
9860457
9861156
9861660
9861802
9862373
9862722
9863032
9863299
9863641
9864081
9864081
9864949
9865560
9866306
9867940
9870214
9870562
9870890
9871316
9871673
9872114
9872534
9873359
9873885
9873888
9874249
9874568
9874944
9875287
9875320
9875736
9876010
9877001
9878294
9879365
9880479
9900262
9900819
9901143
9901415
9902136
9902753
9902889
9903875
9904113
9904907
9905573
9906276
9907191
9908491
9908693
9909430
9909862
9914416
9914942
9915273
9915624
9915663
9916682
9916776
9917528
9917557
9917625
9918468
9918469
9919610
9919675
9920485
9921170
9921529
9922197
9922284
9924443
9925076
9927471
9927928
9928326
9929710
9930489
9930530
9930556
9932674
9933495
9933910
9935229
9936106
9936442
9936796
9937174
9937730
9938417
9938780
9939333
9939424
9939838
9940157
9942294
9942326
9944726
9946277
9947170
9950292
9950681
9951177
9951592
9952145
9953349
9955374
9956305
9956962
9957169
9957339
9957747
9957930
9958466
9958851
9959337
9959915
9960122
9960912
9960941
9961451
9961870
9964613
9965367
9966981
9967906
9968650
9968957
9969082
9969278
9969588
9969871
9970222
9971140
9971717
9972256
9972976
9973677
9974170
9974522
9974897
9975239
9977019
9978447
9978721
9979453
9980459
9980668
9980938
9981037
9981356
9981396
9981784
9982122
9983745
9984355
9985148
9986038
9986111
9986371
9986715
9987483
9987840
9988373
9988604
9988702
9989135
9989652
9991250
9991798
9993725
9994754
9994893
9995274
9997879
9998347
10002443
10007633
10008102
10013563
10014801
10021275
10022584
10023119
10023661
10024009
10025178
10026991
10027730
10031456
10033227
10033934
10035447
10037617
10037747
10038217
10040718
10041577
10042293
10042569
10043092
10043539
10043588
10044265
10044605
10045024
10045374
10047920
10048578
10049259
10050005
10050670
10051784
10051885
10051912
10052485
10053593
10053620
10054088
10054522
10054757
10055319
10055457
10055877
10057675
10058170
10058509
10058798
10059911
10060258
10060759
10061105
10062204
10062291
10062476
10062722
10062991
10063598
10063700
10064872
10066774
10067953
10068201
10074507
10074996
10076145
10076886
10077194
10077567
10077878
10078200
10078371
10078468
10079602
10080043
10080688
10082165
10082312
10083337
10086103
10090956
10093169
10093784
10099383
10099688
10100030
10102193
10104060
10105161
10107893
10111387
10112327
10120553
10121928
10121997
10122118
10125277
10125743
10126474
10128065
10130125
10130299
10131319
10132246
10133644
10134831
10135831
10136565
10137135
10137340
10137906
10140055
10140406
10140805
10141276
10141817
10142138
10142314
10143252
10144862
10145361
10145569
10146005
10146099
10146442
10150918
10160116
10164305
10164877
10167184
10168503
10173525
10176921
10178413
10178919
10179126
10179606
10179952
10180508
10180681
10182510
10183342
10188168
10191264
10194706
10195428
10195872
10196330
10196747
10197186
10198102
10198485
10199051
10199353
10199627
10199816
10200420
10200507
10200861
10201365
10201367
10201408
10202009
10203002
10203230
10203952
10204496
10204870
10205457
10206160
10206370
10206391
10207242
10207519
10214529
10214772
10215276
10217546
10218716
10218955
10221710
10222259
10222770
10223319
10224291
10224610
10225271
10225480
10225979
10226256
10226649
10227551
10228589
10228726
10230697
10231314
10232537
10234559
10236410
10236920
10236920
10237216
10237658
10238324
10239368
10244085
10250116
10251339
10251953
10255676
10262159
10263573
10263709
10265708
10268849
10268958
10269257
10271954
10273604
10274647
10274810
10276393
10276993
10282903
10284672
10284703
10285309
10286712
10287451
10287752
10288420
10289444
10290306
10291408
10292731
10293813
10294522
10295656
10296578
10296667
10297667
10298812
10300999
10301625
10302677
10303234
10305346
10312236
10313009
10314397
10315212
10323423
10356300
10358055
10358314
10358654
10364947
10369332
10370488
10370904
10371428
10372105
10372558
10375920
10383107
10385530
10387807
10389790
10390904
10392013
10392327
10393296
10395699
10398872
10400898
10405758
10411557
10412406
10412838
10415485
10421209
10421264
10421712
10424986
10431908
10432947
10433071
10433621
10434774
10444998
10445542
10447498
10450009
10451367
10460965
10466651
10467282
10467586
10469276
10470162
10470271
10475842
10477114
10477284
10478065
10485111
10485436
10485896
10486232
10486996
10487138
10488063
10488681
10489910
10490701
10490739
10491108
10492021
10492060
10492905
10495948
10495948
10498000
10498543
10499530
10501101
10502222
10502482
10503321
10504224
10505628
10506114
10506915
10507469
10508041
10509854
10511747
10517584
10521238
10521922
10522124
10522472
10522703
10523131
10523968
10524948
10530884
10535353
10537830
10539834
10543600
10544026
10545404
10546198
10548485
10549466
10549965
10550606
10551301
10551772
10552313
10552704
10553340
10553879
10554523
10555153
10556289
10556998
10557529
10558237
10560430
10568969
10570404
10571016
10572105
10572980
10573014
10573788
10574866
10574866
10575792
10576444
10577534
10578394
10578519
10579628
10580175
10581056
10581271
10583250
10584328
10585271
10587032
10588779
10589428
10590001
10590910
10592010
10593841
10596738
10602416
10604843
10606168
10608778
10609763
10611302
10613225
10613272
10617025
10617032
10617900
10618002
10618543
10619179
10619179
10619862
10620021
10620541
10620986
10625316
10625692
10625797
10626688
10627436
10630176
10639098
10639164
10639628
10647821
10653495
10654331
10654646
10654857
10656134
10656922
10657879
10658128
10658242
10659213
10659842
10659953
10661837
10663229
10664405
10665014
10665277
10665778
10666515
10667801
10682593
10685355
10688704
10689028
10689060
10690729
10691342
10694630
10695561
10696515
10697873
10706813
10709290
10710944
10712240
10714499
10714962
10716585
10717265
10717609
10717855
10718919
10720945
10722495
10723199
10723824
10724469
10725534
10727216
10727557
10728325
10729043
10730007
10735780
10737286
10737678
10738684
10739148
10739249
10748180
10748805
10752059
10756836
10762181
10763488
10766306
10768050
10769505
10769573
10770175
10770660
10770816
10773735
10774348
10774904
10775510
10779070
10802541
10803337
10803456
10804082
10804586
10805810
10808731
10808912
10809333
10812162
10812850
10814892
10815121
10816671
10816765
10818468
10819354
10819735
10822335
10822718
10829112
10830051
10832949
10840177
10844379
10847282
10848742
10848742
10849344
10851342
10859598
10880098
10882572
10885528
10886247
10892471
10895031
10901744
10906759
10907661
10912774
10920710
10925170
10929639
10932815
10935379
10936017
10937550
10939488
10945560
10946112
10946194
10946670
10946881
10947664
10948781
10949451
10952763
10953421
10954101
10954602
10954886
10955355
10955928
10956174
10957067
10957704
10958196
10972898
10973989
10974136
10975107
10976566
10977948
10979687
10980137
10980719
10981558
10981766
10981893
10981967
10982563
10982958
10983222
10984823
10987509
10988765
10989399
10994592
10996977
10998819
11000488
11001435
11002632
11003230
11004133
11004207
11005268
11007584
11009180
11011817
11012847
11013738
11014568
11017117
11017249
11019912
11020941
11021572
11022587
11023943
11024694
11025366
11026701
11026915
11034212
11034950
11035843
11037883
11038957
11046258
11050478
11053533
11054964
11056865
11064603
11067973
11087531
11088192
11091414
11096252
11097661
11098156
11098842
11100196
11101064
11101780
11103111
11103862
11105859
11107852
11120334
11122197
11122640
11134270
11135302
11136000
11136341
11136759
11136841
11137267
11137801
11138033
11138756
11138917
11139472
11140287
11140816
11142249
11153831
11157591
11163026
11165750
11166031
11166532
11166747
11168752
11169464
11171952
11173022
11174234
11174658
11175326
11175360
11176240
11176783
11179480
11180655
11181474
11182479
11183806
11185848
11187632
11188029
11188274
11189348
11190823
11191359
11191410
11192032
11192170
11192967
11193440
11193461
11194823
11195653
11200236
11201508
11203631
11204382
11217822
11218676
11224159
11225097
11226535
11226840
11227106
11227797
11230445
