5222.599
11867.9
12075.9
13220.62
13296.58
18280.86
21402.15
23826.78
26376.05
34003.51
43655.01
45197.86
54206.48
56147.22
57280.41
61727.12
64378.49
69418.05
70734.48
71936.44
76718.71
81713.22
82446.99
83465.44
89248.72
93401.67
95066.23
95690.26
95719.44
96217.25
96501.61
98394.28
103777.2
126167
127130.7
127931
129056.6
130216.3
138687
139893.7
143580.9
146622.5
147388.1
147851.4
150479.3
150932.3
151636.3
151882.6
152465.3
152575.1
154455.6
156495.1
158043.8
159567.9
160448.5
166121.3
179824.4
180384.5
188681
189934.5
195561.2
196526.1
197204.8
206556.4
208863.8
221955.6
222248.7
227457.8
231469.7
233226.3
234200.8
234783.1
235723.8
235782.7
236866.7
241397.2
246550.1
252678.3
253507.5
258002.1
258547.7
260890.6
265215.8
265684.5
266444.6
269638.4
270224.4
270882.1
277679
278674.2
281502.7
282980.2
286056.1
287003.6
287794.2
293401.2
293490.8
296744.3
298243.6
299798.5
300044.8
300655.8
315305.7
315817.8
319657.3
322577.2
324535.2
324908
325742.9
327348
330329.7
331722.3
332201.5
332969.5
334242.1
334280.2
334588.4
335326.4
342512.5
343328.1
345985.5
346697.6
347107.2
347907.6
348794.3
348909
349144.3
350153.7
351058.9
351705.5
352290
352291.1
353761.4
354115.1
375380.9
376605.4
389510.1
394870.2
398143.6
401747.5
402584.4
404224.7
406764.6
410799.7
413918.3
415509
417936.2
419566.1
423495
450293
451553.2
458364.3
468153.9
469595.7
471524.2
471598.5
472319.5
472426.8
473922.6
474815
475329.7
477184.3
480841.2
481186.3
481943.6
483529.7
484174.8
485105.5
485594.6
485908.6
486703.8
488352.4
488969.4
490607.2
491300.5
492242.7
493144.1
493713.1
495201
496937.6
498432.2
507358.5
508443.4
510961.6
519765.6
519989.4
522979.3
524091.3
524327.5
524491.4
527233.3
527785.6
528271.5
532272.6
532938.5
533529.9
533883.1
534098.2
534292.1
534668.6
535348.7
547303.8
547902.5
548491.6
552366.4
556747.8
557570.1
558609.7
559237.7
562200.4
562544.2
562962.2
563723.6
564147.3
564705.5
565154.8
565648.6
568113.8
569245.6
571056.6
574252.6
576253.2
577339.2
577778.3
578672.3
579578.8
579937.6
580453.8
580967.5
581715.8
582093.2
583186.6
587312.8
590670.3
591436.8
607861.9
609738.9
611460.3
612085.5
613017.4
618556.5
619227.4
619376.9
619702.2
621217.3
623522.8
624818.2
630183.6
631070.7
639958.3
643073.2
644958.3
645571.8
646167.8
647447.6
649807.2
652161.5
663999.5
664753.8
665438.9
666872.5
668667.7
668750.7
669100.3
669538.9
688206.8
693776
694201.7
696352.6
697524.8
705533.7
706166.4
707090.6
710490.4
724069.6
732634.5
735343.9
735741.3
736242.5
736820.4
739101.2
741107.3
741636.4
744783.7
745535.4
750865.4
754696.9
755458.2
757209.5
757883.5
758306
758838.9
759996.5
761597.2
765883.7
766582.1
769954.7
770803.8
771759.5
777490.3
779470.8
782511.2
782697.9
783501.7
792971.5
794533
801447.7
802214.6
807582.2
811061.6
812976.6
813058.9
813204.2
813238.6
813402.2
813932.4
814739.5
818539.4
819912.1
822460.4
822509.8
823579
824109.3
825630
826301.8
826687.7
830844.7
831202.9
835614.7
836097.3
840481.8
841590.4
841876.6
842667.5
847153.3
854628.5
857751.1
861064.1
862273.8
863692.3
864999.4
868366.4
872218.5
873164.1
876765.6
878356.7
878673.4
879510.4
911060.1
911852.5
912221.2
915056.7
916119
917234.6
920187.3
924304.1
925058.7
931442.3
931617.3
934392.8
934606.5
936151.7
936590.4
937117.7
937582.1
938627.5
940482.7
940926.1
942063.2
942806
944376.1
944590
947788.7
954659.5
956922.7
957182
958355.5
959965.6
968747.2
974136.9
982760.9
983356.8
984836.6
986501.6
988005.7
989391.2
990642.2
994608.2
1004096
1006499
1007470
1008195
1008336
1011155
1015075
1016230
1018477
1030080
1033451
1034579
1037440
1040443
1048919
1051237
1053027
1053652
1054425
1055190
1057523
1058159
1060438
1061762
1061988
1062320
1063348
1063715
1065407
1066245
1066571
1069420
1069577
1075384
1080378
1083131
1085061
1087639
1090163
1095721
1097199
1099978
1106025
1116339
1117536
1119941
1120379
1121037
1121511
1129698
1135739
1138147
1141019
1141400
1150534
1151549
1152377
1155134
1157726
1158942
1160015
1161383
1165323
1169576
1170791
1171200
1174899
1176044
1176820
1177944
1180332
1180570
1181266
1183891
1198556
1199623
1204833
1205362
1206447
1212024
1215023
1221586
1222107
1223787
1224113
1225005
1231196
1232551
1236784
1237637
1244565
1250062
1251254
1251693
1251918
1253780
1256324
1256681
1257611
1259222
1271133
1272143
1274969
1298091
1303848
1312543
1314303
1318292
1323836
1327226
1330103
1331437
1350403
1352150
1358406
1364779
1365824
1366778
1370364
1373957
1374548
1375867
1376425
1377831
1379198
1381975
1383244
1383816
1384699
1388994
1389754
1392100
1397225
1399661
1400236
1401965
1402748
1403951
1405145
1405751
1406092
1413329
1419623
1421977
1427670
1428885
1432401
1436981
1440858
1444014
1444574
1444946
1449080
1451084
1451330
1455460
1456040
1456779
1458444
1461182
1461956
1463136
1465009
1465213
1467326
1468315
1470768
1472374
1486751
1487428
1491610
1493210
1494069
1494923
1496160
1497290
1498644
1512628
1525660
1526569
1526851
1528147
1528243
1529171
1529256
1529297
1532164
1532753
1534217
1536958
1537844
1537908
1540073
1541406
1545951
1546973
1547897
1550712
1551546
1553033
1554939
1556733
1557965
1558686
1559301
1562779
1563530
1565825
1566313
1570297
1571548
1575735
1575777
1577206
1577578
1578180
1578218
1580025
1580846
1582443
1583332
1585809
1587670
1591788
1594218
1596595
1596744
1597272
1597306
1597375
1598471
1603693
1615358
1616301
1618975
1619909
1621552
1624762
1632229
1634781
1634855
1636084
1637374
1637749
1639778
1639821
1642119
1643850
1644391
1646217
1646483
1646689
1651627
1666940
1669053
1669789
1672950
1675895
1677375
1678241
1678618
1682901
1683867
1685192
1685477
1685878
1686148
1686766
1687523
1691323
1700671
1702486
1702534
1702958
1705514
1706621
1707755
1707860
1708572
1711695
1712860
1713409
1717566
1718725
1733283
1737489
1739512
1752324
1757960
1761199
1762517
1763097
1765251
1766010
1766787
1767552
1768041
1768872
1771497
1805267
1808993
1815460
1816893
1817693
1819057
1819686
1821448
1821843
1823594
1829576
1832076
1835378
1836796
1837911
1840877
1844889
1847155
1848030
1848933
1850004
1851511
1852389
1852968
1856347
1856797
1862637
1863008
1863155
1864927
1865549
1869993
1872342
1875541
1875977
1876787
1879949
1880472
1882835
1886386
1892783
1895936
1896646
1899475
1906449
1907521
1907934
1910208
1910898
1911069
1911365
1913017
1916919
1936008
1937630
1942047
1943189
1943457
1944108
1951961
1953776
1964474
1968839
1969980
1970569
1971691
1972311
1979998
1980308
1981765
1983662
1984537
1986960
1988382
1991427
1995366
1996469
1996728
1997150
2006401
2009831
2011653
2019663
2020341
2026706
2026708
2029470
2031511
2033679
2033849
2037605
2040244
2042476
2043621
2043900
2044538
2049044
2055282
2057768
2059534
2061965
2064809
2066024
2072653
2075728
2076279
2077031
2079495
2079554
2092310
2093541
2096118
2097136
2097969
2098927
2100133
2100572
2102314
2103244
2104589
2106195
2106395
2107661
2107915
2108736
2109813
2111617
2112010
2114224
2115070
2117625
2120584
2120885
2125204
2126679
2136952
2137151
2141257
2142276
2143478
2158702
2159936
2160582
2161814
2163173
2163190
2166938
2169691
2177278
2178007
2181092
2181519
2186125
2187491
2192517
2201349
2202381
2203789
2210275
2210317
2214651
2219321
2226666
2228304
2229343
2231057
2258494
2261885
2263075
2263985
2264616
2271829
2272610
2273541
2274269
2275201
2278055
2283341
2283839
2288874
2299445
2315893
2316655
2320274
2322871
2331131
2336347
2336670
2339864
2341241
2341850
2342276
2342607
2342800
2343452
2345024
2349484
2350269
2350809
2359849
2362366
2362591
2363258
2364194
2366806
2367680
2368593
2370229
2372865
2376725
2376982
2377104
2377365
2378165
2379954
2380067
2381378
2381943
2382557
2385239
2385350
2387120
2387191
2387618
2389421
2390630
2394183
2394605
2395348
2396097
2396212
2397737
2398358
2398750
2399736
2400816
2401142
2404042
2413135
2415097
2415760
2415892
2417258
2421917
2425257
2429977
2435027
2439393
2445086
2446587
2447689
2448491
2448766
2450438
2450868
2451358
2451954
2452851
2454088
2455260
2455718
2457173
2460147
2471475
2472305
2474510
2487217
2488714
2490243
2494004
2496368
2503543
2507675
2511750
2512161
2512995
2516636
2517104
2517627
2518477
2521216
2521930
2522995
2523973
2524826
2525801
2528387
2529011
2530395
2534387
2535612
2537796
2539195
2540382
2541358
2541542
2541870
2543372
2548031
2551491
2563480
2564428
2564430
2568741
2569271
2570005
2573929
2574896
2575446
2577589
2579191
2579522
2581828
2584521
2597100
2597232
2599446
2601512
2602222
2602781
2603565
2604138
2604897
2608658
2615124
2617940
2620263
2621543
2631194
2632042
2633566
2635913
2638215
2639882
2642102
2645705
2652834
2654152
2656979
2658169
2664184
2668254
2675217
2675694
2679017
2680509
2702956
2709526
2711093
2711893
2712758
2716531
2716930
2717788
2721601
2722351
2723481
2726944
2733679
2741354
2742073
2742349
2745898
2746593
2747513
2748584
2749155
2749940
2750446
2751749
2754473
2754827
2755121
2755225
2755394
2755674
2755866
2756251
2756847
2757349
2757906
2758462
2758494
2758611
2758849
2759691
2760954
2763570
2777669
2778558
2779779
2780260
2781215
2782401
2786541
2787539
2794421
2795229
2796290
2808107
2809153
2823244
2825649
2828016
2829818
2834163
2848583
2852779
2853609
2855240
2855875
2864976
2865581
2866402
2870138
2875760
2885287
2885665
2886529
2889511
2894492
2897144
2900329
2903554
2905790
2911635
2912921
2916150
2929136
2932782
2933834
2934624
2936300
2944853
2945285
2947884
2950742
2957165
2965571
2967500
2967996
2968692
2970144
2971858
2973744
2974287
2975917
2980333
2980895
2981493
2982055
2983465
2984426
2985014
2985862
2987033
2988349
2995701
2997513
2999361
3008513
3015135
3015493
3015664
3016076
3016441
3016843
3016966
3017212
3017600
3018148
3018592
3019894
3023007
3023854
3024360
3026571
3033129
3033944
3035597
3062273
3062742
3063537
3064717
3065258
3065659
3066036
3066539
3066972
3069781
3070219
3071377
3075599
3075661
3079378
3079813
3080299
3080727
3081754
3082603
3090937
3092162
3097219
3098316
3103611
3109364
3109745
3110854
3114416
3114897
3115394
3116221
3117281
3122780
3123409
3125163
3125795
3127075
3127509
3128240
3150456
3152145
3153365
3154310
3157063
3158899
3159035
3160281
3163514
3163733
3165829
3169008
3169486
3173625
3174584
3175376
3175901
3182354
3184070
3184704
3185264
3189288
3190409
3199637
3200111
3200452
3202734
3219180
3221789
3222460
3222849
3223482
3223610
3225953
3234391
3234475
3235601
3236452
3236881
3237605
3238430
3238800
3240141
3240957
3241171
3248413
3251765
3253037
3255781
3255975
3256833
3257045
3259698
3260587
3269854
3271594
3271992
3272512
3275434
3278703
3279041
3279238
3280084
3282646
3283846
3285457
3291237
3291858
3294131
3303762
3304435
3308196
3332865
3333451
3334033
3334656
3335548
3335979
3336158
3343445
3344143
3346139
3350551
3350631
3352330
3352444
3357699
3358786
3361795
3363216
3364980
3366890
3368118
3368986
3369772
3370337
3371307
3371773
3373207
3374429
3375027
3379790
3387350
3387596
3388185
3389518
3389671
3392731
3395513
3396160
3396612
3397517
3402724
3405375
3408203
3411248
3411632
3412487
3412554
3413615
3414545
3414916
3415275
3416039
3416653
3419936
3420282
3423373
3432071
3445001
3446714
3448091
3450052
3455717
3458502
3460911
3461765
3463522
3463806
3463840
3465163
3466601
3476758
3478506
3478649
3495859
3496587
3496639
3499919
3500542
3501422
3501996
3503994
3504259
3505141
3505752
3505909
3506330
3507231
3510343
3519828
3523322
3527253
3531179
3535805
3536146
3543620
3544139
3548004
3548794
3556139
3561908
3562836
3564018
3564615
3569800
3569975
3572026
3576567
3579361
3580284
3600052
3600759
3604930
3606820
3607156
3607758
3609875
3611542
3612506
3613973
3615268
3616708
3620324
3623580
3630484
3631382
3632833
3633415
3633765
3633975
3634681
3635139
3640161
3640739
3641307
3643900
3648767
3650495
3651303
3652003
3652478
3653463
3653713
3655093
3657125
3660926
3662204
3667672
3669099
3669982
3670114
3671017
3671098
3672248
3674742
3680036
3685124
3687161
3687963
3688745
3689514
3698964
3700449
3702195
3705125
3705933
3707953
3708112
3712241
3713400
3714894
3716924
3717488
3724582
3727680
3728182
3729029
3730062
3730244
3730867
3731529
3732793
3744132
3747387
3747903
3748933
3749908
3750478
3751358
3754021
3760030
3762976
3765689
3767281
3768077
3776703
3777930
3778216
3781294
3784940
3787335
3788177
3789553
3790365
3793986
3794555
3795411
3795754
3796464
3800518
3802847
3803595
3810163
3812495
3812624
3813282
3814139
3815153
3816017
3818620
3822750
3823824
3827360
3829985
3830591
3831013
3831346
3831549
3831929
3832065
3833243
3833916
3834139
3835287
3836269
3841503
3842800
3843821
3844625
3846559
3850230
3851013
3851511
3853964
3858179
3869687
3870953
3872607
3874527
3875197
3888091
3888530
3891452
3891896
3895316
3899891
3900828
3902206
3902633
3903904
3904062
3907444
3908576
3910667
3911041
3914555
3914686
3916034
3917752
3918646
3921789
3922769
3927843
3930583
3932234
3933645
3935385
3936648
3937557
3938464
3938669
3939850
3941152
3946176
3949002
3949697
3951385
3952064
3956238
3957107
3961989
3962306
3962861
3963048
3964017
3964145
3967671
3968915
3970618
3970859
3971833
3971997
3973224
3973727
3974337
3974807
3975554
3976382
3978037
3979945
3982856
3999034
4004491
4012981
4013814
4018013
4020540
4030380
4050338
4050969
4053987
4055401
4060324
4061677
4064809
4067308
4070368
4072845
4073825
4073855
4075922
4077729
4078663
4080389
4081175
4081283
4085464
4090817
4091118
4091210
4094174
4094854
4094924
4107452
4109120
4110055
4113280
4115336
4115815
4116517
4118394
4118624
4120241
4121719
4122875
4123067
4123948
4126827
4126954
4128374
4130392
4131575
4132950
4141369
4141749
4143761
4145556
4151370
4151429
4153297
4153961
4154719
4157888
4161426
4170263
4174720
4174763
4175542
4176395
4177226
4177908
4182154
4184515
4192189
4192750
4193243
4194110
4194772
4195234
4195236
4196284
4197516
4198515
4198910
4201320
4202308
4204453
4204875
4205773
4206468
4206591
4206628
4217843
4217881
4218482
4218584
4219221
4226557
4226953
4227068
4228203
4228797
4234668
4236628
4241660
4247410
4250250
4253228
4253663
4254304
4254605
4260071
4262877
4265254
4266032
4270074
4277370
4283818
4288677
4289248
4289276
4291379
4295023
4295859
4296150
4296875
4302355
4302490
4303689
4310099
4312958
4314483
4314746
4315989
4316241
4327313
4327393
4328459
4337790
4338626
4339329
4340249
4344286
4345172
4347006
4349088
4356390
4357236
4357450
4359262
4360323
4360378
4360544
4365048
4366448
4370385
4373884
4379848
4384353
4390551
4391385
4394889
4398384
4399129
4407986
4410174
4410821
4420810
4423720
4424572
4425355
4427260
4427816
4430466
4432236
4433010
4434813
4437187
4437231
4438334
4439504
4440313
4443110
4444083
4449844
4453687
4454032
4454520
4455281
4458290
4459154
4467002
4467754
4468390
4469787
4473900
4475215
4476928
4478037
4480671
