281.3515
916.0279
1484.428
2673.521
3538.824
11976.09
13619.9
15074.02
16052.8
16466.53
16905.97
18473.76
24383.07
25258.55
27101.69
28011.03
29154.63
30092.46
38876.5
39339.84
39919.49
41163.17
41787.45
45356.58
47357.45
49235.31
49313.46
51099.16
51836.26
53399.17
53865.05
54368.49
54842.54
55088.48
55524.74
56021.32
56557.17
57007.09
57118.57
57486.81
58224.82
58565.04
60400.45
67217.68
68185.49
68485.17
69527.37
70076.53
71150.15
71727.44
73501.26
76425.11
76429.26
81027.24
85879.6
86869.73
89065.94
96157.43
101408.6
101452.9
109917.8
111905.1
113326.1
113732.6
115123.6
117082.1
118218.7
126063.4
127640.7
128765
131220.2
135975.6
137960.3
138480.2
139308.4
146600.9
148806.4
157856.4
158509.7
158999.8
159598
162535.6
163804.1
164394.2
166337.8
167292
167808.7
168609
170152.3
170817.4
171169
171646
172145.9
172704.2
173210.3
173642.7
174203.5
174933.7
175323
182570.6
186835.2
190789.8
191686.7
195902.2
197617.3
197968.7
199375.9
200074.4
200784.2
201344.6
201963
210151.1
211899.2
212033.5
215501.5
233599.7
237892.5
250949.8
251126.4
256452.7
257395.6
259380.5
260228.2
260779.3
261675.2
263976.9
264516.6
266565.4
271135
271465
272478.1
274106.1
275069.6
284855.1
286422
287420.3
287820.3
288415.5
293458.1
301258
303143.3
304503.3
305445
306753.5
307372.6
307891.3
309197.2
310361.3
313938
315357.1
321386.2
322641.6
323025.6
324162.9
324247.4
329170.2
329359.2
331094.4
332237.7
335599.5
336498.8
336993.6
338902.6
343304.7
344453.9
351253.6
355086
356733.9
357043.5
360386.1
361222.2
362176.7
362204.9
365979.9
366903.5
367820.1
375095.4
378443
381393.4
383428.6
388882.7
398372.9
399413.8
400145.8
405280.1
416067.1
416629.6
422066.2
423714.9
425005.1
427718.1
431004.8
459918.7
461387.8
463682.2
464638.9
465006.6
465460
466708.9
467347.1
468191.6
468714.5
469303.8
470004.3
473165.7
475213
482320.7
483797.9
484328.4
487983.9
494149.4
494701.6
495489.5
496074
498822.7
500113.4
504880.1
509482.9
510331.9
514085.1
515498.9
516451.2
516625.8
517885.6
518273
518683.6
519120.6
519427.6
519816.1
520262
520978.7
521803.6
522893
523852.3
525091.6
525568.8
526062.6
526905.8
528263.8
546991.7
547031.5
547840.2
551661.1
552343.8
553188
553243.7
553889.4
554577.4
555446
558963.7
559291.4
559930.2
561104.5
563035.4
563863.2
564393.7
564405.6
565043.6
565272.6
567484.1
567754.9
569697.2
569799.9
570454.4
570962.6
572227.8
574296.4
576937.3
577599.3
587701.6
598873.9
604382.3
605791.5
606320.1
606808.5
607289.8
608538.2
608830.8
609838.9
611049.6
621603.4
623278.9
624017.9
624110.6
624661.5
625270.8
625860.4
625914.3
626057.9
626495.3
627106.2
627982.1
628193.9
628477.5
628930.4
630971.8
631960.7
632456.6
635511.2
635885
637698.7
640637.7
643457.1
645760.6
646173.5
646586.8
647318.5
647945.1
649078
651403.1
653916.7
653923.4
656439.6
658053.9
658871.7
661259.9
661921.2
662584.7
663986.2
665342.9
667542
675248
676563
677308
680062.3
685436.3
688381.4
693120.6
694274.4
700398.8
702921.1
704445.8
705236.7
708386.5
714084.9
714739.9
718491.5
719035.8
722812.6
723491
724275.3
724946.9
727676
734861.3
735827.8
737291.8
737893.4
738893.6
743836.1
746625.9
775458.9
776688.3
777572.4
778029.2
778525.4
779334.6
779884
780790.2
788073.3
790922
791172.3
797116.4
802965.7
804170.4
805686.7
813281.3
818331.8
819409.7
820386.8
821216.6
822808.5
824955.2
825332.8
825648.6
826011.2
826859
827453.7
828325.8
833397
837607.9
838216.5
838309.9
839234.6
842320.7
843571.9
844385.7
845384.5
846939.4
847708.6
848331.2
850085.6
853057.3
855829.5
857168.5
857631.2
858347.8
858827.3
858926.7
859370.6
861132.1
866738.7
867493.9
869075.7
872944
873575
875042.9
875189.4
877282.7
877715.7
878458.4
879485.6
880687
906586
913049.9
925397
925462.2
927545.4
931654.7
933602.1
935483.3
939427.5
941224.1
942286.9
947475.5
947989.9
950176.8
951612.1
953063.8
953668.6
961756.2
963295
964255.2
964804
965859.4
966353.3
967086.5
968448.9
968869.3
969966.6
970872.5
973547.1
974412.1
975115.8
976051.9
976675
976743.7
977043.5
977494
977914.1
978986.8
984118.1
984126.3
985693.7
987434.6
989325
989776.6
993568.2
994161.6
994421.8
997270.2
998006.5
999359.4
999461.3
1002228
1003511
1004054
1004194
1011464
1019251
1030866
1039456
1043469
1045468
1045986
1046882
1047308
1047672
1048325
1048877
1049328
1049537
1050140
1050400
1051149
1053337
1055037
1056955
1058067
1058530
1059392
1060159
1060909
1061754
1061813
1062604
1062846
1064310
1068264
1072006
1074484
1079071
1084334
1084974
1095674
1096173
1096958
1098719
1102871
1104856
1104904
1106042
1107923
1109413
1116887
1119610
1124582
1134948
1142379
1144440
1146050
1146282
1146415
1147446
1148340
1148646
1148879
1150328
1153973
1155245
1158732
1160175
1161675
1162805
1162842
1172240
1172687
1173346
1175995
1176712
1177373
1177809
1177978
1178660
1178901
1180114
1182141
1186906
1187809
1188781
1189245
1189764
1190513
1191380
1191904
1192238
1192678
1193130
1193796
1195669
1196824
1201216
1201889
1203159
1204683
1209974
1211526
1212106
1217197
1219915
1228635
1232091
1235534
1236551
1238725
1242232
1245569
1245845
1245931
1250632
1265165
1276468
1279669
1280169
1281223
1281712
1282603
1283095
1283655
1284982
1285487
1294664
1295994
1297470
1297965
1306640
1306666
1307532
1308814
1312056
1314145
1316126
1319767
1323190
1364798
1367279
1371271
1371615
1375519
1376603
1377078
1382929
1384729
1385872
1387278
1390036
1391208
1400161
1401198
1407078
1407670
1412819
1414638
1417131
1422423
1425272
1427668
1430658
1431875
1432557
1433806
1433894
1435076
1439036
1440055
1440151
1441483
1442331
1444188
1444877
1445786
1446610
1447633
1448918
1449028
1453462
1458134
1458761
1462316
1465787
1471298
1472561
1473726
1474201
1474421
1478742
1479836
1482490
1483273
1484168
1485450
1486395
1496669
1497483
1497522
1498718
1499190
1500197
1503068
1506498
1508320
1510966
1512593
1517293
1518769
1519801
1521170
1526656
1527944
1528789
1529039
1530309
1531213
1542481
1543817
1544741
1545287
1547395
1549054
1552547
1555789
1557662
1559391
1562799
1563288
1563942
1564072
1565291
1567575
1568116
1581109
1581895
1594488
1595738
1597620
1598281
1600026
1604615
1609358
1613450
1617469
1618957
1621039
1623121
1624100
1624535
1625111
1625634
1626503
1627485
1631667
1631907
1632448
1633219
1633759
1640996
1642489
1646435
1650250
1658240
1658939
1663051
1672616
1673465
1675104
1683759
1686666
1687754
1688464
1693418
1694215
1695590
1696125
1696364
1696688
1697340
1703960
1707118
1720923
1725704
1727847
1728587
1729231
1730171
1730217
1731297
1732110
1732844
1733234
1734280
1734737
1736294
1738226
1744471
1745543
1746001
1747190
1747989
1748266
1749013
1749515
1751182
1758070
1758741
1775624
1780505
1809025
1809921
1810978
1811712
1812455
1813884
1818010
1818735
1824592
1832398
1832493
1836775
1840788
1841306
1841873
1842791
1844503
1845509
1846776
1850698
1853241
1854617
1855118
1856297
1856474
1856924
1857767
1859140
1861978
1865581
1866982
1868602
1869095
1870378
1870947
1871778
1873383
1874208
1876113
1877416
1885251
1885941
1886548
1887123
1887796
1888474
1889062
1890446
1891434
1891955
1893165
1893787
1894520
1894723
1895288
1895766
1898214
1898891
1901646
1916939
1919536
1923369
1925730
1926430
1927463
1931446
1933632
1933878
1934514
1944573
1945928
1946789
1947638
1949324
1952222
1953263
1954986
1961449
1962261
1963745
1964026
1964806
1973948
1974570
1975801
1992772
1993153
1995854
1997588
2005056
2005562
2009549
2011238
2011509
2012197
2013297
2016106
2017805
2018083
2018539
2019274
2019868
2020364
2021134
2029186
2034829
2040505
2048340
2052007
2053155
2054089
2055722
2061536
2063390
2065867
2069594
2070289
2071489
2072740
2075941
2080048
2082278
2083785
2087031
2088667
2090067
2096137
2096303
2099719
2100417
2108866
2110097
2110997
2114339
2118484
2123113
2124781
2127387
2132521
2133868
2134471
2135024
2135090
2142602
2143248
2143440
2144059
2144581
2145166
2145785
2146638
2147287
2148284
2151317
2152682
2156190
2156335
2159132
2159734
2160803
2161015
2163723
2165518
2166636
2180579
2181337
2181889
2188766
2192788
2196023
2196881
2197508
2198529
2199623
2201619
2209909
2210828
2215904
2217557
2218539
2222207
2231012
2254289
2256343
2259519
2263023
2265527
2266120
2266827
2269296
2281459
2282219
2288831
2291100
2293496
2294308
2294461
2296697
2297660
2301251
2304759
2307323
2308923
2309970
2310077
2310237
2311654
2312181
2312939
2314263
2314937
2315301
2315599
2316722
2317578
2318190
2318652
2320277
2329374
2330681
2338462
2341030
2341600
2342479
2348425
2351608
2352380
2366360
2366978
2367503
2368600
2369421
2379573
2383889
2383895
2390117
2391350
2398166
2400802
2402916
2405945
2407018
2407898
2408601
2408801
2409512
2410604
2411447
2412037
2412077
2414000
2415421
2420132
2424229
2429952
2430672
2431145
2431277
2431857
2432223
2432679
2432994
2433633
2433916
2434215
2434520
2434793
2435075
2435385
2435761
2436146
2436967
2437316
2437932
2447214
2449680
2450362
2451739
2453681
2454444
2464273
2467582
2468858
2475573
2493950
2497869
2499346
2500296
2501840
2502412
2505543
2506057
2510657
2513689
2518928
2522789
2527555
2535560
2537959
2538366
2541927
2547811
2549555
2551966
2552987
2556513
2567430
2572682
2573679
2574490
2574540
2575779
2576378
2576683
2576857
2577358
2577823
2578245
2579219
2580080
2581316
2582704
2584930
2585712
2586361
2586815
2587230
2588088
2588555
2588887
2589327
2589714
2590140
2590476
2590879
2591277
2591605
2592138
2592728
2599839
2606479
2609531
2611225
2612105
2615523
2615806
2616545
2618710
2632702
2636143
2638322
2638520
2639158
2639320
2639384
2645154
2657574
2659576
2659783
2662202
2667597
2669468
2673951
2676277
2677430
2679064
2679971
2701991
2703291
2705339
2707070
2708416
2711035
2723710
2724021
2724332
2724971
2725458
2726487
2736612
2736650
2748199
2749459
2753723
2762146
2764390
2773812
2779485
2791001
2791697
2792389
2803737
2806575
2807280
2807810
2808247
2808695
2809208
2809638
2810282
2812202
2813046
2814758
2816234
2819767
2820163
2828225
2828346
2836112
2836775
2837171
2837537
2837906
2838320
2838643
2838995
2839473
2840006
2840420
2841021
2841660
2842167
2843415
2846812
2849868
2851260
2852502
2852960
2853370
2853721
2854451
2854979
2855844
2863548
2864748
2872880
2875164
2876709
2883213
2888607
2890244
2891196
2891237
2891477
2892322
2892334
2892882
2893470
2894012
2899531
2900073
2903192
2903982
2905250
2906608
2910635
2911920
2914234
2915737
2922806
2930989
2932139
2935920
2938704
2941261
2942984
2943924
2945524
2947805
2952732
2953694
2954973
2956175
2958555
2959635
2965582
2970297
2970963
2971393
2973695
2974442
2981051
2982819
2983321
2984064
2984811
2984870
2985338
2985953
2986367
2986783
2987539
2987858
2988378
2989146
2998938
2999703
3001388
3014263
3015543
3020218
3021179
3021510
3023299
3024517
3025080
3025516
3026175
3027592
3028534
3029036
3029462
3029997
3030456
3030816
3031185
3031593
3032490
3033762
3034677
3035311
3036476
3038811
3043348
3047282
3050187
3054614
3055950
3057523
3058255
3058414
3058870
3059400
3060087
3060583
3061878
3062367
3063115
3063756
3064480
3065149
3066223
3069331
3073791
3074335
3075099
3076103
3081664
3082657
3083759
3085089
3087685
3089107
3089537
3091261
3091478
3092839
3092982
3095981
3101824
3103095
3104598
3106282
3108161
3109473
3115069
3115083
3117513
3118073
3120098
3121360
3123048
3123712
3124376
3159805
3163875
3164307
3164993
3165835
3165951
3168704
3169955
3170867
3180037
3183857
3187475
3188319
3196621
3197952
3198043
3198610
3199441
3200213
3203768
3205711
3207364
3208723
3209475
3210858
3212390
3213004
3213116
3213540
3214109
3215427
3215926
3216132
3217321
3218096
3223093
3234884
3242900
3243594
3246940
3254026
3255759
3256284
3259809
3260787
3260796
3263957
3265018
3271451
3281134
3281723
3282383
3282620
3282946
3283203
3283804
3286439
3286851
3287511
3289421
3298380
3302589
3303400
3307631
3310034
3311997
3317984
3318217
3319795
3321892
3325080
3326387
3327382
3328166
3328691
3328695
3330128
3334590
3334794
3341542
3351473
3351795
3352980
3353081
3357751
3359813
3360626
3361125
3361599
3361983
3362344
3362781
3363230
3363981
3373276
3375209
3379629
3380695
3381224
3383948
3388555
3388599
3390336
3394201
3394743
3395697
3396581
3397173
3397903
3398307
3401536
3405486
3407752
3408536
3410007
3411359
3424162
3424606
3425119
3425540
3426126
3426739
3427303
3428589
3436572
3438836
3439743
3440182
3440681
3444638
3445994
3450958
3452799
3454105
3454754
3455136
3459891
3463422
3463825
3464586
3465587
3465683
3467850
3470856
3471277
3473530
3479073
3486860
3487240
3488813
3491259
3492881
3493619
3494583
3502660
3509484
3510603
3516499
3517107
3517767
3518350
3518466
3520622
3521787
3522490
3524052
3524787
3525618
3526336
3529896
3532272
3532735
3533763
3534629
3535612
3536514
3538720
3539552
3542824
3546002
3551670
3554377
3557216
3557737
3558994
3560958
3561672
3561724
3566832
3567223
3570514
3574683
3577285
3579250
3580483
3601197
3603816
3608877
3611015
3613082
3616100
3622067
3625296
3625762
3627829
3629691
3630643
3631168
3631613
3632144
3632886
3633390
3633519
3633841
3634347
3634802
3636928
3637684
3637896
3650007
3651717
3653581
3654585
3655494
3656783
3657821
3658577
3664701
3669826
3671646
3673839
3686730
3689621
3690440
3691565
3707581
3716353
3717680
3718666
3719298
3719596
3720127
3721044
3721090
3721836
3725056
3728228
3730995
3732260
3732917
3733745
3735187
3736836
3737756
3742598
3744501
3749803
3752872
3753150
3753477
3754467
3754524
3759152
3759710
3761281
3762638
3763291
3763779
3763867
3764330
3765236
3769825
3771526
3771695
3772298
3776610
3782022
3783547
3784099
3784857
3785548
3791062
3791547
3793137
3794492
3797187
3798047
3804454
3805067
3805919
3823465
3825948
3826639
3827543
3830346
3833623
3839885
3840901
3841247
3842898
3847868
3847921
3849136
3850526
3865215
3873621
3876640
3878880
3880489
3881439
3882217
3882856
3883288
3883866
3885072
3888799
3889556
3889970
3890397
3896067
3904453
3905035
3905683
3906856
3913849
3914691
3919243
3920920
3921093
3922994
3924054
3930841
3935084
3935776
3936296
3936686
3937141
3937632
3938142
3938831
3939353
3939882
3940444
3942558
3942560
3942662
3943565
3946021
3952589
3954308
3957998
3959178
3959422
3961862
3962371
3964384
3967216
3968396
3969078
3969218
3969839
3969894
3974712
3974860
3975220
3983735
3983813
3986976
3987573
3988202
3989265
3992075
3993114
4014360
4015802
4017728
4024224
4051274
4051565
4052418
4053268
4054333
4056229
4057866
4062428
4064014
4064584
4065198
4065652
4066237
4067170
4068769
4075788
4076182
4076582
4076804
4083366
4091929
4091967
4107128
4112219
4113082
4119157
4130440
4137511
4138410
4139806
4144845
4149717
4150386
4150928
4157132
4158077
4160060
4160225
4161750
4165792
4177750
4178631
4179356
4180109
4180201
4180944
4181515
4182060
4182570
4182901
4183203
4183525
4183859
4184149
4185196
4185515
4185971
4195572
4201606
4204285
4205363
4205935
4206484
4207551
4209715
4210517
4213747
4214619
4215308
4216250
4216592
4223884
4228933
4230717
4234280
4234999
4235817
4237960
4238004
4239789
4241752
4242526
4243021
4243705
4244397
4246581
4248264
4259919
4263345
4271052
4272024
4277491
4290535
4293858
4295194
4296654
4299947
4303785
4312024
4323336
4329340
4337960
4338418
4339890
4342057
4346737
4353713
4360716
4366667
4367160
4367208
4368198
4368950
4369508
4369708
4372294
4373513
4374140
4374764
4379823
4380327
4382651
4389086
4391428
4393401
4394785
4396208
4400241
4403011
4409643
4416455
4416712
4417240
4417596
4418110
4418403
4418723
4419006
4419332
4419661
4422034
4423327
4429161
4439376
4448511
4458331
4465303
4466294
4468218
4468980
4471558
4477225
