11343.37
16307.29
22340.48
22547.86
28318.1
28957.33
30171.13
31959.74
32915.14
33863.29
34088.72
34782.42
40954.3
42027.87
42730.74
43597.58
45299.17
46294.32
48373.59
49347.75
49968.76
51173.04
56827.23
70511.66
73889.73
74660.6
75281.76
75734.66
76216.88
76915.42
79144.1
79254.38
79832.5
81249.66
82947.65
83356.75
84300.56
84709.09
85134.6
85137.76
90051.05
90430.6
91495.65
102347.5
105124.9
114065.2
116644.6
117237.3
117396.4
117497.1
120401.1
121856.8
122336.6
123180
123838.8
126395.8
137477.4
159645.5
160331.2
174435.3
178140
178185.3
203454.7
203841.6
206093.6
207701.9
208698.7
209885.3
219176.7
219385
228963.7
231478.6
232119.5
233550.4
233978.5
234428.9
236445.1
236820.7
237995.2
239925.1
241156.4
262837.3
262932.9
266879
275118.6
277577.4
281935.9
283025.4
287667.4
287776.3
295325.8
304051.3
317454.4
319620
320670.5
329431.8
330612.5
332076.4
332426.4
333420.4
334054.2
334806.6
342680
343472.9
353992.1
353993.6
360241
372457.5
376857.2
379757.3
384295.8
388029.3
388708.5
391215.1
394719.9
400695.1
409044.5
414151.1
417501.4
419252.9
421549.7
429168.6
431335
450948.6
454706.9
455590.1
456352.8
456668.6
457856.8
458317.7
468736.5
469147
477905.8
482968.1
485401.7
487435.8
489121.2
498640.3
499621.2
499659.2
499820.5
500353.1
500875.2
505388.8
510329.1
524832.5
525972.3
529200.4
530431.1
533167.7
536915.8
537083.6
547002.2
554285.7
558916.5
560120.7
562709.7
574497.8
576805.5
578591.3
583465.8
584759.8
587281.3
587325.9
587965.5
588868.6
596413
603355.5
604267
604415.2
611188.5
611265.9
613036.3
613676.1
613676.7
614321.9
614459.2
614460.5
616630.5
619736.4
620140.9
623527.2
623959.5
625281.5
625774.2
626855
630242.4
642271.6
644753.1
650714.9
659315.8
661267.1
661619
663531.8
664741.8
670384.9
670931.7
687223.5
687642.8
688963.6
703441.1
705888.2
715320.4
718122.5
744541.5
746314.9
747835.3
751948.7
752373.9
753165.1
760867.5
770621.2
771406.6
788084.2
790651.7
790737.8
791647
792655.9
805074.7
812945.4
818386.1
824133
824481
826371.5
834803.2
835768.6
838018.8
854990.8
855580.7
856420
861682
871015.8
871745.7
873361.5
902954.6
904576.9
904650.1
906252.6
911009.3
911845.3
911858.5
912724.9
931691.5
931874.7
938942.9
944126.6
950358.9
951582.1
956757
965656.5
974275.9
977314
978435.1
984337.3
986171.7
1000861
1007279
1007725
1008336
1009524
1009824
1010977
1011371
1011923
1012941
1013537
1015696
1017028
1018022
1019247
1019319
1019685
1019911
1057548
1061516
1065833
1069404
1070901
1071135
1076945
1080440
1081746
1082104
1085145
1099642
1099843
1104427
1105201
1106246
1109486
1119687
1122318
1125411
1130495
1134492
1138503
1143610
1145879
1148906
1152703
1156074
1160915
1161902
1178223
1181005
1186718
1187043
1195880
1197521
1198216
1198965
1199271
1199821
1199905
1202080
1202122
1214954
1217918
1220294
1229565
1231856
1232531
1235761
1249722
1250043
1250363
1254414
1255494
1257086
1257730
1258546
1264596
1270381
1270540
1274024
1275649
1288823
1293749
1302636
1317078
1324633
1350698
1353931
1395109
1395720
1396692
1396996
1398136
1400371
1401227
1414287
1420713
1425195
1426313
1427503
1427869
1428371
1434486
1443110
1447888
1449174
1461023
1461126
1488129
1489415
1493489
1495340
1501151
1516193
1519110
1519874
1522141
1536492
1538177
1546638
1546873
1547366
1548702
1549904
1551217
1551372
1552143
1552953
1555211
1555677
1556205
1566268
1567198
1569639
1570991
1572404
1589497
1589569
1591832
1602625
1603891
1605903
1608266
1608606
1622693
1623785
1628175
1629052
1629734
1631522
1632886
1641524
1652148
1657846
1664460
1665283
1666966
1670792
1674617
1680292
1680984
1687470
1692016
1692336
1693580
1701509
1703974
1705286
1711528
1712525
1712912
1713426
1713825
1717245
1722058
1724775
1735437
1735890
1735891
1745309
1747282
1747608
1772048
1773672
1774089
1777351
1778627
1803674
1811359
1823686
1850689
1855245
1871138
1871608
1873732
1877177
1881547
1882203
1889034
1889441
1897217
1897296
1903071
1930609
1932431
1934798
1935128
1937074
1937997
1938312
1938890
1942642
1942697
1948217
1949677
1952082
1953396
1953504
1954038
1954075
1956069
1957368
1960671
1963699
1965243
1965950
1967370
1968215
1969551
1970111
1972363
1973734
1977460
1983668
1983746
1984022
1984248
1996458
1996502
1998501
1999183
1999453
2001602
2003112
2003631
2004259
2009373
2011527
2016425
2019542
2021696
2023387
2030766
2034009
2050872
2051791
2053921
2055917
2056370
2057326
2058949
2060156
2064382
2070920
2070999
2071365
2071550
2072880
2078342
2101157
2110965
2122883
2124174
2124964
2130538
2133968
2136359
2136873
2137599
2150264
2159153
2163559
2190535
2191403
2193473
2194898
2195018
2195967
2196783
2199530
2213485
2213775
2225298
2226626
2256894
2275166
2277297
2282342
2286280
2286417
2287092
2287527
2288156
2289526
2291452
2296156
2297426
2299218
2305348
2310880
2318855
2320625
2322412
2323267
2326895
2332322
2336974
2337924
2338863
2342000
2342409
2346304
2349735
2356771
2370081
2370872
2371967
2390710
2392890
2397869
2402834
2405867
2406794
2408014
2408216
2408809
2409246
2412594
2414193
2414677
2426712
2427720
2428522
2431352
2432034
2435763
2437118
2438732
2447488
2454459
2457370
2459573
2459926
2460593
2460631
2463224
2463959
2464307
2465776
2466022
2467866
2468460
2469749
2471807
2475428
2478582
2482495
2487609
2488528
2488658
2494908
2510750
2517958
2519666
2528033
2530643
2531814
2536673
2537955
2540385
2542726
2544138
2546516
2552353
2557543
2560766
2563894
2584816
2588278
2590200
2590533
2592976
2601341
2607280
2608710
2610869
2613107
2620435
2624207
2625107
2628335
2632804
2634600
2635260
2644256
2646847
2654121
2655169
2663661
2669184
2672126
2675097
2675498
2702217
2739449
2766132
2767826
2768133
2769662
2778498
2778579
2779456
2779889
2780526
2780907
2781594
2792069
2794462
2795628
2797105
2798282
2801595
2804543
2805812
2808574
2811493
2823793
2827655
2850940
2856580
2865483
2868685
2870367
2870561
2871608
2877827
2889461
2890496
2891346
2892023
2892456
2905283
2906039
2907780
2908746
2909222
2910484
2911669
2912416
2915182
2917084
2917427
2920824
2928308
2932178
2935921
2941455
2947498
2950951
2954170
2954217
2968767
2971947
2972793
2973792
2975539
2977610
2983610
2986102
2988629
2991987
2994119
2995821
2995902
2996922
2998256
3008333
3008467
3008848
3011286
3012008
3016517
3017578
3017835
3023148
3031299
3031811
3039821
3046665
3048346
3049443
3059968
3066930
3076457
3076914
3077445
3077914
3081268
3087234
3092795
3095695
3098725
3103092
3105202
3109592
3109847
3115132
3122174
3126095
3127529
3131337
3155552
3158182
3160816
3174086
3175474
3176435
3187940
3189712
3195530
3205441
3208527
3213196
3214733
3215468
3221491
3221898
3228658
3230412
3232930
3234853
3241054
3241840
3243788
3253874
3256785
3265176
3267071
3269652
3273279
3277386
3299113
3316520
3319515
3336054
3337573
3339146
3361808
3366775
3369109
3375037
3375616
3376951
3378394
3383346
3387353
3390844
3390891
3390980
3393255
3394762
3395217
3397724
3398941
3400027
3400289
3400749
3401676
3402028
3402978
3416875
3429871
3434947
3439600
3446754
3454339
3455529
3461278
3462040
3465193
3467647
3468212
3468456
3470270
3470572
3472297
3472308
3473567
3474101
3474207
3474415
3475107
3477437
3486015
3487475
3488870
3488985
3493575
3500070
3503768
3507357
3507875
3511526
3521587
3534040
3535240
3547101
3548957
3549603
3549927
3550609
3551272
3552695
3554700
3556399
3556906
3557798
3557844
3601093
3604418
3605903
3633663
3636193
3639125
3639865
3651839
3653159
3665556
3671462
3672638
3673999
3692937
3694104
3695708
3697149
3698002
3703923
3722523
3723687
3724171
3725390
3727627
3729811
3732139
3734684
3735431
3735889
3741720
3745478
3745960
3747410
3749184
3749774
3752337
3752378
3761937
3773893
3778669
3781162
3790428
3794897
3796429
3797959
3802922
3803070
3809684
3810164
3817510
3818308
3833290
3847240
3850543
3850891
3851822
3851900
3855560
3856540
3856589
3860211
3864280
3870895
3876970
3879081
3896353
3906002
3906172
3944465
3948380
3955184
3962835
3967311
3969686
3971839
3974764
3981399
3981782
3982645
3983423
3984333
3991231
3997463
4007554
4010751
4020526
4024257
4061234
4081647
4090585
4096000
4103331
4103674
4104083
4104373
4105540
4106282
4109057
4112214
4112617
4112660
4115953
4116335
4117171
4117579
4118050
4118439
4125317
4140384
4142030
4143156
4143370
4144443
4151583
4152258
4154535
4161659
4164568
4168620
4175385
4176698
4180710
4182573
4182802
4198898
4204549
4206100
4206140
4213511
4214759
4216524
4216791
4218224
4220858
4221008
4227199
4227599
4230488
4231834
4242359
4244530
4255338
4256500
4262899
4267440
4273434
4277962
4278191
4278694
4279366
4280386
4283515
4284356
4285467
4287104
4293889
4295378
4304541
4306445
4315856
4316908
4319208
4319873
4320756
4321100
4321761
4323091
4324836
4326799
4328656
4328883
4331810
4333121
4333164
4333796
4334148
4334856
4336290
4344257
4349203
4356157
4356401
4363492
4364681
4367193
4367664
4370154
4375653
4376864
4380826
4403391
4431691
4444886
4446690
4449061
4453296
4464414
4467778
4469174
4470711
4470755
4471764
4471908
4475083
4475917
