32656.84
33154.63
36020.7
36584.6
37595.72
38494.2
39845.05
59903.05
60853.64
63332.85
64572.53
65770.39
66176.2
66576.86
67815.39
68259.82
69753.43
70306
70895.18
71433.93
72363.32
72790.21
74404.03
76241.24
76892.92
78668.17
79081.53
80025.3
86771.34
87881.88
88645.27
89914.24
91854.59
94048.98
96988.46
97719.98
98446.7
99598.86
105636
107443.9
110863.9
111655.4
112753.2
113188.2
116835.8
117324.4
120414.6
149435
174028.8
175175.4
177128.4
206883.6
207234
208351.9
208791.6
209700
210527.4
254452.7
255080.9
255902.3
256154.7
256686.1
256914
257395.5
257643.6
259099.3
259575.1
262980.4
267793.8
269530.7
276954.8
277360.4
280048
280903.3
281833.6
282175.5
282798.5
283130.7
284063.7
287131
297050.9
297681.3
298408
299312.2
326010.1
327599.9
452062.9
453361.9
455709.6
456315.2
457362.7
457716.1
458376.5
460066.4
462182.5
463730.1
464714.4
465216.9
465913.7
467095
490158.7
492137.3
540197.8
543041.8
543473.8
544605.1
545126.5
546350.8
546841.7
547303.2
547740.3
548141.2
578610.1
581956.1
582810.5
583204.9
583607.9
586777.6
589605
590049.3
590350
590725.4
592720.8
593047.6
593407.8
594787
595086.3
596733.1
597002.3
597330.2
597927.5
598653
600863.5
601536.1
601874.7
604038.1
606157.5
609136.6
629767.4
634466.5
640111.5
641564.3
711291.9
714135.5
754299.6
754922.4
755844
756260.6
757177.8
779140.5
787729.6
788566.4
818638.5
819707.9
820402.4
821213.3
821629.5
823135.6
827185.8
827541.4
827912.3
831021.8
845032
846253.3
846768.5
847262.5
848618.2
849183.7
849608.9
850806.8
856541.9
858651.4
868667.1
869923.7
870294.7
870617.1
873165.1
873500.7
874482.7
874940.2
875857.5
876466.1
876752.3
877092.6
877383.5
878705.4
915651.3
916666.9
918886.9
919942.7
920798.8
921238.1
922093
922530.7
924009.5
924524.9
970335.1
970928.1
1004253
1004888
1006572
1007744
1008398
1009056
1010293
1012647
1012978
1013383
1014254
1014650
1016026
1073650
1075070
1075747
1076290
1076709
1083224
1083664
1086068
1086558
1088030
1089403
1089825
1090221
1092132
1227169
1229313
1230748
1232206
1251271
1252827
1253236
1254137
1284672
1287144
1288302
1289645
1290166
1290512
1290914
1291467
1292444
1292985
1300587
1301029
1301465
1301887
1303030
1303533
1303985
1305326
1306927
1307677
1308900
1310125
1312493
1314152
1316362
1352812
1353821
1354135
1359663
1360381
1363970
1376146
1378281
1379865
1384103
1387546
1418394
1420168
1430101
1430954
1435194
1439044
1439487
1440285
1443023
1445193
1448224
1448725
1449110
1449533
1450888
1453743
1454896
1462376
1464523
1469471
1470369
1471502
1472983
1474705
1476701
1477550
1479332
1479928
1485258
1487256
1490663
1493483
1494524
1496086
1496460
1496809
1498435
1505766
1549861
1551454
1552649
1554314
1555231
1589995
1599221
1600264
1600779
1601318
1602404
1603080
1628248
1630691
1631517
1632164
1640629
1642525
1646062
1650560
1651886
1652338
1652785
1654468
1668043
1668689
1669779
1670396
1671521
1673692
1674035
1677529
1677884
1678286
1680793
1681387
1684079
1686246
1690169
1694527
1695075
1696585
1697330
1697975
1709239
1709773
1749333
1751771
1752436
1753380
1754228
1756015
1756873
1757812
1763518
1764397
1778568
1828598
1828953
1829651
1830005
1830323
1831628
1832372
1833101
1834462
1835890
1836208
1839391
1871793
1917147
1917687
1918729
1919039
1920042
1920919
1921340
1922024
1922834
1924848
1926374
1939703
1940597
1941942
1942256
1942549
1943691
1944836
1945223
1946660
1949185
1949760
1951656
1953091
1953815
1959639
1974195
1985893
1986633
1987742
1992933
2007237
2009387
2009818
2012618
2015771
2016666
2051172
2076701
2077367
2077972
2081855
2084582
2085412
2086000
2146962
2147418
2148039
2189389
2219482
2220385
2222889
2251685
2251998
2252485
2253419
2254095
2254502
2255575
2256261
2262071
2316405
2317938
2318653
2319144
2319965
2320456
2320920
2321953
2326001
2326471
2327356
2332271
2333040
2335080
2336568
2400253
2401896
2402907
2403472
2403769
2404432
2419164
2419655
2421063
2422437
2423118
2439366
2440850
2441293
2441980
2443697
2450126
2455469
2456034
2457115
2460133
2460765
2461192
2462096
2462230
2463103
2464709
2491567
2492103
2492466
2492824
2493808
2494123
2494751
2495289
2516968
2549420
2626295
2626660
2626996
2627346
2629066
2629353
2629655
2630774
2631683
2633847
2634429
2636505
2641749
2646333
2649774
2651269
2652402
2654277
2657889
2659751
2661067
2661823
2662119
2666550
2667305
2669191
2670472
2673126
2674109
2674807
2675331
2675856
2676238
2676595
2676997
2762251
2763084
2765494
2766490
2767435
2767834
2768994
2770154
2771400
2772431
2772979
2774163
2776037
2823493
2838614
2839325
2840201
2840501
2841092
2842245
2843027
2843802
2844547
2845734
2846109
2846499
2847159
2870666
2871080
2872002
2872426
2873766
2874247
2876872
2877542
2878826
2882492
2883009
2883440
2884780
2885135
2885631
2886164
2888125
2900922
2901470
2906063
2907114
2908305
2908969
2909824
2929353
2931687
2932125
2933449
2933826
2934183
2936268
2937381
2940538
2942536
2943103
2943828
2944884
2945607
2946499
2947205
2948182
2949769
2970950
2973622
2974673
3017829
3028089
3030653
3032014
3032703
3033963
3034555
3035006
3035887
3037120
3038602
3038940
3039256
3041207
3041597
3042807
3045458
3047492
3065679
3070219
3106203
3106442
3107080
3107484
3108093
3110196
3111089
3113668
3150440
3190192
3191908
3223433
3224868
3225321
3254285
3255781
3258445
3258947
3259664
3260100
3260503
3260859
3262621
3265079
3267641
3268211
3269335
3270114
3273522
3277446
3283059
3283638
3284030
3284766
3286399
3286810
3289291
3295570
3300026
3307291
3309236
3309758
3311271
3312033
3340726
3342196
3343222
3344022
3345375
3345919
3346473
3347322
3347845
3348904
3349727
3351450
3354727
3370929
3371956
3372464
3373089
3423947
3424383
3425378
3429165
3459351
3459923
3460518
3462082
3464303
3467160
3489417
3490622
3493315
3494512
3495186
3495746
3497145
3499185
3505108
3505370
3505650
3505902
3506453
3507566
3507917
3508300
3509256
3510476
3511519
3513731
3520143
3520971
3521879
3532854
3547120
3550183
3550707
3551337
3552010
3559306
3560888
3561882
3562535
3569816
3570591
3579970
3623936
3648246
3651654
3654365
3655417
3656944
3657384
3657791
3658283
3662492
3674011
3691646
3692180
3693062
3693870
3696106
3698469
3702372
3703400
3704115
3706800
3707566
3708368
3728092
3729035
3741900
3742314
3743186
3744214
3756186
3757601
3818181
3825529
3825953
3826815
3827261
3828186
3829587
3846333
3855837
3856981
3883511
3884041
3885623
3887562
3887985
3888806
3889864
3893009
3893657
3895000
3896020
3896320
3897779
3898131
3898561
3899034
3900767
3912194
3915549
3916216
3916935
3921591
3922500
3922995
3927598
3934089
4030586
4078063
4078549
4080049
4080861
4082494
4087097
4120063
4120852
4121708
4123071
4123972
4124636
4125063
4126312
4126960
4130804
4131469
4135202
4136900
4137598
4138641
4139285
4140999
4160147
4160943
4161922
4170252
4170762
4171604
4171921
4172276
4172958
4173310
4173709
4179557
4180075
4181335
4181829
4182180
4182592
4183198
4185021
4231611
4233242
4253319
4283234
4285297
4286486
4287054
4288957
4289419
4290024
4290528
4291791
4294319
4294888
4295372
4296756
4297311
4297876
4299310
4300743
4302643
4326565
4327184
4329147
4329644
4330722
4331169
4339946
4340559
4341394
4342647
4343298
4344028
4382284
4384664
4385485
4388586
4389220
4389969
4390491
4395253
4397829
4407521
4408396
4408829
4409179
4410441
4410849
4411244
4413619
4414457
4416974
4417695
4421826
4422801
4443228
4449932
4455198
4456045
4456670
4457178
4458291
4458670
4459150
4460883
4464099
4465952
4469798
4476198
4477931
4478888
4479462
