7692.016
9250.507
12856.59
26194.87
30241.15
31152.06
31905.95
34475.91
36569.98
48305.33
50332.24
52695.7
56601.76
59751.53
65335.42
66276.18
69621.03
70305.29
71588.81
74509.96
83807.73
86464.58
87293.19
88594.77
95233.61
96383.68
104284.1
106727.2
107482.9
109406.9
110757.3
111999.5
114597.5
122667.9
147640.6
148369.1
149169.3
157724.2
161758.1
164895.3
167752.7
178026.6
185580.8
186319.9
189799.1
191478.1
196360.9
196403.2
198151
201592.8
202080.4
203201.2
203677.1
204343.1
204943
205353.9
205964.1
235481.3
243296.5
245352.3
250791
251151.5
252697.3
263822.4
265070.2
267194.7
267799.7
275062.5
276788.2
278765.9
279706.9
283825.3
297658.8
298196.5
308224
309314
317662.8
319703.4
320695.3
333100.4
333909.1
342739
343292.4
343887
344544.7
347304.5
347988.6
356565
364118.4
366056.1
368486.9
375572.8
376432.7
385791.4
388452.8
396090.6
397068.7
399606.7
403741.1
404139.3
405059.3
424230
424728
425380.7
427975
428865.5
453918.4
457008.7
458102.5
468335.4
470098.1
473215.2
484169.3
489149.9
494969.8
507567.3
512447
517312
519815.5
520791.1
521571.5
527479.5
528073.5
535143.2
537383.2
537861
539394.1
541182
544524.8
546535.3
550296.2
550857.8
551661.5
554807
555656
556191.4
558725.8
566844.5
580174
583631.6
584442.9
585329.6
585846.5
586820.7
588595.9
589182.2
589388.1
591726.9
598258.4
610398.5
610791.1
616756.7
621149.4
631346
631986.2
632444.1
633416.6
639566.6
642272.3
642794.4
644043.1
644265.3
645069.7
645561.2
654856.2
658007.9
665868.5
665966.8
674687.8
675805.7
678068.3
695541.4
697346.9
699296.8
701905.1
703515.1
704139.1
705457.3
717625.8
721704.3
726793
727744.8
728209.5
731316.7
732331.6
734896
735677.1
736271.4
736638.1
737103.5
737721.4
740709.6
745695.5
757604.2
758127
762140.7
769084.4
799190.2
799989.3
801015
820201
826139.9
827592.7
836212.3
836584.8
836887.2
837801.8
838984.8
839632.3
840550.3
840642
843105.7
844009.7
857697.6
858503.8
862466
863852.8
900055
900576.5
911214.7
922614.9
923088.2
924565.4
926021
926508.7
927132
928535.5
937871.6
938762.7
949067.4
951969.1
958401.6
965957.7
974140.9
975522.4
979908.4
985176.9
989595.4
992132.1
992290.1
994331.8
996534.1
997591.6
1004790
1017146
1024405
1028312
1042898
1046455
1049349
1052570
1054191
1056827
1057890
1058774
1059605
1062618
1075810
1081973
1089879
1094509
1099873
1101315
1102617
1104796
1105648
1108466
1109693
1110437
1112914
1113628
1115405
1116304
1125578
1128811
1133638
1134341
1135154
1147645
1147893
1151382
1153075
1153869
1157403
1160001
1162938
1163377
1165827
1166048
1166737
1167107
1172287
1173029
1174685
1175374
1196148
1197836
1198348
1212605
1213205
1214693
1215143
1215910
1217959
1221367
1222725
1223853
1225300
1226500
1227689
1228931
1228978
1232741
1236521
1237686
1239045
1239905
1240973
1247103
1249976
1252828
1254130
1261221
1262312
1280918
1282632
1298869
1302517
1310126
1310327
1312350
1313030
1323942
1325489
1352259
1360384
1360967
1362808
1366729
1369603
1369960
1370394
1370661
1374123
1374843
1375384
1378746
1380271
1383531
1384238
1384858
1386369
1388153
1388236
1388694
1392296
1397975
1402090
1403293
1411983
1422955
1423639
1423931
1424363
1427338
1431021
1433091
1434630
1436960
1437923
1439436
1440386
1440934
1446335
1447059
1447622
1449027
1451135
1455532
1457476
1458052
1459187
1460335
1473206
1478022
1489376
1490965
1491942
1497545
1499599
1507653
1514039
1523698
1525831
1527550
1528046
1528520
1530401
1532643
1548043
1563228
1563999
1571187
1576397
1576811
1612026
1618510
1620355
1620526
1621085
1621977
1631505
1634129
1643991
1648763
1651141
1654567
1664199
1666515
1670037
1675397
1694839
1696937
1704244
1709368
1727213
1728762
1729181
1736325
1737488
1740337
1748263
1748709
1760116
1762417
1763082
1763313
1763993
1766646
1778987
1807315
1808603
1825321
1833608
1837765
1841166
1844149
1845006
1847265
1852487
1855877
1857337
1857852
1860628
1867303
1868569
1870602
1871553
1878216
1879096
1879814
1887865
1888653
1889606
1890231
1891056
1896251
1898326
1899213
1910532
1912436
1915866
1919037
1921817
1931787
1934411
1935620
1944666
1945740
1948328
1952920
1964343
1966343
1969647
1971757
1977140
1978185
1985648
1991976
1995242
1996124
1996595
1998180
2001348
2001599
2001687
2003793
2004266
2004694
2011578
2012362
2015008
2016752
2018230
2037048
2040019
2041515
2042526
2047540
2049650
2055675
2057068
2059886
2073022
2075627
2080012
2080733
2090820
2121093
2140534
2142380
2144509
2147539
2148814
2149306
2151948
2155079
2160947
2167124
2168440
2169632
2182709
2183260
2194497
2208832
2208931
2209955
2211941
2216553
2218622
2219670
2229907
2253007
2253660
2262008
2264497
2266278
2267955
2269289
2278755
2280375
2281492
2294535
2309583
2315621
2316804
2318864
2320953
2322043
2333737
2334864
2343246
2354080
2362474
2373535
2377140
2380054
2393658
2413545
2414680
2423004
2425202
2432084
2433453
2433898
2434605
2439397
2439883
2440285
2447851
2451784
2451845
2455872
2458054
2459881
2467232
2473241
2473794
2479302
2482272
2483280
2486733
2487513
2488650
2498777
2503763
2504729
2507513
2516910
2530162
2548646
2551869
2558495
2563911
2573950
2575112
2584448
2588148
2601356
2602096
2603040
2603718
2604893
2606727
2609985
2610418
2611863
2612563
2613409
2617177
2618344
2629055
2629876
2637636
2638198
2652713
2659639
2663569
2674273
2677709
2707396
2721614
2722404
2723159
2735366
2747451
2748405
2754011
2758135
2760706
2776135
2778451
2779223
2780022
2780836
2785255
2788120
2791501
2792018
2792155
2794260
2797457
2822271
2824126
2826909
2829599
2834564
2835327
2835449
2835659
2837344
2837840
2839058
2839916
2840774
2846313
2848098
2850490
2852008
2852797
2854070
2855306
2861355
2863025
2863946
2865712
2882300
2886885
2887363
2890144
2892906
2893766
2902803
2906490
2907942
2919399
2924159
2925490
2926461
2932064
2933062
2933430
2936216
2938119
2939247
2939683
2942638
2949804
2957041
2973762
2977902
2979330
2981012
2990154
2995041
2997765
3011554
3016123
3030278
3038408
3040005
3045887
3047250
3047871
3051092
3054061
3056972
3066175
3072693
3074756
3087773
3090023
3092241
3092965
3093534
3094619
3099835
3100732
3115733
3150076
3156566
3157986
3161128
3161180
3167139
3169777
3173732
3181128
3181792
3182783
3188317
3196376
3203436
3203843
3207996
3208776
3213630
3215119
3221022
3229624
3233551
3238538
3239803
3250335
3250901
3251662
3253509
3254120
3257204
3261291
3261520
3262612
3262727
3263659
3263918
3265300
3274736
3275662
3277004
3279873
3287080
3287680
3292961
3295972
3296210
3302567
3306945
3314281
3316345
3318634
3330990
3331441
3343789
3346461
3348824
3349865
3352058
3364065
3369996
3374352
3376330
3378571
3386260
3387995
3389341
3391819
3393731
3394491
3396843
3412941
3413436
3416334
3422847
3423663
3434742
3435804
3437532
3438890
3444303
3445041
3447367
3447917
3450848
3455699
3458744
3464473
3466364
3480504
3481544
3512274
3512567
3513690
3525238
3525859
3526709
3529374
3533034
3533585
3534446
3537184
3539413
3546780
3558004
3558781
3560407
3563382
3569402
3571558
3572522
3574296
3581077
3602109
3603512
3605437
3609639
3616743
3623613
3626706
3629350
3632511
3632535
3634306
3636277
3645189
3645951
3646698
3654450
3657960
3658972
3670478
3671352
3677916
3679935
3684891
3689054
3689105
3712022
3715839
3716073
3718908
3721574
3722309
3722984
3732467
3734546
3751462
3757391
3759558
3760762
3762412
3765859
3782015
3784422
3786107
3795495
3796319
3797710
3798548
3804322
3804832
3809027
3811086
3816831
3822302
3822944
3824224
3828450
3829394
3830469
3834712
3835001
3835940
3837069
3842530
3844758
3847959
3849492
3862002
3863651
3872933
3873852
3874400
3879663
3880851
3882261
3887637
3888602
3889182
3892273
3893291
3895555
3895713
3896618
3897272
3901349
3902410
3903237
3909534
3926380
3933155
3942922
3945221
3952109
3962273
3973399
3975716
3976387
3978715
3979697
3991221
3991931
3993033
3994039
3995677
3998526
4000807
4014790
4019069
4024106
4026583
4030248
4052317
4055915
4066389
4069311
4079171
4079743
4080858
4083518
4110146
4117674
4118383
4119049
4119762
4120762
4121506
4127235
4127902
4129362
4132989
4133847
4142491
4149175
4156388
4157297
4163548
4164387
4165786
4171473
4183887
4184083
4184442
4184865
4185072
4186097
4196559
4199735
4200961
4203601
4224927
4232841
4234863
4238581
4238681
4239140
4239760
4242383
4246981
4252482
4253754
4257952
4258504
4258660
4258976
4259470
4260623
4261629
4263788
4269369
4275696
4276605
4279795
4281492
4288064
4289169
4294508
4308303
4321245
4327738
4328563
4330957
4331969
4332624
4337383
4338982
4340885
4342997
4361173
4361786
4362641
4367407
4373785
4379251
4383619
4388134
4391348
4394886
4399398
4400494
4403462
4414990
4417011
4420103
4420154
4421544
4422980
4437482
4438564
4444101
4446948
4447354
4456595
4457122
4457715
4461807
4463328
4469171
4475164
