15108.91
16267.06
20619.05
23436.1
23918.21
24449.65
24943.57
26511.5
27334.32
28100.63
28945.37
29540.63
30346.16
30986.73
34451.47
35104.79
35703.9
61493.98
62031.37
68295.67
74520.02
75282.34
75855.56
76220.82
76683.36
77130.41
77562.56
78041.13
78492.04
78922.14
79351.09
79861.5
80250.43
80592.27
80967.42
81262.06
82597.13
83217.72
126021.4
126706.6
127131.3
127675.8
129494
133761.7
135450.9
136650.5
137144.1
137816
138399.2
138848.6
139503.8
139846.4
140208.1
140565.6
141493.3
141891.8
142308.7
142980.6
144024.9
144566.7
147907.2
182999.2
184434.7
192458.5
196338
197492.2
203730.6
204071.6
204442.2
205208.6
206242.4
217973.7
220863.7
235219.4
235864.1
236465.4
236887.7
237367.9
238093.5
239340.4
239802.1
240345.7
242294.1
242938.1
244223
247347.3
249323.6
250800.6
251424.4
252326.6
252867.6
253523.7
254451.3
255463.6
256352.6
278458.9
279295.1
279756.5
280283.8
283291.4
284223
294027.1
317210.5
318002.6
318379.4
318781.5
319502
319930.8
320362.4
321254.6
322226.9
329736.6
330759.5
331399.5
332417.6
333791.2
334921.6
337495.5
339775.1
340394.2
342153.6
342969.1
344069.9
345639
362712.7
363295
364106.5
365149.1
366133.5
366916.4
367882.8
369857
377874.5
378503.3
379518.6
380045.3
380599.5
381356
382337.8
382927.3
384660.6
406664.8
416103
417120.3
421220.4
421808
423023.5
425215.4
425598.8
426411.7
427594
427894.6
428279.3
428729.1
429237.6
429955.5
457719.4
458706.6
465150.8
465825.6
466826.2
470362
486441.6
486747.3
487136.8
487513.2
487904.1
488422.6
489032
489631.9
490617.4
496925.4
499387.5
522184.3
522744.2
523146.6
523531.5
523918.6
524290.8
524712.5
525490.6
531381.5
532658.5
534609.9
535624.8
546737.3
547374.5
547897.8
548241.5
548600.8
549248.7
550247.4
559353.8
559965.8
560418.5
560569.3
560913.6
561551
561834
562173.7
562550.6
562840.2
563213.2
563682.9
564099.2
564488.7
564897.7
565298
565615.2
567107.9
574140.5
575947.7
576697.5
588633.4
589246.8
589652.6
590046.4
590835.3
594320.2
594989.5
603913.1
604477.8
604833.8
605562.9
605947.8
606379.1
606878.7
607246.5
607914
609760.9
610503.4
610805.1
611088.3
611372.5
611715
611976.5
612268.8
612606.5
620621.8
620959.4
621410.5
621731
622505.5
622922.2
623672.3
624050.7
624499.2
625358.6
625867.2
626687.2
634622.8
635322.6
635715.8
636089.2
636395.9
636750.5
638615.2
640262
640879.4
642143.4
642533.1
642860.9
643212.7
643858.2
644339.3
672968.2
674230.2
674814.2
675928.4
677167.2
678331.4
679459.3
696928
697368.4
697719.2
698218.9
698628.9
699033
699490.2
700064.8
700524.3
701259.8
704253.2
734992.3
735429.5
735767.4
736139
736630.3
737422.8
753003.6
753599.4
754002
754362.1
754712.4
755068.2
755436.5
755786.1
756166.4
756609
765477.9
766075
769270.4
780525.6
784590.9
785602
786187.9
786796.5
787252.5
787679.2
789113
789649.1
790283.5
790793.4
791324.9
793722.5
793995.4
817456.6
817774.6
818318
818963
819753.8
820221.4
820582.1
821221.2
848713.2
857611.4
858486.1
859511.4
861945.8
862586.3
863754.4
864441
914500.3
916441.2
916882.6
917267.9
917709
933564.2
933920.2
934289.5
934557.4
934813.2
935083.7
935372.9
935749.9
936098.7
936708.6
937441.2
947670.3
948586.8
949013.6
949356.9
949657.1
949984
950352.9
950846.8
951129.5
951255
952658.5
974650
977618.8
979700.7
988075.1
990964.9
991390.6
992021.6
992795.3
993099
993448.1
993783.3
994060.1
994400
994764.8
995158.8
995574
996310.3
997643.8
1010885
1011417
1011990
1013229
1013900
1015597
1025367
1026063
1026454
1026873
1027251
1027640
1028389
1029166
1029582
1029922
1030250
1030908
1031225
1031646
1032094
1032591
1032970
1033499
1033941
1034527
1035656
1058419
1061655
1079205
1080026
1081019
1081815
1085230
1085876
1086365
1087003
1087843
1088279
1088862
1089449
1089800
1090175
1090573
1090991
1091491
1092730
1127897
1128730
1129219
1129742
1130217
1130654
1131135
1131516
1132017
1132751
1133628
1134429
1135375
1145574
1146439
1147208
1147906
1148403
1148889
1149433
1149814
1150198
1150555
1150944
1151493
1151851
1152265
1152767
1153171
1153519
1153878
1154427
1154836
1155192
1155506
1155858
1156482
1156767
1157298
1157696
1162948
1163986
1165723
1167079
1167686
1168663
1170134
1189939
1193134
1193269
1195718
1196193
1196789
1197290
1198360
1199841
1200447
1209102
1209587
1209977
1210316
1210795
1211288
1212135
1213496
1214394
1226326
1227050
1227523
1228032
1228754
1232186
1250268
1272675
1272932
1274718
1275907
1276582
1277109
1278428
1279387
1284422
1285469
1286430
1301985
1314804
1315468
1316237
1316750
1322059
1323176
1324477
1324993
1325642
1326442
1326903
1327400
1327925
1328311
1329119
1329558
1330095
1330635
1331240
1350455
1362498
1363110
1369224
1370628
1374038
1375836
1376314
1376861
1377416
1381426
1382115
1383729
1387019
1400595
1401452
1402092
1402481
1403094
1404499
1405716
1420429
1421057
1421668
1422590
1423998
1424478
1425365
1425731
1426171
1426618
1427023
1427430
1428064
1449374
1449784
1450115
1450411
1450682
1450965
1451248
1451591
1451922
1452370
1452804
1457741
1458355
1458808
1459582
1483195
1484171
1498216
1498838
1499426
1500055
1500776
1501180
1501725
1503094
1503908
1516504
1517167
1518683
1531233
1531658
1532239
1533722
1551411
1556192
1559321
1560042
1563996
1579677
1580194
1580629
1581211
1582051
1591216
1592009
1592992
1593476
1594030
1594417
1595077
1595989
1597522
1624572
1625751
1654195
1654909
1656250
1662754
1663642
1671633
1672155
1672568
1672896
1673288
1673730
1674152
1674552
1675027
1675535
1676098
1676682
1686988
1687727
1688533
1724396
1724981
1725634
1726134
1726872
1727328
1727881
1728540
1735331
1735807
1736260
1736694
1737176
1745055
1745680
1746656
1747521
1748160
1748875
1750961
1772060
1774684
1776123
1776867
1777459
1802435
1807087
1808221
1809219
1810074
1811119
1812189
1818661
1820116
1820490
1820858
1821226
1821517
1822309
1822800
1823854
1827345
1827849
1828401
1836292
1836897
1837337
1837838
1838491
1839328
1840255
1840857
1841589
1848040
1848771
1849168
1849494
1849907
1850262
1850580
1850892
1851223
1851598
1852058
1852968
1853863
1861027
1861544
1862214
1862455
1862778
1863111
1863449
1863866
1864477
1865097
1865817
1866487
1867448
1868127
1868711
1869490
1870455
1874517
1875381
1875723
1876006
1876494
1877189
1877572
1878002
1878133
1878368
1879325
1880008
1880411
1880937
1881403
1881799
1882392
1898583
1899354
1901866
1902616
1903887
1905148
1905583
1908339
1909155
1925728
1926262
1926641
1927107
1927751
1928211
1928586
1928949
1929738
1930864
1931686
1932199
1932843
1934631
1972651
1973923
1974483
1975131
1975975
1977654
1978531
1979236
1979936
1983575
1987045
1996455
1998174
1998318
1999234
2000262
2001660
2002555
2003386
2016382
2016828
2017355
2017695
2018497
2019373
2019921
2020760
2021589
2022298
2022896
2024730
2025879
2026369
2026777
2027472
2028202
2045047
2045744
2046544
2048739
2055561
2056355
2058033
2058836
2061757
2100114
2100872
2101334
2101869
2102430
2103269
2103843
2105195
2122823
2123265
2123739
2124268
2125106
2125595
2126178
2129813
2130695
2131294
2135236
2160464
2161223
2162590
2179061
2179946
2180772
2181542
2182897
2197560
2204840
2205515
2208479
2208986
2209503
2210132
2211662
2221738
2228824
2250885
2251642
2252620
2253467
2254295
2254823
2255270
2256166
2257197
2258268
2259088
2260314
2261094
2262411
2262975
2263506
2264226
2265001
2265624
2266245
2267137
2268245
2269393
2275947
2276472
2276794
2277325
2278156
2278908
2281224
2283010
2283565
2284261
2285226
2286391
2287157
2288030
2289181
2289790
2290349
2290766
2291251
2291777
2292210
2292782
2293707
2294719
2295968
2296450
2297359
2298299
2300662
2301221
2302835
2303251
2303991
2304807
2306082
2306411
2306782
2307778
2319571
2320119
2320519
2320859
2321369
2326899
2328713
2329417
2333663
2338429
2338910
2339498
2339841
2340171
2340605
2340919
2341260
2341544
2341883
2342197
2342951
2343347
2343793
2344768
2376541
2376970
2377476
2378196
2388755
2389267
2389720
2390285
2391193
2391918
2406936
2408007
2408942
2423521
2436336
2443462
2444009
2444403
2444805
2445349
2445787
2447109
2448156
2448804
2449931
2450460
2450994
2451621
2452222
2452787
2453557
2454296
2455230
2456182
2456696
2457100
2457780
2458277
2459056
2465401
2466757
2468043
2468850
2469825
2484509
2485186
2485849
2486998
2495877
2496913
2497906
2498420
2499736
2500929
2504750
2505901
2506517
2507448
2508273
2509645
2510947
2511875
2515124
2515723
2516795
2517276
2517699
2518153
2519235
2520062
2521995
2522402
2522841
2523241
2523775
2524225
2525747
2544515
2553988
2555954
2557126
2557819
2558483
2560774
2573334
2584138
2585153
2585714
2586113
2586422
2586770
2587110
2587460
2588374
2589535
2590264
2590972
2591752
2594378
2594863
2595493
2596069
2596559
2597076
2597719
2599696
2600489
2602362
2602900
2603463
2605113
2605697
2606942
2607617
2608186
2608712
2609196
2609669
2610497
2620613
2621199
2621719
2622065
2622755
2623220
2626062
2626515
2627183
2627805
2628392
2628993
2629446
2629809
2630227
2630578
2631103
2631451
2631907
2633619
2635132
2637265
2637651
2638016
2638868
2639471
2640007
2646656
2647610
2663554
2664503
2665174
2666154
2670513
2671570
2671995
2672421
2672846
2673317
2673799
2674299
2674728
2675330
2675748
2676147
2676541
2677268
2700133
2700701
2701193
2701599
2702086
2722167
2722817
2723530
2733714
2734603
2735320
2736117
2736594
2737174
2737865
2738309
2739000
2739667
2740847
2741522
2742095
2742767
2743980
2744806
2745478
2745939
2746368
2747538
2753065
2754115
2754772
2755230
2756025
2756621
2757935
2758716
2759452
2759808
2760704
2761263
2780460
2780858
2781353
2781753
2782694
2783547
2788636
2789626
2790401
2790792
2791649
2792054
2792745
2793111
2793456
2793819
2794252
2794786
2796035
2854052
2855224
2857236
2859201
2862205
2863069
2863543
2864013
2867206
2869574
2870207
2879427
2887168
2888824
2889732
2890520
2891741
2892330
2892664
2892987
2893311
2893606
2894014
2894722
2895073
2895471
2895931
2896505
2897290
2898239
2929060
2930736
2931777
2933197
2935313
2935826
2936466
2936929
2937393
2938982
2943614
2944327
2945602
2946022
2946401
2946767
2947130
2947544
2947999
2948622
2949757
2951869
2963601
2964632
2965204
2965825
2966345
2966848
2967663
2968388
2970951
2972978
2974013
2974753
2975708
2997887
2998348
2999026
2999522
3000353
3001231
3001939
3003133
3007828
3031343
3033543
3053117
3058480
3062301
3062827
3063416
3064235
3064740
3065462
3067997
3080831
3081365
3081836
3082324
3083107
3083901
3090703
3091354
3091861
3092510
3093266
3101375
3102849
3108645
3110691
3111855
3112467
3113034
3113625
3114169
3114658
3115217
3115975
3116890
3117378
3118089
3118613
3119747
3120494
3154392
3155211
3162392
3164154
3164850
3165564
3166069
3167151
3178691
3179512
3180403
3181856
3182496
3183327
3184224
3184781
3185788
3186278
3192474
3192907
3198785
3201467
3205665
3206839
3211154
3218457
3219119
3219710
3220087
3220580
3221273
3222103
3223934
3234481
3234915
3235321
3235774
3236616
3237165
3238226
3245330
3245932
3246411
3246912
3247464
3248169
3248615
3249366
3262776
3270479
3279069
3279748
3280573
3281345
3291549
3293338
3297658
3298522
3299921
3301352
3303580
3304588
3305154
3305674
3306599
3321501
3322523
3328546
3329431
3329881
3330706
3331318
3331999
3332401
3332770
3333235
3334233
3343295
3348846
3349471
3350138
3350521
3350975
3351744
3352396
3374864
3395658
3396672
3398097
3399233
3405854
3406474
3406816
3407108
3407436
3407735
3408207
3408767
3418328
3418994
3421145
3422152
3424209
3425255
3425739
3426384
3426916
3427552
3428114
3429367
3429935
3430760
3432369
3434173
3435666
3439873
3440551
3441288
3441892
3443052
3455111
3457492
3457981
3458551
3459125
3460131
3461160
3462393
3463107
3463501
3465419
3466092
3466459
3466878
3467295
3467837
3479583
3480527
3481063
3481500
3481946
3482264
3482590
3483221
3483661
3484041
3484444
3484876
3485603
3486232
3486510
3486868
3487282
3487818
3488265
3488828
3510246
3520226
3520999
3521618
3524160
3524786
3525592
3526529
3527515
3528259
3529189
3529920
3531648
3532108
3533054
3533853
3534595
3544601
3545072
3545457
3545911
3546472
3546956
3547356
3547726
3548080
3548370
3548763
3549481
3550432
3550719
3551106
3551522
3552073
3562074
3578015
3578819
3579439
3579932
3580347
3581354
3605442
3606744
3611322
3611920
3612433
3612927
3613690
3616977
3617866
3618404
3619513
3643599
3644260
3645359
3646284
3649370
3656711
3657573
3658387
3659960
3672566
3673088
3673422
3673714
3674019
3674325
3675002
3675718
3676029
3676595
3680936
3681840
3693681
3694123
3694600
3695126
3696068
3696932
3697439
3698504
3699031
3712461
3727262
3740867
3741521
3742230
3742961
3743827
3753199
3753862
3754475
3755206
3761855
3762682
3764177
3777973
3778304
3778606
3778873
3779506
3779835
3780597
3780939
3812088
3813446
3814679
3815726
3816200
3816950
3817584
3818279
3819008
3820863
3822540
3830882
3831679
3832129
3832616
3833058
3833553
3833978
3834438
3835430
3836024
3840526
3841336
3842681
3852589
3853303
3853821
3854199
3854569
3855404
3856064
3856493
3857121
3857821
3858655
3863146
3863768
3864263
3864825
3865253
3865735
3866287
3876843
3878954
3879818
3880516
3881082
3881860
3882873
3883754
3884301
3885474
3886014
3886380
3886734
3887089
3887504
3887813
3888137
3888531
3889116
3889579
3890269
3891702
3892149
3892556
3892978
3893490
3902397
3905457
3907606
3915631
3916814
3920644
3921315
3945745
3946366
3946872
3947944
3948536
3949019
3949539
3950457
3951076
3951777
3952296
3967918
3968349
3969025
3969466
3969899
3970436
3970914
3972516
3973476
3975425
3976476
3977205
3977777
3978568
3986258
3987005
3987862
3988548
3989224
3989724
3990322
3990887
4050175
4050604
4051549
4076363
4077127
4077611
4078688
4079769
4080849
4082179
4087267
4087649
4087983
4088325
4088695
4089079
4089479
4089908
4090415
4090907
4091467
4092048
4092668
4093668
4094221
4094923
4095502
4096380
4098220
4098724
4099054
4099355
4099678
4099995
4100329
4100661
4100995
4101302
4101795
4102910
4111899
4112302
4112656
4113000
4113351
4113745
4114098
4115259
4115852
4117284
4130193
4130636
4131566
4132032
4132472
4133515
4133929
4134446
4135093
4137646
4138495
4139133
4150667
4151195
4151498
4151813
4152096
4152358
4152994
4153244
4153524
4153825
4154094
4154364
4154644
4154955
4155337
4172091
4172450
4172739
4173032
4173307
4173572
4173860
4174096
4174404
4174697
4175015
4175729
4176113
4187275
4187679
4187987
4188359
4188753
4189090
4189506
4189954
4190317
4190749
4191138
4191490
4191777
4192092
4192433
4192729
4193038
4193601
4193916
4194329
4194763
4205836
4206390
4206909
4207450
4207945
4208327
4209479
4270656
4271571
4272114
4272991
4274010
4274923
4276829
4277580
4290993
4291441
4292100
4292709
4293323
4293864
4294442
4294812
4295306
4296297
4299556
4300294
4300779
4301321
4301691
4305493
4306097
4306678
4307133
4307513
4307989
4308439
4311957
4312830
4314339
4321478
4326569
4327188
4328691
4330386
4331144
4331914
4332586
4333359
4334866
4336546
4338978
4343118
4343994
4344728
4345306
4345852
4353281
4353888
4355113
4355702
4356235
4356814
4367657
4368069
4368420
4368838
4369285
4369834
4370375
4370857
4371258
4371761
4376800
4378017
4378527
4378885
4379704
4379990
4380313
4381112
4381521
4381985
4382438
4383049
4383741
4384288
4385182
4389469
4393547
4394367
4395359
4396037
4396714
4397127
4412886
4413517
4424167
4425678
4426253
4441938
4448379
4448916
4449443
4450192
4450736
4451820
4452931
4453788
4454596
4455519
4456147
4457229
4472087
4472491
4473200
4473748
4476949
4478511
4479372
