34558.69
35610.05
36626.77
37704.54
39808.94
41198.65
44222.42
61715.67
63611.95
65229.35
66179.14
67002.68
67782.34
69146.16
71731.9
73813.49
75046.01
76465.98
78309.07
79784.21
80783.78
82268.16
84212.29
87667.98
88853.67
89578.13
90120.71
90607.72
91041.7
91460.85
91852.18
92233.78
92629.15
92993.62
93395.78
93827.07
94262.76
94741.14
95311.25
95949.46
96707.3
97629.86
98632.7
124348.7
126233.8
127665.3
129013.1
133032.7
134639.5
135910.8
136898.7
138288.3
146660.2
150806.4
153396.8
177335
178409.5
179616.1
180922.6
182147.3
183640.1
184441.9
185884.5
186579.7
187515.1
188442.9
189047.5
189118.8
189773.6
190773.9
190782.8
191494.4
192391.2
193548
196284.6
197187
198475.7
201984.1
203294.8
203449.3
208147.9
210756.6
224319
227829.3
231003
232121.7
232972.4
233319.1
234216.1
234815.4
235086.7
235856.5
236513.9
237104.6
237574.3
237576.6
238051.4
238520.8
238952
239400.6
239828.8
240266.2
240830.2
241301
241826.4
242430.5
243406.3
248123.2
249265.5
285834.3
286958.1
287988.6
289520.3
291201.6
292839.2
324604.6
326450.2
336486.4
339386.4
340212.8
341178.8
342562.5
343029.4
343475.8
344509.6
345534.4
347880.5
349706.3
352124.4
354027.5
355655.1
358307.4
362776.5
365106.2
366349.1
368039.8
369440.6
382566
383573.1
384342.4
384896.5
385448.5
385912.6
386394.1
386862.7
387365.1
387882.3
388403.4
389039.1
389685.5
390356.5
391115.5
391975.1
425768.2
427512.6
429217.1
472787.2
473715.8
473962.6
474840.6
475191.3
475769.8
476752.5
478082.8
479368
480466.9
481414.2
482408.5
483717.4
485699.3
495306.6
497131.5
498678.7
500128.1
502253.4
506759.2
507512
508156.1
508996.4
510656
511066.2
512432.4
514392.2
527384.7
528973
532549.1
533416.9
533947.5
534356
534510.2
535023.2
535511.6
536058.6
536527.4
536992.4
537536.7
537936.9
538077.8
538576.8
539117.4
539607.4
540060.6
540172.6
540767.2
541363.9
541971.3
542877.2
549063.4
549780.5
601193.5
603026.4
604288.8
607129.4
611167.5
611815.2
613499.3
614354.1
615186.2
616193.4
617164.6
618161.6
619336.4
620746.5
621638.5
623108.3
623966.5
624757.1
625487.8
626259
626955.1
627771.8
628769.1
629806.6
631225.5
633087
634914.5
636129.2
637430
639660.5
640845.2
641672.1
642543.3
643320.2
644362.5
645367.6
652427.7
656577.5
658239.5
666206.5
668098.2
669697.3
671757.8
672842
673785.6
674632.8
675515.3
676583.2
676770.4
678130.4
681386
686878.6
687555.7
688244.1
688797
689303.5
689763.5
690201.4
690674.6
691059.9
691465
691849
692305
692861.7
693476.4
695026.9
724037.4
724759.5
725806.6
727316.4
728351.8
729758.5
732877.3
734345.8
745407.6
746930.5
748120.2
751414.3
752931.3
755439.5
756306.4
757189.9
757277.6
758248.2
760363.4
761602.3
763405.5
764514.6
765288.4
766075.8
767377.4
768551.6
770475.7
784383.1
785447.4
787193.5
789932.4
791449.8
802027.2
811284.8
813882.6
832253.9
833640.4
834078.7
834670.4
835777.7
836605.7
836697.4
837466.9
838121.6
838675.6
839200
839630.5
840062.2
840579.6
841047
841555.4
842101.3
842689.5
844139.7
878521.4
879932
900199.9
900860.7
901496.8
902203.2
902933.3
903606.1
904347.6
904966.4
905974
907963.4
918729
919887.3
921604
924379.5
926653
930023.7
939124.8
951923.5
953060.2
954134.4
954882.5
955705.7
956403.8
957272
958076.1
959187.1
959585
963318.6
964667.3
966183.4
967745.4
969016.1
971005
973052.4
975799.3
979532.9
980962.6
982306.7
982797.1
983387.8
984618.3
985536.9
986546.1
987278.7
987776.8
988292.4
988786.3
989229
989696.3
990110.9
990537.2
990926.1
991329.7
991838.1
992402.8
993111.5
994127.9
995904.4
1024293
1026450
1032589
1034285
1041831
1044411
1046652
1052681
1053944
1055824
1057412
1068597
1070534
1071135
1072808
1074324
1082003
1082175
1082952
1084142
1084645
1085071
1086072
1087223
1088140
1088915
1089369
1090727
1093106
1093988
1094882
1096592
1102633
1105317
1106690
1107784
1109257
1111169
1111469
1112685
1114537
1115471
1116267
1117110
1117990
1118942
1120917
1123738
1125043
1126012
1126987
1127923
1129068
1135419
1136662
1137366
1137632
1138103
1138857
1139292
1139761
1140158
1140175
1140482
1140839
1141176
1141524
1141883
1142244
1142622
1142985
1143395
1143620
1144013
1144718
1145018
1146235
1147151
1148354
1182309
1183343
1184034
1184995
1186233
1205327
1206774
1208470
1208536
1211072
1212045
1212929
1213780
1215073
1217163
1219529
1225744
1229516
1230578
1232929
1234418
1239290
1241005
1252282
1253628
1257137
1263950
1265205
1265838
1266577
1267297
1268053
1268915
1269488
1270093
1270861
1271583
1272373
1273225
1283775
1284664
1285377
1286363
1286368
1287088
1287618
1288108
1288639
1289214
1289662
1290249
1290649
1290763
1291430
1292172
1293094
1293245
1294499
1295757
1296672
1297853
1299387
1335477
1337507
1340099
1347709
1349224
1351081
1352306
1355507
1362155
1378168
1383455
1384144
1384886
1385408
1385949
1386539
1387243
1387860
1388696
1390105
1393974
1395754
1437406
1438107
1438613
1439069
1439506
1439984
1440526
1441173
1441796
1442511
1500227
1502123
1503915
1507097
1508889
1521814
1523220
1523570
1528226
1530699
1531542
1533246
1535846
1538883
1539929
1541524
1542573
1543291
1543987
1544691
1545386
1546530
1546901
1548251
1548485
1551160
1552050
1553104
1553936
1554848
1556358
1557286
1558806
1559394
1560623
1561739
1562926
1563883
1564672
1565413
1566438
1567861
1577168
1581040
1586601
1587419
1588134
1588685
1589158
1589632
1590136
1590563
1591062
1591556
1592081
1592633
1593149
1593769
1594895
1610284
1624065
1625448
1627512
1628692
1629198
1629870
1630531
1631313
1632148
1633675
1635063
1636112
1637137
1638865
1640057
1641000
1642676
1645609
1650493
1655189
1656818
1659168
1666886
1668516
1669493
1669728
1670576
1671009
1672315
1672635
1673529
1673820
1674571
1675487
1675554
1676374
1677004
1677195
1677980
1678030
1678757
1679180
1679695
1680362
1680894
1681210
1681801
1682345
1682864
1683492
1684088
1684851
1685662
1686121
1686459
1687180
1687453
1687852
1688519
1689206
1689586
1689797
1690425
1690961
1691136
1692054
1692547
1692960
1694443
1694993
1696277
1696586
1698193
1699047
1699705
1700273
1700837
1701318
1701828
1702438
1703065
1703606
1703752
1704479
1705234
1705288
1706588
1708470
1708606
1710443
1711724
1713732
1717446
1719049
1728324
1736674
1737770
1738472
1739051
1739622
1740168
1740694
1741367
1742185
1743137
1744155
1745046
1746292
1762694
1763805
1765421
1768836
1769887
1770917
1771965
1802840
1804218
1804311
1805420
1806459
1807380
1808386
1809144
1810343
1815862
1819128
1819818
1821100
1822825
1824318
1825625
1830654
1832344
1842051
1847047
1849030
1850477
1851347
1851985
1852567
1853264
1853915
1854690
1855520
1857054
1880517
1881634
1882820
1884832
1886660
1887641
1888270
1888825
1889354
1889883
1890356
1890774
1891206
1891666
1892157
1892646
1893224
1893947
1895318
1948878
1949965
1951803
1953657
1954242
1955684
1957877
1958869
1960116
1961434
1985593
1986455
1987811
1989252
1990673
1991786
2025355
2027335
2028101
2028903
2029744
2033500
2035082
2037465
2038257
2038953
2039260
2039486
2040052
2040557
2040990
2041090
2041530
2042023
2042587
2043277
2044548
2046064
2047376
2090193
2091742
2094468
2096498
2108886
2109722
2111111
2114498
2126492
2129732
2131064
2132226
2133045
2136040
2136940
2137599
2138164
2138724
2139493
2140303
2141273
2142622
2143589
2145819
2151062
2152894
2156383
2157546
2164035
2166261
2170967
2174055
2179630
2186253
2186972
2187562
2188138
2188760
2189353
2189956
2190503
2191103
2191770
2192448
2193341
2196193
2284068
2286576
2287746
2289985
2291186
2291996
2292726
2292877
2293345
2293977
2294537
2295163
2295668
2295937
2296808
2298090
2299223
2299226
2300702
2300717
2303569
2306221
2308361
2310275
2311227
2312154
2312976
2313681
2314595
2315226
2316189
2317138
2318076
2319254
2320170
2321020
2321864
2323186
2337404
2338285
2338962
2339496
2340103
2340722
2341235
2341684
2342144
2342666
2343204
2343725
2344266
2344898
2345602
2346564
2370302
2372878
2406404
2407386
2408493
2409615
2410901
2411640
2412291
2412996
2413768
2414498
2415084
2415681
2417236
2418028
2419110
2420417
2421776
2422451
2423137
2423714
2424376
2425209
2426521
2427586
2428605
2429353
2430190
2431072
2432099
2449423
2466885
2469380
2470680
2471223
2471952
2473060
2473410
2474544
2475041
2475988
2476388
2477042
2477648
2478719
2479592
2482037
2486936
2487721
2488643
2489520
2490235
2490396
2490841
2491487
2491777
2492106
2492853
2493405
2493944
2494112
2494905
2495144
2496084
2496094
2496954
2497647
2498349
2499169
2508459
2509811
2510808
2512125
2513325
2514475
2530775
2539555
2543563
2545302
2555471
2594748
2600522
2603411
2607575
2608419
2608938
2610043
2610305
2611489
2611731
2614432
2615939
2617025
2623332
2625649
2635927
2636738
2637403
2638037
2638711
2639224
2639815
2640280
2640842
2641506
2642105
2642399
2642801
2644338
2644584
2645391
2670825
2672840
2699480
2700287
2701091
2702058
2703309
2704445
2705554
2707962
2709269
2710900
2710959
2711805
2712502
2712697
2713560
2713631
2714409
2716233
2717337
2718507
2719360
2720330
2721389
2722428
2734631
2735409
2736091
2736745
2737311
2737928
2738863
2739827
2740907
2741022
2743417
2745835
2750783
2753442
2753532
2754314
2755100
2756040
2756744
2757679
2758553
2759612
2760953
2762228
2764131
2786723
2787476
2788000
2788551
2789081
2789623
2790244
2790893
2791445
2792148
2792739
2793441
2794796
2828819
2831214
2834374
2844208
2845332
2846083
2846879
2847762
2849812
2855368
2856616
2857349
2858354
2859578
2861051
2870624
2871976
2872879
2873825
2874821
2876068
2878195
2879441
2898778
2899990
2901461
2902194
2902926
2903699
2904945
2906794
2923549
2924524
2928757
2931837
2933480
2935016
2935997
2937095
2937886
2938814
2939685
2940438
2941389
2942044
2942873
2943377
2943682
2944448
2944861
2945451
2947043
2948011
3005142
3006479
3007765
3008792
3009840
3011521
3013011
3020864
3022304
3059815
3061097
3062012
3062811
3063605
3064650
3065849
3076038
3076351
3078607
3079597
3080632
3081432
3082531
3083297
3084133
3085583
3087048
3088197
3089053
3089810
3090299
3090813
3091362
3091866
3092436
3093077
3093789
3145411
3153298
3154582
3154635
3157320
3158534
3162994
3165354
3171128
3171702
3173059
3173775
3174310
3175562
3176387
3177096
3177873
3177953
3179253
3180620
3181805
3182587
3183538
3184094
3184648
3186067
3187154
3188792
3189755
3190636
3191325
3192061
3193001
3193040
3193985
3194830
3195788
3196534
3200465
3201732
3203264
3205213
3214599
3227562
3232560
3236040
3236714
3237256
3237677
3238054
3238442
3238819
3239222
3239617
3240023
3240481
3240908
3241390
3241911
3242510
3243142
3243312
3245299
3246997
3247826
3248724
3249725
3268549
3269887
3271136
3289747
3294294
3296311
3303760
3305286
3307071
3315140
3323548
3324541
3325713
3326827
3336899
3338846
3340671
3340705
3342106
3342170
3343174
3344296
3344665
3345998
3346206
3347459
3347956
3349039
3350546
3353051
3354798
3366064
3368091
3369655
3370677
3371392
3372136
3373095
3374030
3374803
3375705
3376521
3377718
3379272
3383180
3384247
3385037
3385560
3385754
3386040
3386473
3386606
3386897
3387372
3387493
3387871
3388163
3388387
3388857
3388968
3389601
3389706
3390353
3390451
3391024
3391276
3391761
3392577
3392927
3393661
3394703
3395706
3397181
3398620
3437163
3438258
3439114
3440385
3441264
3443141
3479999
3481025
3481966
3482504
3482671
3483458
3484228
3485309
3486289
3487105
3488038
3488659
3489300
3489965
3490659
3491264
3491867
3492199
3492381
3492938
3493257
3493489
3494317
3495161
3495287
3496756
3501326
3502902
3503847
3504230
3504879
3504886
3505844
3506466
3506772
3507762
3507982
3509206
3510180
3510302
3511825
3513030
3513784
3514683
3515627
3517739
3523821
3525369
3526732
3528157
3529144
3535191
3536261
3537211
3538070
3538982
3539192
3539757
3540118
3540332
3540895
3541003
3541516
3541536
3542002
3542058
3542482
3542622
3542958
3543127
3543428
3543744
3543888
3544343
3544793
3545300
3545769
3546290
3546930
3547512
3548133
3548826
3564285
3565849
3569481
3571314
3572479
3574418
3575639
3577441
3580565
3582022
3585753
3589212
3590449
3592017
3594087
3597608
3599491
3600584
3601492
3603082
3610111
3612869
3614489
3615848
3618683
3619782
3620260
3621289
3622409
3622441
3623858
3623956
3625008
3625640
3626249
3629172
3630206
3630843
3646094
3647436
3648216
3648970
3650226
3651252
3652367
3677652
3681581
3683157
3684608
3685770
3686746
3687323
3687593
3688177
3688732
3688741
3689206
3689652
3690137
3690436
3690641
3691300
3691875
3693361
3739151
3743396
3744964
3747180
3748989
3750315
3751035
3751551
3751699
3752415
3753177
3754281
3755521
3756384
3757145
3758351
3759487
3760290
3761336
3767054
3768174
3769008
3770189
3772426
3773409
3776205
3808114
3810961
3811947
3812221
3815012
3818260
3819288
3820747
3821098
3822665
3822883
3826788
3827794
3828665
3829847
3832143
3834107
3835281
3837727
3838567
3839347
3840303
3840930
3841573
3842127
3842661
3843183
3843714
3844238
3844835
3845474
3846401
3847360
3848760
3851782
3853704
3855168
3857267
3858827
3865129
3871696
3876131
3887358
3889593
3890523
3891334
3893648
3896561
3897906
3899523
3900837
3901342
3902406
3902702
3903391
3903688
3904627
3906057
3907556
3908477
3909533
3927669
3928624
3929671
3935073
3936321
3937305
3938305
3939270
3940034
3940810
3941654
3942644
3943310
3943978
3944748
3945438
3946117
3946791
3947611
3948821
3949620
3950507
3951491
3952245
3952884
3953481
3954012
3954862
3955589
3956697
3958088
3967692
3968715
3969644
3986619
3987391
3988205
3988745
3988872
3989437
3989753
3990004
3990589
3991188
3991897
3992786
4050093
4052791
4058242
4059155
4059991
4060629
4061305
4062171
4063017
4064164
4066532
4068660
4069951
4071099
4072439
4074184
4076530
4077845
4078769
4079093
4079729
4080275
4080829
4082941
4083346
4109069
4110653
4111854
4114386
4116481
4117296
4117961
4118777
4119521
4120209
4120906
4121568
4122149
4122787
4123643
4136752
4137472
4138121
4138832
4139584
4139954
4140198
4141460
4142053
4142589
4143177
4143950
4146026
4149310
4200391
4200753
4201414
4203450
4220080
4221800
4223468
4225480
4227173
4227901
4228810
4229854
4230585
4231455
4231898
4232391
4233344
4233574
4234363
4235128
4239771
4240184
4255609
4257054
4258330
4260554
4260768
4263784
4266363
4266516
4267547
4268017
4269299
4269415
4270554
4272191
4289092
4290161
4291223
4291941
4292647
4293298
4294000
4294817
4295634
4296421
4297526
4298394
4298502
4299185
4299890
4300605
4301388
4302125
4303029
4303841
4304803
4311548
4312856
4314221
4315380
4316715
4317748
4318772
4320189
4358694
4383623
4389097
4390211
4392142
4392876
4393890
4394885
4395336
4395943
4396200
4396848
4397349
4397526
4398249
4398362
4399409
4399696
4400908
4402750
4405778
4427541
4434379
4436893
4438114
4439230
4439881
4440642
4441188
4441684
4442199
4442697
4443155
4443668
4444282
4445020
4446182
4451194
4465551
4467105
4468734
4471777
4472634
4473378
4474229
4475343
4477006
4478056
4478867
4479808
4480825
4481856
4483046
4484857
4486123
4487062
4488013
4488925
4490056
4491114
4492330
4493688
4494619
4495210
4495769
4496372
4496990
4497673
4498394
4499250
4500096
4500931
4502166
4503191
4510283
4512125
4513152
4514569
4549819
4550773
4551609
4552645
4553675
4555294
4556818
4558585
4561401
4562790
4563723
4564568
4566198
4582961
4583732
4584341
4584843
4585320
4585889
4586405
4586686
4586928
4587443
4587591
4588028
4588251
4588685
4589242
4589308
4589726
4590155
4590601
4591049
4592032
4592519
4593471
4636656
4641429
4657903
4660529
4661739
4663712
4673645
4675101
4690407
4691397
4692519
4693022
4693368
4694375
4694545
4695695
4696593
4697035
4698094
4698775
4700022
4700102
4700799
4701299
4701668
4702106
4702689
4703357
4703433
4704156
4704693
4705019
4705958
4706035
4706911
4707782
4709011
4709747
4710540
4711582
4728146
4729080
4730176
4732483
4733982
4734670
4735400
4736412
4737074
4737636
4738127
4738606
4738933
4739026
4739426
4739839
4740268
4740848
4741376
4741950
4742687
4743947
4743974
4745071
4745644
4746018
4812637
4815180
4829026
4830261
4831179
4833333
4834563
4835762
4836763
4844614
4845585
4846676
4847764
4849214
4851671
4853847
4857575
4858112
4858585
4861375
4862571
4863486
4864553
4865643
4866938
4867890
4868925
4870481
4876829
4878713
4881560
4883161
4886467
4887331
4888001
4888495
4889055
4889536
4889987
4890428
4890885
4891343
4891891
4892324
4892767
4893201
4893671
4894170
4894798
4895559
4940848
4941513
4942134
4942752
4943488
4944214
4945421
4990603
4991515
4992438
4993644
4994402
4995176
4995562
4996245
4996996
4997275
4997851
4999762
5001567
5003029
5004547
5005747
5020644
5021701
5034688
5036417
5037382
5038152
5038818
5039371
5039871
5040421
5040936
5041377
5041809
5042355
5042961
5043670
5094799
5095807
5099495
5107658
5109227
5111516
5113271
5115415
5117530
5118977
5125624
5127276
5128729
5129698
5130964
5141777
5147621
5158992
5160383
5161028
5161557
5162049
5162493
5163086
5163624
5164293
5165534
5167164
5169246
5169683
5170551
5171373
5171606
5172673
5175505
5183401
5185180
5186391
5188005
5188760
5189467
5190118
5191331
5191974
5192567
5193217
5193808
5195076
5219415
5221431
5225191
5226343
5227210
5228418
5229024
5229546
5230101
5230646
5231264
5232067
5232949
5234359
5235466
5237045
5240740
5241802
5243180
5244489
5246411
5250434
5251843
5270942
5271278
5277046
5277200
5277852
5278797
5285873
5287067
5289541
5290292
5291312
5292400
5293701
5295175
5302187
5304151
5305120
5306082
5307508
5308495
5309274
5310046
5310803
5311619
5312138
5312475
5313770
5314212
5314977
5315994
5317700
5318333
5319932
5319989
5320952
5321905
5322830
5323703
5324470
5325931
5328418
5332304
5333356
5334133
5334845
5335859
5336744
5337626
5337966
5338657
5339303
5339924
5340572
5341106
5341691
5342219
5342831
5343691
5345358
5372593
5374615
5382205
5383536
5400067
5403933
5404906
5406012
5408756
5410519
5412887
5414513
5416108
5417105
5418767
5422459
5423960
5443985
5445301
5446383
5447615
5449357
5450311
5451920
5452970
5454798
5455705
5456515
5457282
5458237
5459454
5460594
5463393
5463689
5467702
5468844
5469848
5470716
5471365
5471942
5472640
5473302
5474180
5476657
5479265
5480035
5481040
5482218
5489404
5490188
5490778
5491365
5492058
5492854
5493559
5494382
5495808
5533260
5534279
5535147
5535819
5536334
5536798
5537290
5537745
5538253
5538767
5539300
5539915
5540610
5541459
5542263
5543035
5543902
5544871
5545844
5550587
5553348
5559173
5560181
5560964
5562113
5563243
5564275
5565977
5566750
5568209
5568828
5569688
5570544
5571408
5579400
5581291
5582569
5583578
5585155
5588400
5590832
5592590
5593875
5599554
5600406
5601570
5607114
5608423
5614563
5617922
5619003
5620166
5621913
5623329
5631709
5633111
5637484
5640033
5641041
5641500
5641837
5642502
5642912
5644275
5700726
5702247
5703226
5704333
5704483
5705966
5706295
5708544
5709902
5712182
5716996
5724877
5730290
5731458
5732818
5733796
5734864
5735855
5737252
5739408
5741699
5744779
5746505
5747188
5747955
5748237
5749260
5749333
5750365
5751640
5753439
5770661
5771530
5787142
5788303
5788978
5789698
5790263
5790892
5791403
5791842
5792284
5792699
5793022
5793200
5793831
5794496
5795379
5822722
5823676
5824585
5828866
5830233
5831985
5833910
5834646
5835639
5837093
5839471
5841357
5843124
5844065
5845393
5846520
5847678
5849333
5857639
5858518
5859599
5865250
5865388
5866503
5867793
5868704
5869760
5870575
5871535
5872230
5873202
5873985
5874716
5875485
5876288
5877329
5878650
5879844
5881088
5884891
5885965
5887266
5888403
5889087
5889691
5890272
5890756
5891206
5891660
5892104
5892505
5892888
5893301
5893706
5894182
5894628
5895131
5895717
5896435
5897222
5898054
5899295
5902353
5903275
5903952
5904606
5905149
5905718
5906268
5906917
5907477
5908078
5908681
5909336
5910026
5911150
5912015
5912853
5913502
5914135
5914599
5914729
5915483
5916075
5916617
5917132
5917263
5917942
5918464
5918617
5919280
5919574
5919992
5920703
5920822
5921329
5922087
5922893
5924312
5925874
5927102
5939310
5939645
5940395
5940805
5941235
5941523
5942411
5942736
5943085
5943653
5943845
5944605
5944660
5945393
5945722
5946064
5946774
5946908
5947595
5947833
5948491
5949126
6007942
6009103
6010002
6010818
6011591
6012391
6013268
6014344
6015630
6019622
6023795
6025015
6025977
6026878
6028009
6030295
6031450
6033072
6034877
6041783
6042864
6043974
6044630
6044904
6045847
6046778
6047467
6047840
6048514
6050071
6050323
6061016
6062623
6063733
6064937
6065907
6066714
6067643
6068573
6069810
6071708
6073281
6077524
6078940
6080110
6082040
6083880
6085940
6087304
6088193
6089381
6090193
6090897
6091822
6091927
6092790
6093317
6093541
6094263
6095003
6095381
6097364
6110461
6118261
6119799
6121169
6129893
6132690
6135389
6138801
6139696
6140450
6141308
6142162
6143087
6144012
6144831
6146070
6147130
6148426
6149904
6150916
6152556
6161316
6162447
6164132
6164980
6165896
6166725
6167655
6169050
6170151
6170921
6170984
6171937
6172222
6172895
6173494
6174210
6174883
6175892
6184139
6186399
6194431
6195826
6197270
6198256
6199260
6199880
6200395
6200864
6201362
6201945
6202612
6203215
6203962
6204987
6206157
6207110
6208824
6209735
6210472
6211716
6214933
6216082
6216963
6217777
6218920
6220053
6221417
6222588
6223350
6223408
6223986
6224612
6224640
6225279
6225947
6226539
6226731
6227710
6229274
6238621
6238858
6239665
6240547
6241787
6242032
6242691
6243112
6243753
6245353
6273188
6274785
6299543
6301444
6303030
6303768
6304713
6306614
6310185
6311855
6312761
6313964
6314776
6316122
6322400
6323322
6324011
6324610
6325276
6326039
6326915
6328161
6331737
6332908
6333111
6334009
6335308
6336332
6337317
6338888
6347782
6349804
6354151
6355188
6358821
6360340
6361431
6362347
6363211
6363939
6364708
6365334
6366166
6366939
6367867
6368633
6369311
6370088
6370950
6371972
6374267
6377263
6384755
6387482
6388222
6388862
6389566
6390208
6390797
6391290
6391885
6392420
6392976
6393676
6396566
6397704
6398507
6425065
6426972
6428874
6441943
6443479
6459056
6462634
6463549
6464258
6465056
6466297
6469561
6473470
6474940
6476007
6477260
6479440
6481609
6497573
6517691
6518662
6519441
6520166
6520867
6521567
6522656
6536546
6537310
6537923
6538528
6539119
6539648
6540192
6540882
6541537
6542493
6542988
6544627
6546293
6580170
6582895
6600937
6601959
6602948
6603713
6604161
6607206
6609848
6612185
6614451
6618700
6618950
6619861
6620945
6621070
6622837
6626197
6657258
6660173
6661619
6661922
6663174
6664172
6665084
6665859
6666610
6667323
6668051
6668570
6668809
6669792
6677290
6677864
6679259
6680152
6681171
6682107
6685936
6686829
6687465
6688074
6688771
6689598
6690578
6692047
6693726
6697520
6728290
6729766
6730627
6731620
6732568
6734116
6736811
6752236
6772160
6774816
6780913
6781133
6782356
6782723
6784005
6784105
6785313
6799202
6800190
6804906
6808548
6810016
6810840
6811935
6812996
6814219
6814444
6815140
6816000
6816065
6816780
6817555
6818392
6820107
6820922
6822015
6823181
6824825
6827024
6829553
6834447
6838031
6839181
6840358
6841002
6841613
6842156
6842633
6843081
6843561
6843980
6844460
6844889
6845429
6846001
6846744
6868899
6869807
6871091
6872314
6873367
6878567
6880496
6909873
6919850
6922472
6922837
6923879
6924537
6925456
6926535
6929041
6934312
6937583
6939649
6954674
6955775
6958164
6960084
6960807
6964741
6965811
6966484
6966632
6967284
6968163
6968321
6969589
6970592
6971225
6972100
6973120
6975143
6986555
6987321
6987904
6988605
6989234
6989874
6990418
6990875
6991363
6991897
6992431
6993020
6993569
6994305
6995451
6996152
6998372
7030812
7032871
7033917
7035105
7055179
7056424
7058034
7060661
7061476
7062441
7063201
7064381
7065764
7066855
7067948
7069638
7076243
7078324
7080503
7081461
7083170
7085213
7089332
7093329
7095948
7098399
7100161
7104927
7105459
7106455
7107447
7108562
7108736
7109414
7110299
7110970
7111755
7112521
7113320
7113845
7114209
7114970
7116244
7116651
7118452
7121631
7122862
7123824
7124598
7125294
7125929
7126649
7127387
7128241
7129053
7129919
7131420
7136556
7137331
7137914
7138596
7139476
7140279
7140891
7141420
7142050
7142424
7142755
7143447
7144098
7146856
7148258
7175959
7177440
7200627
7201387
7202119
7203011
7203764
7204634
7205814
7207073
7207205
7208429
7209683
7210933
7211852
7212866
7213969
7214974
7216272
7216622
7217574
7218323
7219322
7220361
7220368
7221288
7222446
7223313
7224200
7225452
7226671
7228162
7229521
7230228
7230859
7231372
7231984
7232487
7233001
7233475
7234030
7234546
7235101
7235680
7236395
7237110
7238156
7250180
7251714
7271767
7273368
7288651
7290332
7291502
7292493
7293220
7294029
7294236
7295786
7296091
7346152
7347166
7347987
7348860
7349510
7350196
7350955
7351541
7352475
7353935
7392780
7394476
7395425
7396357
7397747
7421901
7439527
7440290
7440855
7441395
7441959
7442603
7443281
7444211
7444394
7446904
7448337
7449486
7465701
7467626
7470943
7473814
7476999
7478264
7479753
7481283
7497788
7501180
7509291
7510128
7510962
7511911
7513305
7514392
7515500
7523746
7525014
7526069
7527307
7529501
7531503
7533313
7534724
7567568
7569931
7571872
7573273
7574258
7575210
7576081
7576598
7578657
7581042
7586625
7587488
7588195
7588805
7589460
7590019
7590787
7591535
7592253
7593228
7641244
7661827
7663100
7665529
7667912
7669704
7670880
7674595
7695432
7696161
7710081
7712816
7729804
7730899
7732578
7733974
7734854
7735678
7736007
7737088
7737292
7737719
7738410
7739095
7739874
7740581
7741228
7742080
7742861
7743962
7751471
7773674
7774527
7775329
7780164
7800498
7801162
7801923
7802632
7803424
7804169
7804840
7805537
7806082
7806099
7806787
7807568
7807639
7808533
7808591
7809665
7810607
7812406
7813832
7817802
7840672
7842280
7844206
7854677
7855976
7861483
7862403
7863353
7864629
7866448
7869403
7870778
7885227
7886162
7887679
7888644
7889389
7890270
7890964
7891760
7892694
7895037
7922883
7931863
7933290
7934601
7935641
7946784
7948446
7950149
7951851
7952948
7953948
7955131
7956399
7958182
7963036
7964792
7965780
7967447
7970415
7977525
7979623
7980424
7981331
7982016
7982663
7983257
7983848
7985044
7985649
7986302
7986873
7987458
7988140
7988842
7989586
7990203
7991011
7991867
7992801
7993769
7994978
7996215
7997716
7998860
8000346
8003176
8004362
8005179
8006062
8006993
8007916
8008648
8009336
8010042
8010615
8011215
8011926
8012647
8013233
8013872
8014552
8015479
8016466
8017904
8018830
8019624
8020325
8020993
8021583
8022189
8022941
8023427
8023822
8024426
8024494
8025023
8025409
8025585
8026238
8027235
8027609
8039967
8071986
8074972
8077117
8078586
8079715
8080710
8081841
8082970
8090470
8091941
8124471
8126301
8127957
8153400
8164224
8165258
8166834
8168108
8170020
8172136
8174065
8176360
8178990
8185436
8186584
8186789
8187198
8187839
8188502
8189302
8190141
8191042
8192104
8193311
8230915
8253670
8258396
8259208
8260582
8264519
8265936
8267259
8269029
8271222
8273629
8283834
8285781
8299640
8302029
8305152
8328580
8335044
8336312
8337592
8338571
8339524
8340188
8340744
8341314
8341926
8342949
8345512
8346776
8347985
8377654
8381953
8383963
8386257
8387837
8389345
8401060
8402966
8404715
8406838
8408010
8408185
8409487
8409505
8410914
8411854
8412181
8412533
8413366
8414234
8414500
8415073
8416055
8417110
8418436
8421051
8422568
8423968
8431091
8433024
8433957
8435789
8437496
8437608
8443833
8445106
8446476
8449384
8452437
8453867
8455123
8469177
8470371
8471352
8471681
8477037
8478124
8479496
8479855
8481130
8482259
8483742
8486275
8487657
8488148
8488645
8489052
8489306
8489931
8490150
8490570
8491168
8491533
8492150
8492967
8493885
8516984
8519062
8527455
8528502
8530414
8531848
8533538
8550649
8551653
8552376
8553659
8555132
8556106
8557219
8557996
8558748
8559476
8560138
8560800
8561470
8562228
8563066
8564072
8565259
8567396
8571108
8572165
8574732
8577597
8593923
8595976
8600981
8602016
8602903
8603827
8605532
8606122
8608172
8620575
8623044
8624278
8626048
8637122
8637866
8638664
8639541
8640251
8641042
8641727
8642368
8643113
8643162
8644650
8644685
8645740
8646905
8648243
8649061
8687210
8688358
8690567
8698257
8699974
8701047
8702245
8702909
8703674
8704480
8705489
8706124
8707622
8709995
8711868
8715065
8725531
8729729
8731464
8753854
8755603
8755755
8756610
8757499
8758396
8759399
8762175
8764563
8766182
8770578
8772164
8774342
8778557
8780013
8781185
8783654
8785532
8785962
8786874
8787218
8787768
8788411
8788510
8789132
8789338
8789633
8790170
8790315
8790721
8791250
8791432
8792008
8792557
8793949
8794791
8795435
8796032
8796569
8797198
8797732
8798301
8798894
8799446
8846011
8851765
8853082
8854401
8856382
8858207
8864813
8866076
8867927
8869864
8871192
8891068
8894126
8898282
8900951
8901750
8902008
8902757
8903122
8903960
8904183
8904717
8905099
8905400
8906267
8906728
8907300
8908949
8909456
8910090
8910987
8911535
8911869
8912419
8912755
8913240
8913548
8914288
8914605
8915264
8916543
8918740
8920533
8921780
8922799
8926364
8937005
8938500
8939373
8940082
8940651
8941173
8941623
8942071
8942518
8943021
8943603
8944195
8944852
8945130
8987089
8988706
8989649
8990353
8991167
8992106
8993271
8994478
8996706
8999031
9000316
9000581
9001473
9002061
9002825
9004484
9016496
9018889
9020146
9022175
9022797
9024609
9025955
9028386
9029692
9031019
9032331
9033283
9033468
9034718
9035766
9037457
9038496
9039236
9040174
9049501
9052025
9057054
9058810
9072148
9073347
9074566
9080338
9082286
9085278
9086498
9087164
9087778
9088584
9089128
9089642
9090181
9090649
9091127
9091617
9092107
9092723
9093458
9094330
9095328
9098841
9136442
9137831
9138934
9140692
9141867
9150356
9151122
9152476
9153747
9159724
9165964
9167688
9168591
9169684
9170682
9171638
9172629
9172803
9173484
9174177
9174287
9174931
9175265
9175646
9176287
9176707
9177233
9177743
9178030
9178793
9179387
9180137
9181013
9182174
9189322
9196122
9197108
9197916
9198700
9199448
9200219
9201028
9202385
9203815
9207784
9209108
9209963
9213542
9215509
9217082
9218171
9219979
9221006
9238265
9239195
9239305
9240019
9240343
9240851
9241321
9241482
9242023
9242593
9242816
9243286
9244019
9244620
9245538
9247567
9260665
9262577
9293018
9293950
9294922
9296111
9297234
9298970
9300551
9301724
9302180
9303317
9303486
9304481
9305944
9323786
9323788
9325743
9325968
9326523
9326910
9327417
9328255
9329189
9330255
9330294
9331237
9331392
9332292
9333280
9334275
9335441
9336702
9337168
9337850
9339024
9339560
9340007
9345602
9347035
9347900
9348854
9349788
9350477
9351138
9351726
9352278
9352958
9353630
9354319
9354928
9355571
9356337
9357181
9386622
9387267
9388016
9388198
9388763
9389129
9389482
9389888
9390207
9390665
9390927
9391392
9391591
9392056
9392476
9392798
9393649
9432822
9457497
9459955
9473156
9474584
9485045
9488062
9489601
9490778
9491740
9492738
9493717
9494611
9495687
9496817
9498038
9499338
9500981
9506820
9506932
9507792
9508904
9511578
9512607
9514717
9517454
9518826
9519613
9520397
9521031
9521989
9522750
9523566
9524085
9524255
9524987
9525648
9526352
9527199
9527865
9528521
9528620
9529218
9530246
9531572
9535652
9536847
9542563
9545396
9546466
9547680
9554512
9556274
9557755
9558813
9559812
9561144
9562589
9583395
9584678
9585799
9586737
9587930
9589081
9590102
9592260
9599675
9604009
9606566
9606699
9607571
9608320
9609117
9609809
9609910
9610611
9611230
9611890
9612976
9613332
9614166
9614623
9630914
9640600
9642373
9644629
9645843
9647006
9647962
9649212
9670989
9672162
9673463
9674412
9675588
9687216
9688059
9688756
9689377
9689873
9690342
9690742
9691117
9691522
9692010
9692478
9692960
9693536
9694233
9694938
9695815
9696885
9740331
9741617
9742643
9743501
9744539
9745705
9747093
9747914
9748617
9749594
9751743
9753934
9755315
9769590
9770557
9771815
9772900
9774294
9774902
9778991
9780112
9781410
9782533
9783824
9784882
9785912
9787412
9788839
9790047
9792345
9793630
9795367
9796375
9797429
9798591
9800548
9814075
9817461
9819019
9820454
9821576
9822239
9823382
9824579
9829660
9835177
9836720
9837145
9842063
9843094
9845231
9897234
9913072
9924583
9925523
9926487
9928437
9930750
9936901
9937714
9938503
9939320
9939909
9940541
9941222
9942071
9942988
9951093
9952180
9953070
9953448
9954067
9954967
9956106
9957321
9957898
9958488
9959458
9960569
9961952
9963018
9963925
9964840
9966343
9970076
9970997
9971686
9972258
9972828
9973383
9973945
9974564
9975331
9976220
9978848
9980563
9981782
9982588
9983253
9983918
9984526
9985177
9985769
9986468
9987787
9993698
9994467
9995308
9996262
9997117
9998259
9999910
10003025
10005965
10013068
10019839
10023011
10024069
10025411
10026255
10027712
10029314
10074709
10075646
10075861
10076597
10076815
10078121
10078144
10081602
10087135
10089644
10090861
10092691
10093700
10094761
10095444
10096295
10097408
10099177
10100228
10101119
10102286
10105387
10110243
10125407
10127841
10138551
10139724
10140994
10142564
10214190
10215669
10217774
10222152
10230446
10231205
10232016
10233175
10239451
10242059
10243534
10261066
10267142
10268425
10273141
10276312
10278726
10286826
10287748
10288547
10289600
10290329
10290873
10291338
10291528
10292125
10292772
10293315
10293988
10294621
10298825
10342976
10344514
10345706
10363812
10365005
10367772
10373234
10399571
10401190
10401945
10402663
10403206
10403842
10404521
10405342
10405999
10406819
10406956
10407715
10408012
10408574
10409143
10409525
10410385
10411712
10412993
10414626
10422289
10425560
10426535
10427324
10427842
10428077
10428828
10429245
10430200
10431141
10432472
10433646
10434606
10435450
10435466
10436330
10437716
10438403
10438989
10439494
10440217
10440558
10441377
10442182
10442881
10443737
10444800
10447168
10456186
10485433
10488614
10490302
10491542
10495466
10511840
10512791
10514109
10515053
10515868
10516560
10517352
10518092
10518873
10519914
10521608
10524324
10530520
10532422
10548212
10548776
10550287
10551192
10552021
10553005
10554224
10570147
10571388
10573305
10574067
10574695
10575309
10576016
10576730
10577788
10578430
10579581
10584582
10586056
10586656
10587202
10587648
10588062
10588508
10588914
10589350
10589833
10590364
10591035
10591807
10592627
10593216
10594253
10633803
10635852
10636953
10638006
10639086
10639842
10640930
10641786
10642447
10643443
10661270
10662402
10664076
10666885
10667925
10669962
10685473
10686538
10688151
10689233
10690195
10691093
10691464
10692021
10692757
10693374
10694022
10695146
10695268
10696612
10697671
10698267
10698523
10699941
10700667
10700913
10701823
10731737
10733991
10734999
10735766
10736003
10736677
10736882
10737302
10737766
10737881
10738370
10738867
10739014
10739326
10739739
10739968
10740157
10740682
10741011
10741305
10741888
10742703
10743559
10744743
10746775
10748085
10748925
10749616
10804014
10806469
10807618
10808233
10808820
10809699
10810031
10810842
10811369
10811672
10812590
10812712
10813517
10814515
10814641
10815465
10816403
10819390
10821093
10823287
10823646
10825279
10829270
10835987
10837001
10838192
10841093
10842760
10857925
10859193
10860177
10866555
10866592
10869437
10871343
10872333
10873347
10875910
10879320
10887315
10888380
10889204
10890253
10891287
10892545
10924065
10941051
10950408
10951038
10951625
10952194
10952365
10953321
10953420
10954584
10955641
10957215
10958474
10958652
10960100
10961677
10963232
10969122
10970457
10971645
10972757
10973601
10974932
10976014
10982081
10985640
10995302
11002414
11011153
11013348
11014992
11016152
11017441
11020008
11021942
11023461
11041917
11043585
11045215
11089291
11090500
11091927
11092690
11093722
11094603
11095388
11096180
11096974
11098018
11102118
11103499
11104538
11104635
11105623
11106491
11106750
11107898
11108289
11109193
11110912
11130375
11130453
11133040
11134651
11136902
11155713
11157542
11158179
11158958
11159867
11190437
11192174
11192708
11194368
11195342
11196248
11196734
11198042
11199577
11218342
11230199
11232134
11270145
11273828
11277029
11280627
11283304
11285841
11290370
11292467
11293557
11293725
11294771
11295704
11295716
11296677
11297493
11298639
11299067
11300156
11301522
11302516
11303841
11304902
11305832
11306587
11307333
11308449
11309645
11311466
11314428
11315341
11316428
11317253
11318939
11320648
11320844
11321791
11322871
11323535
11323589
11324302
11324931
11325733
11326565
11327360
11328174
11329413
11330578
11332363
11333902
11336731
11339078
11340009
11340887
11341544
11342266
11342954
11344554
11372514
11387634
11389510
11390817
11391995
11393152
11394399
11395453
11396994
11399774
11400694
11401335
11401881
11402916
11403798
11404698
11408262
11409976
11411410
11420622
11437164
11440401
11442121
11443276
11444741
11446140
11447500
11448836
11450640
11454002
11464615
11468466
11469191
11469952
11470866
11471887
11472422
11472767
11473630
11473952
11474549
11475473
11476125
11476815
11476920
11477551
11478234
11478919
11479552
11479900
11481508
11484061
11486357
11488169
11488310
11489502
11489953
11490430
11491189
11492263
11492327
11493815
11496201
11498020
11499016
11542026
11543845
11551443
11554837
11568239
11570575
11580248
11583317
11585281
11587276
11599185
11600388
11601004
11601384
11602630
11603004
11603378
11604615
11604707
11606081
11607569
11611637
11613931
11622387
11623990
11631785
11632679
11638171
11639429
11640295
11640973
11641620
11642160
11642861
11643714
11644739
11646405
11687764
11689939
11691540
11692659
11693687
11696005
11697694
11704181
11705863
11717642
11718664
11719707
11720569
11721489
11723005
11723564
11724652
11725202
11726927
11729138
11742342
11744523
11746387
11747925
11749375
11751002
11751834
11752467
11753906
11754789
11755654
11756207
11757645
11758137
11759093
11759885
11759975
11761033
11761305
11762379
11763498
11763577
11764895
11765473
11766173
11767003
11767871
11769795
11769982
11771900
11772410
11773520
11775211
11775274
11776329
11776848
11777673
11778547
11779750
11780203
11782675
11784839
11785378
11786662
11787512
11788386
11789335
11795105
11796660
11799765
11803524
11804917
11813452
11814458
11815256
11816245
11817448
11835171
11836336
11839534
11840921
11841639
11842424
11843330
11844097
11845021
11845864
11846688
11847940
11869845
11870677
11871527
11872852
11873382
11873916
11874457
11874989
11875523
11876152
11876828
11877607
11878238
11878873
11879570
11880507
11881740
11883619
11886612
11900680
11901817
11902542
11903163
11903845
11904504
11905118
11905854
11906663
11907783
11908962
11909899
11910826
11912247
11914624
11916001
11917233
11918925
11919927
11920893
11921867
11922804
11925517
11926604
11928888
11930375
11931394
11932513
11940468
11941323
11942078
11942783
11943377
11944040
11944617
11945259
11946122
11947118
11949570
11973274
11974615
11976013
11985085
11987511
11991823
12017605
12019421
12024091
12026802
12029817
12032262
12034050
12035320
12036502
12037566
12038702
12039736
12040871
12042109
12043714
12045067
12046212
12047027
12049204
12051004
12052344
12057744
12059818
12062039
12065520
12088327
12088681
12089225
12089741
12089948
12090487
12090578
12091003
12091461
12091569
12092003
12092455
12092563
12093186
12093904
12094666
12095597
12096652
12097650
12098533
12157805
12159033
12164325
12176430
12177553
12178632
12179479
12180335
12181498
12182700
12184271
12185672
12186912
12187782
12188874
12189674
12190573
12191542
12200973
12208068
12209325
12210727
12211980
12213095
12213979
12215407
12225278
12226205
12227000
12227970
12231104
12239943
12241604
12242490
12243326
12244249
12245821
12247917
12248586
12249503
12275470
12276542
12277446
12278275
12279123
12280086
12301224
12302798
12303963
12320089
12321441
12324348
12325475
12326159
12327217
12329905
12330520
12334360
12344716
12346195
12348279
12349671
12350904
12352562
12359167
12360768
12361818
12361901
12362952
12364205
12365022
12365849
12366761
12368169
12369913
12395905
12397822
12517421
12518415
12519314
12521823
12523117
12524284
12526177
12527867
12538132
12539150
12539940
12540936
12542167
12589629
12591059
12592200
12604463
12605758
12606649
12607619
12608543
12609624
12611041
12612000
12616912
12632420
12634044
12634789
12634858
12636077
12637436
12638704
12650611
12660119
12661558
12678565
12679476
12680438
12681338
12682292
12684876
12709911
12712445
12713774
12714917
12715927
12716947
12718077
12719367
12721678
12744884
12746212
12747310
12748413
12749321
12750357
12751539
12763638
12764949
12765982
12767130
12795516
12796920
12798360
12799293
12800303
12801236
12802086
12803705
12805118
12806373
12807525
12808380
12808758
12809343
12810720
12812665
12813705
12814752
12815635
12816397
12817268
12821782
12823869
12831880
12833206
12834726
12836774
12837682
12837966
12838419
12839145
12839509
12839796
12840486
12841028
12841574
12842266
12842987
12843371
12843969
12844701
12846062
12846191
12893825
12900735
12921057
12931828
12933019
12934083
12935182
12936963
12962254
12963220
12964686
12967115
12968929
12970938
12971462
12972847
12973931
12974010
12974769
12975503
12975868
12976289
12976906
12977292
12978252
12978389
12979350
12980431
12981737
12988913
12991306
12992326
12993045
12994038
12995111
12996333
12997753
12998761
12999670
13000507
13001977
13027483
13028491
13029225
13029850
13030547
13031340
13032059
13032928
13034379
13035428
13036230
13037281
13038046
13039066
13040401
13051404
13057196
13060415
13062802
13071271
13072411
13072422
13073401
13074693
13074763
13075891
13076116
13077132
13078023
13078145
13079128
13079644
13080091
13081087
13082323
13082664
13084331
13085404
13086547
13089592
13099010
13101471
13107186
13108630
13110354
13112544
13117973
13119963
13125311
13126266
13127147
13129631
13142352
13143660
13144951
13145729
13147293
13196495
13198010
13198859
13200333
13219778
13223602
13225399
13227111
13229858
13231301
13232331
13233794
13235433
13236461
13237615
13238838
13239809
13241683
13243042
13244253
13245163
13246232
13247011
13248610
13256690
13257635
13258545
13259333
13260087
13260822
13261560
13262275
13263139
13264350
13265843
13271107
13273285
13287560
13288390
13289243
13289821
13290381
13290878
13291371
13291908
13292491
13293413
13295725
13296732
13297682
13324997
13327368
13355819
13357191
13359857
13360998
13366937
13367798
13368674
13377754
13378337
13379134
13380726
13383031
13385032
13389911
13391529
13392529
13393559
13395116
13397673
13399765
13403696
13419416
13421347
13421815
13422723
13437954
13438961
13439690
13440411
13441025
13441644
13442352
13443011
13443807
13445000
13469404
13470511
13471486
13472842
13486125
13497350
13501287
13503279
13512138
13514792
13516135
13517162
13517988
13520138
13521092
13521900
13522621
13523288
13524006
13524777
13525523
13526906
13527106
13529337
13529497
13530964
13533690
13535191
13535831
13537899
13539742
13541487
13542279
13542935
13543689
13544313
13544845
13545381
13546017
13546623
13547389
13548411
13549646
13551672
13555716
13558820
13559988
13562656
13578919
13579957
13581073
13581978
13582637
13583331
13584105
13584787
13585480
13586291
13587069
13587864
13589066
13590846
13592451
13596816
13598819
13604483
13606243
13607294
13608793
13609982
13611222
13612409
13613768
13614781
13615964
13617505
13622911
13624643
13625402
13626009
13626792
13627867
13628891
13629746
13630750
13631790
13632661
13633636
13634807
13635731
13636967
13637980
13638767
13639592
13640252
13641224
13642244
13643351
13644671
13645902
13646982
13648231
13650188
13653271
13654213
13655567
13657669
13659957
13663566
13664644
13665682
13667299
13668763
13671919
13697941
13723200
13728488
13729336
13730204
13731006
13731797
13732982
13741484
13749640
13778589
13779911
13780950
13783901
13801011
13802431
13803986
13807474
13808474
13809476
13814563
13816074
13817671
13819575
13821138
13826342
13831284
13832962
13835753
13837559
13839412
13842469
13844267
13846217
13848361
13849006
13850118
13852086
13853730
13855672
13860069
13862646
13864675
13868705
13871061
13874379
13875850
13877120
13887673
13888530
13889521
13890311
13890924
13891039
13891668
13892286
13892710
13893037
13893760
13894294
13894436
13895245
13896106
13896363
13935366
13937530
13939344
13949604
13954028
13955765
13957152
13958469
13959610
13960541
13961629
13963035
13964944
13966369
13967263
13997910
14003272
14005156
14005629
14007139
14008357
14008463
14009480
14012165
14013615
14015329
14019586
14021515
14037190
14038234
14039144
14040056
14041072
14042267
14043328
14065759
14091303
14092018
14092709
14093347
14094153
14095073
14095905
14097366
14099517
14100232
14101093
14101467
14102533
14103903
14104791
14106997
14108412
14112985
14116622
14119748
14122103
14123972
14130648
14132212
14132387
14137269
14143426
14153605
14156168
14157842
14158233
14159029
14159918
14160927
14161876
14162925
14164169
14167232
14168897
14170329
14177264
14188911
14189560
14191958
14193083
14193994
14194761
14196027
14217001
14218076
14218836
14219480
14220098
14220709
14221419
14222200
14222991
14223767
14224494
14225327
14226348
14227133
14228031
14229203
14230619
14263190
14276517
14279580
14279613
14280363
14281034
14281240
14282302
14283097
14283891
14300604
14305050
14316599
14317731
14318777
14319692
14320906
14324763
14325912
14326971
14328018
14328922
14329920
14331191
14332623
14337825
14338596
14339245
14339805
14340464
14341136
14341651
14342152
14342634
14343105
14343585
14344124
14344662
14345323
14346020
14357714
14361504
14363509
14366957
14367974
14368958
14369851
14370586
14371317
14371999
14372881
14373887
14375042
14376318
14377427
14378411
14394544
14396168
14397836
14399013
14402003
14402896
14403723
14404359
14404701
14405267
14406107
14406166
14406963
14407228
14407598
14408383
14408744
14409243
14409800
14409941
14411023
14411422
14411850
14412758
14412857
14413599
14414357
14415186
14416036
14416977
14417928
14419293
14420775
14428287
14430193
14431756
14440373
14443777
14443850
14444911
14445821
14447526
14448999
14450254
14454647
14455981
14457273
14458344
14459722
14466707
14468639
14472114
14474723
14475759
14476722
14479057
14481624
14483108
14484746
14486077
14489599
14490191
14490444
14491391
14492274
14492976
14493644
14494379
14494915
14495451
14496039
14496635
14497725
14548208
14549174
14551536
14556250
14565492
14566764
14567984
14568904
14569755
14570699
14571574
14573264
14575615
14576957
14577919
14579308
14580037
14580868
14581680
14582564
14583730
14584793
14586407
14587961
14589315
14590164
14590871
14591526
14592131
14592752
14593335
14593890
14594420
14595089
14595914
14596959
14599223
14613845
14615007
14615880
14616737
14617943
14618811
14619726
14621193
14623545
14639141
14640125
14640163
14640889
14641016
14641475
14641792
14642069
14642603
14643149
14643707
14644201
14644724
14645291
14645857
14646398
14646884
14647409
14647935
14648475
14649034
14693744
14695304
14696376
14697302
14698204
14699142
14700284
14701966
14704755
14709448
14726412
14728259
14730777
14735732
14736972
14737981
14739297
14741167
14742790
14744784
14745942
14748241
14752583
14754168
14757896
14759243
14761139
14813441
14816600
14830705
14842175
14844223
14848025
14856773
14865700
14865869
14866855
14867607
14867996
14868908
14869162
14870601
14871780
14872648
14873831
14875638
14877495
14882202
14890244
14891809
14893058
14894205
14897282
14914329
14915518
14917200
14923325
14926084
14927518
14929518
14938189
14940071
14955290
14956147
14956850
14957594
14958199
14958805
14959521
14960846
14971693
14986304
14987966
14993891
14995163
14996998
15014257
15015861
15016489
15017981
15018933
15019945
15020734
15021837
15023682
15024914
15026016
15026872
15028051
15029212
15030425
15041846
15043218
15052521
15054415
15056316
15056841
15058383
15059776
15060549
15061327
15061543
15062235
15062599
15063656
15064637
15065567
15065682
15066334
15066954
15067110
15067931
15067957
15068832
15069353
15069830
15072447
15072943
15074207
15075656
15082575
15083553
15084844
15085792
15087025
15091109
15092070
15092925
15098314
15111559
15121726
15126407
15127382
15128694
15130050
15131095
15133130
15150644
15151543
15152345
15153127
15154372
15154597
15155258
15155530
15156224
15156231
15156861
15157395
15157514
15157934
15158446
15158967
15159242
15159465
15160059
15160601
15161258
15161311
15162158
15163110
15182926
15184040
15184965
15186686
15188570
15190433
15191459
15192562
15192896
15198781
15199878
15201102
15202061
15202976
15204119
15205486
15207794
15209703
15212028
15219638
15221566
15225599
15226779
15228417
15230710
15233485
15234394
15235251
15236173
15237268
15238176
15239412
15240101
15241148
15241902
15242627
15243379
15244011
15245383
15257452
15259551
15260850
15262345
15265249
15269656
15276180
15277401
15278801
15281302
15282365
15283893
15288127
15289309
15290235
15291135
15292060
15293271
15294966
15300770
15301704
15302497
15302610
15303353
15304408
15305321
15306231
15307854
15309017
15313754
15315867
15318394
15319407
15320547
15322191
15326021
15327987
15329009
15329997
15330946
15332394
15333002
15333733
15334401
15335268
15336694
15337856
15339049
15340193
15341612
15343566
15346303
15349004
15351343
15353284
15354713
15356104
15357268
15358475
15359600
15360832
15361755
15362777
15363895
15365328
15371539
15374613
15375362
15376328
15378292
15380393
15388339
15389460
15390212
15391057
15391692
15392277
15392851
15393385
15394415
15395575
15406972
15417501
15418732
15420066
15422285
15425566
15427224
15429275
15439798
15442428
15444993
15486144
15487177
15488198
15489262
15491596
15493803
15495780
15497326
15498798
15501676
15504209
15505184
15506010
15506752
15507389
15508147
15508900
15509948
15511074
15512142
15522497
15524226
15531244
15532965
15534095
15535255
15536499
15538256
15542646
15543742
15544549
15545350
15546283
15547430
15548470
15549827
15550900
15551680
15552391
15553139
15554104
15554936
15555806
15556676
15557430
15558265
15559254
15560579
15571288
15572151
15572831
15573466
15574051
15574695
15575327
15576016
15576740
15577541
15578399
15579077
15579786
15580916
15582764
15615307
15617014
15618206
15619183
15619852
15620440
15621102
15621727
15622345
15623206
15623949
15623969
15625120
15625958
15625972
15626899
15628192
15629199
15630414
15632489
15641233
15642646
15644172
15645487
15646593
15647346
15648073
15648862
15649491
15650244
15650863
15651387
15652093
15652772
15653708
15654641
15662025
15663237
15664065
15664683
15665250
15665756
15666320
15667031
15667841
15689253
15690751
15691894
15692814
15693425
15694183
15695068
15695655
15696935
15697828
15698904
15715689
15750308
15751691
15753277
15754685
15755498
15756054
15756839
15757194
15758065
15758752
15759637
15760933
15761206
15762010
15762745
15763585
15763921
15764401
15765237
15765908
15766579
15767340
15768064
15768841
15769531
15770292
15771066
15771731
15772529
15773681
15790659
15791668
15792550
15793414
15794245
15795141
15796231
15797811
15807435
15809036
15810199
15813643
15824821
15825589
15826243
15827051
15827968
15828907
15829306
15831340
15838058
15839085
15840004
15840932
15841847
15842713
15843715
15844659
15847707
15860027
15860934
15861778
15862630
15863364
15863992
15864706
15865296
15865894
15866461
15867019
15867666
15868574
15869949
15874493
15893160
15897764
15899153
15904928
15907259
15925356
15927608
15933629
15934674
15936448
15938663
15940669
15942121
15943693
15946512
15947633
15948796
15950465
15950768
15952144
15952969
15954391
15954439
15955512
15955853
15956669
15957853
15957965
15958882
15960302
15960443
15961610
15962032
15962494
15963249
15963951
15964321
15964813
15965676
15966470
15966883
15967272
15968273
15968652
15970117
15971004
15972064
15992045
15993757
15995151
15995930
15996518
15997241
15997909
15998576
15999303
16000021
16000820
16001947
16004604
16024113
16025765
16027147
16029235
16030132
16031160
16031789
16032464
16033097
16033702
16034391
16035510
16044886
16046063
16051885
16053322
16055729
16057678
16057951
16058813
16059575
16060170
16060882
16061687
16062349
16063002
16063625
16064195
16064798
16065376
16065905
16066740
16067640
16069508
16092521
16093480
16094786
16095888
16097023
16098488
16100544
16117623
16119138
16121123
16122519
16123936
16138130
16140662
16141291
16142134
16143027
16143851
16160163
16161030
16162865
16182672
16197721
16199253
16200399
16200768
16200798
16201144
16201458
16201762
16202032
16202312
16202495
16202582
16202838
16203095
16203342
16203512
16203589
16203832
16204090
16204358
16204364
16204645
16204963
16205263
16205335
16205587
16206244
16206619
16207047
16207546
16207839
16208272
16209832
16247789
16249151
16250033
16250648
16251498
16252227
16253217
16254086
16254230
16255365
16255961
16256905
16257496
16258768
16259502
16259850
16268062
16269460
16270951
16272485
16280631
16282926
16294291
16298202
16322054
16327534
16329281
16348084
16349630
16372766
16374639
16376625
16389820
16390873
16391258
16393247
16394978
16395683
16397004
16402786
16405457
16405970
16407150
16407396
16408434
16409651
16418276
16419500
16421138
16421998
16453996
16481987
16483025
16484909
16495591
16497540
16500813
16503034
16503226
16505100
16505464
16507742
16523568
16527243
16530215
16535176
16573685
16583362
16584701
16585496
16587126
16587188
16588384
16590447
16590953
16592295
16592416
16593461
16594543
16595748
16597810
16598635
16600399
16602021
16603872
16606444
16607536
16608736
16652901
16654967
16661938
16663138
16663990
16664924
16665837
16666680
16667502
16667733
16668174
16668698
16668859
16669495
16669648
16670084
16670420
16670749
16671195
16671362
16671942
16672139
16673231
16673515
16674350
16676591
16684961
16687008
16688642
16691878
16693127
16697762
16698953
16702275
16703449
16705869
16707400
16708257
16709582
16711265
16712389
16727677
16741233
16742026
16742157
16742878
16743571
16744185
16744750
16744953
16745301
16745884
16746486
16747132
16747831
16748613
16749420
16750961
16753043
16780556
16786986
16788116
16811245
16815001
16817485
16819558
16821217
16822586
16823343
16824126
16824997
16825766
16825876
16826840
16827062
16827730
16828139
16828584
16829126
16829327
16830035
16830857
16831054
16832039
16833243
16834224
16835154
16836290
16838151
16838917
16839692
16840046
16841003
16841727
16844249
16845501
16846859
16847709
16849243
16855449
16861583
16863843
16865299
16866268
16866602
16867991
16869221
16869365
16870569
16871537
16872108
16872605
16873527
16874052
16874318
16874950
16875078
16875620
16876069
16876226
16876865
16877126
16877471
16878116
16878332
16878919
16879820
16880748
16881947
16883393
16884839
16885875
16886921
16888254
16888611
16891507
16892630
16893289
16893910
16894527
16895098
16895363
16896093
16897230
16919760
16934911
16936496
16939302
16942495
16950054
16951457
16953702
16955100
16956732
16963389
16970163
16971228
16972306
16973415
16974232
16974388
16975916
16976029
16977081
16977643
16979117
16980172
16981987
16983527
16984715
16985681
16986599
16987644
16988988
16990758
16992348
16996957
16998998
17002686
17003922
17004972
17005815
17007685
17010440
17038585
17040620
17041772
17041945
17042907
17043646
17044270
17045166
17046105
17046927
17083662
17117558
17123630
17125030
17126370
17127174
17127913
17128594
17129475
17137828
17139065
17139817
17140067
17141096
17141328
17142296
17143767
17143838
17144943
17145641
17146286
17147595
17147606
17148560
17148719
17149515
17150128
17150352
17151133
17151326
17152273
17153158
17153294
17154107
17154474
17155187
17155488
17156757
17158455
17159218
17160794
17161654
17162565
17163408
17164397
17166607
17168128
17169529
17171091
17182420
17217841
17219569
17225602
17227482
17241679
17243019
17244033
17245559
17246573
17247287
17247995
17248601
17249202
17249727
17250391
17250547
17251138
17252118
17253227
17261794
17262914
17263932
17264681
17265553
17266475
17267382
17268190
17269304
17270329
17271653
17272682
17273874
17275053
17275366
17275968
17277160
17278451
17279863
17280912
17282915
17284147
17285733
17286524
17288072
17289798
17291764
17292712
17293666
17294914
17296611
17297690
17299228
17300373
17304327
17310213
17311727
17312961
17314095
17314832
17315147
17316008
17316700
17317427
17318510
17319361
17320122
17320874
17321609
17321719
17322656
17323577
17324600
17325969
17326773
17327787
17329272
17330466
17334566
17336482
17337923
17339277
17345690
17347156
17348185
17349096
17349269
17350246
17351110
17352123
17352961
17353724
17354690
17355530
17356252
17357177
17360610
17361666
17362782
17363634
17364930
17372046
17375187
17401568
17403002
17403764
17404583
17404859
17405533
17406286
17406507
17407588
17407717
17408808
17409766
17409944
17410431
17411089
17411628
17412120
17412603
17412945
17413084
17413555
17413995
17414459
17414903
17415384
17415881
17416428
17417021
17417692
17418893
17421509
17427713
17429357
17436184
17437107
17437919
17438766
17439643
17441182
17442965
17444465
17445405
17446819
17447696
17460973
17473300
17475095
17504890
17516613
17518348
17526352
17527610
17528461
17529466
17530285
17530977
17531664
17532423
17533625
17534661
17541497
17543258
17545508
17547508
17551218
17552407
17554399
17555738
17570932
17579894
17628682
17630473
17641093
17642367
17642932
17643404
17644275
17644478
17645727
17714074
17718583
17721647
17722619
17723753
17725635
17746510
17773156
17775800
17776912
17777942
17780336
17826727
17845848
17846728
17847672
17848544
17849188
17849852
17850490
17851187
17851270
17852151
17853026
17853926
17860816
17862893
17864161
17865334
17866290
17867527
17868270
17868991
17869637
17870320
17871107
17871829
17872644
17873434
17874376
17875903
17876845
17879618
17892642
17895598
17904099
17908811
17910732
17911965
17913058
17914329
17915644
17918528
17921117
17933914
17942642
17943743
17944497
17945373
17945825
17946288
17947433
17947450
17968612
17969621
17970541
17971320
17972031
17972827
17973722
17974724
17975793
17993466
17994939
17995845
17999518
18000767
18001969
18003647
18004742
18006498
18007593
18008762
18022734
18036181
18037452
18038406
18039354
18040408
18041372
18042648
18043873
18044806
18046558
18047885
18048763
18050069
18051270
18052365
18053210
18053979
18054949
18055683
18056498
18057442
18058400
18059410
18060481
18062084
18065017
18065922
18066839
18067530
18068237
18068991
18069644
18070318
18070943
18071553
18072098
18072714
18073376
18074090
18074966
18075916
18076853
18091816
18093007
18093780
18094634
18095427
18096234
18096903
18097526
18098156
18098725
