7547.243
12352.56
12358.05
15303
16211.77
17653.91
18695.38
19735.88
20977.55
22545.16
35162.26
36049.69
36986.33
41961.89
45458.16
46812.67
49306.04
61319.03
72236.34
87016.96
89422.75
102189.1
102769.6
103269.8
103754.7
104219.4
104762.8
105286.6
105952.6
106630.7
107494.5
108595.2
118499.2
119943.2
121188
122217.2
123877.3
124997.7
126450.5
128327.2
130830.8
131732.2
137390.7
139245.2
140472.3
141313.1
142243.4
143048
144703.9
146360.7
150551.6
154982
156701.7
160047.2
161217.5
162240.3
163543.7
164652.8
165616.9
166372.6
166734.9
167629.1
168023.3
170042.6
171431
172476.2
173249.1
173897.8
173976.9
177922.3
179610.1
181323
183879.1
189256.7
190353.6
191132.4
193388.7
195058.2
195381.2
197075.8
198644.4
198825.8
199851
201036.9
201844
202933.7
209138.1
210515.2
211899.5
213067
215132.7
216231.3
216542.1
218540.9
219378
219893.7
220514.5
220714.1
221956.2
222513.6
223607.9
223871.4
226789.6
231817.6
238735.8
240203.3
242130.7
243300.7
244974.2
250027.8
250621
251125.4
251584.2
252098.9
252640.6
253161.4
253688.4
254426.8
255386.9
265639.7
266406
267204.3
267925.2
268684.9
269378
269723.2
271352.3
274142.3
275300.2
276077.3
276896.9
277903
279085.2
279285.9
280526.4
285959.8
288350.6
289660.9
293003.3
301944.5
306074.2
307842.5
309133.7
310851.7
311692.1
313439.1
315832.3
320404.8
322110.2
325450.9
326456.9
328053.1
330078.5
332086.9
332994.2
333069.7
334061.2
334753
335211.8
336211.8
336549.3
337389.5
339599.6
340579
341261.1
341855.4
341917.3
342570.9
342867.7
343283.4
343916.4
344006.5
345192.6
345530.1
346367.5
347146.5
347287.6
347352
349053.4
351330.2
353816.3
355340.6
357720.4
359278.2
365403
367958.8
370520.4
370984.4
371815.4
373008.6
373824.6
374475.9
375168.2
376331.7
382035.1
387624.9
387919.9
389382.3
392572.6
393561
394788.5
395692.5
400752.9
401643.8
402173.4
402690.7
403165.6
403683.5
404215.6
404779
405479.9
406368.1
407668.2
416706.2
417906.7
418936.4
420074
420964.3
421551.2
422172.1
422722.2
423391.6
423992.6
424917.3
426359.8
427614
428618.6
432480.1
433720.1
435103.9
436609.1
437476.7
438359.4
439361.6
440111.1
440833.1
441745.2
442464.2
443139.9
444058.8
446079.9
446942.3
447774.9
448409.9
449142.9
449770.9
450820.7
452369.5
453610.6
454839.9
457386.7
461481.6
462979.6
463127.7
463192.9
466660.8
467041.8
474373.9
475302.6
475391.2
476029.3
476647.9
477779.4
485370.5
486008.1
486559.5
487884.4
489370.7
489996.4
491905.5
493714
495021.4
496253
496809
497023.9
497707
498485.7
499358.8
502507.4
504967.2
505006.5
505957.2
508126.3
509208.1
511681.6
515830.4
519433.1
520515.4
521594.8
524112.1
525939.6
527073.8
529528.4
530396.3
531300.6
532634.1
532670.6
533526.5
535206.2
536441.1
537184.6
538518.8
540766.9
541797.7
543066.2
543815
544696
545783.4
546537.7
547496.6
550921.2
552084.8
552904
553683.9
554602.6
567173.7
570233.4
571576.3
573611.7
581288
581927.4
582748.8
583538.2
584406
585170.7
586864.7
587709.2
588481.5
589854.3
597195.3
606711.7
606718.7
609540.3
610283.3
611732.3
612780.8
614068.1
614948.3
618894
619839.1
623182.8
625211.9
626581
627822.4
628904.1
631493.8
635475.6
636281.8
637065.9
641958.9
642752.7
643554.8
645048.2
646807.7
648104.9
649069.3
649979.7
651360.6
653206.9
656749.6
663009.4
664195.5
665209.7
665397.6
666135.4
667151.3
667892
668659.6
669469.3
670194.2
671029.1
671085.3
671903.3
672053.7
672706.8
673218.7
675756
676923.8
680624.3
682111.1
682777.6
683924.3
684542.4
685468.9
686499.1
687461.1
687940.8
689248.7
689718.7
689884.6
690564
691292
691312.5
691316.1
691442.1
691992.3
692997.5
693547.7
694300.7
695931.3
696645.2
697982.9
701594.8
702490.2
703143
703695
704233.1
704825.5
705516.3
713643.9
715658.3
716977.2
717191.3
722481.3
723551.7
724810.5
725928.2
734256.3
739387.9
742465.8
749080.9
751822.3
753131.7
754474.5
756311.3
757151
758083.4
759577.7
768653.1
768994.5
771281
772004.9
772703.1
773156.3
773672.4
774902.7
775570.9
776248.2
778011.6
780933
781668
782579.6
782589.5
784144.3
784742
787206.4
788642.5
789709.1
790595.6
790787.3
791471.2
792563
793474
794123.4
794725.3
795489.8
795958.2
796168.8
796791.2
797094.6
797470.3
798243.2
799054.5
800078.3
801324.2
802382.5
803876.4
804505.7
805282.5
805980
806678.5
807327.1
808803.6
809637.6
810653.2
810863.7
811740.4
812035.4
812599.2
815549.3
821489.6
821806.7
823906.8
824657.6
825591.4
826499.6
827058.6
827563.1
828121
828733.8
829576
831617.8
832964.3
836707.6
839575.7
839762
840445.7
840725.2
841148.7
842084.6
845394.5
856782.4
857747.8
859061
864786.7
865932.9
895285
896294.2
897011.4
897808.4
898434.3
899049.6
900062.4
901136.4
901992.2
902841.5
903470.5
905068.8
905861.6
906569.9
907264.1
907608.4
908072.3
909018.5
909462.6
909770.1
911136.4
911860.7
912711.3
913443.5
913536.3
914192.2
914859.8
915588.6
916262.6
917010.1
917819.8
920995.4
921707.3
922368.7
922942.9
923755.9
923941.2
924563.1
927313.1
928923.9
930352.6
931973.2
932740.8
932911.2
933472.4
934131.8
935017.2
936077
936450.4
937964.3
938444.8
939200.7
940193.9
940725.6
941063.7
941908
942843.3
944787.5
945428.1
946229.6
947213.5
949737.5
951304.9
952313.4
952987.1
954086.2
954902.3
956325.1
966801.7
967429.5
968053
968776.9
969404.5
969973.8
970164.8
972127.8
975860.9
976784.9
978442.5
980494.7
982049.1
985666.3
986802
988150
989724.1
991324.4
999434.9
1000226
1001036
1001709
1002455
1003467
1016802
1020594
1021934
1036074
1037383
1038246
1040377
1041866
1043273
1044065
1044774
1045532
1046325
1046907
1047712
1048625
1056342
1057002
1057703
1058682
1060020
1061609
1063073
1063472
1064184
1065014
1065081
1065820
1066485
1067319
1068514
1070513
1070948
1071904
1074936
1075952
1082384
1083117
1084215
1086040
1086806
1087919
1089746
1091678
1092632
1093115
1094054
1094475
1095650
1096850
1098862
1099812
1101211
1102450
1103150
1103153
1103541
1104478
1105179
1105954
1106442
1106443
1106613
1109990
1111100
1111732
1116472
1117521
1120331
1121268
1122247
1124003
1124589
1125356
1126848
1128362
1130043
1131075
1132104
1132502
1133550
1134529
1135295
1137511
1138415
1139942
1140791
1141698
1142524
1143413
1145610
1146130
1148718
1157665
1162844
1173818
1183579
1183586
1200560
1201522
1202262
1203418
1205627
1209496
1210272
1211542
1215047
1220045
1223243
1227727
1233675
1246006
1249046
1249996
1251600
1254044
1254617
1255185
1259222
1260818
1266603
1269200
1273956
1275199
1275835
1275902
1276636
1277515
1285385
1286352
1286545
1286609
1287318
1287319
1288108
1289866
1289928
1291257
1300664
1301350
1302037
1302876
1303829
1319006
1319250
1324754
1326271
1329006
1330368
1331407
1332233
1336264
1338260
1338880
1341172
1342990
1350939
1351946
1352498
1353147
1353913
1354892
1355609
1356486
1357162
1358089
1361752
1362673
1363303
1364147
1365144
1366359
1367139
1367426
1367991
1368439
1368737
1369363
1370145
1370795
1371717
1373410
1387276
1388184
1389597
1390968
1392011
1394243
1395631
1396372
1397140
1398409
1398413
1398539
1399388
1408641
1414388
1417177
1418568
1422581
1423382
1429825
1430642
1436452
1437835
1437887
1438912
1440099
1441098
1442556
1442604
1443337
1444406
1444696
1445685
1449451
1449777
1451029
1451936
1452636
1453384
1454022
1454791
1455723
1457033
1458966
1462873
1463483
1464256
1464928
1465649
1466401
1467059
1467836
1468460
1469398
1470225
1471319
1473048
1474255
1475430
1476327
1476927
1477478
1478072
1478840
1479490
1480304
1481732
1483362
1484423
1486353
1492408
1493255
1501876
1503406
1505050
1505070
1506047
1506981
1507722
1508899
1510791
1514809
1516099
1516472
1517576
1518663
1520299
1521268
1521436
1521912
1522239
1522586
1523352
1523368
1524335
1524403
1525048
1525460
1525725
1526220
1526763
1527410
1528048
1528718
1529564
1530071
1530440
1531024
1531902
1532403
1533391
1533667
1534096
1534561
1535541
1535614
1536523
1537410
1537504
1538090
1538278
1538620
1539130
1539486
1539692
1540342
1541059
1541442
1541806
1542593
1543775
1544053
1544474
1544925
1545636
1545711
1546018
1546321
1546644
1546979
1547048
1547195
1547878
1547893
1548624
1548855
1549302
1549825
1550192
1551616
1551808
1552618
1553457
1554415
1555198
1556438
1556939
1557285
1557589
1558203
1558352
1558416
1559207
1559385
1560264
1560387
1562734
1563290
1563660
1564409
1564747
1565200
1566080
1567431
1568917
1569879
1570967
1571783
1571938
1572857
1572898
1574421
1577639
1578336
1579134
1580627
1583988
1584081
1584766
1585349
1585383
1586033
1587330
1589438
1596615
1625621
1661875
1662377
1663411
1664189
1664944
1665058
1665897
1667068
1669589
1670940
1671678
1671682
1671811
1672625
1673373
1674353
1674877
1677235
1688250
1689056
1692416
1695726
1696731
1697664
1698427
1699285
1700284
1701164
1702399
1705111
1712558
1714149
1714494
1716472
1716491
1717099
1717774
1718162
1718226
1718383
1719037
1719907
1724673
1724905
1725564
1726215
1726639
1726902
1727665
1727685
1728389
1728468
1729197
1729963
1730783
1731824
1733289
1734520
1735380
1736236
1737643
1738762
1738824
1739861
1740846
1741094
1741862
1741957
1742969
1745397
1746465
1747658
1749165
1749768
1750237
1750668
1751692
1752207
1756980
1759936
1760821
1762383
1763150
1763731
1764419
1765134
1767120
1767642
1767644
1767955
1769275
1770963
1772138
1775726
1776676
1777802
1778908
1781177
1782498
1785268
1787376
1788465
1789336
1790645
1791803
1792727
1793710
1794895
1796401
1797221
1797959
1799592
1800446
1800520
1801286
1801549
1801938
1802689
1803063
1803791
1803900
1804655
1804839
1805435
1806231
1806290
1807255
1807378
1808186
1808398
1808980
1809865
1810417
1811008
1812188
1813337
1814378
1816303
1818875
1819313
1820759
1822330
1822387
1822777
1822782
1826812
1828716
1829837
1830859
1831861
1832869
1834317
1835110
1836043
1837132
1837652
1838275
1838354
1838767
1838772
1839319
1839667
1840251
1840347
1841068
1841111
1841926
1842722
1843102
1843461
1844073
1844239
1844885
1845846
1846887
1847739
1848973
1849606
1850962
1852288
1852676
1853475
1854319
1854682
1855591
1856414
1857077
1857088
1857752
1858515
1859087
1859492
1861715
1861717
1863421
1866091
1867087
1867091
1868125
1868981
1869006
1870024
1870942
1871024
1871228
1872217
1873057
1873424
1873818
1874050
1874526
1874883
1876111
1876138
1876877
1877365
1877486
1878347
1878403
1879696
1879820
1880512
1881802
1882176
1882589
1884212
1886935
1888568
1889526
1890310
1890774
1892023
1893347
1894303
1895166
1895919
1896560
1896702
1897266
1897457
1897912
1898604
1898709
1899332
1899980
1900803
1901727
1908830
1909764
1910791
1911372
1912002
1912831
1914061
1919961
1921937
1923518
1932054
1933460
1934467
1935353
1936227
1938866
1950676
1951536
1952600
1953488
1954097
1954697
1955263
1955850
1956416
1957181
1958594
1962186
1963193
1964291
1965100
1965587
1966200
1967595
1968007
1968839
1969748
1970928
1971716
1972321
1972922
1973677
1974518
1975554
1976948
1978261
1978806
1979161
1982705
1982860
1983588
1984678
1985715
1988905
1990215
2004180
2005108
2005543
2021521
2023292
2034170
2040269
2040815
2041624
2042580
2052719
2053474
2054332
2055220
2075045
2078101
2085158
2088574
2094066
2096024
2096605
2097685
2098895
2100138
2101254
2101479
2108069
2108910
2109703
2110126
2110479
2111505
2112529
2112811
2113925
2114048
2115157
2116075
2116709
2117050
2117822
2118143
2119344
2119506
2119539
2120528
2120909
2122766
2122932
2123924
2125565
2126641
2127353
2128506
2130260
2134311
2145664
2146589
2148533
2149370
2150199
2150284
2151319
2152191
2153305
2154606
2156132
2157032
2158439
2159930
2161860
2162522
2163230
2164162
2165389
2165504
2166962
2168743
2170534
2172077
2173093
2177317
2179551
2182436
2183755
2185646
2186515
2187424
2187515
2187968
2190826
2192186
2193155
2195451
2197734
2198784
2199206
2199211
2200112
2200859
2201503
2202259
2202937
2203875
2210868
2211885
2212612
2213816
2214502
2215137
2217649
2221134
2223400
2226035
2227066
2228790
2230156
2232009
2237141
2238726
2241152
2242553
2243814
2247565
2250004
2254833
2258587
2261637
2262696
2263460
2264312
2265246
2271423
2300124
2301468
2302925
2303887
2303941
2304565
2305225
2305596
2305602
2306273
2306495
2307146
2307310
2308213
2309090
2310135
2311699
2312506
2313114
2313680
2313728
2313855
2314393
2314700
2315274
2315304
2315877
2316496
2317107
2317211
2317958
2320299
2322211
2323653
2324463
2325176
2326112
2327996
2328615
2329476
2331560
2331565
2332254
2333034
2333859
2334835
2335876
2337146
2337655
2337908
2338594
2339477
2339559
2340892
2343765
2343823
2345349
2346832
2348363
2348674
2349377
2349853
2350292
2350781
2351477
2352181
2358967
2359882
2360835
2361825
2362596
2363569
2364603
2366720
2372989
2374830
2375900
2376866
2379019
2380452
2381390
2382228
2383084
2384376
2387204
2387380
2388236
2389454
2390558
2390946
2395479
2396366
2397063
2397860
2398789
2399725
2400164
2401062
2402016
2402894
2403651
2407828
2410793
2411815
2412644
2414383
2415146
2416198
2418065
2419720
2420623
2421289
2421400
2421955
2422469
2422535
2423584
2424886
2426103
2426192
2428596
2430114
2430668
2430751
2431226
2431988
2432219
2432805
2433185
2433521
2434398
2434754
2439669
2440043
2441278
2442151
2442565
2443495
2445515
2446430
2446892
2447246
2447951
2448607
2449264
2449503
2449777
2449929
2450627
2451050
2451408
2452343
2452494
2453119
2453494
2453876
2454086
2454659
2455366
2455462
2456215
2456975
2457163
2457774
2458068
2458444
2461676
2462748
2463570
2464530
2466254
2467160
2468292
2469156
2470179
2471437
2472813
2473665
2474572
2475934
2476325
2477532
2477733
2478766
2479529
2480360
2481477
2481728
2485785
2486899
2488212
2488558
2489174
2489209
2489211
2489858
2490483
2492269
2494581
2495496
2496009
2496022
2496463
2496979
2497536
2498112
2498412
2498667
2498950
2499281
2499718
2506914
2508113
2508314
2510312
2511322
2512166
2513191
2522368
2534567
2536909
2537508
2538243
2539045
2539889
2540784
2543233
2544463
2545887
2546762
2547617
2549473
2550312
2550560
2551535
2553555
2554352
2555775
2556027
2556657
2557192
2558028
2561479
2562405
2563243
2567141
2569306
2569434
2570412
2571346
2573602
2576497
2578357
2579237
2581143
2581294
2583013
2585372
2586075
2587244
2588172
2593079
2594475
2595297
2596206
2596529
2597180
2600769
2602063
2607425
2611079
2631333
2633123
2635629
2636631
2639060
2646667
2647513
2648285
2649038
2650180
2651028
2651786
2652385
2652945
2654716
2656138
2658680
2659432
2661253
2662222
2663384
2664212
2664975
2665858
2666889
2673143
2674010
2680932
2681999
2682888
2685210
2688662
2701758
2701791
2704332
2707683
2707717
2708890
2710246
2711118
2711640
2714449
2716083
2716894
2717595
2718266
2718894
2718895
2719546
2719598
2720274
2720422
2721186
2722005
2722190
2723788
2724052
2726834
2728420
2729426
2730230
2731147
2736534
2736595
2736852
2738663
2739590
2740603
2746999
2749221
2761200
2761808
2762259
2762777
2763372
2763967
2764727
2765741
2770707
2772509
2779491
2781644
2783170
2784384
2785180
2785380
2785919
2786653
2787250
2787873
2788555
2789314
2790287
2794066
2796785
2798661
2800577
2801342
2802134
2802736
2803611
2804338
2805291
2807524
2808277
2809190
2811212
2815203
2818113
2820293
2829615
2830604
2831597
2832638
2834508
2835654
2836592
2850365
2852310
2853917
2854527
2854754
2855880
2856731
2857970
2860993
2862371
2863763
2865121
2865981
2870060
2871295
2873424
2874542
2878009
2884028
2884831
2885486
2886228
2887062
2887837
2888568
2889488
2891389
2894154
2895113
2895238
2898983
2899730
2900562
2902383
2902982
2906095
2926516
2932834
2936972
2938557
2938739
2945269
2948487
2949520
2951624
2952456
2953434
2954121
2955475
2956113
2956852
2957619
2958540
2959236
2960002
2960928
2961859
2962920
2963895
2966707
2969922
2971534
2974062
2977691
3001096
3001709
3002636
3003478
3003743
3007912
3008882
3009662
3010454
3010704
3011226
3012093
3013118
3013738
3015281
3016381
3016751
3017621
3017703
3018929
3022413
3022478
3022682
3023910
3025250
3027650
3027672
3028797
3029775
3030986
3031114
3032038
3032693
3032938
3034003
3034234
3035026
3035884
3036768
3038227
3038233
3038975
3039808
3040111
3041159
3042313
3042495
3043540
3044882
3045670
3046829
3049537
3050536
3052320
3052910
3058344
3058763
3062345
3064087
3067256
3069072
3071164
3076095
3078635
3084018
3084742
3086882
3089938
3091026
3101377
3102191
3102764
3103291
3103797
3104343
3105009
3105718
3106454
3107195
3114402
3115823
3116793
3117697
3118298
3118872
3119448
3120068
3120633
3121330
3122111
3126569
3131327
3132204
3133574
3134815
3138388
3139512
3142334
3143023
3144137
3145276
3146526
3150656
3153497
3154728
3156004
3156856
3158410
3159718
3160497
3161299
3162211
3162659
3162973
3163694
3164729
3166371
3167370
3168622
3172153
3173318
3174623
3176271
3182821
3184221
3184991
3185668
3186328
3186923
3187496
3188777
3189483
3192067
3193099
3194556
3200748
3201772
3203027
3203970
3205241
3206134
3207489
3208641
3209687
3210599
3211708
3211759
3212704
3213645
3214352
3215363
3217548
3222340
3225070
3226076
3230114
3232357
3240249
3242768
3244373
3246425
3248168
3249441
