850.439
2159.408
7905.73
11426.72
13820.81
16760.41
19108.51
19808.11
20627.73
21000.14
21660.38
23165.37
31839.62
33979.18
34981.25
45822.28
46830.03
53557.06
63023.43
67412.45
70585.07
80496.57
83493.04
83825.29
85728.41
87514.01
88247.4
89015.59
92800.16
94341.18
109136.4
109351.2
110170.2
119262.1
120966.6
138317.4
147393.3
157759.9
166720.5
173902.7
181195.3
182180.7
188672.1
192987.4
194067.3
194444.9
195064.5
196238.2
199493.6
203488.4
206077.4
207508.1
209072.3
210616
210884.2
212319.5
226252.4
232059.2
232927.2
233840.6
234892.1
235973.3
236773.6
238090.4
238350.3
238626.8
238782.9
239762.7
239880.8
241073.1
241319.5
242879.7
259983.9
272281.6
281489
292822.2
294775.5
305462.7
305599.4
315200.3
316277.7
319631.6
325607
326396
327732.1
329190.1
330745.8
331579.6
332148.3
332938
333646.4
333955.1
341499.1
341508.9
341810.3
343403.1
343459.6
352446.6
355710.7
358782.4
360471.7
363077
363501.8
364440.3
365002.4
365504.5
366756
369899.6
370565.4
372331.2
373260.9
374731.1
374957.8
375172.9
376124.6
376177.3
377970
378645
379932.1
381859
382242.9
384702
385942.7
386330
388078.7
388515.7
388846.8
389499.1
389856.9
390616.6
391313.8
391422.7
395914.9
420779.6
421838.6
424750.8
431781.7
434929.9
437109
437616.1
440067.6
441683.1
442487.7
445272.5
449351.5
451354.6
452020.9
453031.3
454166.6
455703.2
456111.1
458221.9
464355
464457.5
469808.4
470532.4
471637.5
472487
475600.3
480046.2
482064.8
482701.3
482742.5
485097.6
485248.3
490420.2
499903
499979.2
500925.9
502361.8
503747.8
505882.9
507177.3
509210.6
509276
509406.7
510514.9
511514.6
511687.5
511995.9
512955.4
516013
516466.5
516667
516735.8
517351.8
517961.7
518231.5
518541.5
520778.6
525240.9
531167.2
532435.5
533502.4
535302.9
535314
535524
535707.2
535933.9
536845.8
537363.3
538068
538068.2
538672.9
540240.9
540527.4
541900.9
542754.5
545330.1
569660
573628.2
574637.7
590081.1
594160.8
595306.9
595641.8
596587.8
601811.9
601914.9
603319.1
604463.5
611784
612306.8
613821.9
614125.1
618762
624078
626414.7
626743
629014
635644.1
639971.2
649315.1
652277.7
656103.4
660007
661086.3
661585.6
662614.7
664287.5
665019.3
666719.4
674137.6
682931.3
683062
683118.7
683691.5
683870.6
684742.2
686093
686420.7
687399.2
687689.7
688931.3
690238
691401.2
691617.3
692754.8
695877.9
698281.5
699013.2
710091.7
718091.7
721915.6
743452.8
759184.9
760870.8
763095.1
763603.6
764696.6
773850.5
774202.9
776198.2
777612.2
779015.1
780810.9
783139.7
783389.9
785720.1
785790.6
793678
794279.3
796649.9
799839.6
800053.2
800798.5
801349.9
802934.4
819747.3
822231.6
822687.1
823538.7
825871.4
828900.2
830674.7
830802.3
831527.8
831754.1
832234.9
833147.9
833381.7
833884.6
834809.9
835085.4
835672.9
836465.6
836748.3
837613.7
838260.8
838699.1
840219.6
843140.3
843361.6
854166.1
861628.6
869198.1
890368.3
904219.6
904236.9
904362.4
906899
908222.5
910536.9
911809.2
915195.9
928520.6
932333.6
933257.6
939621.4
939934.9
943827.4
944813.9
944878.6
949906.9
951759.6
952379.3
953823.3
953879.5
956814.8
957498.3
959719.4
964837.3
964911.1
965888.2
970508.1
973959.4
974483.6
975032.9
976886.6
977177.4
977609.8
981629.3
982484.4
983024.1
983895.2
984411.1
985362.5
985682.3
985945.5
985974.4
986566.8
986698
986858.8
987987.5
988057.8
992449.9
992831.5
998120.3
1003075
1011191
1011217
1020928
1023815
1052627
1053529
1053755
1064957
1069866
1074074
1076690
1079442
1084530
1085353
1086021
1087404
1088893
1090483
1094657
1095339
1099039
1100408
1101141
1103145
1111265
1111369
1112289
1118175
1118414
1119608
1121433
1125017
1125125
1128360
1130508
1131428
1131632
1132102
1132265
1132469
1133572
1134079
1135593
1135953
1137198
1139150
1139618
1140025
1140299
1140660
1142272
1142638
1142671
1143829
1172780
1173372
1173516
1181675
1183854
1192594
1194254
1195236
1201125
1201854
1204059
1204791
1205841
1207605
1209692
1209826
1211984
1212647
1214343
1215540
1222234
1226113
1231546
1236650
1237466
1240685
1246196
1247356
1247934
1252142
1252872
1252990
1253105
1253539
1253788
1254258
1254260
1254316
1255239
1255932
1257362
1257812
1258051
1258088
1259262
1260516
1262594
1264629
1265319
1267581
1267837
1268548
1272034
1272905
1274675
1276193
1278817
1280845
1282042
1283235
1283274
1284869
1285613
1287134
1288866
1289591
1292629
1294309
1294425
1295956
1296911
1313555
1316757
1320633
1339002
1341603
1343229
1346131
1347695
1356965
1359713
1369943
1377458
1383749
1386231
1386399
1389147
1391187
1392709
1394558
1395369
1395649
1395668
1398803
1399012
1399515
1400431
1404007
1412735
1413748
1414421
1415082
1416228
1417058
1418334
1419727
1420689
1423201
1424218
1424531
1425057
1428406
1430564
1432044
1432505
1433143
1434571
1434790
1435510
1435638
1435982
1436070
1436348
1437774
1441563
1442035
1443477
1449049
1452043
1468564
1488840
1493884
1501833
1504896
1510946
1515805
1523586
1526490
1526991
1545805
1547738
1558767
1561953
1564392
1572880
1580581
1583845
1589123
1960955
1966780
1973876
1987275
1995830
2005686
2014162
2016099
2019823
2021660
2022048
2025185
2026503
2031078
2033953
2035025
2036441
2037751
2038125
2038461
2038617
2038631
2039672
2039836
2040665
2041527
2041852
2047275
2059144
2063773
2071754
2073464
2075966
2077214
2077875
2082999
2091072
2091756
2093162
2098546
2099708
2100803
2103651
2104176
2106918
2106963
2112536
2118763
2120012
2120466
2120861
2123047
2123477
2124227
2125525
2127766
2127798
2130900
2132156
2134255
2137988
2138039
2143922
2144610
2150427
2155448
2155709
2158021
2158886
2161218
2164429
2165566
2165728
2168094
2169304
2171974
2173183
2173366
2173534
2174724
2174733
2179457
2181102
2181419
2181957
2182491
2183554
2184279
2184317
2184518
2185607
2185664
2185990
2186298
2186475
2187100
2187590
2188045
2188957
2190217
2191257
2191971
2197438
2205111
2215196
2216113
2229627
2233954
2237053
2237267
2237555
2239482
2246866
2250336
2252337
2252576
2254867
2258124
2258388
2259198
2261390
2264470
2265571
2266563
2267191
2268314
2269968
2270546
2271626
2272580
2272907
2273456
2274282
2274334
2276077
2276301
2279015
2280593
2281929
2281940
2282243
2284571
2285112
2287176
2290507
2291348
2300806
2302341
2302962
2306088
2312776
2314038
2315403
2316804
2317985
2318577
2319366
2319385
2319977
2324956
2325325
2327867
2331809
2332152
2332772
2335858
2336779
2338083
2338403
2339636
2339954
2340642
2342497
2342760
2344218
2354492
2355316
2366809
2371337
2379139
2379292
2397063
2397558
2398223
2398592
2399223
2400759
2402451
2402623
2402946
2408449
2413609
2416689
2420900
2423303
2423380
2427143
2427169
2429574
2429594
2429947
2430637
2430768
2433984
2434091
2434857
2435617
2435930
2436858
2437503
2437573
2438544
2439099
2439351
2441149
2445037
2445545
2448379
2448642
2450299
2455438
2458927
2459350
2460686
2461438
2463639
2465697
2466797
2472676
2477253
2479420
2480933
2482610
2483502
2484329
2484532
2484671
2485169
2485535
2485623
2486536
2487212
2487438
2488983
2489263
2490366
2492273
2492305
2493021
2496176
2498139
2498546
2517010
2517229
2522834
2530865
2533860
2535237
2536579
2538792
2540134
2551496
2557083
2558096
2559411
2559554
2560857
2561979
2567344
2568671
2570075
2571137
2571808
2572407
2572416
2574842
2576245
2580246
2581830
2589898
2592885
2593701
2594230
2597031
2602954
2605434
2607597
2607924
2613091
2619823
2620016
2620878
2624915
2628692
2631334
2633622
2634152
2635270
2635862
2636990
2639456
2640225
2641049
2642076
2654926
2673639
2683420
2695474
2696596
2699905
2700214
2703091
2706471
2707455
2708005
2713788
2722836
2726756
2728960
2730206
2731537
2732519
2738428
2742622
2748617
2754623
2754854
2755382
2757801
2759520
2760874
2763075
2763104
2763360
2766070
2766983
2767030
2769541
2773242
2777754
2778306
2779055
2780382
2781031
2784853
2785304
2785650
2785857
2785907
2786259
2788032
2788339
2788751
2789651
2791663
2794965
2799031
2813485
2827262
2830002
2835668
2852727
2854191
2854352
2855463
2857666
2858384
2858561
2858670
2863015
2864874
2865497
2865918
2866832
2872316
2872577
2874893
2880233
2882126
2883430
2886959
2890079
2891398
2892087
2892417
2892736
2896051
2896268
2897460
2899649
2900356
2900409
2902280
2904238
2904489
2906110
2906829
2914809
2920666
2922220
2923290
2926754
2927134
2927568
2929240
2931671
2932238
2932583
2932993
2933588
2934468
2934887
2934900
2935133
2935619
2936735
2936776
2937542
2938617
2939143
2939538
2939712
2940887
2941878
2942340
2942724
2943593
2943895
2944314
2946398
2947587
2948858
2952227
2957902
2967471
2973459
2989464
2997729
2998974
3001444
3006261
3011021
3012464
3013267
3018532
3021083
3022164
3022511
3024675
3027988
3029838
3033090
3038372
3039346
3044347
3045072
3045834
3046838
3048356
3049623
3051098
3051261
3051894
3052496
3053760
3053767
3055903
3058091
3061596
3061626
3064885
3065720
3066531
3067286
3071113
3073132
3075576
3076518
3076577
3077250
3079354
3079539
3080404
3080760
3083808
3083930
3084755
3085040
3085388
3085459
3086428
3086430
3087402
3089045
3089707
3089729
3091417
3098614
3131498
3133610
3134468
3141573
3147413
3152687
3153874
3155880
3155891
3159221
3160321
3160386
3160754
3163529
3168480
3168914
3169594
3170861
3172030
3173945
3176963
3177796
3179036
3180616
3180916
3182077
3182408
3183342
3183344
3195470
3197131
3199631
3200912
3203381
3204583
3205295
3207744
3207914
3209365
3210046
3212797
3215293
3217258
3218871
3220582
3220968
3220969
3221111
3226064
3226472
3228271
3229297
3230403
3231479
3231872
3232828
3233645
3233900
3234731
3236552
3238886
3238890
3239234
3241810
3243884
3246368
3248649
3249959
3249984
3254338
3263715
3286304
3291267
3295864
3298114
3298990
3299884
3301533
3302810
3305109
3309264
3315284
3317291
3324961
3325253
3325504
3326395
3327296
3329084
3330161
3331120
3333901
3338511
3339190
3339522
3340559
3341292
3341474
3343321
3346139
3346393
3347722
3357086
3357379
3360455
3365282
3366462
3374344
3380201
3380956
3382541
3383115
3383823
3384948
3385487
3385495
3385771
3386304
3386470
3386855
3388173
3388360
3389471
3390665
3391125
3392263
3399606
3401774
3403700
3407794
3413558
3429364
3446012
3450111
3453906
3454362
3459890
3459958
3462849
3463073
3464597
3464903
3467385
3471283
3471336
3471793
3471983
3472682
3475122
3475667
3476587
3478497
3489129
3493118
3493525
3500921
3503076
3504212
3506085
3507262
3509945
3510777
3512650
3515201
3516366
3517415
3524673
3526308
3527165
3527988
3528946
3530274
3530882
3531290
3531932
3532812
3532907
3534547
3535297
3535621
3536317
3537682
3538279
3538621
3539181
3539336
3539861
3540306
3541493
3541903
3542688
3547110
3547274
3551354
3574893
3575601
3577638
3590304
3591915
3602376
3603291
3604421
3604988
3606160
3608182
3612448
3613593
3614080
3614906
3616380
3621023
3624908
3626036
3632327
3632458
3633965
3637156
3638360
3638866
3639440
3640497
3641034
3642087
3642220
3645714
3645846
3647400
3649460
3649821
3650829
3654664
3654971
3656033
3659339
3659570
3661056
3661517
3662233
3662798
3663824
3667489
3667495
3668899
3671062
3672966
3673330
3673604
3675707
3676816
3680126
3680857
3682060
3684151
3685808
3686136
3686768
3687070
3687362
3688461
3689891
3690186
3691513
3691924
3693543
3694066
3694067
3695693
3717470
3724081
3724087
3736326
3737962
3746488
3748449
3752526
3753990
3755910
3758475
3760020
3764730
3767494
3768103
3768759
3769313
3770068
3770855
3771243
3771646
3773646
3774584
3778210
3779197
3781406
3783960
3788187
3788460
3788913
3789968
3790313
3790845
3793729
3797291
3798214
3798969
3800741
3804133
3804157
3804756
3817895
3820627
3824833
3826231
3831952
3834190
3834228
3835909
3836163
3836591
3837828
3838036
3840638
3841743
3842588
3842682
3852484
3855489
3855674
3867951
3901140
3914963
3916089
3918690
3927275
3929570
3934872
3942512
3947469
3948863
3953442
3954674
3961122
3961829
3963440
3964542
3964871
3965964
3966938
3967370
3968466
3968724
3968933
3971342
3971875
3977617
3978428
3979851
3980747
3981632
3982259
3982335
3982356
3982431
3983458
3983741
3984083
3984673
3985000
3987556
3989433
3989987
4005410
4009031
4020699
4025349
4051341
4053023
4057180
4059639
4062802
4065631
4071929
4072477
4077764
4077783
4079885
4081301
4084989
4086342
4087198
4088094
4089456
4093705
4094404
4095193
4096106
4098478
4099921
4101292
4107479
4108846
4109120
4114604
4119245
4124282
4125649
4127253
4128191
4129406
4129671
4130098
4131061
4131762
4132769
4133150
4134659
4135411
4135783
4136120
4136584
4137852
4137999
4139997
4140085
4140522
4140923
4142393
4142590
4142777
4146483
4154818
4163285
4166587
4170904
4172035
4173848
4174642
4178900
4184672
4195834
4197513
4201931
4203669
4205479
4207887
4213690
4215377
4215669
4216861
4217900
4220312
4223011
4225167
4228708
4231842
4232733
4238694
4239340
4240278
4242469
4243759
4245348
4247032
4254350
4261936
4263103
4267861
4267870
4268859
4269010
4269479
4271998
4276721
4281980
4282797
4283683
4284477
4284915
4285365
4285727
4286410
4287038
4287349
4287991
4288291
4288345
4291110
4291372
4291524
4292521
4293005
4293689
4307222
4312694
4318229
4324114
4325248
4325813
4327609
4331610
4331615
4332831
4334762
4337426
4339668
4342324
4343414
4343752
4351907
4356280
4358051
4358289
4359625
4363418
4368265
4369116
4369296
4371359
4372599
4372623
4375533
4376100
4379024
4380748
4384041
4392578
4394024
4402803
4407285
4410997
4412737
4413056
4413998
4415375
4416399
4416680
4420166
4421946
4424785
4429867
4430865
4431818
4432958
4435250
4435605
4435658
4436307
4437519
4437795
4438347
4438641
4438791
4439132
4439574
4439905
4439960
4440141
4440253
4440590
4441295
4441707
4442100
4443035
4443718
4452689
4479498
4483940
4490790
4491127
4491261
4500185
4500745
4503235
4504370
4507540
4507877
4510348
4512482
4512670
4513605
4514155
4516138
4517884
4519248
4524600
4532256
4536543
4536953
4537965
4541279
4542751
4543283
4543859
4558366
4561526
4562795
4565549
4567505
4568113
4572834
4574487
4576112
4578509
4582833
4583098
4583914
4586674
4587940
4588265
4588962
4590488
4590932
4592547
4594335
4595413
4596928
4598834
4604829
4610960
4625118
4626540
4629437
4629471
4632763
4633211
4633834
4634794
4635274
4638841
4639982
4641495
4646195
4650357
4652145
4656196
4662939
4663772
4665406
4665550
4666798
4667044
4668131
4673394
4675253
4678171
4684419
4686364
4686773
4687846
4689026
4690221
4690538
4692391
4692887
4694362
4696102
4702886
4704809
4704957
4708476
4713392
4715811
4716440
4717434
4717447
4722420
4734037
4734098
4734800
4735767
4736055
4736380
4740674
4740710
4741069
4741940
4742941
4743026
4745792
4747329
4754681
4756373
4764136
4767024
4769015
4771350
4774792
4776060
4779404
4780242
4782470
4786784
4792454
4793681
4797302
4798017
4799109
4799698
4802720
4803734
4806317
4812500
4817884
4819024
4820484
4822754
4823614
4824058
4826077
4828174
4829468
4830389
4832500
4832836
4833518
4834361
4835281
4836736
4836794
4842087
4843068
4845019
4846224
4848031
4853731
4854370
4854858
4855325
4856722
4856762
4861998
4863108
4864888
4867063
4872097
4873375
4873951
4876005
4877611
4882372
4884433
4884903
4885684
4886265
4887381
4888747
4892289
4893168
4894638
4896049
4897021
4897153
4906005
4906381
4918893
4924640
4927841
4935085
4935904
4936697
4937474
4937636
4949329
4954258
4956466
4957471
4958342
4958645
4958961
4962159
4963847
4965543
4967443
4971845
4972978
4973286
4987683
4989377
4998832
4999327
5000924
5001149
5001429
5003680
5007365
5008131
5012896
5014079
5014566
5014956
5018402
5019263
5019999
5020296
5021545
5025646
5032852
5033497
5035209
5035638
5037141
5037435
5037808
5038809
5039053
5039906
5043238
5044211
5056514
5058497
5061966
5077968
5082155
5087798
5100835
5105455
5105473
5109699
5110884
5117222
5120361
5121168
5124462
5125749
5126897
5130734
5133455
5136732
5137687
5138591
5139243
5139884
5140521
5140965
5141709
5142439
5148022
5151698
5155559
5159465
5159915
5160102
5160741
5161186
5161519
5162004
5162264
5163306
5164461
5165306
5165429
5165621
5166111
5167343
5168600
5170119
5172434
5172585
5172989
5173145
5173344
5173681
5176204
5177189
5177245
5177473
5177481
5177891
5178568
5178618
5179870
5180649
5182122
5182872
5183009
5183649
5184713
5184941
5184954
5185691
5186906
5188713
5190520
5190526
5190945
5192044
5192376
5193634
5193974
5210524
5226768
5231100
5240957
5242466
5243563
5249985
5250423
5252976
5253214
5253866
5254796
5256042
5256220
5256520
5257957
5258844
5263141
5263856
5264610
5268535
5270841
5271175
5272300
5274266
5275096
5275927
5277653
5278174
5281809
5282288
5283182
5287035
5288122
5288328
5288424
5290851
5290944
5292229
5293345
5294495
5295303
5295499
5295741
5296157
5297045
5297377
5298347
5300622
5300975
5302976
5303748
5308366
5311107
5312039
5314240
5315482
5316736
5318472
5319113
5324156
5324281
5326086
5328680
5329962
5330753
5331366
5332230
5333870
5333882
5334674
5335362
5335681
5335811
5336927
5339790
5340864
5347373
5348549
5358659
5363885
5371539
5373141
5373883
5375445
5380255
5380482
5381133
5381484
5383488
5384388
5386244
5386299
5388052
5388894
5391528
5391542
5391812
5393379
5393685
5394093
5397328
5400327
5404715
5408434
5408624
5413344
5418279
5423133
5423360
5423603
5425251
5425382
5425729
5425975
5426943
5427739
5429307
5429413
5431285
5432448
5433228
5434898
5436111
5438075
5438227
5438318
5439718
5440366
5441710
5444804
5445892
5448502
5448598
5449146
5455141
5455299
5455899
5464178
5464212
5465137
5465378
5467532
5469848
5470013
5471189
5471227
5473301
5476501
5477815
5479028
5481219
5482632
5483457
5483839
5483841
5484044
5485503
5485554
5485896
5486631
5486969
5488515
5488631
5490129
5490556
5491038
5491217
5492144
5496378
5511841
5514550
5524437
5538952
5541065
5550405
5553784
5556090
5557663
5561481
5566422
5569921
5575063
5575741
5575755
5581630
5583674
5585779
5586056
5586410
5587244
5593704
5593995
5594003
5598094
5602476
5603477
5604988
5607191
5607715
5609325
5619741
5624800
5627851
5628875
5629805
5630814
5630877
5631518
5632536
5632654
5633186
5633507
5633918
5634074
5634786
5635224
5635301
5635813
5637244
5637594
5637671
5638651
5639075
5639476
5639911
5640333
5641562
5641598
5642542
5644416
5660002
5660454
5665566
5701150
5702790
5703589
5706021
5706690
5707048
5710553
5712824
5714180
5715569
5716105
5717838
5719455
5721098
5730858
5731765
5732703
5733333
5738048
5741826
5744917
5746894
5747739
5750514
5752533
5754320
5754692
5755594
5755667
5758490
5761002
5761808
5767932
5772420
5778237
5780242
5780559
5781886
5783561
5784777
5784979
5785597
5785628
5786756
5787405
5787722
5788069
5788733
5789413
5790152
5790167
5791314
5791683
5792088
5794288
5796024
5796486
5798253
5801627
5803042
5808341
5808463
5812603
5858831
5860102
5863828
5865506
5869567
5869656
5870636
5873121
5879540
5880330
5882208
5887939
5890942
5890944
5893007
5894058
5895693
5896371
5900196
5905057
5906494
5907512
5908139
5908306
5909107
5910655
5911303
5912711
5912829
5914590
5914797
5919546
5919773
5920249
5923479
5926102
5932031
5932847
5933148
5933441
5934015
5934654
5935056
5935761
5936448
5937014
5937425
5937654
5937740
5938383
5939793
5940538
5941369
5953660
5954204
5965497
5977574
5983500
5983780
5985191
5986034
5988251
5998960
5999921
6002813
6003707
6005264
6006025
6008530
6009502
6010177
6012698
6015031
6015524
6017082
6018185
6022087
6023329
6025502
6025702
6043291
6050052
6062200
6064640
6064779
6064907
6065786
6069422
6070146
6072144
6073312
6073799
6080796
6082815
6083455
6084544
6084563
6085016
6085809
6086190
6086596
6086962
6087938
6088692
6091796
6092244
6092658
6094221
6094399
6095860
6101881
6103633
6119799
6137780
6139528
6139538
6139792
6153702
6156130
6156759
6158211
6158437
6159094
6159242
6159701
6160307
6160362
6163357
6165348
6166377
6167205
6171122
6172456
6174455
6177531
6184287
6186411
6189697
6190087
6192146
6193354
6196925
6198237
6198480
6198482
6199855
6199884
6200309
6200990
6201923
6203222
6208217
6210414
6210904
6213937
6214927
6215310
6217441
6220118
6221534
6222525
6223805
6225426
6226884
6227054
6227063
6229851
6230169
6231611
6231796
6231893
6234170
6235322
6236236
6236276
6236798
6238061
6238841
6239419
6240023
6241362
6241507
6241543
6242829
6244434
6248244
6251801
6268813
6269456
6271519
6277457
6286359
6297477
6301883
6306202
6308262
6311575
6311745
6312817
6313783
6322256
6326575
6332530
6340214
6342135
6343862
6344763
6345626
6346294
6346305
6350583
6352277
6362001
6362691
6365069
6366468
6369688
6369984
6370838
6370872
6374282
6381392
6382001
6382844
6383170
6383772
6384194
6387412
6388900
6391187
6391613
6391619
6392123
6395720
6405905
6406588
6438470
6441493
6442563
6446929
6450411
6454974
6455650
6460011
6462447
6463433
6467925
6475438
6476569
6477016
6477095
6479410
6479437
6480109
6480516
6482130
6482419
6484934
6485896
6486273
6487947
6488544
6492355
6494233
6494856
6499609
6503755
6506691
6513263
6513516
6517960
6518284
6519602
6521082
6524379
6529461
6530835
6531129
6533603
6533629
6534495
6535277
6536479
6537205
6537524
6538274
6539500
6540359
6541810
6543170
6550783
6555108
6561850
6562718
6565269
6571620
6572804
6573043
6573114
6573322
6574591
6588190
6592439
6608431
6611332
6612850
6615678
6626108
6629739
6630257
6637529
6639050
6640333
6641743
6642733
6643449
6651425
6653633
6654139
6654212
6656127
6656964
6658551
6659438
6659965
6662478
6663040
6663628
6666632
6669240
6679538
6684125
6684388
6685930
6686597
6687026
6689663
6690489
6690913
6691218
6691332
6691361
6692178
6692541
6692763
6693833
6694416
6695066
6695994
6696031
6699244
6718467
6720894
6721179
6726455
6728708
6732591
6738974
6739362
6741835
6742450
6754011
6755661
6761421
6762855
6763471
6764014
6765076
6765794
6766328
6766842
6767244
6767791
6770833
6773438
6776074
6778951
6787485
6788559
6789429
6789706
6789741
6790668
6794994
6800236
6801353
6803616
6805990
6806776
6807708
6807835
6808052
6808712
6810105
6811853
6814143
6814987
6815909
6817751
6818645
6824315
6824898
6825526
6833593
6834092
6834168
6834948
6835434
6835944
6836199
6836412
6837542
6837908
6838696
6840681
6842103
6842932
6844266
6845458
6849345
6873441
6882009
6890739
6901128
6901967
6902873
6904880
6907579
6909035
6910047
6910732
6911408
6919067
6920953
6921829
6922007
6922670
6922746
6923813
6924730
6931902
6934729
6937074
6938199
6940656
6941478
6941963
6944863
6950164
6951234
6951751
6954168
6955965
6956446
6962369
6964020
6964927
6966426
6967726
6968717
6971070
6980478
6982793
6983255
6983841
6986053
6986802
6987842
6988570
6990373
6991179
6992140
6997015
7017769
7022798
7022952
7034192
7043772
7050549
7051891
7053007
7055977
7056374
7060223
7061097
7062978
7064623
7065124
7066734
7068502
7070304
7071084
7072276
7074625
7076625
7083113
7083758
7085406
7085775
7086346
7087289
7087680
7088054
7088705
7089354
7089710
7090673
7092294
7094760
7098635
7098876
7099201
7101344
7102450
7103076
7103672
7104159
7104378
7107218
7111547
7111732
7114444
7117741
7118846
7123053
7130099
7130380
7131299
7132820
7132892
7134128
7134356
7134398
7135591
7136006
7136340
7136521
7137286
7138448
7138809
7139074
7139513
7139878
7140766
7143230
7143864
7145710
7152721
7161761
7175737
7178483
7197121
7199770
7200176
7203950
7204411
7205786
7207723
7215386
7216432
7217271
7218011
7218547
7219089
7219288
7220102
7220691
7220712
7221354
7222391
7225808
7226171
7228640
7228822
7229329
7229550
7230768
7231581
7231734
7232919
7235360
7239830
7240331
7240333
7240935
7241494
7245357
7247611
7249758
7250351
7253370
7253977
7254537
7255916
7257343
7259301
7260778
7260985
7261894
7262292
7263116
7263514
7264424
7266010
7266299
7266318
7267332
7267344
7270303
7278060
7278071
7279564
7280238
7280540
7280908
7281269
7284025
7284212
7285768
7288006
7288344
7288543
7289779
7289931
7290162
7290747
7292931
7299247
7312467
7318847
7339891
7344167
7346164
7347251
7348831
7352488
7352542
7359284
7362915
7363049
7363573
7367671
7386745
7389795
7390218
7390351
7394164
7394659
7395646
7397829
7401333
7409420
7410645
7410913
7412357
7413587
7415001
7420550
7421497
7422758
7423262
7425482
7427015
7428381
7430415
7431295
7433541
7433663
7434417
7435123
7436869
7438219
7439249
7439942
7440330
7441191
7441373
7444668
7445154
7457439
7461639
7473531
7476679
7477766
7485552
7490871
7490873
7497234
7498118
7499821
7501151
7501764
7511196
7516306
7517450
7521493
7521605
7526071
7538827
7542000
7543995
7545553
7547341
7550406
7555308
7557518
7557862
7561258
7562077
7563088
7563836
7564556
7564615
7565348
7567572
7568142
7568900
7570104
7572450
7575617
7575632
7576241
7577297
7579938
7579963
7580624
7580765
7581239
7581731
7581963
7582120
7582850
7584899
7586051
7586586
7586752
7586902
7587177
7587586
7588005
7589310
7589759
7590099
7590591
7591324
7592064
7592450
7592852
7594863
7596044
7596594
7619776
7624236
7629692
7630202
7635111
7636687
7639649
7641463
7643452
7648025
7648631
7650792
7651073
7652019
7654605
7655125
7657307
7659152
7659935
7662683
7665968
7667724
7671178
7676871
7678805
7682522
7683746
7685951
7686072
7690792
7691936
7692723
7697091
7699543
7700479
7703575
7704192
7705299
7707566
7709213
7721195
7721763
7726894
7727470
7728972
7731702
7733046
7733569
7735081
7738323
7738971
7740153
7740847
7741544
7743136
7745405
7745416
7748744
7750632
7771017
7771024
7772449
7772459
7772783
7774215
7784070
7784096
7791474
7791630
7799969
7800199
7801578
7805822
7806497
7810460
7810955
7815191
7815750
7817829
7820646
7822825
7823944
7825422
7828291
7830855
7831728
7831731
7841122
7844031
7844749
7847027
7853352
7854754
7855279
7859365
7862989
7863145
7863664
7868366
7869337
7870584
7871011
7880428
7881921
7882320
7882537
7882578
7883149
7883347
7883826
7884748
7885156
7887360
7888707
7889995
7891933
7892298
7893110
7894245
7897059
7915796
7916382
7922795
7924489
7939613
7940760
7944643
7947871
7950648
7951478
7954502
7954587
7965570
7968619
7972519
7977244
7978267
7979135
7979955
7982251
7982990
7984285
7989253
7989753
7991848
7992172
7996432
7996593
7996643
7997867
7999371
7999374
8006257
8009977
8010433
8011481
8012913
8017597
8026230
8027627
8029911
8030504
8032311
8035484
8035587
8035908
8036280
8036673
8037344
8037902
8038899
8049162
8049170
8077150
8079005
8092434
8093859
8096922
8104530
8112423
8112843
8113438
8114598
8114794
8118135
8118696
8120463
8120481
8123205
8123257
8124800
8126701
8127261
8128842
8129951
8130603
8130789
8131036
8131547
8132211
8132628
8133022
8135830
8137185
8138442
8140219
8140699
8144786
8147035
8147798
8147895
8148007
8149256
8149377
8151693
8151710
8152354
8153856
8154241
8154385
8154638
8155712
8158024
8161571
8164087
8166520
8168272
8170153
8172724
8174267
8174546
8175221
8181496
8182600
8183462
8184075
8184299
8184557
8185611
8186169
8186640
8187928
8188252
8190332
8190743
8191166
8191405
8191954
8192968
8194545
8194710
8199186
8214654
8216215
8217571
8225631
8228153
8231005
8235180
8236699
8238697
8243128
8246588
8250996
8254457
8255238
8256470
8257234
8258028
8258546
8258649
8264302
8266609
8268467
8268813
8273284
8278177
8278202
8280707
8281477
8289566
8290821
8295325
8296468
8298570
8301210
8301337
8302564
8306673
8307362
8313386
8314218
8315411
8316469
8319022
8323269
8326897
8328205
8329867
8330140
8332467
8332972
8334411
8335308
8335365
8335683
8336037
8336504
8337043
8337955
8338562
8341156
8341588
8342888
8343358
8345019
8347204
8352862
8352876
8373416
8377323
8401758
8402587
8411351
8415509
8416966
8417271
8418788
8423965
8429508
8434372
8441947
8443887
8446083
8446755
8450478
8453555
8455515
8456327
8459588
8459796
8460617
8472071
8476034
8476881
8479110
8479280
8479322
8481685
8481735
8482260
8482316
8482390
8483414
8485037
8485453
8486366
8486469
8486666
8487077
8487873
8488475
8489032
8489057
8489235
8491612
8492743
8504437
8504834
8507312
8507332
8522174
8534067
8540161
8541345
8541883
8550084
8551037
8558330
8559159
8560787
8562130
8566511
8568116
8568190
8569545
8571410
8573639
8576022
8576194
8576717
8577073
8578583
8579341
8579656
8584800
8587278
8587816
8591871
8591928
8594718
8594781
8596406
8597663
8598448
8607218
8607647
8609826
8621067
8623046
8624669
8629370
8629909
8630447
8634927
8635017
8635432
8635997
8636162
8636310
8637399
8639368
8639891
8639958
8640250
8641512
8641944
8641967
8642494
8643532
8643608
8645555
8646602
8652136
8658948
8698406
8702971
8703002
8704202
8706017
8706514
8708028
8710632
8711168
8713561
8716307
8719015
8719024
8720629
8728340
8730884
8731253
8731554
8732003
8736847
8737536
8737794
8739572
8745095
8745183
8745948
8746531
8746872
8747229
8749473
8749506
8752048
8752447
8753098
8753566
8753773
8755632
8756451
8758358
8759633
8763291
8763308
8763750
8771022
8774498
8775777
8779815
8780194
8781592
8781674
8785348
8785502
8786248
8786702
8787336
8787550
8787835
8788700
8789008
8789338
8789531
8790017
8790604
8791931
8792366
8793182
8793407
8793759
8794363
8797653
8804586
8821765
8827804
8828100
8829164
8831958
8836562
8854639
8857512
8864689
8865260
8871679
8873920
8885374
8885402
8889172
8893702
8894915
8895185
8899773
8900410
8902169
8903884
8909116
8911137
8912229
8915384
8916084
8917827
8922477
8923876
8924301
8926215
8928047
8931494
8931915
8932117
8932504
8933227
8934465
8935222
8935550
8935880
8936060
8936497
8937763
8939111
8940430
8940930
8940978
8941588
8942581
8943907
8963452
8963458
8970411
8977881
8980159
8981312
8982328
8983536
8986508
8990069
9003324
9004321
9011680
9017498
9019425
9024182
9025401
9028004
9030148
9030855
9037390
9039388
9040141
9061506
9065639
9067864
9070920
9072235
9076609
9079816
9082743
