130.7955
760.3529
1400.433
2166.945
2953.235
3755.425
4552.674
5404.214
15435.66
16512.04
17371.89
18056.25
18885.62
19721.43
20768.47
21775.34
22799.95
23856.5
24778.5
25781.01
26759.3
27639.7
28973.78
31692.9
32486.01
58230.11
60477.79
67198.33
67678.18
81254.47
81913.74
99248.72
100409.6
101157.3
102036.9
102908.5
104325.8
105221.1
106190.8
107064.9
110357.7
111707
117934.2
119221.7
120453.4
121374.3
122190.4
123608.8
126293.5
127519.5
131520.8
132374.7
133062.2
133623.6
134246.9
135028.4
136038
138381.3
139980.5
140707.5
141498.4
142668
143320.9
143927.6
144631.3
145279.3
146060
146725.9
147423.1
148388
149805.7
150892
151109.3
152145.3
152376.9
153414.3
153925.5
154542.7
154774.4
155358.3
156056.9
156832.4
156993.2
157513.3
158230.4
158963
159134.6
160358.1
161533.2
161610.1
163182.9
164011.1
165113.3
165157.2
165876.2
166252.6
166644.5
167602.3
167787.8
168446.3
169234.3
169745.9
170136.6
171165.6
172219.2
173055.4
173485.1
173861
174403.8
174514.4
175134.9
175170.6
175851.3
175953.5
176581.3
176642.2
177259.1
177291.2
177820.2
178061.3
178366.2
178844.9
178880.2
179410.5
179911.3
180430.6
181001.2
181745.9
181922.4
182464.7
183436.7
184509.1
185865.6
186562.5
187132.3
187764.5
188535.2
189554.2
206060.6
206618.7
213840.3
214601.1
215081.3
215508.7
215858.9
216308.6
216759
217278.1
217830
218483.3
219587.5
223342
224091.7
224240.5
224815.1
225486.4
226022.8
226591
227376.9
228071.4
228897.3
237566.6
246827.8
257334.7
258014.1
258917.9
259920.3
261295.8
262759.7
264974.4
266044.4
266668.1
267287.6
267874.7
268571.3
269175.2
270087.5
271582.8
274031.2
275158
275897.1
276654.5
277247.6
277910.6
278657.3
279422
280674.4
283479.1
284537.1
285539.2
286250.2
286874.8
287673.2
288714.8
289811
290925.7
292322.2
293546.5
294444.3
295162.1
295842
296977.1
297589.3
300310.9
301277.5
301712.7
302749.2
303037.1
303856.6
304738
304905.1
306125
306129.4
307250.2
307991.8
308270.6
308632
309581
310808.8
317049.3
318031.8
319983.2
326007.2
326837.8
328280.7
335406.3
336980.5
338332
340150.3
340898.1
342076
342650.5
343233.6
343953
344934.7
345065.4
346059.3
346363.4
348004
351377.6
353039.9
354093.1
355565.3
356632.2
359217.1
362194.3
362615.7
374419.6
376324.9
379833.8
380728.5
381872.5
384740.3
386583.3
387445.3
388514.7
389728.9
391393.8
393872.3
395760.7
396355.3
396909.4
397510.9
398156.5
398182.2
399226.8
424865.1
441682.4
443730.5
445968.8
453138
459926.6
461609.1
462439.6
464311
464517.9
465678.3
466561.9
467356.6
468244.7
468314
469040.9
469742.7
470480.8
471996.6
472926.5
474200
478397
479357.8
493024.6
495675
498373.3
506264.4
509205.1
510242.9
511617.4
511626
512628.4
513271.4
513990
514735.4
515579.5
516573.9
517590.9
518911.8
519291.4
520402.7
520564.1
521274
522133.8
522188.5
523075.2
523825.2
523863.2
524767.6
525445.4
526248.9
526999.7
527382.5
527840
528941.4
530076.9
534249.7
538990.7
541847.4
553061.7
554825.1
557937.3
559248.9
570540.3
579022.5
580185.6
581456.9
582340.7
583698.6
586817.7
588039.7
589995.5
591359.4
592237.5
593409.8
594338
595243.7
596256.6
597374.2
598304.7
599806.2
602895.5
604245
605141.1
605954.3
607717.2
609688.7
615068.5
617383.4
622108.3
622414.9
623178.6
623925.9
624630.7
625498.5
626350.5
628910.2
630652.4
634622.7
636288.3
638728.9
640143.7
643007.1
644033.8
645345.1
646685.7
647840.7
648107.7
648834.7
649985.4
651927.9
652605.8
653581.1
655710.6
657111.4
657350.5
660327.5
661231.1
663175.8
667379.4
668493.1
669658.4
671568.5
673936.9
675887.6
678278.5
681768.9
685494.3
690432.5
692849.3
694158.9
695046.2
697208.2
697870.9
698256.7
701801.3
702384.4
702862.9
703427.7
703956.8
704487.9
705172.2
705830.2
706546.5
707456.6
718029.9
720527
723189.6
724241.9
727398
732579.6
749574.8
752704.9
753866.5
757025
758060.9
758820.9
759613.4
760415.4
760640.2
761159.2
762252.9
762602.9
763515.5
773381.5
775148.1
775719.2
777708.3
778165
778790.5
779545
780810
784477.8
785706
786113.7
786957.6
787609.6
789243.5
791774.6
792805.4
793510.1
794599.2
796101.2
798089.9
799089.9
800069.1
800747.9
801571.2
802933.7
802953.5
808142.3
810763.1
812232.8
813118.4
813815.9
814984.2
821873.2
824997.5
829720.3
830465.6
831137.1
832362.8
834320.5
836401.3
837527.8
838759.7
839526.4
840105
840773.5
841757.2
842658.3
843353.8
847173.3
854164.4
854718.7
855295.2
856025.8
856705.2
857454.1
858284.9
860544.2
866964.4
867975.1
868694.3
869424.7
870403
871224.2
872332.4
873649.4
874577.3
875390.3
876448.7
878275.5
902244.6
905766
907041.1
919267.8
920481
925255.9
926430.5
927334.1
928669
928922.3
929777
929871.1
930616.5
930751.8
931590.2
932282.9
932376.3
933823.8
934288
935379.1
936056.1
937035.2
940399.9
941826.4
950939.1
953532.2
955150.9
956261.5
957639.8
958317
958989.9
959660.1
960541.1
961590.3
962894.5
963733
963828.2
964447.1
964656.2
965151
965641.2
965747.5
966377.3
967001.2
967734.5
968275
968820.3
972464.6
979053.8
979841.3
981276.6
982524.8
985029.4
985292.2
987264.6
987759.2
987919.9
988669.2
988695.1
989589.5
991114
992679.5
997282.2
998589.7
1000696
1001615
1002400
1003008
1003587
1004159
1004819
1005526
1006232
1007448
1009101
1013694
1015790
1016746
1017795
1019056
1019939
1020862
1021865
1022747
1023821
1025044
1026685
1028792
1029652
1030977
1032040
1033573
1044264
1045242
1046291
1047632
1050588
1051388
1052235
1053004
1053461
1054782
1057575
1059385
1060065
1060770
1061346
1061701
1062154
1062457
1062980
1063437
1063952
1064894
1065709
1066536
1067280
1068815
1069980
1071485
1073784
1074841
1076305
1078465
1079632
1080490
1082717
1083345
1085982
1087106
1088381
1089273
1090489
1091035
1092562
1093277
1095964
1096020
1099296
1101571
1102221
1103087
1104136
1105541
1106647
1108599
1109737
1109829
1111203
1112065
1113599
1114262
1116062
1117124
1118226
1121626
1126805
1127987
1130900
1134079
1135532
1137383
1138283
1139220
1139968
1140534
1141148
1141906
1142791
1145095
1146830
1151891
1152493
1153056
1153653
1154319
1154861
1155391
1156031
1156688
1157460
1158686
1176763
1179102
1179924
1181260
1182191
1183895
1187738
1195441
1198882
1200503
1201516
1205323
1207145
1209823
1210613
1212015
1218646
1219606
1223509
1223875
1224572
1224674
1225349
1225556
1226043
1226321
1226758
1227221
1227921
1227972
1228718
1228845
1229442
1229590
1230069
1230632
1230931
1231102
1231657
1232028
1232316
1232714
1232962
1233005
1233863
1233966
1234998
1235156
1236580
1241918
1242074
1243524
1244517
1245708
1246373
1249454
1251262
1251937
1253120
1254330
1255831
1256211
1256789
1257106
1257549
1257755
1257911
1258186
1258789
1258846
1259618
1260202
1260375
1260933
1261125
1261639
1262674
1263391
1263909
1264276
1265136
1265476
1266389
1266587
1267580
1269498
1269858
1270658
1271581
1271840
1272528
1273168
1273978
1274892
1275789
1276517
1277404
1278204
1279146
1292681
1301633
1302646
1303503
1304178
1304814
1305451
1306315
1307007
1307622
1308453
1309643
1325066
1326747
1334763
1337906
1339280
1344562
1346604
1350592
1351233
1351882
1352512
1353172
1354321
1355176
1355985
1356645
1357274
1357998
1358766
1359694
1360489
1364259
1364265
1365794
1366432
1367277
1371750
1372913
1378481
1381969
1382121
1383168
1384326
1385387
1385498
1386398
1387030
1387790
1388481
1389204
1389764
1390310
1391021
1391676
1392302
1392955
1393605
1394618
1395518
1412599
1422447
1423357
1424393
1424931
1430176
1432446
1433894
1434474
1434884
1437495
1439884
1442034
1443207
1444241
1446014
1446974
1451211
1451968
1452609
1453232
1453735
1454164
1454634
1455141
1455845
1456701
1466833
1467856
1468858
1469938
1471438
1477020
1479045
1480730
1481901
1483122
1484371
1485904
1488200
1489895
1490605
1491285
1492669
1494819
1496936
1497760
1499262
1500176
1500972
1501605
1502137
1502825
1503730
1504752
1505799
1509103
1509803
1515164
1515730
1516237
1516823
1517337
1517983
1518697
1520095
1521262
1525552
1526617
1527411
1528199
1529369
1532424
1563886
1582675
1583446
1584409
1585972
1587592
1590363
1591246
1592192
1593008
2022485
2023629
2024987
2026603
2028530
2029584
2031004
2032681
2043288
2052205
2053316
2054432
2055163
2056126
2066317
2066936
2067580
2068259
2069250
2070292
2071547
2072802
2074413
2075328
2076152
2076971
2077813
2078986
2080634
2086041
2088144
2094424
2099004
2103649
2105525
2107516
2110704
2112154
2116789
2129748
2139821
2140939
2143110
2143318
2146290
2156170
2169301
2170829
2175332
2177343
2178661
2179355
2185538
2186616
2187627
2194888
2196743
2198536
2203841
2204651
2205409
2206327
2207318
2209315
2210569
2211897
2222423
2223311
2224660
2225509
2226541
2230389
2231048
2231778
2232535
2233466
2234558
2236119
2237333
2238193
2239426
2242179
2244825
2246026
2247416
2252132
2254027
2255153
2258122
2258535
2259208
2259624
2260740
2261488
2262550
2263656
2264417
2264972
2265982
2267615
2268546
2270055
2274175
2275790
2278916
2280124
2281180
2283567
2286800
2287688
2288448
2289200
2289865
2290444
2291029
2291816
2293018
2293954
2295412
2296753
2298174
2299576
2300914
2301672
2302529
2303125
2303673
2304229
2304870
2305691
2306717
2311588
2312545
2313519
2314369
2315114
2315924
2316716
2317414
2318305
2319330
2320196
2321101
2321933
2322740
2323347
2323946
2324673
2325593
2333226
2335358
2337768
2339001
2343746
2346704
2348793
2354489
2355726
2356543
2357768
2362891
2365560
2370009
2373900
2374788
2376085
2377805
2378599
2379212
2379815
2380645
2381790
2398539
2402888
2406456
2407461
2409475
2409814
2411357
2411613
2412661
2413028
2413655
2413889
2414601
2414973
2417289
2420365
2423300
2423929
2424464
2425037
2425663
2426338
2427290
2428253
2429166
2429892
2430599
2431688
2432039
2433130
2433157
2434405
2434983
2436372
2439298
2440555
2440725
2441976
2448827
2449556
2450948
2452484
2454622
2457813
2477815
2484601
2487211
2487211
2489362
2490900
2491366
2491879
2500927
2501779
2502573
2503211
2503824
2504341
2504878
2505444
2506105
2507323
2515466
2516456
2517122
2517915
2518762
2519863
2526146
2527578
2529041
2530813
2534699
2539774
2542982
2545762
2551160
2552046
2558727
2559800
2560674
2561625
2563479
2564079
2564810
2565040
2565707
2565799
2567025
2567043
2569277
2569629
2572433
2574561
2578559
2580579
2584883
2585334
2587057
2587945
2588226
2589373
2590731
2590999
2591884
2592831
2593045
2594232
2594350
2595510
2596275
2596597
2597749
2598174
2598984
2599887
2599987
2600686
2600717
2601338
2601490
2602049
2602557
2602895
2603481
2603538
2604125
2604714
2605348
2606239
2606375
2607093
2607350
2608937
2609360
2609527
2610078
2610662
2611129
2611349
2612145
2612176
2612994
2613799
2614456
2615210
2616394
2616496
2617200
2617459
2617783
2618307
2618798
2619371
2619937
2620495
2620696
2621069
2621552
2622259
2622626
2623569
2624960
2630400
2631261
2632240
2633715
2634660
2635604
2636790
2637964
2639093
2641460
2643977
2644504
2645164
2645870
2646670
2648122
2660501
2661935
2663230
2664400
2666067
2666626
2667249
2667932
2668789
2669725
2670503
2677678
2683065
2684852
2686039
2687351
2688109
2689751
2691468
2692246
2693006
2701751
2703323
2704645
2706198
2712520
2713711
2717191
2718883
2722315
2723561
2727517
2729867
2731889
2747577
2748284
2748960
2748967
2749916
2750033
2751003
2751648
2752451
2756781
2758257
2759982
2761306
2761611
2762306
2763291
2763470
2764558
2764592
2765731
2766818
2767456
2768180
2769085
2770059
2770839
2775462
2775621
2777225
2778718
2779658
2780473
2781488
2782411
2783318
2784704
2785970
2787005
2787666
2787710
2788321
2788977
2789801
2790061
2790511
2790540
2791366
2792202
2793255
2794133
2794896
2795809
2796457
2797118
2797758
2798623
2802798
2803465
2804098
2804702
2805259
2805807
2806464
2807110
2807718
2808441
2809417
2821701
2825450
2831401
2832836
2833953
2840641
2841692
2842646
2843693
2845645
2847685
2849134
2860773
2863980
2865053
2866164
2867178
2868004
2869076
2869236
2869746
2870433
2871093
2871813
2872254
2872514
2873232
2873453
2873948
2874635
2875538
2877416
2878559
2879574
2880143
2880704
2880770
2881243
2881863
2881934
2882594
2883373
2883460
2885172
2887592
2890950
2892228
2894077
2897207
2900227
2904656
2906854
2908371
2916642
2920054
2922220
2922429
2923765
2923890
2924806
2924857
2926094
2927507
2928454
2929177
2929248
2933022
2933725
2934055
2934133
2934840
2935622
2936768
2937469
2938259
2939075
2939718
2940770
2941507
2942431
2944072
2944709
2945273
2945845
2946386
2947051
2947863
2948668
2952224
2952897
2953648
2954331
2954865
2955382
2955961
2956637
2957492
2958763
2966217
2967346
2968813
2970175
2970234
2970934
2971706
2972600
2976646
2978456
2979047
2979805
2986891
2988219
2989392
2990757
2994252
2995077
3000861
3002019
3003095
3004262
3005162
3005905
3006953
3008240
3009148
3009813
3010675
3011409
3012084
3012235
3014100
3015718
3017283
3018398
3019258
3020254
3020299
3021694
3022736
3023575
3024293
3024380
3025758
3025838
3029345
3030200
3031143
3032095
3032830
3036543
3037996
3038878
3039118
3040068
3041221
3042344
3043300
3044371
3045631
3047177
3048208
3049351
3050647
3052436
3056065
3058633
3067583
3068238
3069177
3069625
3071477
3072494
3073934
3074004
3074516
3074999
3075473
3075776
3076422
3077067
3077831
3078842
3080758
3081913
3084403
3091850
3102979
3103876
3104466
3105026
3105562
3106106
3106614
3107188
3107858
3108595
3136110
3140610
3140992
3141515
3143507
3152357
3153088
3153928
3157781
3158891
3160187
3160229
3162276
3163603
3163783
3165062
3166459
3166691
3168248
3169628
3170356
3170656
3171951
3172214
3174348
3174880
3175541
3176826
3177020
3178719
3178747
3180446
3181412
3182891
3186371
3187862
3188606
3189275
3190166
3194294
3196708
3197827
3199408
3201225
3202463
3205689
3207479
3208366
3209435
3209491
3210962
3211730
3212543
3213406
3214111
3214743
3215672
3216473
3217119
3217700
3218248
3219716
3221222
3223665
3224725
3225723
3227429
3228495
3229555
3231314
3232459
3234095
3235069
3235298
3236343
3237567
3237802
3238171
3238842
3240272
3241226
3241848
3242491
3243129
3243828
3244510
3245329
3247266
3248649
3251141
3252212
3252775
3253289
3253766
3254241
3254799
3255379
3256194
3257387
3285539
3291439
3292534
3293444
3294374
3295247
3297720
3302287
3303218
3304102
3305049
3306017
3306687
3307127
3308312
3309621
3310647
3311355
3312344
3313513
3315846
3317081
3318174
3319197
3320173
3321067
3322546
3323916
3324416
3324943
3326505
3327704
3329303
3330757
3331844
3333831
3335254
3336933
3337994
3341585
3342319
3343016
3343721
3344322
3344904
3345429
3345980
3346650
3347330
3347724
3348368
3349902
3350513
3351004
3351945
3352642
3353253
3353962
3354773
3356374
3358191
3359426
3360790
3361840
3363159
3364390
3366974
3368494
3369611
3370211
3370804
3371395
3371656
3372009
3372955
3374203
3381645
3382509
3383269
3383892
3384557
3385404
3404281
3405672
3406535
3407169
3408018
3408674
3409233
3409773
3410382
3410925
3411649
3412564
3427935
3428710
3429717
3431218
3442593
3443638
3444554
3445158
3445867
3446709
3447976
3449437
3450668
3451606
3451883
3452633
3453348
3454001
3454273
3454561
3455130
3455686
3456352
3457019
3457927
3458382
3458723
3459340
3460096
3461620
3468106
3468476
3468910
3470418
3471309
3471486
3472573
3473904
3474003
3475548
3476258
3476432
3477299
3477473
3478140
3478496
3479961
3481951
3482945
3483878
3485176
3485409
3485725
3486125
3487381
3488564
3489373
3490399
3490803
3491290
3493578
3494901
3496482
3497776
3499359
3500539
3500872
3501548
3502931
3504170
3504441
3505150
3505851
3506554
3508191
3509596
3512278
3513547
3515141
3517805
3519235
3523796
3534086
3551353
3552005
3552697
3553261
3553700
3554128
3554615
3555120
3555684
3556273
3557375
3574117
3575341
3578011
3583395
3598063
3600795
3602465
3604162
3610547
3611366
3612076
3612659
3613290
3614275
3615098
3615758
3616513
3617982
3619690
3624365
3625325
3626073
3627084
3628226
3630419
3631506
3631644
3633158
3633886
3634502
3635238
3636187
3636910
3637694
3638332
3639268
3640647
3642230
3642741
3644225
3644883
3645552
3645721
3646071
3646081
3646555
3646998
3647028
3647625
3647693
3648359
3648894
3649170
3649814
3650559
3651271
3652366
3653098
3654473
3655231
3655989
3656631
3657301
3658022
3658126
3659127
3659741
3660562
3661172
3661476
3665978
3668318
3669480
3670239
3675021
3675841
3676515
3677218
3679077
3683365
3688278
3691766
3700990
3701603
3702158
3702641
3703146
3703665
3704157
3704702
3705304
3706028
3722151
3732726
3734589
3738274
3739315
3740131
3740963
3741772
3742523
3743143
3743739
3744446
3744995
3745518
3746200
3747003
3749961
3750696
3751846
3753059
3754822
3756334
3757136
3757770
3758492
3759226
3760956
3761833
3762801
3763945
3765368
3765687
3765953
3766118
3767094
3768383
3776420
3777603
3778459
3779365
3779599
3780214
3780696
3780950
3781673
3782496
3783893
3784669
3785636
3790762
3795164
3796272
3797085
3798152
3799076
3799847
3799911
3800797
3801824
3802579
3803825
3806881
3816625
3820574
3821420
3822498
3823375
3824252
3825245
3825603
3826256
3827420
3828374
3829402
3829580
3830806
3835184
3836160
3838552
3838806
3839284
3840144
3841719
3842794
3844471
3845648
3847334
3851806
3852449
3853033
3853537
3853984
3854433
3854959
3855534
3856261
3857514
3882001
3883090
3897367
3899355
3904175
3904276
3905388
3906465
3911530
3914422
3921228
3922279
3927171
3930854
3934523
3935557
3944829
3947232
3948369
3949472
3950680
3952426
3954041
3954856
3955858
3956927
3957005
3958016
3958102
3958785
3959790
3960093
3961127
3961321
3963141
3964096
3964121
3964962
3965939
3967391
3968209
3969361
3970203
3971543
3973228
3977810
3979057
3980165
3980966
3982278
3983188
3984542
3987168
3987214
3987883
3990410
4001935
4002635
4003506
4004073
4004655
4005271
4005936
4006630
4007479
4008629
4020031
4020890
4021635
4021638
4022344
4023317
4024348
4025242
4026066
4028193
4030923
4038543
4040640
4044983
4046576
4050240
4051254
4054066
4054829
4055821
4056907
4061812
4066687
4073253
4081203
4082363
4083246
4084214
4084981
4085691
4086477
4087993
4089369
4089916
4091077
4091739
4092495
4093215
4093931
4094794
4095634
4101507
4102403
4103153
4103826
4104368
4104998
4105668
4106275
4107023
4107928
4109174
4110299
4110831
4110840
4111742
4113037
4114253
4115157
4116087
4116106
4116922
4117747
4118524
4118674
4119215
4119769
4120306
4120609
4121010
4122398
4122917
4124220
4128900
4129052
4132754
4134266
4134344
4135609
4137343
4139359
4139459
4140538
4147996
4148629
4150879
4151396
4151898
4152452
4152970
4153562
4154192
4155497
4156755
4175284
4178802
4180039
4181783
4187556
4189361
4198317
4201188
4201760
4201933
4202541
4202665
4203535
4203620
4204317
4204998
4205511
4205706
4206520
4206925
4207258
4208285
4209292
4211358
4212015
4212643
4213290
4213406
4214015
4214789
4215476
4215781
4216450
4218425
4221626
4222473
4223026
4224269
4225142
4226646
4228453
4230765
4231603
4232864
4233637
4234468
4236181
4237850
4239218
4241017
4242071
4242844
4243463
4244048
4244787
4245481
4247302
4251052
4255974
4257761
4258578
4259793
4261090
4264222
4264862
4265897
4267292
4268000
4271365
4274429
4277870
4278648
4279433
4289764
4290045
4300889
4301475
4302016
4302644
4303298
4303903
4304513
4305103
4305914
4307156
4313269
4314468
4315481
4316506
4317187
4317805
4318329
4318892
4319449
4320020
4320693
4321525
4323273
4324320
4325583
4326502
4327224
4327805
4328353
4328961
4329724
4330466
4332960
4334091
4334884
4336224
4337062
4338452
4339434
4340189
4340999
4341807
4342659
4344102
4345304
4346092
4346795
4347568
4348589
4349558
4350234
4350870
4351140
4351744
4352923
4354008
4354829
4354954
4355991
4356262
4357016
4357923
4358805
4359283
4360297
4360665
4361035
4361763
4362365
4362983
4363450
4363959
4364659
4365929
4366714
4367447
4368570
4370047
4371226
4371910
4372622
4373287
4373928
4374621
4375213
4375842
4376052
4376451
4376910
4377174
4377873
4378067
4378541
4379028
4379108
4379718
4380030
4380542
4381232
4381423
4382041
4382317
4382871
4383501
4383953
4384197
4384802
4385131
4386204
4386789
4387543
4390839
4391694
4392826
4395083
4396054
4397109
4398811
4401980
4403181
4403903
4404578
4405186
4405908
4406522
4411053
4411168
4412364
4414496
4415282
4415767
4416532
4417295
4417883
4419125
4431720
4452684
4453601
4454296
4454888
4455411
4455962
4456550
4457331
4463640
4464778
4466468
4467450
4469029
4470875
4471749
4472923
4474204
4476435
4480849
4481899
4484639
4485637
4486228
4486889
4487776
4488901
4490175
4491065
4491863
4492808
4493917
4495113
4496157
4496835
4497469
4498098
4498791
4499804
4500802
4501423
4502316
4507743
4508146
4508714
4508830
4510017
4510153
4510943
4511694
4513362
4514178
4514821
4515339
4515613
4516459
4517154
4517727
4518413
4519096
4520263
4521276
4522930
4523786
4524542
4525246
4525895
4526528
4526560
4527080
4527578
4528061
4528602
4529385
4530384
4540947
4542127
4543058
4543763
4544529
4545588
4546558
4547354
4547961
4548510
4549085
4549758
4550536
4551721
4552660
4553492
4554531
4555848
4558129
4558734
4559183
4562214
4562581
4563283
4578271
4579189
4582450
4583051
4583489
4583894
4584083
4584298
4584776
4585371
4585991
4586638
4587277
4587586
4588524
4589513
4591328
4592515
4593482
4594476
4595217
4595822
4596437
4597155
4597905
4598607
4599162
4600818
4601536
4602069
4602542
4603008
4603540
4604129
4605636
4628092
4638840
4639478
4640023
4640637
4641420
4642638
4645475
4646577
4647534
4648570
4650382
4650484
4651297
4652077
4652823
4654027
4662343
4663715
4665298
4666401
4667468
4668131
4668821
4670048
4670959
4671956
4672858
4673869
4674376
4674871
4675970
4677033
4681311
4682781
4683583
4683721
4684288
4685129
4685862
4686427
4687026
4687518
4688000
4688549
4688595
4689336
4690013
4690480
4690680
4691505
4692522
4693163
4693532
4693803
4694425
4694609
4695230
4695918
4696258
4696978
4697365
4698674
4705366
4706913
4716383
4718305
4719019
4719663
4720340
4720671
4721265
4723411
4735564
4736328
4737036
4737776
4738696
4741510
4742076
4752088
4752979
4753693
4754595
4755173
4755783
4756462
4757351
4759224
4768938
4770701
4771912
4772908
4777843
4778859
4780147
4781723
4783219
4785479
4786634
4787800
4788658
4789316
4789927
4790398
4790867
4791386
4791918
4792551
4793315
4794285
4795766
4797346
4798236
4798978
4799845
4800802
4801739
4801766
4803711
4804706
4805664
4808056
4809685
4823375
4824543
4825851
4827526
4828218
4828306
4829126
4830073
4831451
4832203
4833495
4834712
4847873
4849849
4850491
4851226
4854356
4855228
4856006
4857604
4858191
4858669
4859297
4860653
4861331
4861858
4862100
4862599
4863574
4864043
4864688
4865433
4867803
4868836
4869577
4870312
4871907
4872884
4874407
4875644
4876211
4876711
4877030
4877122
4878252
4880391
4880473
4882393
4883182
4884041
4884879
4885804
4887071
4892827
4895615
4897337
4901634
4902272
4902876
4903510
4904146
4904721
4905297
4905837
4907013
4907691
4918892
4919593
4921112
4922069
4923491
4924386
4925400
4927039
4928621
4929480
4930311
4931042
4931748
4933321
4934449
4935853
4937570
4938704
4939808
4940698
4941735
4942649
4943509
4944325
4945125
4946044
4946818
4947641
4948433
4949069
4949832
4950641
4951656
4952546
4953655
4954063
4955362
4956133
4956219
4956849
4957109
4957720
4958032
4959160
4959390
4960201
4960293
4960954
4961438
4961498
4961947
4962558
4963283
4963653
4964123
4964728
4965778
4998830
5004105
5004870
5005539
5006336
5007266
5008351
5009717
5010748
5011895
5013068
5013748
5014719
5016397
5020218
5021572
5023767
5025883
5026996
5028596
5034773
5041169
5042073
5048151
5051646
5052392
5053004
5053526
5053996
5054410
5054860
5055349
5055895
5056525
5057340
5057504
5071395
5072248
5074169
5075181
5075840
5076399
5076941
5078147
5080502
5100967
5104064
5106398
5107570
5108620
5117219
5117306
5117731
5118198
5118455
5118655
5119128
5119654
5119661
5120240
5120946
5121728
5122986
5125692
5128727
5130089
5131173
5132147
5133158
5134262
5135195
5136906
5137807
5139280
5145812
5151909
5157883
5159655
5160240
5160595
5160884
5161455
5161734
5162022
5162530
5162787
5163089
5163390
5163701
5164058
5164422
5164833
5165445
5165959
5166595
5168078
5168686
5169198
5169787
5170315
5170944
5171709
5172520
5173975
5174630
5175371
5175975
5176590
5177795
5178434
5179179
5180658
5181530
5182666
5184052
5185163
5186042
5186753
5187597
5187959
5188356
5189409
5190961
5191535
5192472
5193407
5194078
5194647
5195330
5196022
5197463
5201839
5203021
5203977
5210697
5211528
5212265
5212892
5213480
5214370
5239766
5254954
5259660
5261593
5263810
5264875
5269987
5271013
5275997
5276843
5277581
5278408
5278503
5281731
5282064
5282938
5283059
5283731
5284559
5287311
5288422
5289053
5290051
5292389
5293265
5293278
5294244
5295495
5296231
5296332
5296981
5297760
5298474
5299140
5299695
5306236
5306785
5308204
5310458
5310830
5311208
5312055
5313021
5314216
5314867
5314976
5315751
5316066
5316682
5316985
5318097
5318219
5319880
5320164
5320717
5321209
5321700
5321993
5323869
5324032
5325132
5326987
5328454
5332907
5333409
5334078
5336212
5338891
5344779
5346922
5348022
5351955
5352740
5353685
5354694
5355599
5356389
5357549
5383249
5384385
5385783
5387143
5388360
5389210
5390214
5393083
5394017
5395071
5395715
5396716
5398361
5401077
5401226
5402117
5402918
5403788
5403870
5404642
5405345
5405466
5406064
5406851
5407430
5407751
5408970
5409980
5410588
5410841
5410967
5411643
5411692
5411753
5412368
5413483
5414529
5416254
5417241
5418006
5418009
5418774
5419481
5420250
5421166
5421363
5422289
5423166
5430622
5438401
5439746
5441712
5443698
5444527
5445279
5445962
5446486
5447027
5447149
5447992
5449002
5449077
5449793
5451029
5451824
5451995
5453002
5453481
5453635
5454616
5455418
5456227
5457211
5458105
5458322
5459327
5459834
5461417
5464120
5464806
5465602
5466371
5467268
5472234
5477726
5479404
5480990
5481621
5482220
5482939
5484771
5485946
5487541
5488764
5491919
5492796
5493483
5494514
5496063
5496940
5497937
5498831
5502591
5503265
5503834
5504559
5505263
5506131
5507116
5508190
5510181
5511839
5513447
5514376
5515120
5515908
5516695
5517725
5518998
5520320
5521278
5522030
5523253
5524367
5525443
5526685
5527719
5528365
5529110
5529806
5530452
5531405
5533007
5534241
5535923
5536902
5538151
5539607
5541105
5542325
5544155
5545307
5546130
5547840
5550064
5550729
5551704
5552258
5553357
5556402
5557526
5558562
5559883
5561282
5562001
5565923
5568414
5570296
5572165
5573148
5574294
5575137
5576161
5578285
5579650
5580713
5582284
5583548
5584693
5591197
5592846
5594349
5608404
5610762
5612510
5613184
5613191
5613971
5614166
5614813
5615378
5615774
5616038
5616943
5622746
5623580
5624346
5625144
5625838
5626323
5626527
5627331
5628281
5628433
5629535
5630423
5634849
5637440
5638200
5639561
5641349
5644233
5645851
5646853
5648620
5651309
5652054
5652569
5653062
5653548
5654084
5654580
5655236
5655996
5671022
5672003
5673410
5674279
5675613
5676482
5677460
5678241
5679175
5680280
5685835
5687658
5689837
5690937
5692018
5698823
5700266
5701008
5701073
5701954
5704934
5706490
5707287
5708233
5709470
5710460
5712455
5715702
5716692
5717717
5718927
5719964
5721096
5722882
5724890
5726721
5727855
5733020
5734072
5735933
5738008
5739958
5740979
5742044
5742864
5743944
5744605
5744972
5745289
5745965
5746645
5746912
5747408
5748219
5749678
5750517
5752388
5752882
5753631
5753925
5754403
5754772
5755615
5756666
5757549
5758326
5759042
5759202
5759625
5760236
5760654
5760938
5762243
5767589
5769643
5770985
5771892
5773310
5773524
5774242
5775101
5776040
5776664
5777231
5777868
5778462
5778993
5779159
5780185
5782238
5786510
5799072
5799637
5800199
5800688
5801184
5801729
5802297
5802990
5803598
5804436
5812306
5816482
5817677
5819314
5819966
5820632
5821334
5821888
5822525
5823268
5823984
5825161
5827092
5828401
5830232
5833056
5833871
5834581
5835264
5835965
5836666
5837300
5838277
5840093
5841149
5842984
5843717
5844370
5845035
5845893
5846591
5847592
5848632
5849686
5850426
5851213
5852270
5854874
5855817
5858956
5861273
5862639
5862871
5863653
5864819
5865835
5866940
5867947
5868870
5869661
5870597
5871257
5871641
5871824
5872483
5873197
5873329
5874208
5874289
5875048
5875727
5876209
5876773
5877589
5878272
5878809
5879442
5879494
5880220
5880953
5881389
5882062
5882786
5883576
5884281
5884906
5885379
5886209
5887148
5887884
5888127
5888708
5889692
5891803
5893036
5894832
5894892
5895579
5896342
5896609
5897262
5897503
5898107
5898534
5898831
5899585
5900436
5900500
5901843
5903548
5905122
5907320
5907969
5908543
5909106
5909630
5910149
5910687
5911237
5911851
5912486
5913204
5916426
5917538
5918695
5920800
5923335
5924247
5925348
5926982
5927960
5928908
5930457
5932671
5934137
5934899
5935948
5940118
5941042
5942588
5946455
5947746
5951657
5952529
5953427
5954430
5955087
5955657
5956223
5956837
5957766
5973240
5975480
5976276
5977155
5980220
5984111
5985081
5985975
5987165
5988135
5989032
5990588
5991719
5992630
5993710
5994766
5996942
5997762
5998528
5999275
6000216
6002088
6004377
6005235
6006007
6007568
6008457
6008528
6009316
6009502
6010319
6010853
6011154
6011303
6012023
6012364
6013271
6013854
6014097
6015123
6016803
6016839
6018736
6019288
6020119
6023688
6024454
6024520
6025439
6026759
6028074
6028201
6029047
6029810
6030729
6032329
6033019
6033592
6034373
6035133
6036275
6039074
6040880
6041281
6042018
6045873
6050050
6051999
6052623
6053226
6053926
6054707
6058769
6059433
6060113
6061086
6061123
6062025
6063042
6063093
6064297
6065472
6066397
6067482
6068574
6069909
6072720
6073745
6074623
6075248
6075499
6076177
6077167
6079084
6080153
6080299
6081337
6082051
6082754
6083361
6083973
6084640
6085860
6086927
6088154
6088794
6089516
6090344
6090552
6091262
6092381
6093799
6094657
6097007
6097976
6101162
6101802
6102334
6102863
6103424
6103996
6104686
6105307
6106002
6106982
6112158
6113137
6113837
6115656
6118908
6120417
6120993
6121727
6122558
6123991
6125628
6126361
6127324
6128430
6130111
6130805
6131382
6132094
6132696
6133506
6134582
6135911
6137716
6138670
6140522
6142047
6142889
6144058
6146049
6146966
6150367
6151815
6152001
6152951
6154851
6156321
6156499
6158442
6159009
6159603
6159923
6160369
6162612
6162746
6169753
6172322
6184928
6186712
6189106
6197545
6199544
6200612
6201300
6202008
6202217
6202946
6203143
6203950
6204160
6204810
6205340
6205377
6205894
6206409
6207005
6207372
6207723
6208332
6208932
6209214
6209479
6210172
6211998
6212976
6213680
6213881
6215255
6216512
6216886
6217573
6217752
6218467
6219072
6219319
6219877
6220542
6220957
6221362
6221738
6222065
6222784
6223391
6223400
6224060
6224373
6224953
6225711
6225959
6226683
6228302
6228380
6242113
6243555
6245624
6247606
6248472
6249758
6250424
6251007
6251743
6252450
6253097
6253842
6254674
6262891
6263970
6264685
6265363
6266218
6267085
6268130
6269394
6271958
6272767
6273694
6274999
6276340
6277411
6278534
6279565
6281273
6282140
6284832
6287295
6288290
6289116
6290326
6293223
6294523
6300481
6301292
6302320
6303366
6309324
6315005
6318767
6320509
6325336
6329454
6330067
6332767
6334562
6336266
6337516
6338409
6340213
6342640
6344306
6345565
6346407
6347117
6347890
6349490
6350594
6350677
6351443
6351801
6352170
6352650
6352745
6353351
6353457
6354004
6354620
6354762
6355277
6355770
6355816
6355818
6356639
6357346
6357582
6358399
6360470
6369028
6369910
6370815
6371989
6372758
6373537
6374214
6375018
6376218
6378103
6379268
6380456
6384274
6385000
6385460
6386355
6387953
6389102
6390213
6391553
6395073
6398054
6398869
6400781
6401419
6402013
6402583
6403063
6403504
6404000
6404524
6405049
6405653
6406482
6437247
6443294
6446108
6448132
6448945
6450071
6450554
6451082
6452027
6453323
6454073
6455980
6457443
6458780
6458966
6459482
6460238
6461680
6463074
6464003
6464851
6464890
6470618
6472665
6476219
6476514
6477549
6478607
6478639
6480847
6481889
6483375
6484724
6485623
6486361
6487239
6488320
6490302
6491366
6494216
6495187
6495992
6496831
6498157
6504772
6505834
6509731
6509736
6509856
6510602
6511252
6512249
6513455
6514650
6515751
6515800
6518232
6521491
6525119
6526157
6526739
6527497
6530383
6531065
6536123
6540816
6550779
6551491
6552099
6552608
6553075
6553509
6553999
6554416
6554936
6555551
6556312
6568113
6569481
6570462
6571775
6574517
6576231
6577283
6578712
6580306
6591738
6601081
6610355
6611271
6617914
6620244
6620918
6623216
6624151
6624874
6625584
6626402
6627154
6628152
6629722
6630650
6631399
6632085
6637121
6638744
6640516
6641526
6642607
6643489
6644248
6647008
6648309
6651534
6654420
6655724
6656730
6657619
6658482
6659461
6661310
6662441
6663185
6664042
6664857
6666163
6667558
6667642
6669699
6674029
6677734
6678666
6679378
6680122
6680823
6681613
6682672
6683523
6685932
6687362
6688321
6689651
6690965
6691620
6691721
6692273
6692956
6693641
6694360
6695188
6696767
6697591
6699243
6700051
6700879
6701441
6701928
6702369
6702827
6703338
6703931
6704549
6705570
6720376
6728718
6732529
6733667
6734724
6738919
6739824
6740736
6742946
6745601
6747086
6751243
6752525
6753662
6754097
6772871
6774011
6776338
6777199
6777870
6778007
6778886
6779605
6781156
6782304
6784368
6785431
6786526
6787209
6787924
6788712
6789234
6789713
6790262
6790831
6791496
6792325
6792527
6795258
6803548
6810758
6813429
6817750
6820030
6823638
6824240
6824993
6825465
6830093
6832506
6834237
6839068
6848985
6850822
6851470
6852022
6852588
6853196
6853726
6854220
6854725
6855831
6856455
6857250
6866953
6868569
6869584
6877340
6883130
6883929
6886191
6890377
6891191
6892217
6893981
6901648
6902315
6903548
6906591
6907834
6908545
6909700
6911708
6912288
6913702
6914846
6917111
6918497
6918633
6919443
6920132
6920703
6920949
6925017
6928515
6932419
6932775
6933138
6934072
6935218
6937447
6938269
6939143
6939863
6940249
6940515
6941223
6942560
6943492
6944030
6944748
6946158
6948810
6950785
6951783
6953426
6954158
6954277
6954457
6955122
6957087
6957475
6958569
6958867
6959436
6960578
6961562
6962401
6962447
6962805
6963676
6975082
6977504
6978419
6980735
6981575
6982122
6982655
6984196
6984621
6985012
6986045
6995050
6995792
6998076
7002302
7003063
7003607
7004097
7004596
7005095
7005553
7006056
7006579
7007213
7007972
7009043
7015209
7022900
7026275
7051158
7055802
7065824
7066762
7067845
7068391
7069007
7069362
7070146
7070977
7071778
7072743
7073986
7074979
7077523
7077753
7079833
7090692
7092024
7093022
7093917
7093922
7094633
7094702
7095456
7097225
7098778
7099971
7100629
7100764
7101672
7102494
7103154
7104092
7105228
7106628
7107341
7108339
7108685
7109374
7109587
7110634
7110668
7111894
7112684
7113550
7114844
7116577
7117273
7117671
7118928
7121449
7122638
7124677
7125219
7126442
7126859
7127592
7127868
7128401
7128598
7129286
7130035
7132159
7133248
7135342
7136127
7136822
7137718
7138467
7139205
7140050
7141051
7141129
7142044
7143592
7151857
7152489
7153025
7153579
7154012
7154436
7154918
7155410
7156014
7156656
7157854
7170018
7170871
7171792
7173076
7174527
7177172
7178125
7179229
7211624
7212031
7213047
7213262
7213819
7213964
7214423
7214684
7215100
7215296
7215907
7216073
7216870
7216988
7217779
7218144
7218609
7219766
7220434
7220661
7221483
7222485
7223127
7223877
7225479
7226373
7227600
7230076
7231343
7231987
7232746
7234186
7235535
7236916
7237054
7238317
7239489
7241015
7241871
7242604
7243679
7245061
7246040
7246827
7247901
7248869
7249861
7250706
7251457
7252440
7253231
7254484
7254962
7255413
7256158
7256987
7257727
7258388
7259234
7260367
7262232
7263527
7265964
7268150
7269104
7270660
7275963
7277127
7279928
7284828
7286924
7289737
7291367
7292605
7293541
7294473
7295523
7296720
7297785
7298528
7299183
7301852
7302503
7303128
7303710
7304207
7304717
7305304
7305800
7306388
7307082
7308021
7317373
7321441
7323773
7336749
7344096
7345154
7349203
7349961
7354086
7354426
7356071
7358374
7358783
7359004
7359727
7360633
7361817
7362841
7363648
7364019
7364370
7365718
7366916
7367939
7368412
7369176
7371673
7371935
7373315
7373674
7376509
7383709
7384609
7385066
7385731
7386833
7387901
7388513
7388916
7389271
7390116
7391073
7392930
7393147
7394944
7395039
7395989
7396162
7396993
7397561
7398423
7398596
7399469
7399545
7400356
7400426
7401433
7402773
7403361
7403540
7404964
7405313
7407236
7407869
7408482
7408797
7409462
7410163
7410389
7411071
7413433
7414491
7414540
7415269
7418392
7421547
7422544
7423735
7425890
7426105
7427684
7428144
7428396
7429125
7429633
7430120
7430848
7431910
7433281
7435067
7445143
7448234
7451607
7452092
7452573
7453044
7453519
7453992
7454437
7454859
7455304
7455769
7456169
7456763
7468543
7469383
7470137
7470896
7471653
7472305
7472891
7473744
7473752
7474142
7474967
7476049
7477169
7478932
7482913
7483913
7485161
7486180
7486830
7487459
7488058
7488747
7489475
7490115
7491718
7492691
7493690
7494664
7495444
7496235
7497220
7498534
7499378
7500333
7500441
7501905
7502419
7502555
7503212
7503369
7504143
7504519
7505194
7506296
7507228
7509542
7510456
7511354
7512270
7513223
7513904
7514511
7515258
7516027
7516806
7517632
7518427
7530936
7536687
7538193
7538775
7543459
7544538
7545139
7545731
7546549
7547496
7548861
7549885
7550912
7551204
7552233
7553145
7553361
7554617
7555244
7556134
7556880
7557012
7557648
7558551
7558980
7559838
7560080
7560865
7561667
7562463
7563168
7568249
7570282
7572180
7572455
7573063
7574687
7575144
7575836
7578881
7579744
7580674
7582872
7585635
7587830
7588875
7589643
7590263
7590342
7591759
7592754
7593588
7594764
7596354
7598001
7599588
7601969
7602488
7602964
7603428
7603903
7604323
7604773
7605182
7605592
7606029
7606542
7607108
7608873
7620964
7622919
7624172
7624946
7625777
7626368
7626901
7627627
7631086
7632685
7638402
7639319
7640303
7643112
7646562
7647588
7648355
7649121
7649778
7650344
7650369
7650875
7651504
7652353
7653776
7662394
7663586
7664368
7665846
7667723
7669243
7672151
7672865
7673041
7673826
7674934
7675846
7689460
7690789
7691858
7693100
7694601
7696439
7697679
7699108
7700479
7701655
7702663
7705499
7711032
7712022
7713070
7713997
7715766
7717259
7717973
7718740
7719499
7720425
7721217
7721699
7722162
7722365
7723071
7723600
7723839
7724813
7725276
7727074
7728631
7728720
7729474
7730212
7731208
7731924
7732685
7735969
7736416
7737184
7737993
7738918
7739735
7741393
7744126
7746956
7747835
7750629
7751215
7751622
7752007
7752392
7752790
7753285
7753801
7754413
7755202
7767338
7769445
7770375
7771678
7773626
7775166
7775945
7781837
7782918
7784016
7786986
7788998
7795193
7800777
7801513
7802131
7803677
7804518
7804829
7805119
7806475
7806521
7807247
7808020
7808686
7809479
7810389
7811004
7811671
7812400
7813131
7813990
7814934
7815786
7816931
7818391
7820580
7821665
7822451
7823196
7829633
7830558
7831564
7834670
7835371
7835908
7836640
7837601
7840961
7841362
7843396
7844276
7845342
7846144
7846869
7847732
7848315
7849018
7849320
7849882
7849979
7850641
7850772
7851639
7852815
7854524
7855603
7856254
7856492
7858999
7860774
7861612
7862229
7862839
7863454
7864189
7864909
7865773
7866542
7867393
7868276
7869168
7869967
7877837
7878879
7892678
7895643
7901279
7901863
7902510
7903024
7903481
7903952
7904428
7904954
7905518
7906177
7907001
7914752
7917127
7918197
7919150
7919775
7920417
7921033
7921806
7924040
7930295
7934084
7935421
7936542
7937638
7939152
7940023
7941058
7942045
7944068
7945273
7946235
7947222
7948053
7948641
7949308
7949928
7950163
7950946
7951370
7951461
7951807
7952197
7952322
7952579
7952922
7953233
7953495
7953559
7953874
7954185
7954854
7955258
7955695
7956158
7956697
7957520
7962013
7967108
7967968
7968646
7969323
7970439
7971892
7972681
7973375
7974003
7974925
7975617
7976404
7978124
7978887
7979706
7980983
7981285
7981998
7982687
7983232
7983274
7984103
7985272
7987328
7988118
7988882
7989803
7990403
7990945
7991524
7993196
7994038
7994961
8000195
8002096
8002354
8003301
8003669
8006076
8007180
8008832
8010997
8012740
8013957
8015010
8015192
8016060
8016067
8016869
8017188
8017695
8017967
8018362
8018610
8018994
8019183
8019727
8019749
8020258
8020415
8020749
8021868
8021954
8022616
8039209
8039307
8039961
8040838
8042348
8043873
8046376
8048123
8050551
8051077
8051567
8052143
8052924
8053558
8054245
8054820
8055404
8056053
8057026
8059421
8074645
8076637
8078718
8090769
8091855
8094066
8095402
8096003
8096609
8097415
8098352
8101570
8102439
8103331
8105291
8109401
8110659
8111438
8112291
8113348
8114982
8116102
8116346
8119262
8121028
8121968
8122035
8122753
8123269
8123451
8124109
8124160
8124772
8124807
8125368
8125437
8125897
8126089
8126657
8127213
8127348
8127828
8128057
8128538
8144024
8144931
8145662
8146269
8146759
8147238
8147733
8147835
8148291
8148535
8148968
8149608
8149778
8150315
8151224
8151296
8156688
8157598
8158532
8159756
8160791
8161269
8164838
8165927
8168481
8169246
8169681
8170247
8171484
8171764
8172357
8173855
8175850
8175942
8176857
8176896
8177731
8178768
8178918
8179746
8180320
8180757
8182328
8183024
8183600
8184112
8184618
8185135
8185754
8185966
8186413
8187166
8188571
8192105
8196766
8197478
8198015
8198515
8199028
8199539
8200177
8200690
8201107
8201574
8202001
8202540
8203065
8203677
8204393
8212703
8213670
8214427
8215129
8215751
8216355
8216995
8217678
8239371
8240238
8240899
8241459
8241937
8242429
8242947
8243551
8244220
8248975
8263152
8285076
8286174
8287691
8289418
8295270
8297585
8298722
8301525
8303046
8305609
8306388
8306490
8307221
8308073
8309449
8310654
8311517
8312794
8318167
8318349
8322345
8323198
8324857
8325596
8326961
8328311
8335970
8337732
8338244
8338828
8339414
8340031
8340683
8341501
8342342
8343193
8344408
8351378
8352111
8353504
8354047
8354596
8355163
8355723
8356377
8374667
8375746
8381612
8382820
8390548
8396358
8398671
8399907
8401131
8401758
8404590
8405531
8405878
8406505
8407407
8408659
8410197
8412074
8416780
8417468
8418133
8419376
8420313
8421408
8428387
8433415
8434889
8436128
8436769
8437285
8438518
8448861
8450352
8451668
8453796
8454908
8455455
8456211
8456787
8457565
8458553
8459390
8460152
8461584
8462504
8463378
8464134
8465510
8468322
8475363
8486246
8487430
8488355
8503225
8503933
8504637
8505297
8505984
8506599
8507341
8508134
8519877
8521446
8533443
8543336
8548073
8551012
8559357
8560829
8561612
8564740
8566015
8566575
8566888
8568058
8568917
8569797
8570130
8576223
8577303
8583533
8584372
8584842
8585896
8586310
8586919
8587650
8588778
8588910
8590128
8590583
8591031
8591591
8592527
8592916
8593165
8593802
8596314
8612282
8617216
8618203
8621131
8622616
8624052
8624782
8625154
8626663
8627621
8628619
8629007
8629439
8630338
8631109
8633007
8635898
8636152
8637145
8638338
8649796
8651383
8652135
8652841
8653550
8654208
8654719
8655464
8656076
8657052
8672493
8677933
8678985
8680221
8703332
8708109
8711349
8713914
8715175
8716095
8716704
8717487
8718298
8719620
8720345
8720420
8721151
8724807
8726883
8728414
8729408
8729918
8730424
8730799
8731252
8732057
8732070
8732664
8733339
8733523
8734597
8736014
8736846
8737740
8738365
8738931
8739505
8740135
8740839
8741623
8742476
8743291
8743936
8745112
8745460
8746291
8748250
8750837
8755113
8756032
8756571
8757144
8757748
8758631
8761361
8762310
8762324
8762953
8764243
8765104
8766195
8767438
8768470
8768549
8769308
8769650
8769965
8770646
8771112
8772335
8772745
8773500
8774666
8775665
8776447
8777203
8777905
8778636
8779296
8780057
8784615
8788119
8800302
8800858
8801366
8801774
8802169
8802570
8802988
8803460
8803937
8804520
8805202
8816208
8816987
8817739
8818359
8818905
8819533
8820461
8821299
8822027
8822859
8824021
8828680
8830007
8830780
8831659
8836976
8838572
8840626
8841927
8850463
8853121
8854025
8860655
8861699
8861825
8862945
8863754
8864655
8865602
8866553
8867474
8868166
8868935
8869843
8870751
8872420
8875047
8876416
8877622
8878510
8878753
8879217
8879481
8880037
8880435
8880884
8881330
8881648
8881892
8882156
8882493
8882622
8883067
8883169
8883700
8883799
8884536
8891038
8891891
8892600
8892922
8893653
8893653
8894321
8894361
8895443
8896245
8896601
8896872
8897466
8897494
8898096
8898303
8898672
8899255
8900009
8900473
8900941
8901676
8901763
8902627
8902844
8903364
8904388
8905340
8905943
8906024
8906776
8907587
8907759
8908616
8909936
8910963
8911886
8912419
8912992
8913790
8914992
8919377
8920033
8920680
8921193
8921727
8922252
8922757
8923367
8923990
8924638
8925854
8942945
8951060
8951540
8951953
8952338
8952724
8953152
8953584
8954026
8954455
8954977
8955675
8956530
8964192
8965003
8965711
8966286
8966808
8967369
8967968
8968713
8997893
8998793
8999539
9000460
9001540
9002287
9003110
9004323
9005313
9006195
9006854
9007092
9007562
9008804
9009903
9013719
9018899
9019957
9040332
9063550
9064190
9064779
9065327
9065829
9066373
9066967
9067492
9068139
9069073
9077773
9078628
9079404
9080080
9080805
9081608
9082377
9083132
9083337
9084225
9085160
9085356
