157.9923
329.8588
10263.48
11782.28
13837.61
14499.26
26283.14
37429.34
38449.1
38972.33
40560.43
43168.03
45414.59
47260.18
47609.7
49399.69
51390.25
52301.53
53032.72
54091.45
59747.8
74389.64
82407.07
84368.66
86313.46
88405.93
91508.94
92043.97
92557.25
93121.62
93852.67
94637.2
95692.45
98118.87
98935.62
101189.1
103956.5
105163.7
106787.6
107751
113084.6
114484.7
116222.2
116869.6
117437.3
117885.7
118589.1
119844.8
124079
124674.4
126566.9
138919.5
139713.1
140406.1
141060.3
141339
146860.3
147580.7
148151.2
148615.1
149090.3
149559.8
150326.2
153347.3
177917.5
180589.5
182301.8
183147.9
184346.9
185111.9
187224.4
188328.8
189704.1
190175.1
190648.8
191237.8
192196.8
193179.8
194081.2
199657.5
200409.6
203395.7
204746.6
205996.5
216143.6
217533.2
218198
218973.9
220010.1
220506.5
220914
221328.5
222198.8
222755.5
223361
223909.2
224516.1
225079.7
225603.9
226276.3
226960.3
227619.7
228212.3
228824.6
230079.7
239374.2
240376.9
242818.1
245922.3
247420.4
248518.9
249371.8
250358
253736.1
254473.6
255007
255590.2
256583.8
257308.6
258279.7
258955.3
271485.2
271724.6
282871.5
283395
285318.9
288466
289002.5
289461.3
289896.2
290458.9
291138
292514.5
293362.5
296457.9
314795.5
327258.6
327713.3
334533.4
335018.6
335252.4
335878.2
336610
337334.3
337954.5
339263.6
340862.5
344764.6
345286.2
345816.8
346331.5
346924.6
356652.5
360029.9
364149.9
365103.8
368230.3
376070
376903
377378.2
377922
379068.9
385899.9
398166.7
399126.5
399282.9
408326.5
409142.3
410599.2
411430.6
412041.2
412624.7
413195.4
413723.5
414329.9
414911.4
415453
416238.6
420515.2
451903.8
452591.3
454478.7
456170.4
458835.2
459602.6
460562.8
474184.7
475202.8
476169.4
477974.8
486075.4
487013.6
487887.7
488459.5
489404.6
504909.2
506325.4
507223.4
520204.4
520735.4
523565.1
524247.8
525000.6
525631.2
526237.7
526873.2
528005.3
536381
539527.3
540592.5
541213.7
541790.2
542658.7
543246.5
543876.4
545127.9
548036.5
556113.7
558355.5
559550.4
561089.9
561943.7
563548
564752.2
565805.1
579736.3
580415
580909.1
581768.9
582180.5
583118.8
583737.1
584379.4
584900.8
585221.7
586030
586621.6
587395.3
589798
590713.1
592898.5
594902
595554.8
596146.8
600100.7
602551.7
623400.7
623792.1
625145.1
626474.9
627479
628584.3
629267.8
630931.9
632245.7
634156.8
636908.5
637555.8
638046.5
638701.8
642590.4
643773.8
644525.8
648415.9
649266.5
650391.6
650790.8
651396.7
652062.5
654212.1
655182.7
656320
657509.9
658145.1
658664.2
659279.6
660435.1
661724.7
661945.2
662751.7
667127.4
668520.6
669381.8
670063.1
670103.7
671136.8
672129.3
673281.9
681025.3
681700.6
682986.7
684836.9
691500.1
692573.7
696008.9
696572.5
697116.6
697938.5
698570.1
699442.3
708869.6
710383.2
711671.6
712948
714631.7
716720.2
717727.8
718723.6
719306.8
731869
732827.1
733822.4
734639.2
746767.5
748259
749600.5
750806.7
751911.7
752677.6
753284.9
754454.2
754950.7
755426
755907.4
756079.2
756450.8
757010.7
757855.9
758382.6
759160.1
760327.9
763400.2
768113.6
771530.5
776144.8
777134.2
777695.8
778195.9
778603.9
780106.2
780917.8
781908.2
782600.6
783823.3
799825
800804.3
807730.5
809263
822010.6
822479.2
824045.7
825138.7
828074.5
828716.5
829244.6
829956.6
831308.6
834613.8
835320.6
836072.1
837270.8
838141.9
842550.8
852261.2
852958.3
853410.2
853971.5
854541.9
855471.7
858444.7
859133
860819.5
866257.1
867959
869435.8
876895
877683.6
878842.7
900294
901121.9
902408.6
907846.8
910688
911424.8
911911.6
912487.6
913134.2
913774
914359.1
915616.4
918302
918907.7
919528.9
930104.3
935184.9
936747.8
938076.8
940141
941349.1
947906
949271.6
949958.1
950529.7
951157.7
955773.3
956477.6
957268
961938.4
964142.1
965713
966303.5
966827.9
967448.4
967948.6
969388.1
970022
970944.8
994274.7
996093.7
1010224
1011653
1012880
1013596
1014644
1015461
1015588
1016177
1016718
1017450
1018053
1019146
1020076
1021181
1021360
1022743
1023652
1024904
1025732
1026960
1031384
1032520
1035424
1044059
1045346
1046722
1047951
1050148
1079607
1080484
1081240
1082122
1083299
1087193
1100671
1101341
1103653
1105770
1107188
1108650
1109349
1110446
1111027
1111830
1112792
1114222
1114919
1115527
1115919
1116159
1122336
1123358
1124895
1126541
1127195
1128210
1128887
1129339
1129923
1130580
1131276
1131956
1133166
1134919
1138451
1138964
1144251
1145121
1145920
1146579
1147079
1148148
1148691
1149279
1150450
1152023
1156568
1157554
1161814
1162372
1163380
1165407
1166487
1167148
1168087
1169641
1170353
1170862
1171334
1171754
1172154
1172641
1172991
1173508
1174241
1175021
1176234
1178556
1182901
1183539
1183987
1184330
1184441
1184877
1185323
1185697
1186204
1186792
1187351
1188512
1189694
1196221
1197967
1200194
1202038
1202920
1210235
1220544
1221401
1232235
1233767
1234654
1237569
1238394
1239206
1239267
1244987
1246500
1247292
1248090
1248562
1249162
1249741
1250481
1251046
1251530
1252188
1253011
1253962
1255062
1255768
1256930
1257687
1257752
1260153
1261461
1262190
1262895
1263829
1264389
1267323
1269064
1269673
1270432
1275708
1276836
1276919
1278621
1282872
1284540
1286004
1286661
1287230
1287748
1288287
1288904
1289541
1290028
1294293
1296347
1296995
1297541
1298648
1300090
1300938
1301369
1301639
1301736
1302120
1302676
1303334
1304230
1305083
1305908
1306710
1309022
1309833
1310946
1312187
1316114
1316388
1317094
1318108
1318165
1319639
1320414
1328749
1330167
1354572
1355202
1355877
1357533
1365529
1366388
1368025
1374047
1383262
1384324
1390046
1390963
1392003
1393546
1394562
1395282
1396116
1402326
1413194
1415064
1416936
1417787
1429303
1430845
1432463
1448179
1449963
1451851
1461590
1472435
1472616
1473282
1473813
1479155
1482597
1483888
1485149
1486144
1486927
1487752
1490380
1492255
1493140
1494032
1494060
1495482
1500045
1502764
1503341
1521541
1524323
1524860
1525046
1525725
1526584
1528445
1530141
1531150
1532491
1536808
1546738
1547601
1548538
1550538
1551282
1551850
1552383
1553011
1554062
1555150
1564571
1567930
1570306
1585631
1587332
1588379
1589182
1589834
1592100
1592897
1594052
1595192
1596241
1605454
1606244
1606789
1608208
1608761
1616973
1619299
1620202
1625371
1635613
1636746
1637532
1644090
1653113
1653888
1655544
1664470
1671280
1672309
1673808
1675345
1676670
1678122
1679102
1679608
1682649
1683513
1684356
1685162
1705753
1706529
1708367
1709355
1710210
1716727
1717525
1718413
1719450
1720851
1721937
1723821
1725627
1726499
1735880
1736992
1737773
1738781
1741594
1742267
1742993
1744060
1744893
1759733
1762124
1763804
1777723
1805129
1805869
1806802
1807486
1808046
1808939
1810158
1816458
1817512
1818632
1822217
1822922
1823572
1824265
1824871
1825521
1826105
1826833
1827507
1829856
1830705
1830782
1831712
1833484
1834662
1835141
1835726
1836208
1836622
1837097
1837976
1839110
1839998
1840605
1841271
1842350
1844071
1847721
1848091
1848761
1849510
1850433
1856566
1877290
1878316
1886028
1888180
1901646
1902610
1903471
1904162
1905690
1906223
1906779
1907667
1908965
1919534
1921589
1923413
1924012
1924602
1926269
1927447
1927855
1928423
1929237
1933885
1935367
1936199
1936957
1942233
1948018
1948783
1949456
1949495
1950726
1951391
1951695
1952258
1958144
1972231
1972702
1973154
1973569
1974725
1975754
1981064
1981807
1982685
1983527
1985138
1995282
1998102
1999044
2000399
2009982
2015177
2016703
2018078
2028486
2033626
2046602
2047353
2048383
2049610
2056627
2060704
2061571
2062294
2068247
2071077
2072081
2072677
2073563
2074185
2075458
2076115
2076632
2077217
2077984
2078872
2081346
2085350
2089689
2091908
2092929
2096034
2098716
2106673
2120568
2122479
2130585
2132323
2133483
2142341
2142888
2143382
2143949
2144482
2145197
2145628
2146324
2147091
2147769
2148461
2148912
2149431
2149906
2150575
2151530
2170905
2177208
2177973
2178831
2179737
2182630
2183945
2184562
2185415
2186954
2188270
2189256
2189818
2190678
2193997
2194943
2197083
2204830
2208340
2209753
2211588
2212837
2215559
2218778
2219926
2220769
2222254
2224268
2224861
2225022
2227013
2227834
2229490
2230629
2253293
2255591
2257650
2261215
2264362
2266201
2267692
2268562
2275195
2275930
2276750
2277691
2280586
2281249
2281881
2282485
2283091
2283168
2284274
2288575
2289107
2289922
2290575
2291156
2291771
2292688
2293496
2302183
2303071
2306642
2308746
2317478
2318246
2319486
2320486
2322399
2323506
2324734
2325416
2326307
2327003
2328133
2328787
2329272
2329926
2340004
2346536
2348099
2352919
2353549
2354366
2357795
2358981
2362104
2363924
2365273
2368495
2369374
2370112
2371756
2376112
2376726
2377318
2377867
2378442
2379318
2381298
2386898
2387865
2391021
2394116
2395071
2396073
2397046
2398223
2399951
2400773
2402117
2410688
2426915
2427415
2428205
2430626
2431913
2435517
2437649
2439517
2440267
2441141
2441807
2442421
2449169
2450410
2455445
2456067
2456803
2457398
2458104
2458656
2459261
2459884
2461462
2462694
2463131
2466636
2471159
2478068
2479474
2480293
2481297
2482128
2485308
2486971
2488137
2488371
2501385
2502372
2502901
2503520
2504068
2504774
2506240
2506862
2508026
2508553
2508958
2510023
2511360
2511973
2512565
2512842
2513215
2513703
2514393
2515325
2516214
2516843
2517831
2518350
2518974
2519507
2520062
2520597
2521085
2521513
2521993
2522890
2523367
2524286
2536047
2538845
2544693
2546006
2549056
2549935
2550557
2552024
2552838
2553469
2554096
2555163
2555908
2561107
2563004
2564034
2565081
2566525
2578301
2578445
2578927
2579447
2579987
2589067
2599315
2601584
2606659
2607508
2608264
2609068
2610163
2611139
2612061
2613621
2615273
2616860
2621901
2623990
2626186
2628378
2630759
2634976
2636346
2637960
2638620
2639999
2645457
2646703
2660210
2661453
2661952
2662572
2663333
2664148
2665337
2666301
2667280
2668123
2668918
2669457
2670144
2673235
2674415
2676701
2677832
2679468
2680364
2700497
2701170
2706659
2707818
2708857
2708956
2710719
2715193
2717001
2718663
2722854
2725652
2726518
2727549
2731483
2733813
2743255
2743861
2744871
2745619
2746574
2748302
2749073
2750539
2751144
2751824
2753409
2754043
2755673
2765564
2766045
2766557
2767109
2768302
2769537
2770276
2771477
2772215
2778351
2778957
2780090
2780871
2781785
2782592
2783221
2783931
2784894
2785863
2787099
2792016
2793356
2793647
2794266
2794997
2795856
2796931
2797983
2799115
2800429
2801188
2802588
2804023
2804679
2807108
2807539
2807721
2808295
2808792
2809447
2810245
2810783
2811334
2811890
2812612
2813286
2814485
2815119
2815812
2816433
2816982
2817533
2817788
2818084
2818755
2819659
2820915
2821931
2822722
2823333
2823958
2824564
2825137
2825964
2826646
2827422
2828251
2829040
2829800
2830606
2831104
2831671
2832328
2833138
2833374
2833703
2834982
2836404
2836956
2838342
2838995
2840406
2840948
2841644
2843544
2844402
2846283
2847107
2848731
2849617
2850364
2851193
2859876
2859879
2875942
2876453
2876997
2877480
2877916
2877988
2878453
2879002
2882774
2884249
2885718
2886361
2886942
2887459
2888540
2889381
2890996
2893014
2893624
2894203
2894715
2895257
2897109
2897758
2898387
2899226
2899991
2900503
2901023
2905887
2908297
2909013
2910812
2911317
2913009
2913633
2914332
2915927
2917332
2918421
2921208
2921853
2932866
2933305
2933953
2938278
2946986
2948292
2950402
2950956
2951631
2955693
2956958
2958177
2959280
2960220
2964582
2965497
2966351
2967108
2968097
2969177
2971084
2972976
2974077
2976393
2977043
2977918
2978630
2979736
2980512
2981120
2981905
2982503
2983516
2984481
2985348
2986067
2986737
2987644
2988898
2992615
2994044
2994958
2995643
2996306
2999942
3001294
3003314
3004314
3007495
3009853
3010920
3011816
3012614
3013191
3013626
3014112
3014635
3015058
3015619
3016205
3020631
3022971
3036475
3037323
3039638
3041165
3043701
3044579
3045245
3045750
3046376
3046931
3047580
3048119
3048955
3050326
3051636
3062679
3063810
3064909
3065917
3066465
3077781
3080499
3081172
3081879
3082693
3083648
3084604
3085684
3087349
3089979
3092915
3098822
3099570
3101391
3103139
3105258
3108014
3109313
3109954
3112556
3113204
3113264
3114144
3114754
3116723
3117519
3118074
3119724
3120265
3120748
3121373
3122148
3122918
3123841
3128417
3129155
3153136
3154417
3160884
3163620
3166287
3169659
3171157
3171964
3180558
3181157
3181879
3182471
3183747
3184650
3186683
3187959
3189236
3198883
3199734
3200595
3201405
3202130
3202857
3203771
3212217
3212967
3214513
3215629
3216555
3217536
3225189
3226419
3227071
3227727
3228678
3229302
3230020
3230807
3231308
3231413
3231850
3232248
3232644
3233290
3233869
3234346
3234840
3235391
3236305
3237065
3237769
3238275
3238990
3239794
3239837
3240579
3245590
3246287
3247224
3248639
3249491
3250210
3250210
3251130
3252393
3255646
3256108
3256614
3257074
3257676
3275365
3277718
3279964
3284188
3285248
3286617
3287229
3288348
3289713
3291070
3291967
3293066
3294776
3295312
3296367
3297783
3299251
3301327
3302412
3317430
3328314
3329459
3330730
3332388
3334414
3337604
3338242
3339773
3340412
3351640
3352456
3353219
3354501
3356213
3357903
3359524
3361107
3362372
3363267
3364621
3365240
3366499
3367433
3368453
3369710
3371098
3371950
3373330
3376872
3378305
3378959
3379545
3380379
3381251
3381862
3382866
3384207
3385002
3385955
3387195
3387820
3388833
3394040
3396792
3403960
3406916
3417624
3429589
3433381
3434743
3435916
3436973
3438101
3438790
3443145
3444555
3445599
3446377
3448331
3449215
3450462
3459065
3462787
3464624
3465078
3465560
3465760
3466334
3466498
3468105
3468994
3469616
3470340
3470991
3471631
3472054
3472494
3473035
3477456
3478018
3478563
3479714
3480581
3483104
3485160
3485875
3486827
3487789
3488508
3489403
3490380
3491687
3493291
3494690
3523482
3524595
3525469
3528237
3531167
3544142
3544900
3556390
3557815
3559428
3563143
3565194
3566381
3567353
3569069
3621677
3638140
3642146
3643295
3645328
3653962
3685262
3691625
3693396
3697756
3698279
3705816
3706657
3707339
3709039
3710546
3711947
3720749
3721860
3723106
3724184
3731222
3732520
3733604
3734829
3736205
3737549
3741158
3743226
3744900
3745837
3747696
3748454
3749601
3750358
3750767
3751229
3752010
3753367
3756099
3768020
3768969
3777410
3777946
3779659
3780874
3782251
3782850
3783456
3784285
3785131
3786457
3792291
3793181
3794005
3794931
3795540
3796283
3797084
3797680
3798464
3800193
3800952
3802012
3802933
3805447
3810089
3818164
3819900
3820701
3821427
3822544
3830269
3831174
3837594
3838458
3865782
3866745
3867629
3868398
3869184
3870263
3870303
3871002
3882542
3884252
3885374
3886246
3887503
3889717
3890422
3891218
3893571
3894034
3895074
3898169
3899466
3900274
3901031
3902305
3906449
3911849
3912640
3914210
3914747
3915224
3915720
3916571
3918261
3918924
3919943
3920507
3920950
3921550
3922106
3923060
3924985
3926573
3927540
3928622
3932873
3933871
3935897
3938487
3971594
3972601
3973010
3974568
3975720
3978486
3980563
3982137
3983819
3984867
3985635
3986657
3989529
3991618
3996135
3997537
3998659
3999357
4001587
4002876
4003628
4004369
4005184
4009748
4010309
4011232
4017529
4018350
4018946
4019512
4020726
4021420
4021922
4022490
4023248
4024571
4025745
4027112
4031197
5400583
5402038
5405369
5408403
5409097
5409672
5410288
5411369
5413006
5414844
5415480
5415966
5416585
5418044
5418769
5425286
5426319
5427006
5427743
5439618
5442351
5446937
5448456
5449353
5450504
5464701
5465376
5465409
5470593
5471437
5472270
5473027
5476247
5489431
5490315
5491021
5491633
5492585
5495018
5495554
5496364
5499674
5504909
5505111
5506021
5509439
5516535
5517462
5518141
5519386
5528820
5529791
5532777
5533554
5534418
5535048
5535698
5548895
5550285
5552061
5574324
5575405
5576147
5577005
5577556
5578533
5579337
5579966
5590737
5591772
5592406
5594464
5598283
5599875
5600540
5601097
5601849
5606150
5607125
5628776
5635655
5637311
5638718
5640041
5663618
5664590
5668772
5669638
5670317
5671853
5672657
5677988
5682245
5684049
5684627
5685139
5685835
5695628
5696102
5696184
5697942
5699244
5702789
5703839
5707885
5712396
5712723
5720670
5726219
5727338
5727833
5728227
5728618
5729000
5729350
5729736
5730148
5730674
5731039
5731515
5732219
5732626
5733069
5733463
5733940
5734952
5735436
5736220
5736717
5737152
5737568
5738027
5738545
5740389
5741469
5742341
5747885
5750865
5752686
5779308
5786258
5787817
5788493
5789598
5791176
5792224
5792776
5793365
5794628
5795229
5796241
5797521
5801046
5801187
5802269
5802645
5805258
5807875
5809429
5810687
5818725
5819306
5820675
5821897
5822533
5823260
5823864
5824230
5824707
5828430
5854842
5855902
5859577
5860179
5860869
5861696
5862517
5867254
5872401
5878451
5879475
5883682
5885134
5892949
5898118
5898739
5899202
5899776
5901096
5904305
5905171
5905802
5907042
5908036
5914531
5915642
5926672
5928046
5928797
5929624
5930718
5931663
5933369
5934547
5936015
5936989
5938951
5939153
5946114
5953853
5954391
5955813
5956346
5957121
5957750
5958652
5959698
5974198
5977653
5978388
5978894
5979832
5980886
5982698
5983611
5984404
5985652
5986433
5989342
5996298
5997095
5998963
5999814
6006420
6010879
6024756
6025891
6029458
6030651
6031536
6032642
6033608
6036217
6038533
6039806
6040542
6041947
6042607
6043149
6048007
6049643
6051855
6052559
6053519
6054564
6055107
6056153
6057821
6058303
6058973
6059583
6060116
6060898
6061194
6061575
6062431
6063286
6063992
6064267
6066988
6067835
6068681
6069368
6069823
6070480
6071182
6071895
6072586
6073459
6074872
6075779
6077429
6078132
6078993
6080393
6085198
6094897
6096600
6097328
6098378
6100258
6102359
6102888
6103123
6103439
6103927
6104622
6105181
6112877
6114316
6115372
6116262
6117218
6118541
6128140
6129725
6130612
6139346
6144226
6144821
6145406
6146021
6148656
6152743
6154975
6160797
6161847
6166646
6166818
6167019
6167774
6168270
6172438
6173208
6174009
6174528
6175186
6185278
6188064
6189385
6198649
6200168
6201289
6203620
6206323
6207026
6207965
6208615
6208892
6209956
6210767
6212010
6212772
6213576
6215389
6219164
6220293
6221417
6222627
6222660
6223275
6223957
6224967
6225960
6228573
6229377
6231631
6232727
6233567
6242277
6246527
6247989
6248828
6249418
6250309
6251561
6252561
6253445
6255177
6256952
6258026
6258918
6275011
6276598
6277270
6277793
6278938
6279836
6280595
6300421
6302025
6302857
6303712
6306029
6306746
6307633
6311008
6311670
6312638
6313659
6314995
6315786
6316998
6317556
6318103
6318780
6324335
6325372
6328859
6329474
6330086
6330580
6331060
6331628
6332125
6333321
6334116
6334844
6334943
6335690
6342272
6348917
6349696
6350348
6350943
6351609
6352316
6355161
6356680
6359067
6361892
6363288
6364072
6364928
6366118
6366323
6367406
6368212
6369258
6370400
6371198
6371815
6372665
6373699
6377304
6378027
6379168
6383844
6384800
6386954
6388541
6389929
6391051
6391873
6392513
6400146
6400457
6401119
6428406
6431746
6432932
6434222
6467285
6467289
6469356
6477418
6478547
6483730
6484960
6488064
6499338
6508581
6509295
6519824
6529283
6530717
6536852
6546984
6548116
6549989
6551849
6593478
6594239
6595193
6596739
6597727
6599725
6602702
6603903
6604533
6605075
6605717
6606448
6607670
6613544
6614288
6615251
6615966
6617295
6618358
6619583
6627338
6630271
6634309
6635100
6635755
6636405
6637561
6637846
6638561
6639251
6640432
6649099
6649695
6650278
6650872
6651432
6652162
6652952
6655770
6657447
6659208
6660506
6661507
6662159
6663460
6664116
6664740
6667865
6668970
6669584
6674782
6683870
6688723
6689569
6690267
6691063
6691828
6692566
6693113
6694276
6695639
6696989
6697731
6698308
6699005
6700432
6703058
6704900
6705670
6707897
6709001
6713504
6715674
6721783
6722509
6724062
6727110
6750504
6751540
6752430
6758019
6759113
6760994
6761908
6762777
6774340
6775206
6777084
6779640
6781561
6782619
6783219
6784527
6793313
6796890
6797864
6805487
6812662
6813573
6814242
6815120
6816787
6818621
6819652
6821537
6833632
6834455
6836763
6837324
6837797
6839506
6840113
6841388
6841977
6842639
6843272
6844038
6844779
6845438
6849075
6850128
6857989
6859029
6861150
6862151
6862786
6863923
6866720
6875483
6876355
6879463
6880400
6881386
6882243
6882783
6883578
6884278
6885169
6890042
6890591
6891648
6891919
6892292
6897192
6898017
6898475
6899095
6915962
6922086
6922412
6922803
6923134
6923463
6923766
6924052
6924402
6924724
6925370
6925723
6926553
6927033
6927501
6928000
6928538
6929141
6929639
6930119
6930610
6931077
6931691
6932479
6933055
6933922
6934892
6935588
6936143
6936568
6937037
6937076
6937559
6938049
6938610
6939103
6939539
6940168
6941051
6941634
6942155
6942643
6942926
6943173
6943637
6944107
6944634
6945001
6945420
6945821
6946210
6946274
6947036
6947431
6947829
6948289
6948985
6949603
6950900
6951454
6952381
6953466
6954708
6955452
6956230
6957087
6957125
6957753
6957986
6964411
6964690
6965550
6965722
6966720
6970934
6971699
6972409
6973603
6974422
6975430
6976137
6976776
6977329
6979447
6982230
6982427
6984640
6986402
6990298
6994101
7000045
7002842
7003377
7003880
7004505
7006191
7008082
7008948
7010835
7023054
7025328
7026111
7027538
7031309
7033314
7038661
7044969
7047433
7048872
7050713
7056432
7059611
7063416
7064327
7064967
7072863
7073567
7075171
7079358
7080056
7084639
7089915
7093364
7094551
7095700
7096753
7097650
7098366
7099582
7101809
7102590
7103780
7105115
7105739
7111441
7112566
7113248
7117277
7121292
7121633
7122147
7122876
7123999
7123999
7124152
7126397
7128118
7129534
7130279
7131579
7132694
7135713
7136474
7137027
7137715
7138470
7139526
7140402
7141285
7152981
7153174
7154419
7164490
7165320
7165995
7166040
7166512
7167034
7169166
7171839
7172631
7173331
7174065
7175540
7176601
7177618
7178145
7178775
7179723
7180818
7201882
7203748
7207845
7208731
7208818
7209401
7210961
7224879
7228058
7229106
7231854
7233361
7237556
7238835
7239859
7243876
7246107
7252923
7255902
7256882
7258198
7263334
7264729
7269295
7270779
7274385
7275175
7276097
7279491
7280400
7281902
7284521
7285808
7286246
7291719
7293187
7298987
7299780
7302875
7303754
7303795
7304584
7306803
7308973
7309123
7310676
7311388
7312092
7312593
7315243
7324692
7325783
7329691
7331098
7332206
7334006
7335677
7341520
7342302
7342830
7344943
7345140
7346356
7348935
7349756
7351178
7376587
7380672
7381718
7382472
7384782
7386218
7387916
7391920
7392518
7393412
7398817
7399645
7400942
7404330
7406046
7407906
7408486
7409194
7409723
7410238
7411353
7414248
7414918
7420862
7423472
7423495
7424533
7425268
7425405
7426350
7426820
7428811
7430205
7431464
7432350
7432985
7433589
7434262
7435030
7435603
7436183
7436886
7437490
7438205
7438969
7439829
7440431
7441240
7441691
7441792
7442819
7443499
7465950
7471050
7474764
7475747
7480827
7481908
7483164
7484073
7485712
7487984
7489217
7489931
7490000
7491440
7495237
7496893
7498286
7498541
7499180
7499732
7500710
7500763
7501237
7501609
7502021
7502711
7503484
7503880
7504685
7509737
7512794
7513181
7516921
7517805
7520942
7522177
7523685
7524448
7525331
7526472
7527964
7529547
7532219
7534516
7535830
7538007
7539212
7539938
7541796
7544163
7544220
7545598
7546677
7549314
7551536
7553125
7553971
7554836
7557939
7557998
7558982
7563532
7564100
7564534
7567989
7573315
7575574
7577578
7578785
7581692
7582397
7583247
7585233
7587173
7588541
7591640
7592235
7593058
7598975
7600105
7610700
7611484
7612360
7614763
7614834
7615391
7615930
7616511
7617914
7618744
7620199
7621261
7623368
7625641
7626543
7650315
7650986
7652723
7653763
7655143
7656742
7661586
7664986
7665877
7666607
7667788
7668667
7669005
7669399
7670212
7671174
7672172
7674039
7674861
7676151
7676638
7677647
7678774
7687936
7690235
7692005
7692788
7693425
7697266
7701317
7702596
7703344
7712091
7712972
7718711
7719485
7719527
7720132
7721031
7722909
7723829
7725961
7726661
7727770
7731223
7732325
7734601
7735988
7737032
7738305
7744658
7746238
7750015
7752000
7753541
7754355
7755387
7756599
7760124
7761662
7762554
7763280
7764629
7772354
7772390
7773369
7779103
7786751
7787613
7791480
7794064
7795199
7800293
7801146
7801703
7802220
7802795
7806264
7823319
7824107
7824700
7826246
7827699
7830814
7833208
7834318
7834945
7836693
7837894
7838614
7839677
7841046
7842978
7843648
7844415
7844934
7845678
7846511
7847257
7848771
7849115
7849712
7850937
7857345
7860503
7861480
7862463
7863158
7864347
7864387
7864955
7865536
7866102
7867602
7868517
7872085
7873644
7875597
7876188
7876592
7877270
7877788
7878657
7879643
7888360
7892979
7894717
7896968
7897996
7898506
7899442
7900133
7900694
7904603
7906075
7906119
7908974
7910321
7914727
7916238
7917199
7917970
7919535
7924851
7925485
7927113
7927832
7928494
7929154
7929853
7930600
7932068
7935907
7936939
7937990
7949540
7956094
7956692
7961960
7962580
7963015
7963767
7965926
7967401
7969083
7970511
7971047
7971651
7974913
7975485
7976015
7976585
7977208
7977493
7979177
7980639
7985633
7986865
7987552
7988227
7988860
7989974
7990856
7991753
7992511
7993561
7994144
7994754
7995384
7996144
7996804
7997582
7999735
8000361
8001614
8003599
8004667
8005717
8006372
8006930
8008354
8009018
8009582
8010109
8010850
8012173
8015273
8016158
8017008
8056143
8056467
8061511
8066663
8073991
8078952
8079681
8102630
8103783
8105446
8106270
8109981
8111019
8111805
8112972
8113955
8115871
8123413
8124852
8125960
8130727
8130728
8132701
8132727
8133495
8135099
8135178
8135868
8144973
8146006
8146698
8147478
8153907
8157448
8159553
8160561
8162072
8163429
8168976
8171300
8172072
8173304
8175196
8176529
8177291
8188810
8189415
8189964
8190632
8191334
8191985
8192156
8192665
8198952
8199593
8200349
8201632
8202221
8203461
8204252
8205252
8205977
8225179
8242898
8243001
8243616
8243801
8244695
8245759
8275468
8276148
8277650
8278455
8279328
8280541
8281216
8281556
8281848
8288144
8289657
8290911
8304392
8305513
8306227
8308631
8309790
8310511
8311043
8311592
8312207
8313377
8323133
8331079
8331201
8332461
8339099
8342203
8343408
8344336
8345083
8348864
8349646
8350761
8351385
8352173
8370206
8371345
8371452
8372371
8373844
8375891
8377182
8379054
8379803
8380847
8387243
8390433
8391212
8392442
8393170
8393946
8397297
8398469
8399557
8401052
8402284
8404533
8409132
8410013
8411499
8416730
8418344
8424255
8425509
8432630
8433761
8439269
8444931
8445488
8446136
8451905
8453204
8453821
8454535
8455028
8460123
8461046
8461910
8464230
8464330
8465288
8468068
8468802
8469582
8470628
8471411
8472108
8473674
8479978
8480011
8484567
8485432
8486555
8488221
8488922
8489536
8495884
8499728
8500614
8501397
8502169
8502715
8509197
8510094
8513336
8514150
8514349
8515519
8517560
8518279
8524887
8525537
8526749
8528456
8529469
8530173
8563795
8564158
8566355
8567284
8568987
8577217
8577823
8578140
8578476
8582802
8584070
8586657
8588223
8590231
8591447
8591588
8592357
8592915
8593576
8595728
8599875
8601039
8613567
8615394
8616842
8619043
8619880
8620608
8621362
8622360
8625402
8629351
8631055
8635310
8638720
8639423
8639952
8640447
8640980
8641603
8642219
8654467
8663603
8664964
8668760
8671372
8677274
8679457
8685659
8686814
8694429
8695865
8697412
8699323
8700099
8700801
8701662
8702562
8718431
8725097
8725729
8725874
8726545
8727846
8729842
8730562
8731437
8732720
8734954
8735774
8751033
8751795
8752699
8753920
8754541
8755285
8756366
8758028
8759158
8761181
8774749
8775437
8776608
8778074
8778926
8787123
8789663
8799840
8800831
8801156
8805822
8807138
8808776
8810095
8811888
8814215
8815508
8816173
8817007
8817857
8818581
8819699
8823881
8824684
8825342
8825834
8826648
8827562
8828936
8836559
8837666
8838590
8852324
8853599
8854535
8856014
8860275
8872299
8872825
8873456
8874229
8874889
8884647
8885274
8886071
8887283
8888129
8889625
8889981
8890245
8891170
8891910
8892694
8893578
8894719
8895514
8897045
8898040
8906712
8910630
8912100
8913628
8914367
8915320
8917619
8919329
8927046
8928172
8928890
8930550
8932088
8936097
8938459
8941269
8952215
8953192
8959494
8963145
8964669
8965580
8966208
8966687
8967205
8967564
8967962
8968527
8969370
8970946
8976015
8977315
8978261
8978617
8979004
8979862
8980544
8981253
9021618
9022284
9023138
9024022
9031916
9033123
9039032
9039688
9040248
9040984
9041659
9042344
9043307
9044595
9050280
9051017
9051412
9051611
9052576
9054344
9055685
9063722
9066658
9067229
9068209
9068764
9069762
9074530
9075008
9075570
9076502
9077736
9088373
9089400
9090110
9091282
9092681
9095680
9097954
9116135
9117070
9117835
9118646
9119905
9120511
9121095
9121961
9122544
9123727
9124289
9128752
9129992
9130516
9131438
9131988
9132759
9133489
9137201
9139223
9140280
9176692
9177631
9178135
9178945
9180572
9181565
9192156
9193576
9198621
9199650
9200605
9201198
9201838
9202691
9203462
9205795
9212981
9213967
9214932
9221643
9222520
9223208
9224658
9225989
9226730
9236104
9237245
9237836
9238313
9238929
9239510
9239922
9240436
9240941
9241807
9242978
9243281
9244679
9252676
9253581
9254345
9255344
9256428
9257212
9258218
9260539
9261268
9261741
9272447
9275996
9276719
9279504
9281488
9289125
9289419
9293088
9293910
9295825
9296599
9302420
9303020
9303479
9304151
9304899
9305963
9306721
9309014
9316678
9317586
9320719
9325884
9329066
9329908
9332696
9339597
9342565
9343279
9343957
9344576
9346530
9348077
9354631
9358426
9359367
9359919
9360601
9361234
9361964
9362704
9364942
9365931
9370692
9371805
9372561
9373093
9373762
9374245
9374952
9375678
9375770
9377222
9377223
9380441
9381239
9381841
9384174
9384800
9385045
9385900
9387105
9387182
9389245
9390632
9393009
9394331
9395169
9396014
9397560
9398230
9398869
9399429
9400446
9402586
9409737
9410852
9412237
9412795
9413336
9414842
9415664
9416258
9416952
9417672
9418525
9419730
9421601
9425576
9426328
9429489
9454080
9462566
9469828
9472294
9473035
9473739
9474507
9475121
9475616
9476156
9476577
9477138
9478064
9479050
9479672
9480432
9481258
9482155
9482434
9483318
9486834
9488382
9489448
9491874
9496825
9498537
9499647
9501948
9503366
9504073
9505844
9507325
9517549
9522274
9524849
9529767
9530930
9532857
9533720
9535991
9536250
9537024
9539452
9539927
9540865
9541302
9541773
9542132
9542574
9543101
9543528
9544096
9544667
9545160
9545755
9546248
9546909
9547341
9549900
9551275
9553698
9554356
9554834
9555331
9555803
9556334
9557013
9557644
9558291
9559039
9559602
9560171
9560781
9561188
9561587
9562070
9562455
9562852
9563350
9563724
9564223
9564797
9565259
9565756
9566330
9567097
9567703
9568253
9569319
9569355
9570736
9571201
9572448
9572950
9573454
9574128
9575145
9576081
9577225
9578164
9579039
9580072
9580115
9580782
9581604
9582693
9584277
9584966
9592237
9598294
9599141
9621523
9623529
9624239
9624293
9625202
9626002
9626882
9627594
9630476
9631083
9631711
9632171
9632862
9633525
9634803
9635522
9636162
9636726
9637466
9637495
9638174
9638897
9639548
9640877
9641720
9643065
9644414
9645167
9645796
9646351
9646971
9647432
9648063
9648555
9649133
9650979
9654453
9655340
9656542
9657841
9658721
9659562
9660539
9661595
9662882
9663578
9663696
9664119
9664683
9665172
9665641
9666204
9666683
9667310
9667993
9670210
9670912
9671524
9672319
9673047
9674100
9675168
9680929
9681903
9682789
9683526
9683981
9684482
9685439
9685854
9686254
9686636
9686956
9687435
9688265
9689086
9690796
9695207
9696430
9698125
9698792
9700676
9702912
9704178
9704742
9705822
9707728
9711936
9712541
9714053
9714821
9716398
9724068
9724969
9725029
9725990
9728065
9728645
9729148
9729655
9730188
9730778
9731643
9732790
9740008
9740625
9741196
9742142
9743393
9744636
9746225
9746928
9747479
9748297
9748889
9749685
9750384
9751018
9751770
9752804
9755372
9756822
9759657
9761042
9761864
9762416
9764268
9765414
9766377
9769702
9772301
9773782
9775040
9777169
9777908
9778560
9779508
9780192
9780654
9781369
9782112
9783218
9786136
9787248
9792102
9792816
9793547
9794171
9794818
9795311
9796141
9798653
9800223
9800827
9801463
9802618
9811212
9811926
9812610
9813806
9814452
9815268
9816590
9817868
9825350
9827027
9832408
9833450
9834271
9835326
9839423
9840102
9840779
9841322
9841941
9842418
9843191
9844527
9846320
9847149
9847959
9855457
9857247
9859370
9862351
9863152
9863835
9864460
9865187
9867173
9868528
9870789
9871848
9872665
9873497
9874051
9875048
9876205
9876933
9877649
9878132
9878788
9879278
9880407
9904069
9905341
9906548
9907244
9908535
9909868
9911371
9914369
9915104
9916451
9918272
9921054
9922347
9923555
9924563
9925215
9925884
9926473
9927054
9938257
9939814
9942200
9943139
9944245
9944817
9945402
9946064
9954127
9954159
9954773
9958777
9959581
9960388
9961739
9970835
9971843
9972633
9973354
9973816
9977717
9980684
9982273
9983027
9983888
9985030
9985799
9986483
9987225
9987927
9988699
9998229
9999549
10001581
10002365
10002959
10004177
10008171
10013097
10013807
10015416
10016144
10017178
10018356
10022104
10027528
10027686
10028172
10031250
10034121
10034478
10034998
10036062
10036883
10037749
10039447
10042932
10043611
10043954
10072349
10074271
10074788
10075275
10076096
10076818
10077486
10078280
10078797
10079468
10080149
10081449
10083960
10088683
10090648
10091273
10091364
10099464
10100626
10101111
10101903
10102956
10103554
10104113
10104672
10105254
10116674
10117403
10117922
10118417
10118455
10120317
10123277
10124331
10126253
10130654
10131722
10133480
10135730
10136364
10137049
10137981
10138896
10140240
10141818
10144384
10145643
10146686
10147223
10147805
10148537
10151453
10152147
10152771
10153127
10153514
10156169
10156765
10157606
10158534
10162222
10163438
10164963
10165751
10167398
10167741
10168124
10173487
10174304
10175149
10176358
10178629
10180249
10181256
10186604
10187339
10188013
10188778
10189433
10190533
10197065
10197610
10198275
10199068
10208720
10209451
10210254
10211991
10213125
10221250
10222454
10223080
10223819
10227007
10227519
10229521
10230410
10231556
10232848
10235112
10239843
10241909
10243070
10244148
10254683
10255313
10255913
10258008
10258568
10259468
10260331
10261956
10263281
10264989
10267183
10268123
10269066
10269908
10270676
10271376
10272147
10273695
10274301
10276662
10278515
10280002
10283727
10284857
10285810
10285872
10286566
10287280
10289634
10291260
10297702
10307006
10307633
10308294
10312177
10313038
10317254
10322150
10322812
10323731
10324949
10325758
10326397
10327190
10327982
10350501
10351500
10353052
10353053
10355661
10356744
10357784
10358548
10359328
10360013
10360594
10361205
10362990
10371526
10376989
10378851
10379789
10381655
10382987
10384064
10386454
10388156
10392053
10393758
10394689
10397320
10398406
10399487
10405673
10407478
10409021
10409865
10410973
10412181
10413602
10414018
10421321
10422472
10433157
10435938
10436775
10438085
10438935
10442685
10444953
10446401
10447420
10448689
10450113
10450946
10452120
10453823
10454994
10463945
10465371
10465905
10466965
10472813
10476105
10477959
10479393
10482638
10483397
10484172
10484999
10486217
10487309
10497730
10498428
10499363
10500428
10501262
10502426
10503121
10524119
10525438
10525959
10526014
10526299
10527276
10527924
10528847
10530287
10531322
10532246
10533304
10534149
10534813
10535533
10536237
10536802
10537028
10537767
10538564
10542355
10544289
10553970
10554580
10557904
10558685
10559147
10559772
10560618
10561780
10562836
10564188
10565648
10566363
10567109
10568373
10569242
10570656
10571816
10572946
10573853
10575296
10575850
10576443
10577100
10577760
10578368
10581809
10583343
10584137
10585569
10587319
10587864
10588505
10589602
10594092
10598706
10605660
10607461
10614299
10615607
10623630
10624392
10626265
10633401
10634018
10634498
10635253
10653208
10655523
10666768
10667816
10668673
10669454
10670437
10676209
10677039
10677972
10682141
10683300
10684183
10689444
10691920
10693327
10711443
10733548
10734212
10734672
10735211
10735729
10735945
10736952
10740701
10741457
10741968
10742396
10742890
10743429
10743999
10745374
10747209
10759667
10760040
10763241
10765026
10765742
10766429
10771191
10772895
10773626
10774661
10780049
10800124
10800901
10802336
10813529
10814223
10814822
10815547
10816216
10816614
10817084
10818121
10818827
10819540
10820233
10821952
10845412
10854434
10855332
10856476
10861010
10873472
10878348
10879044
10884260
10888046
10888909
10890278
10910194
10911398
10913354
10913978
10914844
10915591
10916353
10919176
10922106
10923088
10924716
10929010
10935956
10936912
10937517
10939084
10942552
10944960
10945954
10946685
10947457
10950597
10952605
10966077
10969584
10976234
10976887
10977674
10978152
10978731
10979585
10980865
10981815
10983101
10984731
10985506
10986307
10987153
10987973
10988866
10990957
10993104
10993578
10994143
10994621
10995475
10996103
10996963
11000888
11001824
11003790
11006349
11007221
11007961
11009308
11010274
11011412
11020362
11021388
11022020
11023458
11031341
11032286
11035765
11036309
11037362
11038176
11038996
11039528
11040096
11043057
11044764
11054280
11055074
11055615
11056168
11056788
11057676
11058480
11059169
11060955
11061484
11063707
11066147
11068402
11070162
11071163
11072743
11073314
11073829
11074344
11074792
11075194
11075565
11075989
11076338
11076718
11077135
11077522
11078014
11078405
11078933
11079547
11080194
11081072
11081596
11082105
11082994
11083974
11084729
11088555
11099900
11100871
11101824
11103653
11104872
11106023
11124169
11126235
11128488
11132441
11133022
11133693
11134780
11139590
11154578
11156750
11162273
11163243
11163935
11164810
11165903
11168077
11169492
11170520
11176384
11177005
11179523
11181443
11182675
11184465
11187764
11188476
11188907
11189574
11190711
11192496
11193616
11194646
11195478
11196730
11198715
11199583
11200290
11200331
11200954
11212198
11222917
11223687
11223906
11224194
11225038
11226185
11226823
11227568
11228116
11228695
11230612
