2668.821
3796.434
4256.917
5375.44
6252.594
6657.73
7082.788
7123.015
8298.2
8750.102
9195.219
9671.489
10104.15
10626.92
11236.47
11286.25
11307.99
12083.99
12929.18
13669.51
14363.12
15150.27
15613.65
16097.27
16495.87
16590.41
16827.04
16876.41
17321.72
17830.86
18521.47
19662.99
20353.54
21162.87
21627.39
21679.11
22104.13
22723.37
23878.41
24586.19
26021.7
28461.45
32191.06
37967.04
38658.99
39070.69
39390.13
39669.03
40485.6
41317.58
42966.55
44409.7
45598.35
48225.33
56392.62
57464.5
58866.72
65015.97
66523.01
70005.25
70045.39
71345.74
71995.87
73258.74
73827.44
74885.06
75833.81
76781.11
77704.94
78838.35
79589
80561.52
83926.15
90071.97
91107.96
91732.81
95230.23
96575.01
99555.61
101267.1
101865.7
102613.1
102645.7
103036.1
104542.8
104991.6
113282.9
117935.2
118435.2
118599.9
121441.8
127334.1
127609.8
129439.2
132197.9
134688.6
135766.6
138466.6
141102.4
142433.8
145240.5
145966.9
147186.1
148198.1
149832
152864.5
154549.1
154561.4
166447.3
168415.5
171107
171234
171571.7
171915.4
172729
173193.1
173830.8
175080.7
181024.5
185122.2
187396.3
188202
189056.9
189482.1
190041
190801.5
192683.2
197701.1
197963.9
198890.6
199783.7
200826
202235.4
203663.7
209537.1
223507.5
224971.3
228657.5
229448.9
231049.7
232519.4
233806.9
235897.9
237071.6
238288.9
239419.8
240886.9
250489.2
250614
251289.9
251929.5
252358.5
255198.9
255710.4
256928.2
258049.7
259223.3
261742.1
262262.5
263789.7
265436.3
265636.9
268016.6
268686.1
269481.3
270161.8
271622.6
272874.7
278950.8
281715.7
282790.3
284513.6
285412.4
286219.7
287342.3
288218.2
289423.1
290589.2
291567.1
292393.9
298635.6
299255.6
300554
301020.3
302330.6
302373.3
303412.7
304673.2
306619
306638.4
311216.5
312594.6
312607.9
313110.5
315185.8
315563.2
316159
317275.1
317600
317616.4
319589.6
320892.7
322301.2
323639.4
325220.5
328688.2
330101.8
330908.9
332236.1
333063.7
334119.7
340422.9
341911.4
343129.8
343770.2
344892.7
347871.9
350005.7
350877.8
351523.4
352011.9
352702.6
354294.9
357663.1
363380.4
365752.6
367742.5
369084
372220.2
372308.9
374337.9
375740.1
377622.8
381494.2
383094.9
385274.1
386150.6
386829.2
388462
389005.9
389544.2
389929.9
390212.3
390990
392197.4
392897.9
393606.9
395591.1
396608.2
397492.5
398462.7
408896.1
409130.4
410400.2
411147.5
411714.3
412252.9
412807
413312.1
413982.3
414451.6
414941.8
415478.7
416151.8
416792.4
417653.6
418413.1
418831.5
418954.7
419881.4
420783.1
420828
421297.8
422803.7
422875.7
423617
424272.2
424932.2
424978.3
425739
426502.4
426931.8
427239
428061.6
429949.3
450523.5
456278.8
456903.4
457466
458119.1
458864
459573.8
460931.4
462973.1
463017.1
463128.2
463720
463957.2
464248.7
465505.9
466188.1
466251.2
468628.5
469892.3
469935.4
490230.5
490604.9
493449.6
495046.2
496064.5
496819.5
501619.9
505940.9
506370.9
507283.1
514984.6
516894
517194.8
517494.5
518057.8
518508
519194.4
519670.7
520383.3
520948.8
521864.7
521983.3
522795.1
523379.6
523924
524584.5
526048.2
530741.9
538760.8
540747.2
542173.3
542853
543537.6
544355.5
544432.9
545056.9
545763.1
547620.6
553779
554765.9
555119.6
556298.3
557563.9
559033.4
560988.5
561638.4
561690.8
562362.8
563413.2
566324.1
573876
573893.5
574549.6
575061.9
575648.7
576669.7
577344.4
578552.5
579708.9
580256
581182.1
581911.6
582506.7
583215.9
584707.1
585810.1
589666.5
592388.8
593071
593800.4
594298.4
595123.6
595538.7
596240.3
596737.2
597653.7
598765.4
599332.2
600095.6
600567.9
602324.5
602924.3
608319.5
610282.6
611361.3
612596.6
613237.1
617369.5
619654.7
620820.7
620840.9
622165.8
622604.9
622819.3
622980.9
623394.7
623843.8
624400.2
626928.9
627522.3
629793.1
630434.8
631127.3
632504.9
633526.7
634172.4
635113.3
635838.6
637009.5
639709.9
640665.3
641732.7
642984.3
644183.7
646142.1
647455.9
647732
648223.2
648891.9
649685.5
650549.9
652677.3
653627.7
654396.7
655190.2
656221.4
657513.7
660199.3
660364.5
661447
662393.3
663236.1
663289.7
665016.3
665108.7
665928.6
667161.9
668588.5
670134.5
671427.2
676262.7
677001.2
678595.6
680129.3
684093.9
684110.2
684158.6
687379.6
687406.1
687859.4
688609
689313
690319.8
691170.3
691804.5
692492.2
696619.3
708962.3
709699.8
710556.1
710925.6
711670.8
712075
712739.5
713426.3
714467.5
715421.2
717022
717598.2
723761.4
724366
728623.8
728706.9
730044.4
738831.6
740129
740879.7
741547
742117.7
742896.6
743611.1
744450.8
745646.2
747601.4
747637.4
748946.2
749280.3
750333
751292.8
752332
753304.8
753986.3
754566.1
755074.6
755841.7
756663.3
757804.9
758235.1
759022.1
761059.9
761885.2
763045.6
763598.8
763764.6
763805.9
764746.5
765884.2
767099.8
775073.6
775699.7
776236.9
777006.6
777711
778462
779439.2
780960.1
783812.4
785366.8
788506.5
788526.1
789300.5
790768.1
790937
792122.1
792342.3
792845.4
794212.4
795462.7
796078.2
796350.6
796842.2
797712.3
799175
801436.1
801999.2
802858
804051
804251.5
805794.9
805905.1
809903.4
815736.9
815755.1
817426.3
817642.7
819233.5
819916.8
820470.4
821053.3
821773.8
821897.9
827159.6
830155.9
830166.2
831179.3
831389.4
831896.5
832344
833457.6
834603.7
835750.7
837294.7
838564.7
845525.2
851470.3
852962.2
853804.8
856704.3
857536.9
858495.2
859237.7
860302.6
861896.7
866447.7
872807.6
875898.3
876816.5
877457.3
878270.2
879076.7
879151.5
880433.8
901992.4
904385.5
905219.7
906446.6
914623.6
916349.8
918000.5
919737.3
921202.6
921717.5
922323.9
923812.9
925058.7
925916.8
926544
926597.9
927060.8
927708.9
938743.1
942528.1
943360.1
956056.8
956737.2
957670.6
959096.5
960296.3
961427.8
962104.4
965169.2
965948.8
966121.1
966953.1
967531.7
968035
968475.9
969508.9
970755.8
971537.3
972579.8
973227.9
973605
973678.4
974170.9
974999.2
975497
975971.5
976392.1
976839
977289.8
977765.5
978351.6
978371.6
979052.4
979908
981672.8
983827
985871.2
986716
987247.7
987652
988529.8
988888.3
989258.4
989307.3
989751.8
990603.9
992180.3
992880.2
993384.7
994086.9
994122.7
994631.6
995107
995470.4
995946.6
996962.4
997756.1
998837.2
999426.9
1005623
1017163
1017843
1018597
1018634
1019584
1019876
1020161
1020974
1021318
1022034
1022243
1022569
1023115
1023397
1023969
1024451
1024931
1025598
1026105
1026502
1026778
1027300
1027952
1029155
1030043
1031053
1032578
1033077
1038758
1042789
1042953
1043580
1044611
1053511
1055290
1055862
1055879
1056819
1066854
1071176
1071472
1071785
1072433
1072678
1072745
1073170
1078107
1079221
1079406
1079756
1080108
1080964
1082186
1084062
1087821
1088283
1089190
1090151
1090677
1091230
1091742
1092431
1104839
1105171
1105677
1106445
1107353
1109553
1110315
1111299
1111693
1127682
1128593
1133676
1155631
1156118
1156672
1157678
1158223
1158844
1159527
1160534
1170729
1171801
1172433
1173251
1173919
1174933
1175687
1176980
1178377
1180674
1185520
1190102
1191471
1192737
1203632
1204307
1204892
1206005
1207050
1207684
1208215
1208724
1209180
1209396
1209734
1210249
1211769
1212556
1212859
1213268
1215945
1222045
1225738
1227215
1228495
1229456
1238964
1239799
1240429
1240904
1241466
1242175
1243234
1249742
1250657
1252611
1253569
1253588
1257264
1262044
1263024
1263497
1263832
1264770
1265971
1270165
1271857
1273814
1274654
1275469
1275960
1279973
1281124
1282738
1284663
1286403
1287644
1288220
1288738
1289188
1289821
1290197
1290674
1291101
1292306
1292845
1293344
1293844
1296249
1298180
1299183
1299682
1300143
1300196
1300640
1301212
1302170
1303460
1309983
1313920
1314257
1314491
1315007
1315602
1316287
1316676
1317136
1317778
1318808
1319860
1320979
1321927
1322248
1322749
1322761
1322817
1324018
1326983
1327783
1328994
1329562
1330828
1350905
1351054
1351760
1352788
1353127
1353821
1353949
1354595
1355376
1356349
1358494
1358938
1359085
1359688
1360158
1360253
1360727
1361210
1361641
1362434
1362656
1363688
1364721
1368984
1369576
1369999
1370634
1371105
1371630
1372373
1373074
1373742
1374782
1375916
1376274
1376970
1380733
1383119
1385901
1389022
1391933
1398875
1399903
1401670
1401792
1403749
1405336
1405494
1407923
1408896
1409559
1410085
1410700
1411340
1413208
1416055
1417628
1418965
1419841
1420540
1421276
1421951
1422491
1423135
1423630
1424063
1424455
1424902
1426171
1426652
1427549
1428238
1429410
1431143
1434435
1435562
1442414
1448299
1449049
1449614
1450163
1450782
1461998
1465325
1479669
1482966
1487188
1488854
1490015
1490894
1491797
1494012
1494058
1504442
1505483
1507392
1507729
1508670
1512731
1522191
1522634
1523002
1523557
1524057
1525587
1535842
1541033
1542433
1543072
1543611
1544157
1544686
1545152
1545710
1546536
1558393
1559522
1568287
1573367
1574324
1575515
1576641
1578645
1579778
1580158
1580710
1581406
1582406
1582927
1583440
1584178
1585098
1587608
1587963
1588308
1588587
1588716
1588953
1589276
1589664
1590650
1591319
1591883
1592350
1592813
1593827
1593971
1594266
1594699
1595466
1596079
1596274
1596765
1596813
1597171
1597171
1597413
1598102
1599140
1608212
1616755
1617192
1617739
1618711
1621504
1622379
1623210
1623904
1624436
1625274
1625869
1627615
1627766
1628703
1629950
1630552
1631127
1632994
1634005
1634647
1635400
1635443
1643980
1647462
1652510
1653813
1654867
1655585
1656191
1656854
1657366
1671094
1672425
1673908
1674651
1675399
1676256
1676836
1677343
1677895
1678585
1679329
1680404
1684513
1685207
1686163
1686695
1687340
1688038
1688162
1688782
1688823
1689350
1689939
1690903
1695680
1701633
1708086
1710078
1710704
1711264
1711721
1712382
1716942
1717718
1718528
1718938
1719077
1721510
1724161
1725627
1727195
1730224
1730792
1731506
1732118
1732700
1733426
1734164
1734791
1735445
1736243
1737059
1737204
1738695
1740008
1741411
1742410
1742460
1743400
1743827
1748576
1749104
1749800
1750533
1751167
1752391
1753054
1754447
1756153
1757322
1757624
1758298
1759595
1760756
1760994
1761635
1762392
1763046
1763620
1764505
1765148
1770753
1778311
1780210
1801554
1802975
1811383
1813242
1813672
1813685
1817524
1817878
1818305
1818894
1818907
1818990
1819824
1819861
1820784
1822746
1826247
1826953
1827526
1828110
1828902
1829749
1830819
1833213
1838571
1840369
1841295
1842120
1843001
1843825
1843876
1843891
1844937
1846553
1848283
1852465
1853190
1856399
1857136
1858449
1858633
1859803
1860186
1860658
1861515
1862451
1863039
1863427
1863986
1864238
1864658
1864933
1865278
1865887
1866786
1866984
1868115
1870966
1871768
1872215
1872968
1873912
1875079
1878088
1878928
1879775
1880745
1881436
1881944
1882647
1884617
1886927
1887716
1889491
1890442
1891067
1891213
1891886
1892544
1893142
1893243
1893951
1894471
1895120
1895681
1896362
1897403
1898785
1901701
1902344
1904372
1906779
1909851
1911299
1912039
1912930
1913774
1914923
1920609
1921327
1922606
1925612
1927659
1928844
1932642
1933648
1933855
1938340
1939333
1940252
1940761
1942321
1943496
1944153
1945695
1946799
1947212
1947809
1948593
1949798
1950983
1966842
1969637
1971747
1972090
1972504
1972954
1973015
1973495
1974175
1975149
1975351
1982037
1987912
1989285
1989870
1990802
1991914
1993848
1994187
1995140
1995578
1996528
1997460
2001246
2001260
2008312
2009560
2011963
2012580
2012772
2013150
2015778
2016543
2017379
2019179
2019798
2020422
2020929
2021443
2021964
2022639
2023337
2025240
2025958
2034379
2035233
2036191
2036817
2037511
2038175
2039240
2040406
2041429
2042662
2043401
2043867
2044437
2045800
2046415
2048342
2049702
2050327
2062938
2063449
2064070
2064619
2066157
2066749
2067477
2068908
2070286
2078073
2078093
2080937
2082016
2082967
2091693
2096879
2097697
2098493
2098966
2099413
2099968
2100591
2101066
2102217
2102699
2103300
2103678
2104208
2104860
2105304
2105729
2106189
2107414
2110067
2111672
2113301
2113908
2117243
2120395
2120887
2121273
2121673
2122136
2122448
2122946
2123224
2123737
2124239
2125335
2126467
2127850
2129535
2130337
2130956
2132885
2137276
2151954
2155181
2161526
2162608
2163839
2165380
2185965
2187686
2189822
2190912
2194851
2199620
2200297
2200819
2201653
2205454
2215658
2216226
2222195
2228085
2229810
2230368
2231001
2250607
2251780
2251787
2253275
2286881
2295645
2296547
2300468
2302826
2303720
2305062
2306028
2313836
2314817
2315906
2316719
2317845
2329434
2331676
2341175
2341191
2344478
2348752
2350312
2351837
2352743
2355861
2356819
2357374
2358019
2358626
2359079
2359679
2360189
2360717
2361264
2361961
2362563
2363993
2365333
2366402
2367344
2375245
2395843
2399166
2400105
2400925
2404905
2428400
2429157
2429948
2431465
2432389
2433132
2433856
2434276
2445993
2447091
2447203
2447594
2448022
2448502
2448831
2449284
2450015
2450719
2451690
2451800
2452250
2452784
2453286
2453808
2454288
2454454
2455093
2455828
2463430
2463954
2471242
2472485
2473596
2473964
2474131
2475247
2476916
2477864
2478902
2479774
2482017
2485093
2486964
2488041
2488771
2489528
2489901
2490026
2490764
2491548
2493089
2494357
2495190
2496241
2496927
2497911
2498504
2499308
2500729
2501392
2501971
2502856
2503418
2504233
2505055
2509924
2510927
2511917
2512333
2513173
2513912
2514460
2514924
2515464
2516016
2516623
2517235
2519096
2519944
2521583
2522459
2523923
2525708
2527237
2528532
2528686
2530291
2531673
2532825
2533547
2534306
2535997
2538043
2540963
2543192
2546827
2547436
2548596
2555479
2563996
2564946
2569961
2573211
2574192
2575390
2576293
2576964
2579157
2579338
2580983
2581845
2588426
2589942
2591044
2596583
2597363
2598042
2598883
2599798
2600065
2600390
2601063
2601102
2601789
2603687
2604574
2604954
2605342
2605662
2605972
2606324
2606559
2606831
2607091
2607321
2607591
2607903
2608181
2608497
2608960
2609374
2609828
2609857
2619739
2620380
2620928
2621965
2622559
2623150
2626823
2633363
2634922
2636240
2637857
2638069
2639200
2641136
2642224
2643033
2644985
2645061
2646716
2648995
2649345
2650082
2651048
2651494
2651987
2652509
2653027
2653539
2654077
2654647
2655284
2656565
2657733
2659383
2659970
2660600
2661406
2661872
2662336
2662869
2664138
2664619
2665162
2665728
2666318
2666902
2667762
2668309
2668735
2669295
2669798
2670266
2670911
2671725
2672236
2672758
2673192
2673725
2674206
2674640
2674971
2674988
2675098
2675569
2676096
2676592
2677187
2677390
2677680
2677723
2678104
2678498
2679555
2679920
2680299
2680711
2681340
2700587
2702821
2703196
2703731
2704920
2705443
2706161
2706687
2707046
2708133
2708711
2709277
2709760
2710464
2711794
2712449
2713764
2714297
2714933
2715387
2716020
2716405
2717002
2717929
2718681
2720523
2720776
2721069
2721842
2722440
2723364
2724062
2724645
2725954
2732718
2733250
2733789
2734571
2738134
2739436
2741118
2741641
2742733
2742794
2745286
2747684
2748706
2749372
2752049
2753368
2756801
2762341
2763082
2763606
2763975
2765239
2765276
2767134
2768217
2772744
2774040
2774601
2776880
2777978
2778696
2779469
2782680
2783868
2785646
2786525
2787248
2787843
2788805
2789687
2790181
2791313
2793589
2800422
2801759
2802676
2803583
2804166
2804617
2805149
2805596
2806119
2806710
2807193
2807743
2808329
2809333
2810342
2811727
2812427
2813103
2813671
2814455
2815197
2816135
2817178
2818241
2818743
2819296
2820281
2820752
2820837
2821590
2822568
2824457
2825459
2826093
2827294
2828009
2828926
2829637
2830156
2831962
2832731
2834842
2835141
2836739
2837973
2838874
2841994
2845110
2846151
2848031
2849046
2849743
2854907
2861233
2861314
2862047
2862891
2871284
2871664
2872119
2872675
2873398
2874047
2883724
2884540
2885187
2885798
2886865
2888299
2890952
2891645
2892849
2894467
2895103
2899354
2914206
2917477
2918521
2919487
2921405
2925352
2926066
2927317
2928023
2928975
2932105
2933517
2934397
2935285
2935903
2936436
2938778
2939002
2940048
2940144
2941011
2941621
2942414
2943424
2944440
2945891
2945895
2946659
2947507
2948152
2949428
2949808
2951242
2952115
2955388
2955513
2957648
2959362
2960902
2965289
2967331
2968525
2971246
2974131
2975349
2976377
2976901
2977264
2978132
2978299
2982077
2984769
2989054
2990659
2991398
2992941
2993979
2995127
2995893
2996782
2998047
2999282
3001354
3002238
3003543
3006872
3009815
3010744
3011611
3012137
3013076
3013848
3015171
3016005
3016666
3017293
3017341
3017975
3019256
3024039
3030253
3030891
3031696
3032421
3033036
3033714
3034403
3035402
3036545
3038165
3039685
3041207
3042302
3043189
3044254
3047003
3049136
3051102
3051906
3053934
3055690
3056495
3057764
3058818
3061341
3062800
3064075
3066244
3068076
3072406
3073963
3075012
3075897
3077120
3077562
3078562
3080231
3080468
3081000
3083226
3084315
3085225
3086109
3087141
3087205
3087889
3102807
3110045
3114362
3115270
3115869
3116577
3117069
3117165
3117210
3117784
3118475
3119044
3119642
3120987
3121872
3122691
3123416
3123982
3124531
3125023
3125652
3126310
3127154
3131277
3153429
3154899
3155705
3156327
3156835
3157359
3157796
3158312
3158811
3159506
3163481
3164199
3164908
3165544
3168060
3170005
3170505
3170920
3171064
3171823
3172192
3172628
3173082
3173591
3174183
3175021
3175624
3176402
3177680
3178680
3179505
3180366
3182245
3182299
3185746
3186849
3188840
3189526
3190132
3190903
3191811
3192609
3197756
3199244
3200836
3205238
3205884
3205974
3206616
3207652
3213630
3213866
3214441
3214969
3215441
3215827
3216276
3216737
3216971
3217393
3217867
3218528
3219985
3220598
3221185
3222010
3222509
3223041
3223516
3224064
3224698
3225339
3226974
3227628
3228161
3228702
3229152
3229588
3230069
3230490
3230902
3231298
3231768
3232160
3232705
3234539
3246753
3249312
3255098
3255682
3256195
3256629
3257108
3258006
3258990
3259929
3267908
3268567
3270719
3272201
3273116
3273786
3274455
3275188
3275747
3276361
3276908
3277380
3277958
3278434
3278929
3279549
3280302
3281334
3284803
3288353
3288971
3289522
3289992
3290974
3291697
3292712
3293151
3293655
3295115
3296581
3296897
3298024
3299054
3299715
3300673
3300815
3301418
3303811
3304504
3308640
3316324
3318673
3321845
3322228
3322659
3323126
3323585
3324145
3330753
3331565
3332704
3333440
3335445
3337520
3338347
3339195
3339904
3340631
3342106
3342516
3343133
3343869
3346468
3347489
3347832
3348167
3348660
3349023
3349210
3349999
3351116
3353051
3357107
3358543
3359977
3360617
3361262
3362268
3364905
3366074
3367777
3369223
3371721
3374115
3375770
3376403
3377147
3377853
3378737
3380498
3382286
3385001
3386502
3387210
3388415
3389091
3389124
3390641
3390982
3391521
3392579
3393384
3395467
3397079
3397265
3397901
3398553
3400834
3401504
3402389
3403015
3403625
3404321
3404743
3405333
3406801
3406877
3409069
3409216
3409531
3409949
3411147
3412070
3416103
3416782
3417561
3418825
3420504
3421798
3422390
3424101
3427564
3428690
3429609
3433604
3434296
3434866
3435523
3436797
3437844
3438691
3439480
3440373
3441154
3441704
3447195
3447218
3448913
3449787
3450416
3450886
3451401
3451853
3452499
3453140
3453869
3453988
3454961
3456151
3456950
3458311
3460586
3462369
3463144
3463600
3463845
3463890
3464505
3465112
3465674
3480787
3480927
3481826
3482823
3483811
3489550
3492592
3499937
3500771
3501553
3502907
3505090
3508253
3510032
3510394
3510924
3511480
3511881
3512363
3513107
3513730
3515493
3516268
3518018
3518066
3519300
3521511
3522774
3523669
3524358
3525319
3538839
3547292
3548363
3549541
3550572
3550909
3551816
3553345
3554567
3555470
3556476
3557559
3564897
3565779
3566438
3567173
3567791
3568636
3569445
3570750
3572946
3576428
3577101
3577501
3577939
3578349
3578886
3579538
3580330
3603471
3604290
3605507
3610623
3611814
3615091
3616465
3618356
3625559
3627552
3627947
3629135
3630490
3637102
3637666
3639714
3640105
3640310
3641426
3643435
3643493
3644481
3646419
3649151
3650308
3652079
3652256
3653247
3658536
3658908
3660426
3662493
3662624
3663489
3664635
3665444
3666185
3668138
3669561
3671194
3672213
3673632
3678847
3680176
3682913
3683011
3684711
3686291
3688153
3689298
3690008
3691200
3691370
3692747
3693066
3696498
3698775
3699272
3700957
3704148
3704422
3704971
3706056
3706606
3708100
3708897
3709938
3710802
3711761
3712611
3713203
3713779
3714497
3715120
3715771
3716325
3717151
3717693
3718402
3718786
3719065
3720337
3720985
3721625
3722146
3723222
3723676
3724246
3724607
3725119
3725606
3726019
3726061
3726403
3726534
3727264
3733757
3734438
3735176
3735483
3735913
3739269
3740794
3741943
3743131
3743668
3744772
3745325
3745573
3746335
3747031
3747786
3747948
3748177
3749942
3751952
3752330
3767498
3770763
3773322
3773706
3774110
3774989
3775718
3777195
3781486
3782245
3784986
3789838
3790816
3791885
3793093
3793982
3795014
3804009
3804606
3805055
3805560
3805904
3806407
3806854
3807901
3808627
3809456
3811264
3812443
3817404
3834741
3835434
3836474
3837332
3838101
3839457
3841964
3844997
3847694
3848501
3849568
3850455
3851379
3852262
3854060
3861533
3863053
3863715
3878771
3884049
3884588
3885072
3885751
3886299
3886775
3887526
3888357
3890242
3890606
3891726
3893208
3893849
3899001
3899714
3900549
3901133
3901859
3902450
3903139
3903369
3905370
3906023
3907645
3909464
3909600
3911603
3916042
3917464
3918075
3918681
3919234
3919797
3925740
3928835
3937519
3943381
3950762
3956476
3957311
3957893
3958583
3959145
3959755
3960438
3961023
3961825
3965040
3966638
3967508
3969537
3970841
3971354
3972844
3974089
3983280
3983916
3984476
3985327
3985950
3986702
3987634
3988541
3988784
3989276
3989911
3990674
3991830
3992660
3993364
3994406
3995614
4001008
4003633
4003689
4003714
4004351
4004940
4005562
4006101
4006610
4007134
4007713
4007764
4008335
4009182
4009882
4010635
4011179
4011856
4012254
4012620
4013463
4014123
4014897
4015724
4016333
4016884
4017690
4017829
4019649
4020587
4021500
4023907
4023952
4024134
4024747
4024964
4026063
4027245
4031349
4051273
4052493
4053786
4054523
4055285
4056027
4056645
4057251
4057549
4058728
4059261
4066474
4075168
4076074
4076630
4078018
4078597
4081030
4082941
4083832
4086006
4087066
4087989
4089076
4092331
4100444
4101319
4102700
4116373
4117623
4118296
4123337
4124639
4125676
4126564
4130956
4132172
4133149
4134052
4136789
4139496
4139911
4140965
4142598
4143442
4149118
4150231
4151601
4155150
4156124
4157213
4157828
4158792
4159927
4162637
4163732
4165535
4166436
4167805
4168835
4171104
4171259
4175792
4177138
4179002
4179679
4180383
4181317
4182131
4182398
4185851
4191698
4193030
4194541
4195838
4196420
4197260
4197944
4198944
4199631
4200706
4201436
4206299
4208101
4209038
4210505
4213584
4216762
4223202
4223820
4224209
4224672
4225294
4225886
4230691
4232173
4235074
4238122
4239667
4241661
4242348
4243865
4244609
4246646
4247884
4249405
4251216
4252993
4254419
4255393
4256414
4257110
4257678
4259949
4260551
4261485
4262595
4264417
4266296
4266339
4267096
4267748
4267783
4271484
4272353
4273083
4275138
4277104
4277648
4278298
4278848
4279487
4280256
4280892
4281647
4283499
4284041
4286005
4294277
4294673
4305299
4305925
4306536
4307506
4308407
4310369
4311195
4311953
4312528
4313019
4314404
4315594
4317024
4318339
4319535
4321665
4322959
4328065
4328856
4329666
4330281
4330955
4331798
4332245
4332331
4332879
4333381
4333940
4335131
4335742
4336565
4337108
4337655
4339124
4339903
4340882
4341560
4342604
4343181
4344293
4346194
4349551
4351693
4352673
4353563
4354305
4354871
4355132
4355158
4355835
4356640
4357776
4358679
4360247
4360978
4362162
4362665
4364025
4365227
4365387
4366458
4367016
4370636
4372607
4376029
4379874
4382413
4383529
4384435
4384523
4386297
4387303
4388009
4388847
4389870
4390666
4391102
4391146
4391159
4391214
4392242
4392830
4393653
4393725
4394183
4395555
4396740
4397521
4398149
4398750
4399352
4399938
4400660
4401249
4401475
4402860
4403607
4404449
4405579
4406589
4407080
4408138
4408656
4409166
4410650
4412354
4412665
4412733
4416675
4417862
4418149
4422828
4424107
4431189
4440165
4442746
4442765
4443578
4444837
4445446
4446046
4446622
4447340
4448274
4448665
4449131
4450230
4464853
4465462
4466921
4468339
4469653
4470952
4472208
4472959
4473613
4474219
4474743
4475268
4475959
4476668
4477915
4478880
4479839
4501889
4504118
4506124
4508044
4509854
4510510
4511552
4512507
4513671
4514489
4515081
4515506
4516537
4517923
4519662
4519887
4525013
4525215
4526267
4527049
4527834
4528817
4529870
4530713
4532915
4533707
4534731
4536906
4539328
4540425
4541483
4542405
4543369
4544160
4544810
4546332
4549966
4551985
4553159
4554584
4556290
4556329
4559502
4560404
4561512
4562886
4564392
4564470
4565712
4566297
4566900
4567400
4568434
4569164
4569804
4570548
4571335
4572040
4573172
4573482
4573519
4575839
4577415
4578275
4579813
4579897
4580583
4581104
4582603
4583913
4584949
4585769
4590007
4591373
4592424
4592490
4593601
4594636
4596165
4599207
4601240
4602524
4603890
4604596
4605405
4611098
4620957
4624406
4633574
4640448
4653756
4654645
4655235
4656799
4659726
4669314
4672922
4673381
4673783
4674394
4674959
4683623
4689131
4689169
4690667
4691521
4696802
4698079
4699134
4700040
4700810
4701387
4702115
4703498
4703722
4704554
4704744
4706438
4706889
4708498
4709747
4710900
4711823
4712743
4712980
4713626
4714276
4716149
4720160
4722896
4723551
4723910
4724153
4724758
4725571
4726807
4727558
4728133
4728631
4728674
4729833
4730669
4731481
4732190
4732228
4733013
4734493
4735512
4736567
4737609
4738483
4739294
4744789
4745397
4750023
4750702
4751842
4754100
4754572
4755422
4756504
4757240
4757827
4758370
4759015
4760660
4761479
4762137
4762571
4763755
4764607
4765561
4767224
4768143
4768510
4770447
4771683
4773103
4774451
4775634
4777268
4778111
4778874
4780148
4780264
4781239
4781883
4782519
4783388
4785945
4787234
4787500
4788340
4789135
4789640
4790453
4791921
4796116
4796782
4797366
4797892
4798405
4799873
4800607
4801218
4801807
4802453
4803019
4803131
4803146
4803836
4804537
4806090
4807045
4807590
4808739
4809571
4810235
4810816
4811347
4814515
4815834
4816564
4817521
4817585
4818892
4820523
4821363
4823983
4825147
4825340
4825849
4826654
4826844
4827524
4828478
4829074
4829612
4831528
4832325
4833220
4833433
4833684
4833783
4834384
4834970
4835613
4836801
4838655
4839165
4842097
4844331
4845965
4847012
4851741
4853435
4853476
4854344
4855013
4856751
4857603
4859049
4860146
4861620
4862322
4862962
4863061
4863875
4872729
4873981
4874950
4876927
4878855
4880847
4882443
4883118
4884054
4885706
4888232
4888943
4889461
4889682
4890248
4891383
4894928
4896200
4899028
4903993
4904569
4906279
4907238
4907726
4908198
4908952
4910010
4910724
4911311
4912342
4912945
4913746
4914355
4914882
4915446
4917087
4918397
4918598
4919497
4920159
4921031
4923368
4925380
4951924
4952709
4952762
4953548
4954101
4954605
4955022
4955415
4955729
4956004
4956285
4956551
4957147
4957391
4958300
4958592
4958957
4959494
4960311
4962240
4963621
4964353
4964807
4964949
4969430
4969566
4971197
4985158
4985540
4985873
4986316
4986680
4987629
4988178
4988786
4989572
4993861
4994639
4995510
4996297
4997431
4998531
4998820
4999420
5000621
5011031
5013507
5014260
5014984
5015450
5016222
5016681
5017153
5017770
5018553
5019925
5020732
5021658
5022374
5023296
5024283
5024411
5024986
5025960
5026827
5027401
5027913
5028043
5028691
5028825
5029691
5030413
5031196
5032053
5032558
5032679
5033162
5033830
5034575
5035498
5036154
5037728
5038242
5038967
5039502
5040616
5041223
5041583
5042450
5042845
5043923
5046452
5047287
5047998
5048529
5049164
5049357
5049823
5050893
5051548
5051761
5052572
5053679
5054392
5055996
5056163
5056790
5057328
5057935
5058446
5058953
5059468
5059819
5060261
5060609
5060925
5061254
5061667
5062069
5062484
5063085
5063488
5064115
5064463
5064695
5065730
5066633
5067904
5068479
5068950
5069453
5069924
5070443
5077886
5077984
5078889
5083417
5085028
5085672
5086398
5088119
5089197
5090045
5090642
5092589
5095622
5096378
5096675
5097303
5097516
5099042
5099768
5101096
5101671
5101766
5102217
5102426
5103004
5103503
5104160
5104719
5106741
5106778
5110870
5115170
5121993
5122399
5122750
5123142
5123604
5124075
5124780
5127558
5128351
5129209
5129879
5131789
5132847
5137245
5138542
5138687
5139806
5140812
5141456
5142049
5142430
5143001
5143951
5147872
5148551
5149138
5149790
5151450
5151912
5152377
5152847
5153356
5153838
5154364
5154687
5155183
5155794
5156357
5156776
5157247
5157636
5158651
5159150
5159499
5159890
5160252
5160644
5161032
5161390
5161871
5162234
5162672
5163281
5163951
5164775
5168340
5169368
5170263
5171145
5172055
5173312
5174457
5176138
5176694
5177245
5177644
5178131
5178922
5179573
5190510
5191463
5192128
5193600
5194177
5194504
5195027
5195719
5195972
5196478
5196656
5197465
5197483
5197949
5198605
5200146
5200676
5201045
5202083
5202976
5203634
5204614
5204813
5205219
5206565
5206830
5213659
5215082
5216045
5217444
5217879
5218452
5220159
5221608
5223953
5224731
5224777
5225556
5227061
5227223
5228311
5228801
5229395
5230273
5230990
5232453
5233514
5234974
5236038
5237704
5238322
5238821
5240011
5244578
5245487
5246014
5246128
5247201
5247999
5248634
5250218
5253028
5253078
5253453
5253860
5254749
5255608
5256946
5257445
5258208
5258796
5259693
5259979
5260363
5264333
5267804
5273460
5274059
5277740
5277902
5278690
5279231
5282831
5286913
5287806
5294442
5295420
5296315
5298395
5298994
5299366
5299880
5299887
5300036
5301492
5304925
5306922
5307988
5308635
5309272
5309670
5310100
5310628
5311172
5311820
5312451
5313124
5313853
5314593
5315072
5315870
5315959
5316462
5317359
5318742
5318993
5323395
5324218
5324739
5325285
5325856
5326234
5326268
5326496
5327607
5328021
5328471
5336205
5339320
5340307
5341071
5342257
5344345
5352599
5353368
5354844
5355825
5355985
5356498
5357584
5357830
5358799
5359508
5360411
5360775
5361577
5362190
5362771
5363421
5364134
5365127
5365351
5365897
5366111
5366503
5367012
5367970
5368385
5368720
5371288
5376325
5377256
5377498
5377595
5377913
5378863
5380092
5380433
5380762
5403855
5410526
5413720
5415293
5416056
5416771
5417758
5417856
5419691
5432296
5433861
5434632
5436672
5438506
5441625
5442254
5442811
5443399
5443944
5444636
5445101
5445122
5445208
5445741
5446262
5447518
5448597
5450352
5453348
5453711
5454656
5454758
5457423
5458240
5459034
5459704
5460364
5460797
5461364
5461805
5462238
5463186
5464176
5464933
5465563
5466814
5467374
5468025
5469862
5470807
5471953
5473502
5475611
5476391
5477192
5477629
5477842
5478228
5478447
5478461
5478641
5479141
5479797
5480466
5481394
5482449
5483487
5484125
5485053
5486638
5487620
5488486
5493200
5499415
5500111
5500815
5501625
5502044
5502138
5502615
5503964
5504049
5507616
5508514
5509798
5510420
5510839
5511446
5512313
5514079
5514884
5515606
5516185
5516426
5516565
5516962
5517416
5517463
5518152
5518828
5519672
5520396
5521153
5521990
5522408
5522874
5523449
5524086
5524738
5526935
5527534
5529554
5530193
5531013
5531823
5532645
5532721
5534479
5535204
5536890
5538013
5538690
5538880
5539879
5543464
5544894
5544948
5546080
5546251
5547750
5550803
5551668
5552380
5559730
5561219
5569217
5569977
5570038
5573331
5573752
5574508
5575142
5575780
5577318
5579484
5580310
5581571
5582583
5583785
5589723
5590394
5591265
5591952
5593645
5594807
5599574
5604561
5605139
5605857
5617750
5618344
5619086
5620141
5621290
5622479
5623058
5623993
5624557
5625152
5625816
5626702
5627127
5628180
5633474
5635599
5636232
5638398
5639307
5639601
5640433
5641295
5641946
5642890
5644428
5644572
5659008
5662502
5663384
5663999
5665175
5665947
5666508
5667314
5668040
5669382
5671787
5679788
5680727
5688667
5689162
5689647
5690374
5691022
5692006
5695240
5696282
5698108
5698310
5699177
5700201
5701611
5702613
5704513
5705014
5705050
5705786
5707077
5708185
5711808
5713786
5723776
5726958
5733624
5737699
5749014
5751589
5752003
5752523
5752959
5753463
5753924
5754505
5756009
5757412
5758333
5759059
5759692
5760580
5761238
5761520
5765143
5767641
5769014
5771000
5772158
5776180
5778081
5778724
5779593
5780552
5781457
5782342
5785188
5785824
5786111
5787223
5787333
5788147
5788953
5790028
5791106
5803428
5821732
5827907
5829191
5831173
5850065
5851073
5851779
5852330
5852745
5853429
5854027
5855012
5855749
5857004
5857139
5857906
5859171
5860048
5861438
5862417
5863642
5865404
5875825
5877867
5878652
5881746
5883479
5884051
5886186
5888366
5888407
5889091
5889159
5900584
5901326
5902349
5903090
5916066
5919047
5919539
5920745
5921581
5922128
5922769
5923584
5924342
5924982
5925605
5926079
5926735
5928538
5930941
5933204
5933940
5934907
5935446
5936037
5936629
5937170
5937300
5937999
5938750
5939471
5939818
5940142
5940381
5940784
5941361
5942206
5942247
5942815
5943763
5953981
5954731
5955382
5955970
5956424
5956581
5957156
5958373
5959022
5959473
5960080
5963302
5964023
5964824
5967237
5979327
5980380
5981035
5982137
5982323
5983107
5983642
5983731
5984020
5984219
5984900
5985419
5985820
5994981
6004858
6007226
6007645
6012059
6013482
6022282
6022623
6023026
6023398
6023838
6024359
6024927
6025549
6030805
6030842
6031926
6034946
6036333
6037202
6038005
6038891
6039559
6040864
6047187
6055703
6061271
6062897
6063541
6064022
6064621
6065317
6069789
6073979
6074953
6077402
6084938
6085021
6087955
6089171
6089481
6095218
6096306
6097477
6099197
6101697
6112533
6113501
6123673
6125634
6125903
6126810
6127505
6128146
6128854
6129948
6131302
6132408
6133901
6138918
6151536
6151789
6154201
6156577
6159579
6161139
6166201
6166948
6167662
6168465
6169110
6170059
6172319
6179366
6181326
6184172
6186519
6203414
6204293
6205605
6207751
6209079
6214083
6215229
6218675
6219470
6220220
6220840
6221693
6223018
6224401
6227163
6228564
6245250
6247698
6248223
6250361
6250971
6251534
6251978
6253053
6253696
6254255
6255024
6255642
6256492
6264336
6266526
6267619
6268947
6269933
6269966
6270611
6270758
6271942
6273027
6274883
6274941
6275549
6276534
6277381
6278049
6278699
6279389
6280585
6300071
6300517
6300665
6301391
6302546
6303122
6303853
6304445
6305699
6306685
6307428
6308120
6308633
6309121
6309669
6310257
6310637
6311112
6311609
6311769
6312108
6312447
6313044
6313523
6313695
6314111
6314843
6315518
6316405
6317133
6318011
6318830
6319613
6320588
6321085
6329285
6335792
6336388
6338483
6339462
6339710
6340124
6342001
6342874
6348375
6349188
6350822
6351976
6353371
6355212
6355944
6358626
6360330
6363778
6364481
6365053
6365236
6365806
6367159
6367764
6368022
6370292
6372530
6374824
6375521
6376273
6376782
6377898
6378724
6407336
6409096
6411159
6413278
6414295
6414533
6415141
6416356
6421357
6422824
6424745
6444814
6449695
6450656
6454288
6454571
6456048
6474045
6475149
6475395
6479752
6480913
6481668
6483028
6483724
6485159
6490965
6492241
6493157
6494211
6495334
6500631
6503352
6505888
6507576
6508077
6509702
6510302
6510849
6511466
6511716
6512027
6512735
6513289
6514074
6514715
6515014
6515726
6516615
6517195
6517780
6518574
6519183
6519635
6519703
6520118
6525111
6525769
6526489
6527156
6528279
6529709
6530309
6530438
6532093
6533008
6533484
6534004
6534368
6534822
6535362
6535919
6536690
6536756
6543728
6544735
6546330
6548359
6549256
6549676
6550411
6551495
6553457
6554609
6555238
6555788
6556363
6556887
6557350
6558086
6558567
6559652
6560517
6561477
6562713
6563520
6564365
6564966
6565919
6566593
6568563
6570373
6572850
6573700
6574599
6575649
6576149
6576705
6577366
6590152
6590882
6592972
6594258
6596090
6596527
6596575
6597466
6597872
6598269
6598711
6599151
6599607
6600203
6600649
6601389
6602343
6603004
6603036
6603404
6606574
6607686
6608557
6609261
6612547
6612569
6634631
6635242
6635727
6636284
6637011
6637564
6638266
6638815
6639727
6640286
6641062
6642381
6643963
6645501
6646592
6649716
6654085
6654869
6660178
6661250
6662784
6663877
6664690
6665879
6666492
6667665
6669172
6669653
6671182
6671795
6672413
6673289
6673293
6674250
6674806
6675441
6676132
6677040
6677997
6678796
6680271
6681740
6683160
6684037
6684734
6686331
6686908
6687982
6688635
6689171
6691720
6692271
6692722
6693327
6693937
6696006
6697145
6698196
6698935
6699441
6699921
6700498
6701049
6702091
6712592
6718010
6725501
6726307
6726952
6726989
6727442
6728067
6728715
6729291
6729945
6730803
6731379
6754664
6755635
6755998
6756831
6757311
6758205
6760643
6771416
6771880
6772286
6772627
6772982
6773344
6773697
6773958
6774018
6774412
6774690
6775051
6775506
6775873
6776755
6777783
6778694
6780033
6781097
6782398
6782700
6783007
6783292
6786709
6787318
6787819
6788571
6789030
6789459
6789669
6790464
6790938
6791480
6792259
6792282
6793827
6803701
6806008
6806747
6806788
6818414
6820327
6821031
6821717
6822348
6825401
6828103
6829655
6830176
6831233
6831933
6833042
6834091
6836543
6836991
6838030
6852034
6859818
6860360
6860922
6861523
6861896
6862330
6862737
6863137
6863581
6864042
6864441
6864945
6865347
6865979
6866704
6869380
6871450
6880457
6881151
6881640
6882702
6883241
6884225
6885722
6886458
6887475
6889222
6889873
6890348
6890930
6891837
6892053
6892480
6892987
6893499
6894071
6894623
6895187
6896223
6898149
6898852
6899969
6900577
6901851
6902104
6904011
6922502
6922993
6923841
6924936
6926731
6928520
6928606
6930912
6935677
6941998
6943013
6944101
6945731
6946512
6946563
6947911
6948641
6949895
6950529
6951562
6952380
6953084
6953998
6954040
6954290
6955176
6956671
6968654
6977609
6983468
6987801
7002791
7003510
7004394
7005085
7005904
7007359
7007391
7014552
7021875
7023217
7023905
7025202
7026411
7027843
7028609
7029734
7030400
7034829
7043534
7043545
7044858
7050873
7052151
7057437
7064146
7086634
7087316
7093652
7094227
7098010
7102829
7105907
7108185
7111319
7112168
7112870
7113700
7125023
7125196
7126426
7127454
7129252
7131094
7132807
7133688
7155154
7155930
7157002
7160866
7169274
7201781
7203210
7203350
7204729
7205394
7206628
7207257
7207316
7208890
7217608
7218909
7219667
7220396
7221467
7222412
7223468
7224182
7224842
7225304
7225612
7225778
7226368
7226795
7227547
7228209
7233387
7241383
7242442
7243059
7252716
7254403
7254849
7255937
7256766
7257730
7257792
7258532
7259485
7261565
7264027
7266147
7268564
7271463
7272036
7272490
7273988
7276998
7284304
7284317
7286212
7287522
7312104
7313651
7315245
7316544
7317582
7318322
7319253
7319862
7320642
7322163
7322486
7324934
7326740
7330155
7330282
7333026
7349856
7350561
7351192
7351762
7352389
7358180
7362121
7372851
7373288
7373668
7374136
7374807
7375435
7380299
7381074
7381865
7383215
7385503
7386615
7387248
7387783
7388769
7390755
7394012
7395376
7396290
7397484
7398552
7399855
7400672
7403442
7404542
7405266
7406016
7406144
7406865
7407875
7408807
7409733
7411422
7412525
7413206
7414026
7414679
7415067
7415177
7416323
7418146
7419313
7419966
7420834
7421381
7422122
7422864
7423516
7427541
7428282
7429932
7430992
7431986
7432704
7433400
7434018
7438387
7439240
7440856
7441598
7441666
7442474
7443558
7444358
7446040
7446189
7446647
7447291
7447889
7448882
7449580
7450147
7451616
7453947
7456160
7457455
7460276
7462715
7468324
7468538
7471021
7473064
7473728
7474242
7474345
7474361
7475083
7475902
7477297
7477995
7478611
7479205
7480605
7481518
7482087
7484807
7485961
7486634
7487153
7487696
7488291
7488769
7489234
7489972
7490642
7491001
7491441
7491586
7492014
7493616
7500552
7501404
7512829
7513448
7513972
7514435
7514895
7515764
7516313
7516752
7517693
7518911
7519631
7520333
7520683
7520878
7522010
7524021
7526396
7527809
7528910
7529808
7531058
7531141
7531570
7532108
7533269
7536270
7536807
7537465
7538796
7538974
7539536
7541199
7543284
7544810
7549797
7551127
7551997
7552642
7553262
7553711
7554393
7554830
7555304
7555806
7556161
7557198
7557560
7557963
7558328
7558374
7558669
7559029
7559528
7559997
7561183
7561649
7562107
7562649
7563086
7563703
7564265
7564936
7565453
7565943
7566152
7566620
7567308
7567898
7568514
7574449
7590923
7591470
7592059
7593087
7594656
7602722
7607442
7616947
7617976
7618593
7618629
7619092
7619605
7620233
7620940
7622038
7623553
7625709
7626533
7627289
7628008
7628601
7629502
7654312
7655769
7655913
7658475
7659631
7661083
7662192
7663322
7664929
7665571
7667534
7669035
7670382
7671106
7671824
7672737
7673355
7674215
7675190
7676007
7676816
7678098
7679314
7680521
7681346
7682237
7683200
7684135
7684140
7685055
7686264
7688025
7690658
7691460
7692552
7694057
7694783
7694826
7694840
7698221
7699196
7700342
7701025
7702082
7702808
7703299
7704072
7704238
7704831
7705506
7706143
7706908
7707751
7708400
7709675
7710158
7710908
7711230
7711469
7711718
7712111
7712364
7712647
7712955
7713307
7713946
7714482
7714951
7715354
7715887
7716498
7717128
7718968
7719081
7720360
7720859
7721354
7721892
7722612
7723232
7723799
7724491
7742194
7743730
7744357
7745105
7745871
7746845
7748020
7748673
7749420
7750256
7750848
7751870
7753310
7757514
7758136
7758700
7759514
7760091
7760677
7761295
7761857
7762526
7763861
7775575
7778007
7778806
7779831
7780594
7781333
7782414
7784763
7785400
7786213
7786781
7788118
7789110
7792329
7792723
7805019
7805533
7805940
7806547
7807158
7808570
7814880
7822388
7822896
7823861
7824572
7825359
7826629
7829591
7830514
7831257
7831978
7833397
7834421
7836054
7836711
7837277
7838026
7838624
7839861
7840905
7841792
7843205
7844418
7845147
7845710
7846201
7846498
7846727
7847334
7847363
7848181
7848972
7849863
7851099
7851795
7853056
7854165
7855141
7855638
7856087
7856714
7858196
7858952
7860136
7861027
7863352
7863571
7864139
7864237
7864854
7865464
7866139
7866851
7867470
7868448
7870377
7870458
7872197
7872775
7873456
7874227
7874941
7875204
7875883
7876534
7877324
7878493
7879680
7880760
7883048
7883701
7884480
7885047
7885296
7885664
7886479
7886918
7887678
7888369
7889107
7889915
7890414
7891120
7891986
7892765
7894109
7895986
7897957
7898659
7900164
7901376
7902002
7902935
7903625
7904246
7904819
7905364
7906527
7912253
7912852
7913879
7914466
7915274
7916193
7916880
7917473
7918025
7918381
7919076
7919746
7920889
7921884
7922560
7923382
7923860
7924662
7925310
7926111
7927168
7928985
7929812
7930523
7931030
7932212
7934102
7934623
7935119
7935655
7936193
7936851
7937125
7937872
7938251
7938791
7939460
7940071
7940754
7941399
7942262
7942757
7943265
7943787
7944440
7944910
7945306
7945839
7946341
7947244
7947384
7947826
7948626
7951789
7952798
7953511
7953999
7954441
7954900
7955714
7956213
7956497
7956949
7957620
7958046
7958475
7959276
7959568
7960062
7961409
7961894
7963349
7967814
7968373
7968540
7969097
7969774
7970498
7971344
7972238
7972957
7973756
7974383
7976227
7977115
7978893
7979424
7979944
7980403
7981085
7981879
7984779
7985431
7986286
7987703
7988731
7989223
7989933
7990629
7991157
7991607
7992049
7992583
7994627
7996000
7996705
7997073
7997355
7999009
8000138
8001133
8001748
8001787
8002442
8003205
8005947
8017086
8017650
8018137
8018603
8019117
8019693
8020204
8020796
8021779
8022644
8023456
8024547
8028118
8031831
8032600
8033786
8034467
8034959
8035712
8035866
8036585
8044905
8045306
8045719
8046129
8046728
8047182
8047688
8048500
8049437
8050605
8051348
8054169
8055461
8056342
8056862
8057664
8058360
8058945
8059666
8060962
8061697
8064046
8066822
8068415
8069796
8073764
8074873
8075685
8075795
8076298
8076890
8077626
8078274
8078778
8079880
8100541
8107331
8107827
8108415
8108993
8109734
8110405
8111507
8113527
8114478
8115165
8115741
8116466
8117132
8117926
8118555
8119272
8121188
8121391
8122265
8123079
8125587
8140375
8140921
8141298
8142204
8142740
8143132
8143203
8143209
8143562
8144045
8144413
8144928
8145267
8145739
8146265
8146747
8152062
8152798
8153105
8153336
8153882
8154479
8154976
8155610
8156378
8157137
8161391
8162212
8162632
8163021
8163568
8164118
8164607
8165152
8166072
8166724
8169008
8195160
8195762
8196265
8196731
8197359
8211263
8212093
8217729
8218388
8218852
8219964
8220765
8221528
8221563
8223309
8226856
8227454
8228067
8228551
8228959
8229447
8230000
8230626
8231101
8231753
8232324
8233126
8234252
8234992
8235629
8236223
8236754
8237283
8237888
8238444
8239142
8240640
8241488
8242208
8243384
8244057
8244653
8245415
8246602
8247184
8248408
8248985
8250176
8250840
8251670
8253217
8255785
8255809
8272767
8273141
8273792
8273891
8274436
8278678
8283742
8284443
8284450
8285056
8285937
8286805
8289879
8298462
8316491
8317873
8319903
8322248
8323737
8324335
8324908
8325476
8325737
8326042
8326442
8326855
8327654
8328853
8332266
8333283
8354157
8354895
8355453
8356480
8357284
8357959
8358236
8365270
8375800
8381870
8383126
8383916
8384644
8385453
8385919
8386600
8387418
8388480
8392985
8393599
8394224
8394810
8395563
8397615
8402543
8405238
8406228
8407235
8407791
8408489
8409504
8413443
8414156
8415135
8415820
8416820
8418528
8420577
8422093
8423370
8426870
8428879
8430009
8433958
8435052
8435718
8436276
8437706
8438442
8440041
8441668
8442542
8442580
8443246
8444797
8445537
8446507
8450164
8451010
8452469
8452511
8453574
8454294
8455895
8455935
8456549
8457059
8458015
8458967
8459826
8460752
8461529
8461625
8462966
8464533
8465452
8466449
8467165
8467832
8468534
8469165
8470546
8473089
8473262
8474178
8475177
8477717
8478846
8484234
8499284
8504871
8509430
8513703
8514777
8515716
8516395
8517150
8518060
8519189
8519891
8519911
8520678
8521252
8521853
8522651
8523826
8524938
8525717
8526764
8527814
8550436
8551777
8553756
8557323
8558542
8558588
8559392
8561411
8563162
8564029
8573857
8575023
8576858
8579020
8580839
8581952
8584864
8587287
8587324
8587753
8589033
8590104
8591242
8592258
8593169
8593955
8594867
8596494
8597873
8599591
8600802
8604416
8605213
8607612
8609364
8610063
8610791
8611415
8611654
8612200
8612687
8614575
8615692
8623243
8627919
8628671
8629434
8629898
8630340
8636662
8637518
8638431
8639696
8640987
8642207
8642965
8643995
8645385
8648285
8652003
8654447
8655166
8657285
8657777
8658437
8660057
8660823
8661497
8661675
8662154
8663618
8664240
8665163
8667419
8668343
8675248
8675875
8676502
8677004
8677663
8678412
8679268
8686337
8688020
8688710
8689255
8690015
8699251
8706704
8707140
8708375
8709608
8727024
8728253
8729491
8731050
8731725
8732279
8732354
8733371
8737653
8739929
8740585
8741206
8742175
8743249
8743289
8749201
8750313
8750786
8751314
8752346
8753001
8753538
8754076
8755150
8755799
8757134
8758447
8771735
8772588
8773236
8774009
8776008
8777089
8778435
8780660
8782540
8783157
8783740
8784258
8784813
8785440
8785897
8786581
8787238
8788079
8788963
8789899
8799833
8800561
8806938
8811449
8815567
8816392
8817192
8818751
8819426
8820331
8827085
8827786
8828220
8828730
8829350
8831099
8833086
8834560
8836051
8836668
8837121
8837620
8838135
8838604
8839131
8839866
8847185
8848229
8849756
8853476
8856427
8869497
8870394
8882439
8882793
8883144
8883476
8883905
8884309
8884854
8885340
8887297
8888491
8889564
8890375
8891451
8892185
8893764
8896511
8897647
8897797
8898846
8902613
8903865
8904060
8904393
8904772
8905405
8905895
8906020
8907051
8908016
8910043
8912327
8913363
8914355
8920768
8933340
8933917
8934789
8935317
8936120
8949900
8952992
8958337
8961347
9002444
9004685
9005939
9006492
9007922
9009132
9012269
9019560
9021832
9022378
9022962
9023589
9024222
9024647
9024828
9025474
9025508
9026296
9026891
9027528
9029452
9029976
9030501
9032135
9032773
9033686
9033773
9038141
9038825
9039356
9039933
9040316
9040715
9041283
9041783
9042373
9043191
9043285
9044378
9046653
9057034
9057495
9058870
9059276
9059462
9059915
9061134
9061580
9062003
9062515
9062763
9063402
9065027
9065661
9066280
9066936
9067944
9068808
9069709
9070059
9070466
9070963
9071393
9071597
9071929
9072278
9072818
9072894
9074043
9075072
9076521
9076572
9078125
9079670
9079758
9080680
9080681
9081293
9082743
9083108
9083353
9083789
9084260
9085038
9085979
9086431
9086919
9088295
9088712
9089009
9089773
9091884
9092321
9092785
9093384
9093947
9094519
9095594
9096348
9096694
9097078
9097611
9098148
9098177
9098967
9099675
9099725
9102284
9103004
9103719
9104269
9104962
9105428
9106022
9106359
9106772
9107199
9107589
9108197
9108559
9108993
9110896
9112896
9114269
9117785
9118240
9118812
9119358
9120168
9125965
9130319
9131863
9147432
9148865
9157851
9172515
9173669
9176528
9178947
9178950
9179862
9180346
9180385
9180812
9181372
9182238
9182978
9187301
9187922
9188441
9189092
9191000
9192797
9195738
9198336
9199177
9199817
9201011
9202771
9206426
9207158
9208625
9209414
9210227
9211601
9212670
9212777
9214540
9215359
9216385
9217135
9217754
9219028
9219429
9220006
9221882
9224219
9225748
9226640
9227700
9228785
9229656
9230595
9231607
9232255
9233279
9233777
9233900
9235188
9236168
9237323
9238277
9239492
9241018
9241487
9242789
9243405
9243647
9244308
9245337
9251093
9251709
9252137
9252558
9252994
9254476
9258772
9260987
9274360
9275755
9277901
9279076
9280558
9281484
9282639
9284088
9291943
9305915
9332149
9341643
9342638
9349355
9361511
9362983
9364255
9367326
9368164
9372865
9373487
9374099
9374734
9377609
9386290
9392132
9393207
9401695
9405590
9405603
9407230
9413436
9417801
9418728
9420842
9427365
9429492
9430600
9454198
9456604
9457487
9461931
9463490
9466767
9468022
9476346
9477411
9478242
9479048
9480431
9480576
9481652
9482125
9482552
9483012
9483488
9484189
9485066
9486657
9489554
9490894
9492259
9492568
9503519
9504448
9505200
9505955
9508966
9509726
9511764
9512036
9513630
9515515
9516312
9517141
9517885
9519169
9519819
9520548
9521450
9522580
9525862
9528237
9533767
9535669
9536412
9537340
9540304
9540960
9543031
9544855
9547762
9559146
9559744
9561178
9568758
9571490
9580071
9586873
9587394
9587950
9588554
9589224
9590109
9590689
9593428
9594582
9595274
9596180
9597091
9597960
9598049
9602646
9605862
9618081
9618852
9625209
9626232
9626513
9627436
9627840
9629484
9629671
9630045
9630242
9634317
9635271
9644149
9648300
9658260
9660549
9661392
9662078
9663081
9663923
9665092
9665758
9671442
9676587
9685755
9687077
9692830
9694011
9695434
9695437
9696751
9698204
9700292
9701473
9702942
9704521
9706550
9708917
9710537
9716149
9717107
9718242
9719463
9720285
9721145
9726137
9726244
9727534
9727589
9728306
9728464
9729182
9731327
9731522
9734469
9739849
9752789
9755272
9755273
9756754
9758733
9760522
9772519
9773725
9774355
9774669
9775646
9779614
9780729
9782668
9784682
9789110
9790176
9791236
9792718
9796374
9798206
9799855
9800469
9804325
9807500
9811138
9813134
9814330
9815743
9816772
9817518
9818868
9820345
9820779
9823064
9824018
9824831
9825209
9826235
9829457
9830579
9831867
9836866
9837425
9841933
9843700
9846501
9851436
9851492
9851492
9852804
9858532
9858742
9859276
9860046
9861004
9861403
9861705
9862064
9864993
9865930
9866241
9877267
9878054
9878799
9880766
9904243
9905409
9906191
9907342
9908245
9909874
9911591
9912667
9913545
9915082
9916976
9918301
9919706
9919761
9923945
9928447
9929693
9932509
9933072
9935430
9936676
9938641
9939606
9940472
9941413
9941692
9941994
9943194
9945179
9948337
9951853
9952827
9954031
9955405
9956599
9960611
9962590
9963983
9966158
9966667
9968736
9969700
9971185
9972033
9973122
9974322
9977656
9979992
9990404
9991559
9992327
9993722
9994192
9994332
9994831
9996151
9997634
9998423
9998917
9999249
9999475
9999971
10000387
10000921
10001637
10002290
10002758
10003453
10004055
10004202
10004709
10006341
10007715
10014961
10015700
10016272
10016696
10017162
10017573
10017948
10018379
10019044
10019642
10020621
10022530
10023093
10024029
10025225
10025792
10026027
10026542
10026748
10027604
10028284
10028927
10029786
10030053
10031396
10034518
10035132
10035953
10037240
10037832
10040322
10040568
10042662
10044134
10044791
10074599
10075283
10075910
10076506
10077210
10080330
10081453
10082247
10083012
10084014
10084496
10085083
10086664
10098933
10100645
10101930
10103069
10103892
10105167
10113379
10114625
10116679
10116900
10117684
10117889
10118406
10119142
10119859
10120571
10120755
10120797
10121491
10122060
10122183
10124020
10124992
10126070
10126341
10126740
10127523
10128284
10129166
10132125
10146289
10147356
10148167
10149191
10149679
10151858
10152069
10153643
10156868
10157774
10158525
10159747
10161037
10161178
10167190
10168954
10171079
10171872
10173319
10174221
10177087
10177955
10179329
10180101
10181580
10183595
10185036
10196596
10204938
10209349
10216684
10217647
10219427
10221274
10221327
10227522
10228551
10229538
10230778
10232207
10233249
10233361
10234065
10236268
10236969
10238174
10238938
10240691
10242751
10243751
10245942
10246872
10247598
10248402
10249088
10249892
10254254
10262027
10262268
10263011
10263193
10264120
10264846
10265115
10269307
10270391
10271669
10272714
10273893
10285702
10286594
10298064
10301326
10302772
10305046
10309629
10313242
10315010
10316089
10317076
10318258
10325704
10327919
10328995
10330165
10330989
10350145
10353402
10354700
10355839
10357405
10358684
10358908
10359920
10361048
10362954
10367934
10369377
10370448
10381095
10383798
10385306
10385761
10386919
10388174
10389013
10389790
10390644
10391706
10392889
10400299
10403524
10404710
10406486
10410705
10411764
10412739
10414473
10415837
10421290
10425685
10426619
10427676
10431641
10431679
10438540
10439806
10440958
10446947
10450353
10451792
10452660
10453856
10455022
10457840
10462535
10463719
10469550
10470317
10471406
10478814
10479868
10480988
10484023
10485942
10487429
10488896
10496594
10496943
10497781
10498494
10499749
10500122
10503226
10505880
10523423
10523922
10523956
10524416
10524800
10525219
10525773
10526539
10531199
10531744
10534372
10537460
10540234
10540949
10541668
10542690
10542762
10543384
10545512
10546076
10552483
10555102
10556073
10557440
10559552
10560060
10560748
10561452
10562246
10563311
10564088
10564987
10565844
10567058
10567691
10568890
10574424
10575408
10576160
10577560
10578126
10578715
10580949
10588870
10589527
10590297
10590805
10591431
10592149
10602104
10609418
10610078
10610948
10611566
10612533
10613518
10615088
10619259
10619503
10620892
10622823
10632815
10638589
10639577
10640381
10641557
10642534
10642715
10642880
10644417
10645769
10649988
10651225
10653053
10653971
10655037
10656745
10661783
10665188
10668162
10668221
10668993
10670185
10671965
10672600
10673384
10685831
10687601
10689259
10690975
10695126
10695321
10696029
10697668
10698729
10699738
10700570
10701526
10703844
10705767
10707433
10707952
10708581
10709208
10709863
10712004
10712541
10716164
10716956
10718870
10727389
10736077
10739061
10740928
10742266
10743398
10744280
10745257
10746232
10746919
10747620
10748088
10748823
10749481
10750250
10751052
10751757
10752524
10753440
10754545
10756950
10757830
10758624
10759279
10760098
10760614
10761548
10762219
10762888
10763782
10764432
10765160
10765772
10766202
10766302
10767048
10767959
10770884
10773108
10775488
10778991
10780012
10802608
10814385
10823782
10824589
10829241
10839686
10841539
10845552
10846703
10856217
10857091
10858075
10859089
10861029
10861576
10868086
10870101
10871374
10872833
10875186
10879362
10880032
10880704
10881547
10883638
10883768
10886989
10887668
10888623
10889755
10890156
10892329
10894962
10897989
10898852
10899679
10900252
10900954
10901628
10902270
10903138
10903368
10905137
10911763
10912680
10913675
10914547
10917694
10921929
10922642
10924240
10931466
10936106
10937282
10937918
10938429
10939117
10939879
10940526
10940600
10941578
10942194
10942853
10944424
10945789
10946678
10947720
10948648
10949674
10951545
10952600
10954885
10959917
10973196
10973603
10974149
10974736
10975549
10984062
10985045
10985455
10985911
10987264
10988562
10989822
10992337
10999985
11004476
11006665
11007972
11008347
11008553
11013952
11014362
11014655
11015453
11019195
11021128
11022329
11025418
11026627
11027540
11028801
11029496
11029662
11030399
11031380
11032042
11033643
11034107
11034523
11034609
11035638
11041274
11042167
11043265
11043839
11044658
11045433
11046175
11047249
11048175
11049057
11049172
11049813
11050979
11052658
11054424
11054885
11055260
11055830
11056348
11056886
11057434
11057930
11058488
11059150
11059862
11060651
11060730
11061596
11077681
11079992
11080682
11081365
11082276
11082981
11083748
11084180
11085166
11085850
11087485
11088747
11090941
11093072
11093632
11094054
11094556
11095610
11096643
11104280
11104907
11105613
11106350
11106983
11107489
11107988
11108837
11109572
11110194
11111067
11111585
11112277
11112790
11113392
11114263
11114876
11115494
11115736
11116211
11116282
11116858
11117075
11117490
11118001
11119054
11119461
11119982
11120384
11120998
11121777
11122361
11123433
11124035
11124804
11125385
11126002
11126984
11127623
11128262
11129900
11130191
11130317
11131017
11132146
11132391
11132849
11133753
11135974
11137715
11138347
11139648
11140797
11144987
11162380
11163124
11164221
11165344
11172130
11184766
11185627
11186057
11190631
11191296
11191669
11192018
11192373
11192818
11193128
11193500
11193879
11194288
11194834
11195014
11195268
11195791
11196680
11197766
11198986
11200452
11201160
11201759
11204265
11208243
11210190
11210845
11211280
11211753
11212205
11212641
11213126
11213707
11214301
11214812
11216341
11217159
11218224
11219147
11223091
11226042
