1205.017
7007.467
13985.41
14707.78
18742.7
21920.53
22696.14
27419.15
30543.06
36720.38
37137.18
37613.72
39616.54
40071.77
41034.61
42595.99
46419.56
46999.51
48222.88
48718.55
49537.97
50847.23
60218.53
67363.33
69102.9
69807.48
70142.67
70553.83
71522.12
72246.19
76802.53
80618.05
81045.52
81524.53
82149.72
84995.77
85499.07
86667.69
100896.4
101467.6
108937.4
109444.3
109915.9
110427.7
111307.7
113392.4
114060.9
116281.6
117076.7
117199.6
117577.5
118129.9
118668.6
119308.2
120338.6
122324.7
125511.6
127136.1
128093.3
129510.6
130154.6
130577.1
136422.3
138031.3
140116.4
143737.5
146474.6
146664.3
148094.1
148715.2
149062.2
158077.1
158846
159420.9
166049.1
166432
167836
170744.6
171209.4
171587
174080.1
185965.3
189014.4
195793
196354.9
197448
199150.6
201407.2
202259.5
202297.3
202753.3
203094.9
204319.9
207268.8
210447.4
211820.3
215104.6
215666.4
217066.7
217471.2
218406.1
218887.2
224251.3
227441.2
228825.7
234275.6
235673.2
239630.9
240023.8
241392.4
242624.3
246440.5
247048.2
247293.4
247836.1
249548
260747.8
270746.1
273137.1
275775.5
276217.2
278214.4
279880
280807.9
281146.3
301278.3
301901.8
310814.5
320680.4
323455.2
324142
335666.8
337319.3
337420.2
340269
340522.4
342040.7
345056.5
346873
358244.6
359304.8
359638.7
368123.7
368915.4
369819.5
371522.2
371664.4
375221.9
381533.2
385967.6
390245.6
392968.8
394596.8
398748
404761.5
409698.1
410546.1
411119.3
411921.8
412407.7
413512.9
414339.1
416293.4
416797
429771
430783.4
450552.6
452240.9
452286
453471.9
454414.6
455475.1
455644.2
456308.2
457111.3
457650.5
458344.3
461371.1
468320.2
469297.3
469927.5
470459.9
470865
471761.5
471803.5
473300.5
476789
480723.1
481459.7
481976.6
491144.6
492159.1
492567.9
492714.2
493345.2
494888.7
496009
498027.6
499860.4
501333.5
503038.1
506455.8
512590.1
512723.6
513559.2
514765.7
515478.6
515842.8
516286.9
517379.5
517803.9
519439.7
523012.9
523576.9
525587.6
540452
542711.3
543116.9
545115.1
545589.5
551406.2
554290.2
555878.6
562711.4
563590
567784
568567.8
569391.9
569999.8
572920.5
574073.6
574815.3
576253.7
577574.3
578169.5
578319.9
580330.9
581035.9
584230.9
591218.9
592442.7
593498
594625.3
605440
611977.5
612857.3
613745.8
614342.2
614644.4
615098.9
615731.2
618498.5
619422.2
620097.7
620859.5
625745.7
632923.6
633483.4
641584.2
646355.2
648977.9
650203.5
651023.4
653378.6
655877.4
661776.1
662272.1
662615.6
663096.4
664493.4
665008.7
665543.1
665981.8
671584.6
673699
674663.9
689537.9
689770.3
690835.1
691404.2
691881.7
694301.2
699240.9
699338.8
699781.9
699886.4
700210.6
701140.3
703605.6
704957.8
709630.8
710461.4
711383.3
712695.9
713014.5
718550.2
718949.3
719395.6
722171.6
727374.6
729107.4
730416.4
731847
734665.9
735549.4
737762.9
738281.6
738961.7
739138
739901.9
740568.8
741304.4
741945.9
742571.2
742878.1
743294.3
744578.4
746800
759955.4
763420
763476.5
763883.4
764521.7
764897.6
765288.4
765710.8
766338.3
767762.5
768195
771441.1
771541
772397.4
772941.2
773468
773971.4
774947.4
777947
779034.1
782107
796352.5
796971.1
798579.8
801298.7
804543.4
805079.8
805858.4
806895.9
808137
809232.7
809647.1
811185
811521.8
811899.2
813214.5
813595.6
822596
827142.6
828179.5
829064.2
831570.5
832873.3
836217.6
837337.8
838313.5
839272.7
845027
845872.5
847463.8
848689.8
872927.5
873929.3
875143.8
876237.4
876295.3
876731.4
877479.6
910287.9
911622.2
912675.7
916599.1
918046.5
919218.3
932583.8
932892.9
933345.1
934442
935611.3
936284.9
943317.7
943796.6
944695.7
945502.9
947131.7
947680.1
950720.5
952079.2
953248.7
955094.1
961664.4
965376.3
966131.7
966736.7
969460.3
971874.9
981275.7
983701.9
984445.1
984825.4
985373
986702.8
987168.9
988251.2
989088.6
990981.3
991123.3
992218.4
1009508
1010185
1010510
1011221
1012055
1012486
1012914
1018531
1021287
1022402
1022508
1026470
1028109
1029552
1036036
1036686
1037932
1042798
1043800
1049045
1049547
1055428
1059975
1060474
1061078
1063096
1064034
1074389
1076267
1076652
1078261
1080150
1080735
1081202
1081442
1082558
1082832
1083925
1085525
1090045
1090906
1092011
1097575
1098109
1099425
1099817
1100399
1100991
1101270
1101373
1101905
1102136
1103550
1104836
1107487
1111541
1112068
1113452
1130536
1130947
1131902
1132504
1134042
1136651
1138005
1138357
1139496
1140115
1140173
1141023
1141574
1146286
1147277
1148485
1150360
1150884
1153290
1153461
1157512
1162181
1170485
1170909
1176162
1177480
1184437
1186234
1187034
1187393
1189206
1195863
1196987
1201131
1201820
1203204
1204595
1204894
1205197
1207120
1211059
1211766
1217673
1219842
1222479
1222841
1223328
1223703
1224705
1227144
1229971
1230434
1231326
1235199
1235785
1236735
1241981
1242885
1249297
1250375
1250881
1251995
1254057
1255451
1256001
1259052
1263465
1263979
1264993
1266461
1267730
1268144
1275738
1284576
1285082
1287677
1288063
1291644
1292914
1295039
1297280
1310844
1314788
1315756
1319566
1320219
1321393
1322142
1324744
1351471
1352846
1353148
1353510
1354054
1354519
1355458
1356546
1361242
1366839
1370640
1371889
1372951
1373767
1377640
1378956
1382676
1384092
1386308
1387069
1387746
1388340
1388719
1405678
1415656
1418848
1423946
1424355
1425361
1426792
1427456
1428050
1433582
1434228
1440062
1443935
1445875
1446801
1447904
1450110
1460808
1461391
1463175
1472039
1472551
1473351
1474969
1475997
1476425
1477842
1480128
1488733
1489920
1499248
1501086
1501805
1503198
1504907
1512101
1515253
1519132
1526423
1529347
1531281
1534529
1535212
1535448
1536193
1538357
1545841
1548378
1549712
1550203
1551069
1553371
1553431
1555712
1556962
1557926
1562865
1569611
1570596
1570647
1572476
1574543
1576750
1581199
1591746
1592055
1592947
1593364
1599374
1600275
1603530
1604498
1604940
1605621
1606012
1609525
1618296
1620453
1621239
1621867
1622926
1623506
1624626
1626220
1627975
1630386
1630441
1632186
1632908
1633977
1645699
1653178
1658379
1659082
1662009
1664029
1674550
1685381
1688662
1695727
1697663
1699308
1699886
1700435
1701878
1702751
1707323
1708392
1715866
1717773
1718330
1724723
1725376
1725933
1726399
1729254
1732263
1734012
1734988
1745281
1749819
1751955
1752380
1753136
1756032
1756947
1757482
1757880
1762372
1763183
1763586
1763898
1764675
1765418
1766184
1770669
1771260
1772068
1772247
1773110
1775503
1776257
1801599
1802960
1809640
1810047
1810716
1811438
1815653
1823337
1825070
1838927
1842140
1843214
1843771
1850678
1855716
1856873
1857781
1858381
1859481
1860172
1861067
1861935
1864107
1871699
1881863
1884207
1885633
1886204
1889107
1891530
1892028
1895672
1898422
1913055
1915924
1932777
1936066
1936472
1943564
1944838
1945902
1948029
1949222
1950135
1953606
1956012
1956838
1958211
1960497
1963657
1964726
1969021
1973177
1977668
1981559
1993665
2001966
2008929
2009676
2015036
2015568
2018041
2023667
2029384
2030030
2030787
2031170
2031574
2034733
2038377
2041800
2043253
2047167
2050580
2051238
2051297
2052008
2053123
2053707
2054244
2056983
2057909
2059984
2060598
2061110
2065706
2084317
2086525
2088731
2093436
2097083
2101093
2103290
2106881
2108323
2108623
2109287
2120886
2121838
2122655
2123567
2124547
2127183
2132748
2133740
2134504
2134915
2136723
2138014
2138932
2139804
2140671
2141742
2143283
2144213
2144830
2145502
2146556
2149036
2149786
2151338
2157426
2159451
2160096
2161561
2169789
2171727
2184600
2185987
2187758
2188950
2198105
2199362
2217163
2217824
2220282
2222339
2223143
2223201
2225559
2226758
2227838
2228664
2228875
2229286
2230120
2231106
2253280
2253361
2254807
2255812
2257647
2258847
2271542
2276116
2278047
2278388
2279078
2279816
2280437
2281708
2286996
2289332
2298640
2303291
2303764
2303984
2304479
2304961
2305014
2305551
2306114
2306141
2306524
2307057
2307666
2308843
2309069
2312124
2312246
2317928
2318529
2319474
2326398
2333335
2334129
2340801
2342731
2343724
2346826
2349845
2352157
2362407
2372391
2373317
2378603
2379615
2382319
2384456
2385151
2386371
2399057
2402695
2404209
2404943
2405840
2406196
2408509
2408991
2411789
2413693
2421621
2431854
2432082
2433296
2435450
2437480
2438927
2439668
2444066
2448680
2453792
2455665
2456332
2467852
2477395
2478726
2479079
2479274
2480107
2482288
2483526
2485941
2496156
2497011
2497185
2498053
2499891
2504829
2507278
2507839
2508813
2509834
2510185
2519012
2519630
2519951
2520088
2520508
2520958
2521264
2522194
2522602
2529015
2540215
2540937
2543339
2546228
2549020
2550670
2551221
2553792
2554529
2556707
2557207
2557739
2558466
2560209
2569655
2570939
2572258
2573787
2577434
2584514
2585193
2587000
2587731
2588527
2589283
2592833
2594876
2595494
2596203
2598020
2598798
2599695
2608698
2609853
2611256
2635764
2644252
2646872
2647621
2649217
2650768
2659212
2660679
2663377
2667056
2667502
2669939
2670933
2672684
2673460
2674327
2674686
2675094
2675889
2677440
2705457
2707147
2708431
2709284
2709885
2710490
2724295
2726068
2727342
2730168
2741200
2743598
2745868
2746811
2747188
2748820
2749053
2752888
2753785
2754416
2754982
2756639
2757375
2757665
2758167
2767333
2768405
2769103
2769780
2771639
2774323
2776336
2777589
2778164
2778820
2778914
2779201
2779997
2781088
2786580
2798573
2799792
2799916
2807953
2809254
2810974
2811629
2812010
2812943
2816634
2817757
2822033
2822750
2823582
2824986
2826217
2827193
2829129
2829185
2841559
2841712
2848431
2848488
2851110
2857675
2858411
2859691
2865275
2866353
2867653
2868691
2869626
2875418
2875821
2877551
2877690
2878251
2879200
2879878
2880185
2881027
2881466
2882668
2883829
2890756
2893855
2894491
2895251
2895821
2896351
2897070
2897550
2897992
2898577
2899769
2900447
2901326
2910309
2910522
2910768
2912333
2914564
2915104
2917161
2917703
2919375
2920494
2920809
2928349
2930290
2936962
2938632
2939106
2940154
2940656
2941849
2943576
2944336
2946630
2947004
2947567
2950391
2957211
2966183
2969425
2969948
2975169
2975842
2981834
2982145
2982505
2983182
2983486
2983818
2984149
2984628
2984931
2985948
2987023
2987773
2988668
2990239
2991381
2995014
2995927
2996788
2997065
2997807
2998575
2999482
3011496
3012804
3014884
3015732
3016447
3016938
3020260
3032175
3032739
3033239
3034429
3034949
3038316
3039587
3040372
3041455
3051824
3054961
3056046
3063073
3064377
3065767
3067058
3080417
3081287
3094539
3098256
3099723
3100460
3100819
3100939
3101869
3103726
3104159
3105212
3113802
3117933
3129927
3152237
3155642
3160279
3166338
3166871
3170118
3172024
3183011
3183650
3184943
3188682
3190037
3191094
3191800
3192043
3193035
3194241
3200968
3201527
3202041
3202424
3203238
3203584
3204679
3205344
3205944
3208947
3210598
3215867
3223694
3231921
3232527
3232880
3233575
3235063
3237713
3238496
3239335
3249664
3250596
3251074
3252580
3252739
3258953
3260233
3266677
3268038
3269137
3269807
3276911
3279346
3281224
3290082
3291072
3291550
3292784
3293664
3294173
3294816
3296056
3296297
3297967
3304699
3307490
3312824
3314284
3316463
3317575
3320984
3323097
3323859
3340726
3340927
3346494
3348467
3350909
3352307
3353160
3356277
3366988
3375115
3379288
3381352
3382054
3383206
3384854
3385240
3385599
3386006
3386447
3387641
3402227
3402897
3408913
3409476
3419407
3419761
3424646
3425681
3427968
3429059
3432745
3441856
3447765
3453159
3455684
3457100
3457993
3463030
3464175
3465473
3468555
3470008
3474898
3476188
3478564
3478631
3479676
3493170
3495811
3496493
3498865
3500559
3503042
3509771
3512366
3522656
3526453
3527855
3529858
3531367
3531903
3533831
3546461
3548268
3549908
3561761
3565132
3566620
3567412
3569922
3570788
3574427
3575731
3577002
3578036
3581085
3600120
3601140
3602258
3602480
3603097
3604938
3605811
3606710
3612126
3614940
3615813
3618709
3620134
3625472
3626601
3627049
3628392
3629736
3646949
3647545
3648272
3649048
3650026
3651320
3654129
3655278
3662605
3663484
3663999
3664676
3665500
3666570
3671340
3680349
3680405
3681675
3684261
3684979
3685458
3686480
3690939
3691079
3693894
3695380
3696886
3704504
3704880
3705773
3707180
3708734
3709672
3710246
3712184
3712921
3713540
3715431
3717324
3733071
3734831
3736288
3737145
3737648
3738685
3745151
3746226
3749081
3751039
3751461
3752362
3754650
3762386
3765457
3773927
3774592
3775324
3777461
3788247
3789121
3789664
3796379
3798083
3798543
3799801
3800815
3802810
3803594
3804416
3814411
3815481
3817744
3818082
3819749
3828604
3829506
3829808
3829996
3830770
3831003
3833202
3834190
3836445
3837440
3838089
3839437
3840023
3840672
3841159
3841665
3846101
3849644
3851802
3858346
3860437
3862096
3862519
3863750
3864646
3869151
3870154
3871482
3872222
3873614
3873739
3874179
3874419
3876349
3877694
3877746
3878160
3878396
3879103
3879229
3880179
3880492
3891153
3898442
3899089
3899901
3901302
3902973
3903874
3904323
3904879
3905139
3905872
3906841
3908029
3909008
3914207
3919432
3927347
3927899
3928318
3930635
3936092
3944157
3944904
3945500
3945962
3947477
3948392
3949112
3949959
3950685
3959121
3967669
3969874
3970228
3971548
3973415
3974950
3975621
3976450
3977038
3977130
3977736
3978864
3979711
3984750
3987486
3988586
3989432
3991437
3992118
3992566
4003280
4003692
4004309
4006152
4009367
4010641
4011831
4012524
4013061
4015194
4017107
4017800
4020121
4023549
4025039
4028954
4058273
4060058
4061579
4062024
4078179
4078686
4087668
4088425
4089610
4090190
4090817
4091430
4091997
4094441
4101030
4111341
4112564
4114931
4115508
4116134
4117293
4120650
4124769
4135158
4146015
4147024
4148931
4148983
4153929
4154814
4155436
4156029
4156982
4158067
4159204
4159283
4159839
4160652
4160690
4161524
4163964
4165074
4165504
4166378
4169162
4169876
4170404
4172373
4173218
4174370
4175372
4176233
4185357
4185838
4186716
4187038
4201892
4203104
4203827
4204810
4205544
4207413
4208100
4208928
4210106
4210487
4212276
4213163
4216889
4217433
4221984
4227458
4228793
4231103
4231460
4235165
4237811
4239711
4244794
4246842
4247333
4249712
4249839
4250596
4250765
4252427
4263603
4264919
4265623
4269294
4270255
4270782
4271407
4273698
4274125
4274904
4295649
4300333
4301217
4302230
4303152
4303710
4306699
4308897
4312154
4312481
4314257
4318494
4318984
4322446
4328731
4329632
4338043
4339541
4340316
4344994
4346123
4347979
4349121
4351788
4352594
4359270
4359616
4364347
4364996
4365501
4367682
4371141
4371480
4371832
4372419
4374491
4378900
4379614
4382891
4385871
4387080
4395659
4396668
4398352
4398876
4408007
4408845
4412602
4421478
4421632
4422211
4423735
4441360
4441949
4442564
4444307
4447284
4450517
4457814
4458428
4459222
4463992
4468812
4470526
4477968
4480984
4507138
4512691
4519433
4519897
4520340
4521704
4525184
4533042
4533646
4535118
4535449
4535841
4537271
4538219
4538666
4539410
4540668
4541431
4546330
4546951
4550224
4553237
4555795
4562640
4563661
4565029
4565676
4565957
4566393
4566830
4567507
4568484
4569049
4569360
4569708
4570710
4571029
4571643
4571951
4572624
4572961
4579770
4582002
4585521
4598697
4605379
4605990
4606392
4607848
4610338
4610713
4611094
4611483
4611656
4612060
4612509
4612891
4613270
4614073
4615863
4616332
4616974
4619785
4620990
4627625
4628312
4631443
4635061
4637647
4638828
4639265
4639678
4639831
4640460
4642073
4642791
4645743
4646988
4648037
4648588
4648946
4650266
4650648
4651375
4652280
4652676
4654796
4655207
4655351
4655943
4656010
4665973
4666790
4677273
4685587
4685740
4687450
4689114
4693337
4696535
4696842
4697380
4700491
4706461
4707829
4708374
4712392
4712892
4713569
4714702
4715883
4717206
4717233
4717459
4718199
4718441
4718788
4718894
4719161
4719952
4720515
4721018
4721223
4721535
4723252
4723510
4724143
4726973
4733315
4733737
4734139
4734963
4737059
4746169
4747336
4748172
4754232
4754915
4757296
4760124
4761226
4768945
4770629
4771933
4788956
4796307
4798840
4800510
4802652
4802853
4806342
4807344
4816061
4818525
4819561
4822179
4822569
4823503
4830270
4836037
4842439
4843125
4844198
4845482
4846304
4848139
4849570
4849874
4852640
4853579
4855845
4860450
4861550
4864217
4864760
4865301
4865678
4866209
4866319
4866802
4867372
4869742
4882199
4882760
4883054
4883268
4890684
4891984
4892726
4893668
4896070
4907110
4907307
4908728
4908880
4909413
4913264
4914009
4914502
4916074
4917287
4918766
4929635
4950578
4951298
4953433
4962636
4966731
4967549
4969821
4970548
4972300
4974117
4975217
4977168
4979190
4981338
4987224
4990990
4992062
4992329
4994047
4996893
4997737
4998293
4999935
5000689
5004350
5004807
5010520
5010878
5012848
5014245
5016635
5017070
5017686
5017788
5018984
5019902
5022952
5024472
5032415
5033184
5033512
5033699
5034111
5041114
5041567
5042737
5042985
5043495
5044381
5044735
5045043
5045256
5045808
5046391
5047300
5047708
5047749
5048856
5050446
5051218
5051744
5052242
5052732
5057911
5058072
5060368
5061451
5064896
5066462
5067078
5067637
5068097
5068864
5069288
5069923
5071523
5072323
5073513
5075214
5076067
5087673
5088146
5088595
5089099
5089192
5090033
5094897
5099441
5099662
5101813
5102161
5102568
5103217
5103564
5105038
5114459
5115067
5116255
5117238
5117542
5120332
5121292
5123552
5126961
5127084
5127550
5127973
5134909
5136733
5138353
5138768
5150171
5150646
5152600
5153494
5154626
5157634
5160584
5169224
5171247
5171919
5173123
5176687
5178321
5178839
5179289
5180234
5181186
5183482
5188539
5189295
5189521
5189950
5216235
5219352
5219824
5220142
5220284
5221220
5221317
5223086
5234475
5236212
5237009
5237667
5239889
5243888
5245275
5245711
5246338
5247366
5247821
5249036
5249779
5250361
5251165
5253847
5255074
5256288
5266384
5267022
5268456
5270423
5270548
5270992
5273126
5273889
5277180
5281061
5282858
5283535
5284290
5287229
5288046
5290398
5308706
5310959
5311167
5311648
5312209
5313658
5315217
5315917
5318364
5319346
5321445
5335976
5337997
5339668
5348078
5349353
5356207
5360593
5366830
5368764
5370012
5371016
5373010
5375360
5377745
5378763
5405825
5406297
5408348
5409324
5409657
5409658
5409996
5410858
5410977
5412300
5414339
5414793
5415869
5417304
5420231
5420735
5421859
5422722
5428417
5431496
5437908
5442291
5442781
5443150
5444042
5444404
5445529
5449300
5451442
5451710
5452031
5452455
5453865
5456323
5456928
5456997
5468455
5469343
5480668
5481336
5482488
5484195
5484841
5486525
5488202
5496422
5499144
5501521
5502974
5503859
5504881
5504973
5505699
5506644
5507212
5507930
5517222
5518005
5527999
5530973
5535705
5536870
5537093
5538096
5547666
5547756
5555772
5556162
5559090
5561314
5562257
5564641
5565303
5566388
5567365
5567806
5568115
5568452
5568884
5569823
5570644
5571439
5573069
5574307
5575214
5575532
5576190
5576645
5577000
5583553
5584611
5605016
5613051
5614081
5619382
5619762
5622150
5623063
5623427
5624743
5625161
5625936
5634258
5635030
5636149
5636745
5637790
5638211
5639748
5640207
5640753
5641368
5642424
5642582
5654283
5657512
5658091
5659300
5668861
5670968
5676733
5685783
5686713
5688307
5691125
5691929
5692342
5693102
5694038
5694564
5694799
5695730
5696844
5703776
5704555
5718152
5718801
5719311
5719716
5722021
5723944
5725050
5726663
5727421
5728878
5731740
5733723
5735428
5736317
5738791
5739461
5741330
5756331
5757990
5758624
5761354
5763845
5764423
5765106
5767907
5768095
5769244
5769603
5770399
5770818
5771247
5771754
5772562
5778626
5780342
5781393
5782547
5785697
5786364
5786924
5787513
5789551
5789738
5791676
5791996
5792959
5796123
5796733
5796824
5797738
5798541
5798746
5799336
5800707
5801422
5802053
5802416
5804025
5804099
5804627
5805736
5806601
5807782
5810128
5811448
5814380
5827988
5828824
5829449
5830238
5855145
5857531
5863747
5866113
5867777
5868375
5870073
5871538
5871727
5874199
5874996
5889699
5892689
5897039
5897761
5898211
5899012
5899369
5899707
5900016
5900564
5900803
5901199
5901536
5901903
5902261
5904039
5904758
5904839
5907768
5910547
5911340
5913732
5924222
5925460
5928001
5930433
5931241
5931611
5932138
5932806
5933118
5934859
5936021
5936236
5936463
5937114
5937149
5937591
5938160
5940591
5940941
5941456
5950980
5953055
5954584
5958214
5959266
5960071
5964763
5967785
5970485
5977820
5980555
5981437
5983338
5988995
5990371
5990683
5991362
5991896
5994284
5995533
6000842
6001644
6014234
6014973
6015575
6017256
6022516
6022955
6023626
6024805
6025989
6027513
6027928
6043548
6045541
6048636
6053644
6054733
6057778
6057934
6058451
6059423
6060046
6060930
6063010
6064327
6064734
6065130
6065983
6066261
6067873
6068603
6068732
6069550
6070359
6071686
6071736
6092481
6094013
6094940
6096775
6097560
6098590
6099067
6100466
6101719
6102393
6102507
6103028
6103264
6104456
6106306
6112262
6113640
6121622
6122626
6125666
6127734
6133425
6133623
6134810
6136205
6136943
6137395
6138805
6145914
6147129
6147934
6151053
6153800
6155519
6156018
6156678
6157039
6162370
6165036
6165896
6166578
6167701
6172411
6173357
6174368
6176172
6189219
6189871
6191127
6193157
6195105
6195953
6199886
6202884
6211633
6220594
6221226
6221691
6225416
6227354
6227925
6228957
6229493
6230507
6233345
6240796
6241860
6242435
6242882
6258952
6259667
6260694
6261245
6261313
6261562
6262677
6264210
6270316
6274518
6275650
6276069
6277727
6279084
6279953
6280224
6301534
6303644
6304321
6308655
6309524
6309963
6311641
6312838
6313661
6316408
6325957
6326776
6327224
6327770
6328201
6329617
6331399
6334527
6335718
6337076
6337532
6338546
6341274
6341415
6342068
6353081
6353962
6353999
6355298
6360761
6361617
6362019
6362444
6363122
6363296
6363944
6364501
6367235
6370741
6371125
6371611
6372056
6379212
6379670
6380066
6380646
6382028
6382681
6383114
6383526
6384101
6387374
6398563
6403239
6403699
6404772
6408930
6409782
6411866
6413383
6414189
6414615
6415332
6415866
6416312
6416546
6417568
6427340
6428437
6428919
6433157
6433615
6434352
6436266
6440763
6446794
6451224
6453565
6453651
6454508
6455158
6455291
6458657
6460404
6462065
6463243
6466114
6466922
6472428
6473132
6474284
6475014
6476801
6503355
6503987
6504328
6504745
6505144
6505659
6506176
6506652
6507066
6508946
6509465
6510201
6517641
6518280
6518767
6520358
6525320
6526003
6526475
6527039
6536020
6536618
6537015
6537833
6539299
6544485
6545327
6545912
6551372
6552193
6553590
6554770
6562939
6563844
6564790
6566533
6569564
6570611
6576610
6577425
6578582
6579011
6579276
6581841
6583159
6585313
6602182
6605539
6608467
6609822
6610794
6611263
6611653
6613567
6622502
6624003
6625687
6627685
6628938
6641915
6643906
6645463
6647914
6648861
6654850
6655088
6655943
6657646
6660317
6660728
6661095
6661659
6662163
6662635
6666591
6667836
6669146
6671009
6671943
6672179
6672442
6672878
6676098
6676741
6677794
6679262
6685640
6687436
6688716
6698631
6701007
6702561
6703434
6704489
6705227
6708571
6709465
6709950
6714097
6714942
6715756
6728521
6729048
6729503
6730263
6765697
6768308
6768835
6769407
6770826
6771490
6772102
6772485
6772932
6773528
6775687
6777087
6785887
6792495
6793670
6794406
6795520
6795669
6797566
6798087
6798423
6799132
6799976
6801644
6802912
6804304
6805821
6816485
6817305
6819432
6819537
6820088
6820382
6821574
6822145
6824337
6824895
6826047
6827849
6832124
6850688
6857751
6859061
6859629
6860287
6860701
6861388
6862583
6863110
6863610
6866106
6868889
6874427
6885032
6885733
6886748
6888092
6888453
6889082
6895724
6896480
6897412
6898116
6898484
6900938
6903420
6903995
6904777
6905494
6905535
6909057
6918629
6919042
6920411
6922127
6923228
6929053
6953357
6959174
6961210
6961730
6963415
6964447
6982562
6983845
6984902
6986118
6987672
6988664
6992727
6995170
6995648
7005399
7009731
7011330
7011638
7013041
7014041
7014835
7015919
7016248
7016579
7016947
7017761
7020333
7037745
7046493
7048965
7050169
7050893
7054591
7057453
7068799
7069607
7073317
7083981
7084491
7085788
7089186
7090255
7094984
7096429
7097482
7098609
7100038
7108045
7110322
7111305
7111938
7113744
7114443
7114849
7116324
7116948
7122443
7126976
7127778
7129038
7129945
7130626
7133832
7134155
7136344
7140289
7141901
7142479
7143287
7145681
7147118
7149201
7150178
7152582
7160776
7162872
7165467
7166854
7167347
7168150
7170937
7171544
7172671
7173228
7200191
7202462
7206686
7208136
7209999
7210569
7211228
7211710
7212208
7218653
7219568
7222676
7225112
7226424
7230348
7231721
7233405
7234528
7235574
7236419
7239144
7250039
7250802
7252366
7254185
7254602
7254969
7256240
7257128
7257645
7258263
7259569
7260176
7260615
7260671
7262180
7267238
7273765
7274771
7274891
7280591
7280762
7284704
7285358
7286078
7287143
7288650
7291642
7293373
7295005
7295714
7296309
7299332
7300167
7314575
7316662
7319029
7319123
7319711
7320334
7321445
7321704
7322880
7323971
7334290
7337629
7338030
7339196
7340031
7340546
7343409
7344582
7345491
7347976
7352865
7363667
7364365
7365296
7365577
7365985
7366316
7367569
7370496
7370872
7372565
7374676
7381044
7381839
7381900
7382781
7385697
7389019
7390909
7392711
7396141
7396788
7397355
7397910
7398378
7399404
7400363
7401384
7402059
7406351
7407446
7408458
7414894
7416932
7418032
7419414
7421165
7421591
7423659
7424493
7435716
7437951
7438209
7439491
7441811
7443786
7444576
7444999
7447980
7448879
7450494
7455090
7456301
7456888
7467114
7468144
7468386
7469053
7470073
7477948
7480114
7481889
7487789
7503837
7504782
7505177
7506034
7506151
7507249
7507440
7509022
7510631
7512723
7513853
7518930
7527087
7540355
7540711
7541143
7541364
7545097
7546463
7548214
7548684
7548838
7549101
7549951
7550792
7551153
7552583
7553769
7554460
7557255
7564747
7566733
7567826
7569131
7569521
7571213
7572628
7573934
7576391
7577509
7583254
7586374
7587936
7588314
7588690
7589589
7590361
7594434
7597403
7605843
7608494
7612352
7613095
7615889
7616442
7617307
7617916
7653156
7653827
7654556
7655606
7657394
7662957
7663711
7664632
7665250
7665882
7666329
7667097
7668156
7669935
7673280
7679647
7679775
7682040
7686816
7687356
7687836
7690882
7691865
7692285
7698754
7704330
7712309
7713455
7714794
7715878
7716563
7716853
7717950
7718244
7721844
7722607
7737793
7738501
7742322
7763449
7768523
7771099
7771495
7772368
7772720
7776326
7777007
7777824
7779876
7780657
7785110
7788756
7795255
7796376
7801012
7802246
7802419
7803542
7805023
7805316
7805574
7806325
7806482
7807292
7807355
7809489
7812541
7814076
7820824
7821801
7822742
7830717
7831239
7831695
7837267
7838109
7838683
7839580
7840272
7842515
7844717
7851795
7852865
7854092
7855062
7856691
7857654
7858235
7859288
7860381
7860737
7860901
7861675
7871412
7871702
7872354
7872799
7873095
7873457
7874523
7874932
7876343
7878122
7878225
7880173
7880635
7880763
7881875
7883082
7883543
7884000
7885844
7886882
7887465
7887937
7901717
7902328
7903098
7904284
7904795
7905210
7906129
7916424
7917024
7917121
7917495
7917984
7918499
7918901
7919365
7919927
7920412
7921584
7921967
7923378
7923827
7924965
7926616
7927475
7930230
7931396
7932087
7946481
7950843
7951705
7952833
7968035
7968567
7969613
7970244
7972700
7973225
7973387
7975106
7975198
7976026
7977169
7977561
7978856
7984770
7987517
7988323
7988997
7994442
7998740
7999723
8000857
8001561
8002284
8002657
8003756
8008419
8011528
8012470
8018600
8019265
8020153
8022335
8023909
8025922
8026350
8026755
8028603
8029315
8042059
8042676
8043552
8044443
8045339
8058817
8069794
8075122
8077282
8078912
8081324
8106272
8107908
8110487
8117406
8119298
8119839
8120168
8122617
8132799
8133397
8133977
8138939
8140981
8143002
8143704
8144426
8144922
8145594
8146706
8148599
8163167
8163605
8164485
8165119
8165915
8166721
8168149
8171294
8173058
8173965
8175278
8177061
8180064
8181121
8191701
8192250
8192589
8193575
8194038
8194813
8195104
8195482
8196742
8197785
8198131
8198594
8199162
8199599
8200342
8201392
8202283
8203903
8204251
8207319
8208112
8209277
8210800
8211376
8211832
8212603
8213592
8214465
8218616
8219159
8223084
8246040
8247795
8248500
8249385
8250751
8251618
8253037
8253571
8254304
8257425
8262388
8263229
8263665
8264097
8264661
8266419
8267188
8267305
8267929
8268730
8269112
8270366
8270756
8275167
8294077
8294541
8297039
8298135
8298868
8299240
8300614
8302770
8307835
8308806
8310086
8311243
8311851
8312640
8313741
8319205
8320695
8323519
8324097
8326348
8337168
8352431
8353589
8356527
8356893
8358171
8359004
8361065
8361748
8372080
8373825
8392822
8394625
8395066
8396369
8398137
8398683
8399721
8405583
8421541
8423114
8437740
8438334
8440349
8440792
8441084
8441390
8441703
8443230
8443912
8444974
8446300
8447787
8455653
8456318
8466793
8468456
8468952
8469518
8469952
8470287
8472926
8475881
8476654
8477272
8478136
8481356
8482234
8483897
8484566
8495158
8509434
8510613
8511323
8512129
8513648
8514796
8515536
8516083
8516822
8518351
8519734
8520976
8554115
8554609
8555052
8556149
8556871
8557764
8561457
8564913
8569259
8570013
8574849
8576571
8578464
8579865
8580942
8591062
8594282
8595292
8596005
8596791
8600857
8602043
8603655
8605379
8624514
8625330
8626215
8631473
8633631
8635209
8636510
8638197
8638561
8639809
8640342
8640555
8640761
8641794
8646031
8653285
8653880
8655345
8656362
8661014
8668659
8675314
8685297
8685798
8686627
8687701
8688434
8689116
8691652
8696471
8699842
8700751
8703774
8706455
8708070
8714538
8716098
8716312
8718475
8719352
8719968
8727052
8728072
8728880
8730891
8731274
8732348
8737635
8739267
8739694
8740101
8740389
8740587
8740966
8741937
8745350
8747628
8750190
8751186
8752029
8752953
8761586
8762987
8766309
8773128
8774080
8776085
8783059
8783679
8785535
8786625
8787226
8787846
8788497
8789326
8789985
8791924
8792701
8801813
8802947
8804150
8804588
8808366
8808770
8813167
8813762
8817020
8817936
8818003
8820016
8822113
8822913
8823435
8826027
8827306
8827831
8828323
8837123
8838680
8839503
8840127
8842836
8843656
8844041
8844197
8844745
8845414
8846255
8847825
8848824
8850014
8850835
8851731
8852836
8853388
8854086
8856600
8857490
8863103
8864497
8875710
8876139
8888440
8890046
8892983
8893881
8894385
8894831
8895580
8898176
8898655
8900530
8900888
8901369
8901800
8903835
8919726
8920906
8921725
8923270
8924295
8925214
8930096
8930442
8932152
8933465
8934540
8934893
8935269
8935678
8936616
8940411
8973067
8973836
8974801
9002843
9003226
9003709
9004012
9005090
9006061
9007193
9008310
9008561
9009799
9010545
9018797
9024515
9028096
9030667
9032469
9033686
9034266
9035140
9037770
9039623
9046813
9049591
9050029
9050696
9053275
9064662
9065271
9066151
9066664
9067740
9068319
9068848
9069213
9073146
9073471
9075575
9076422
9078702
9085232
9085871
9101390
9103801
9103978
9104683
9105477
9106010
9109227
9114892
9127231
9129120
9131062
9131742
9132453
9137231
9138316
9139029
9143860
9145059
9147517
9148591
9149969
9150697
9151139
9152945
9155327
9157721
9160026
9160442
9174199
9174664
9175835
9176577
9179376
9190102
9198674
9200373
9201178
9212587
9214253
9214720
9215320
9215834
9216261
9216883
9218013
9218665
9219592
9221891
9226195
9226775
9227146
9227906
9229020
9230045
9230203
9230653
9231370
9240008
9244838
9246154
9247817
9250697
9251615
9252465
9253920
9257641
9259025
9266197
9267024
9270677
9271467
9271867
9272238
9273290
9274152
9277610
9278181
9284352
9284475
9288687
9291260
9291438
9293092
9293585
9294354
9295215
9303145
9307637
9312527
9313493
9314899
9316048
9316535
9318008
9318458
9318875
9321903
9324132
9334490
9334991
9336868
9338686
9340197
9343558
9351216
9370275
9372657
9373572
9374217
9375391
9376251
9386944
9387738
9390171
9390205
9391007
9391840
9393264
9393863
9395001
9396097
9400287
9401560
9402305
9408371
9409765
9410199
9411773
9412064
9412345
9412926
9417854
9426154
9427702
9455556
9461718
9463369
9464108
9464169
9464804
9464860
9466312
9467021
9467339
9467651
9468080
9468438
9468880
9469375
9472801
9476015
9489237
9490245
9490525
9491401
9491897
9493060
9494605
9495082
9496854
9497393
9497891
9498172
9498814
9518557
9521093
9521991
9522769
9523125
9526439
9527095
9527627
9528915
9529183
9530011
9530509
9531141
9533705
9541839
9543682
9545079
9546319
9547507
9547740
9548157
9548398
9548932
9549416
9550235
9550822
9551317
9551864
9554318
9555362
9569937
9571050
9571946
9572367
9572761
9573020
9573204
9574151
9575025
9575255
9575796
9576042
9576303
9576572
9577589
9577919
9578357
9579172
9579771
9585712
9586992
9588822
9589456
9589894
9590615
9594001
9595593
9598562
9599399
9612578
9613288
9613624
9614109
9614994
9615332
9615916
9616794
9617710
9618591
9619224
9621811
9622644
9625162
9625742
9626434
9628413
9628821
9629477
9632378
9633545
9635675
9636769
9637621
9643350
9644318
9646647
9665450
9666178
9666682
9668724
9669076
9672159
9673681
9676120
9680119
9680584
9681140
9681555
9682190
9682515
9682860
9683224
9683631
9684514
9685095
9685901
9686212
9686751
9687348
9687875
9690157
9695835
9697291
9697761
9697947
9698891
9700946
9702348
9705586
9708633
9709307
9711401
9713098
9714419
9716998
9717515
9721724
9722326
9723270
9724201
9728263
9728810
9729220
9729835
9736890
9738916
9740197
9745400
9746052
9746925
9747329
9748047
9750497
9752534
9753299
9753804
9754390
9755937
9756782
9759486
9762979
9765606
9766160
9775734
9776748
9777395
9778135
9778404
9781095
9783743
9784680
9787846
9788686
9789891
9791764
9792926
9794103
9795492
9796209
9803333
9803892
9805070
9810199
9811283
9812899
9814002
9814555
9814991
9816247
9817573
9818527
9819260
9824650
9825653
9828972
9829460
9835262
9835875
9836547
9842952
9846227
9852005
9852514
9853428
9855980
9857336
9858132
9858784
9859084
9859343
9859732
9860190
9860441
9861464
9862389
9863305
9863746
9864037
9864638
9865017
9865424
9865830
9866624
9867238
9867551
9872995
9873181
9875003
9878781
9900660
9900986
9901935
9902359
9902899
9903792
9904273
9905195
9905703
9906292
9906909
9907382
9908323
9908634
9909067
9917897
9918830
9923237
9923660
9924190
9924947
9925700
9926313
9927126
9932601
9933262
9933768
9934906
9935493
9936586
9937208
9938941
9939631
9941020
9942541
9953046
9953408
9954014
9954352
9954770
9956312
9957309
9958083
9959140
9959625
9960147
9960855
9962616
9964048
9964880
9965178
9965613
9973095
9978363
9985432
9985883
9986660
9987061
9991116
9991336
9992286
9993315
9997697
9998401
9999895
10010474
10011037
10013809
10025165
10029231
10043061
10043620
10043842
10044790
10045063
10059113
10059235
10059709
10059845
10060223
10060311
10060783
10061578
10061713
10062246
10065358
10071465
10071967
10073813
10075510
10080826
10082628
10083944
10085180
10085908
10087402
10087962
10088468
10089483
10091915
10092911
10093314
10097111
10098866
10099457
10114464
10115724
10118106
10122269
10123172
10123890
10127369
10128161
10140265
10141200
10146064
10146389
10146744
10147676
10147879
10148129
10149136
10149852
10150211
10152153
10153258
10156838
10158715
10164060
10167610
10168892
10169922
10170405
10171778
10172831
10173754
10175776
10179527
10198034
10198451
10200658
10201099
10201854
10202932
10213221
10221024
10225202
10227805
10228748
10229355
10229784
10230348
10230487
10231549
10232354
10233438
10233941
10235173
10238225
10242035
10242674
10253310
10254467
10275958
10276766
10279882
10281480
10282639
10295644
10298709
10310724
10311950
10312830
10313773
10314583
10316887
10317889
10319060
10320959
10322817
10350258
10351644
10357430
10357957
10358466
10360333
10361593
10367075
10368133
10368624
10369351
10383302
10387375
10389816
10391020
10391676
10393125
10394032
10404057
10404372
10404820
10405328
10405790
10406368
10413067
10413932
10414386
10415265
10415992
10416372
10417208
10417803
10418393
10423477
10424547
10427111
10428463
10429365
10432570
10435526
10435774
10436240
10436644
10437235
10437802
10438438
10439234
10440322
10446094
10447102
10447818
10448331
10448990
10449967
10451987
10452755
10453498
10457890
10459462
10460574
10461747
10467127
10467685
10468195
10469015
10469966
10471057
10473982
10475065
10475376
10476302
10477366
10480442
10481690
10482317
10483095
10483254
10483619
10484787
10492115
10498504
10500068
10501200
10501725
10509397
10510467
10510973
10519864
10526225
10526692
10527965
10528742
10529591
10530139
10530654
10531870
10532632
10533155
10533651
10534142
10535081
10536678
10537713
10539798
10540412
10540899
10541383
10542201
10542627
10543342
10544554
10548561
10549235
10553508
10554343
10554566
10554956
10555202
10555436
10555666
10555930
10556145
10556585
10557163
10558439
10559706
10566296
10571415
10572345
10573198
10573952
10574144
10574671
10575270
10575786
10576190
10576752
10578551
10579767
10586941
10588328
10589046
10590282
10602439
10603172
10604248
10610912
10611507
10611868
10612148
10612478
10613374
10614082
10615415
10615987
10616563
10619308
10620299
10621709
10627572
10629608
10631108
10632332
10632781
10633581
10635565
10635958
10636538
10636897
10637254
10637619
10637895
10638201
10638800
10639357
10640123
10640518
10640979
10641510
10642337
10642850
10644205
10644252
10644713
10645238
10645782
10646576
10647484
10648382
10653784
10656024
10662927
10669279
10670185
10673562
10677161
10678194
10680718
10695533
10696411
10696850
10697815
10698787
10699535
10702104
10703264
10703370
10703913
10703982
10704463
10705351
10708581
10709305
10709969
10710576
10711996
10712252
10713084
10714206
10715078
10716181
10716299
10718094
10719200
10720128
10721215
10729077
10730490
10731919
10732563
10739922
10743063
10744083
10744536
10745206
10745796
10746923
10747217
10748041
10749031
10749079
10750571
10751738
10751860
10752956
10753026
10754304
10755034
10755662
10756552
10757226
10757351
10758376
10759215
10760964
10761906
10762442
10767389
10768889
10774815
10776466
10777010
10777468
10778116
10781390
10800538
10800984
10802068
10802471
10803012
10803806
10806618
10816714
10820283
10822479
10823175
10823587
10823656
10824091
10824526
10825276
10827268
10827624
10828717
10828941
10830427
10831075
10831582
10832323
10838259
10843395
10853894
10855404
10856011
10856360
10856809
10857310
10870672
10871064
10872235
10872858
10873685
10874370
10874476
10875181
10876941
10877332
10877898
10878860
10886982
10887810
10888879
10893633
10894741
10895350
10896001
10908184
10908705
10908885
10910203
10910807
10910923
10911660
10912038
10914830
10915998
10916721
10919793
10921388
10922111
10927230
10946715
10947041
10952365
10955496
10957146
10965868
10966403
10967027
10967591
10968377
10968873
10969894
10973996
10974685
10975327
10988159
10993457
10993492
10993927
10995037
10995084
10998830
11001243
11001859
11003464
11004849
11006909
11010689
11011197
11013148
11013875
11014548
11014615
11017323
11020520
11022577
11025288
11026856
11029488
11030909
11031682
11043007
11043976
11046134
11046873
11048142
11056841
11061206
11061546
11062607
11063173
11064563
11064608
11068010
11071036
11071741
11079451
11079909
11080590
11081344
11082071
11082411
11083346
11084982
11087253
11088341
11088981
11090107
11090929
11101831
11103927
11106975
11107560
11108048
11108950
11109330
11120851
11121849
11122334
11122834
11127416
11128865
11129826
11130385
11130901
11132813
11133378
11143626
11148392
11149174
11149783
11150641
11151725
11153788
11155099
11155520
11157269
11158705
11159362
11160618
11162436
11163038
11163274
11171826
11177905
11178518
11178806
11179233
11179382
11180237
11182279
11182968
11184616
11185844
11188418
11189911
11197411
11198463
11199538
11199645
11200127
11200907
11203276
11204422
11209370
11210351
11211375
11214903
11216586
11220058
11220866
11221846
11223385
11223458
11226281
11226802
11227315
11227870
11228163
11229501
11229552
11253279
11253800
11254314
11254848
11255697
11256899
11257278
11257831
11262309
11269741
11273634
11284064
11285075
11286573
11287891
11288660
11291137
11292027
11293880
11296291
11302013
11307631
11309043
11310058
11310507
11310565
11312501
11312997
11313400
11313961
11314409
11314930
11314982
11315625
11315777
11316262
11316415
11316865
11317153
11317418
11318129
11318684
11320907
11321264
11321627
11321678
11322504
11323082
11324894
11325313
11325811
11326474
11327394
11329540
11331559
11335574
11336506
11337432
11337948
11343709
11344506
11346082
11346648
11347103
11347404
11348765
11350118
11350392
11351539
11352994
11354225
11354853
11355171
11356219
11357630
11358433
11358845
11359184
11366754
11369784
11371520
11372269
11380915
11381950
11382731
11387655
11388234
11388825
11388868
11389637
11391362
11394795
11395609
11396241
11396889
11397488
11397847
11398238
11398659
11398891
11411145
11412651
11415218
11415775
11416415
11418165
11418627
11419483
11420545
11421382
11423709
11424874
11425841
11426818
11428101
11429324
11429500
11430272
11432024
11432726
11444070
11445011
11445550
11450250
11451118
11454082
11454597
11455199
11459226
11463969
11467034
11474883
11476966
11479703
11480324
11480980
11484298
11484588
11485078
11487391
11487954
11489023
11489373
11498416
11502872
11503555
11504576
11509951
11510581
11512433
11513717
11514171
11514771
11520669
11529979
11530393
11536170
11536701
11540413
11540547
11541264
11542686
11543921
11544527
11545756
11547709
11549009
11549751
11551527
11575670
11576180
11576871
11578463
11579096
11580628
11590823
11591311
11591675
11592506
11592846
11593459
11594343
11594650
11595980
11596729
11596857
11597031
11597544
11597767
11598226
11600327
11610752
11611821
11616600
11617635
11618014
11620018
11620274
11620655
11621145
11621882
11624696
11626171
11628034
11629198
11630240
11634471
11635132
11635580
11635786
11636251
11640592
11648999
11649612
11650963
11651682
11653747
11654349
11671640
11671972
11672553
11672965
11673595
11674960
11675171
11676625
11681266
11700145
11700731
11701557
11703267
11703775
11705404
11708665
11712001
11712450
11716485
11716976
11717943
11719281
11724590
11726848
11727200
11727804
11728447
11728906
11729552
11730270
11731914
11732883
11733351
11773095
11774053
11785802
11786308
11786923
11788215
11790386
11792375
11792824
11793392
11794347
11807646
11812520
11812902
11813191
11815441
11816263
11828212
11829266
11830599
11832192
11833884
11834374
11834443
11836584
11836952
11837459
11838384
11839544
11839871
11840339
11840678
11844917
11845535
11870656
11870918
11871066
11871970
11872971
11873703
11880112
11880987
11881570
11882080
11883842
11885934
11886750
11887650
11888724
11888987
11889608
11890511
11893820
11893908
11894172
11894609
11895234
11895396
11895992
11896192
11896416
11897410
11897913
11898490
11898863
11899193
11899724
11900566
11901506
11902024
11902533
11914911
11915959
11925568
11929894
11930452
11931370
11931863
11932332
11933231
11934051
11934664
11935108
11935597
11947488
11954240
11954634
11955063
11955668
11955967
11956350
11958316
11958707
11959666
11960190
11961233
11961929
11962258
11962617
11963243
11964540
11965627
11968747
11976783
11977273
11978083
11978566
11979323
11982774
11992900
11994510
11995386
11995919
11996278
11997708
11998805
11999358
12001172
12002782
12004795
12005914
12007048
12007571
12008702
12009139
12009515
12015589
12019233
12020091
12020649
12021059
12023526
12024577
12025156
12025847
12026232
12026648
12027112
12027432
12028147
12028607
12054246
12055667
12056926
12061918
12063780
12064179
12065241
12074565
12077103
12077787
12079978
12080987
12082799
12083974
12085225
12085757
12088399
12089199
12090084
12094903
12096827
12099094
12101449
12109805
12110510
12112104
12112712
12113327
12117448
12118030
12119025
12119785
12120942
12121955
12122122
12122527
12123266
12123457
12123774
12126630
12129929
12130816
12151749
12154117
12156336
12157334
12157744
12158397
12161099
12162280
12163316
12165737
12166167
12168345
12169540
12169768
12172629
12173197
12183179
12184301
12185033
12185588
12186502
12187326
12188220
12188833
12189449
12190196
12190584
12195013
12198644
12206687
12208347
12208980
12209826
12210933
12224584
12227766
12230009
12231284
12233452
12237579
12239565
12240050
12242673
12243420
12244732
12246821
12252915
12254271
12255442
12256338
12256546
12257353
12258425
12271380
12272839
12276078
12277265
12282180
12283135
12285524
12285944
12289182
12293618
12295271
12296701
12297341
12298098
12298830
12299994
12300046
12300612
12310138
12311784
12312838
12313241
12314362
12314906
12341589
12343114
12343649
12344040
12345742
12346899
12349696
12364655
12366379
12367511
12369394
12370011
12370841
12374320
12378760
12383779
12390345
12399347
12400707
12401025
12401714
12402176
12402814
12403494
12406323
12407968
12409351
12411900
12412788
12423406
12426254
12442074
12443832
12445226
12451131
12453322
12454171
12456144
12457851
12460464
12465187
12466446
12475193
12479072
12492664
12499983
12500569
12501011
12501723
12503234
12510225
12514689
12515762
12517168
12521638
12523780
12526328
12527588
12528156
12530492
12532302
12534585
12546612
12547187
12548701
12550081
12551463
12552136
12552939
12553319
12555972
12556017
12558089
12562745
12570785
12573051
12573720
12575147
12575874
12575934
12580320
12601669
12603656
12607979
12611853
12612995
12623411
12623824
12631030
12631536
12635310
12637541
12640726
12642704
12654294
12654952
12656733
12657578
12658157
12659742
12661239
12661723
12663020
12667963
12668545
12671737
12674879
12677800
12681356
12682692
12683552
12689866
12691439
12691930
12692244
12698014
12698138
12701776
12702415
12705081
12707235
12708890
12709484
12728155
12732281
12733830
12734334
12736767
12739073
12739695
12740011
12740350
12740772
12741130
12741761
12743491
12744567
12745465
12746586
12748873
12751409
12752783
12759072
12765889
12766616
12770158
12774672
12778686
12781816
12797783
12803074
12803652
12804550
12804792
12805362
12805676
12805859
12807907
12817455
12824814
12825746
12829027
12830516
12831260
12831625
12832152
12832522
12832823
12833242
12833654
12835778
12836902
12837318
12838092
12839824
12845580
12846237
12846776
12847008
12848283
12849683
12852697
12853524
12854912
12855637
12856442
12859168
12864736
12868227
12868997
12876583
12877284
12878358
12879411
12880086
12880936
12881690
12881798
12882284
12884460
12885436
12885762
12887598
12888615
12889953
12900026
12900561
12901351
12902076
12912246
12913104
12913611
12914220
12915960
12917181
12917803
12918547
12919109
12919966
12920366
12920956
12921881
12926148
12947323
12947778
12949771
12953220
12956360
12960608
12961108
12961530
12961946
12962719
12975963
12978076
12981532
12982580
12988355
12989787
12994478
12997301
12998030
12998527
12999561
13000787
13001833
13002380
13005480
13007669
13007973
13008285
13009017
13014634
13022930
13023915
13025245
13027321
13050102
13050210
13050522
13051017
13051818
13052286
13053031
13059331
13060921
13061542
13066967
13090609
13090749
13091731
13092263
13093517
13094595
13094937
13095896
13096291
13107686
13108101
13109893
13110441
13113147
13114992
13128126
13129906
13130408
13131032
13131715
13136510
13137702
13137968
13145318
13152139
13154087
13155147
13155739
13157096
13183850
13185865
13186545
13187306
13187608
13188452
13188799
13191042
13195886
13201891
13202490
13203028
13203609
13204494
13205558
13207868
13208395
13221088
13222624
13227116
13229546
13231069
13231520
13246206
13248314
13249593
13255389
13260218
13265150
13273283
13277655
13278201
13279346
13280246
13281882
13282226
13283479
13284937
13285644
13286917
13287560
13288822
13289579
13298405
13308472
13316968
13318169
13319544
13321167
13322107
13323137
13324020
13345365
13353035
13353805
13354460
13355105
13355587
13355939
13357333
13357983
13362441
13363747
13363867
13377385
13377934
13378453
13381018
13381939
13383837
13396881
13400896
13401726
13403393
13404211
13405501
13409668
13410274
13411885
13413408
13413780
13418749
13421654
13422282
13424378
13425836
13428097
13428591
13429473
13432127
13433316
13433869
13434639
13435675
13440102
13440635
13452591
13456903
13457826
13459827
13461003
13463750
13465638
13479003
13479426
