813.6948
1758.764
2601.682
3126.289
4808.46
6365.386
7198.732
8802.169
9973.934
10932.3
11604.53
12007.01
12511.97
17231.51
37416.83
40500.53
44966.71
45678.6
46853.87
53955
54593.41
58438.86
66620.99
75372.97
78475.57
79413.28
80313.01
80922.54
81511.61
81875.76
82402.65
100453.4
100934.9
101305.3
103320.1
104181.3
106601.8
117261.8
128767.5
129382
139690.1
140348.3
141013.5
141575.1
144131.8
144481.6
144856.4
145541.9
145886.7
146320.5
146785.3
147522.6
149615.5
173890.9
174716.7
176671.8
176974
177437.3
178052.6
178589
179397
179950.4
181809
183300.8
184014.3
184666.3
186281.2
188755.3
191138.9
191728.7
192083.3
205512.6
205946.3
206323.5
206763.4
207240.7
209328.6
213840.7
215478.2
218328.9
224497.3
226396.5
226797.8
227245.5
227610.9
227999.6
229923.9
241153
242378.3
247356.1
248112.6
248731.4
249367.9
250169.2
250800.7
254006.7
261919.2
274337.5
279569.5
280162.8
280641.4
295538.4
296194.7
297291.9
298083.5
299132
303137.9
303472.5
303646.5
306679.3
317434
328015.4
330041
334139.4
336144.8
337064.6
338863.3
348936.4
355984.4
356779.3
358461.7
359162.7
359590.6
359948.3
360945
362258.3
379493.9
383949
384613.2
385311.3
387192.3
406893.6
407788.8
409353.8
409941.8
410546.8
422566.5
423444.6
424021.7
425120.9
425920.9
430443.3
431113.4
463214.6
476810.9
477489
478252.7
481804.2
482977.2
484191.5
486687.3
489881.1
496208.3
497718
502538.3
507830.8
513108.5
517532
518107
518875.7
530198.7
531541.4
532460.2
534767.8
553565.5
563378.4
566384.5
576632.5
577693
579398.8
589509.6
591165.7
591910.9
593831.8
602693
603483.4
604050.1
621742.4
631235
640840.1
643636.6
644687.3
646236.3
672926.1
675563.6
688350.1
689131.5
692294.6
693360.5
694404.9
695537.8
696281.7
713941.1
719495.6
721661.6
729273.6
741702.6
742983.3
743528.5
744241.5
766974.6
767889.6
769115.6
775949.3
776942.1
778951.6
784676.4
792301.4
794464.2
796046
799208.5
800298
811211.9
821860.2
823048.1
823787.5
824248.4
824544.3
824942.2
825357.1
826171.7
826764.3
827683.7
829586.6
831852.6
832752.4
833379
835223.3
847318.4
848596.6
849298.5
850040.8
852344.3
861936.5
862451.9
863239.5
863814.6
864397.9
865248.6
866081
866580.8
867132
868100
869770
870189.2
870604.1
871289.3
905992
906648.2
910230.3
910713.5
911223
911775.4
912605.3
923390.3
924624
927978.2
941416.7
943361.4
947320.5
951703.7
955072.7
970328.7
976203.1
976576
977224.6
977976.5
990755.4
991507.1
992348.6
1008862
1013662
1014236
1015643
1016254
1018854
1019355
1019918
1030680
1031016
1031627
1033039
1033750
1034657
1039407
1039950
1040731
1041406
1042212
1042863
1071079
1071644
1072092
1072720
1073362
1073909
1074243
1074604
1074898
1075254
1079368
1081021
1092198
1135281
1135899
1139563
1141362
1152498
1165704
1171719
1172235
1173905
1175390
1176108
1186604
1223625
1224374
1224673
1225454
1225901
1226287
1226701
1229616
1239240
1243728
1245023
1247317
1255006
1282658
1289551
1290054
1290540
1291027
1302111
1303239
1304841
1305646
1310026
1314532
1350177
1351021
1369595
1370435
1377167
1378091
1396532
1397152
1398238
1398732
1399329
1400612
1401746
1411568
1412246
1413574
1426015
1426939
1428091
1435792
1436223
1436538
1436804
1437151
1438811
1442558
1450766
1457445
1457998
1459458
1469238
1473504
1479572
1482833
1487046
1494801
1499701
1500343
1500921
1501737
1520803
1521406
1523283
1523800
1524517
1527729
1528500
1529233
1531810
1535799
1541369
1550899
1555874
1556909
1557795
1559276
1560082
1580162
1582491
1584121
1585163
1586403
1587563
1588717
1597570
1598259
1598927
1599372
1599806
1600451
1601812
1603667
1604327
1611644
1612698
1614127
1619652
1628129
1631058
1631477
1631907
1632513
1642465
1652738
1653898
1654334
1654939
1655629
1656811
1657519
1661753
1662492
1663405
1670472
1671117
1675822
1676461
1677490
1677892
1678404
1679525
1680253
1680705
1681083
1681409
1681941
1682413
1682825
1683310
1683962
1684664
1685338
1686043
1686819
1690176
1691113
1693456
1697416
1698069
1698550
1700266
1702425
1708747
1714644
1718545
1719111
1726384
1727549
1728190
1728620
1729310
1730308
1750463
1751145
1752180
1752969
1755909
1756338
1761141
1772363
1772815
1773406
1773710
1774127
1778657
1779347
1804777
1805700
1813202
1814086
1815486
1815938
1816373
1817686
1819856
1821306
1822792
1824357
1831756
1832149
1832707
1833212
1833680
1835365
1836450
1838175
1839540
1855495
1859067
1860107
1860710
1861341
1869059
1869777
1870528
1875709
1876934
1877857
1878172
1878633
1879080
1880025
1881925
1882256
1882599
1882971
1883363
1883808
1885182
1914717
1919049
1919786
1923240
1925979
1927828
1931322
1931847
1936870
1939015
1940281
1950647
1951558
1952180
1952847
1972398
1973879
1974462
1984266
2013113
2016898
2019054
2019745
2020217
2020745
2021203
2026198
2026656
2027279
2028627
2029847
2046795
2047461
2048310
2056977
2062826
2063387
2064145
2065417
2068713
2083717
2086038
2086679
2087246
2087921
2105887
2108535
2116789
2123111
2124383
2124806
2125185
2125577
2125980
2126663
2127256
2127785
2138090
2138597
2156411
2157304
2170701
2178835
2180092
2181763
2183187
2192937
2195603
2204603
2205834
2207429
2207868
2208523
2211575
2213505
2214332
2214855
2218022
2225881
2251981
2252571
2253022
2253672
2254080
2272204
2275186
2275708
2281839
2282742
2285045
2285823
2286175
2286675
2287596
2288453
2289403
2295685
2296524
2299548
2300590
2301187
2301670
2302998
2312330
2313995
2319275
2320145
2321615
2323125
2325384
2326654
2337150
2337873
2338790
2351840
2353012
2355719
2371519
2397626
2399089
2401262
2425019
2425818
2426632
2427083
2427742
2428722
2442282
2442639
2442971
2443324
2443979
2455899
2459437
2459892
2460845
2461606
2475958
2476513
2478632
2481159
2483338
2483630
2484071
2490422
2491705
2492729
2502125
2507405
2510585
2511507
2512293
2512698
2513310
2514003
2522707
2530632
2534715
2535340
2538600
2546168
2553729
2558025
2559940
2561255
2572422
2573134
2573848
2574474
2574995
2575441
2576079
2577115
2578133
2582244
2588912
2589472
2590113
2590528
2590983
2596240
2607663
2608308
2625067
2628628
2629475
2632313
2633125
2633441
2633745
2634323
2634796
2637903
2638393
2638931
2639887
2640933
2643663
2644087
2644470
2644955
2645581
2650288
2650637
2651312
2652751
2665982
2666383
2666739
2667294
2667800
2668619
2680024
2680584
2700980
2703483
2707391
2708100
2709211
2711366
2716825
2717778
2719503
2720088
2722127
2722999
2732486
2733623
2734784
2736160
2737550
2738726
2739110
2739655
2742000
2742540
2743073
2745711
2748030
2757398
2769651
2770919
2772855
2773399
2774493
2774830
2775345
2777668
2789964
2799589
2800353
2817985
2819769
2820406
2821355
2822825
2824609
2825480
2826549
2828811
2830154
2832152
2845886
2846841
2848599
2849148
2849581
2850463
2874239
2874671
2875149
2875651
2876041
2876481
2876853
2877248
2877796
2880485
2882681
2883346
2884077
2887119
2889475
2890292
2891072
2892879
2893610
2895634
2896293
2897220
2898584
2899285
2925993
2926565
2928091
2931665
2933220
2941383
2942377
2943568
2951784
2952201
2952839
2954544
2955263
2960698
2970197
2970960
2971329
2972401
2973673
2974187
2975879
2978505
2980339
2980868
2982786
2986581
2990311
2991058
2994196
2994648
3002527
3016837
3017344
3017839
3018562
3019354
3020733
3022135
3022665
3023263
3023675
3024370
3025206
3028285
3030293
3031303
3032141
3033763
3034614
3053566
3054091
3060555
3061138
3061698
3062354
3062759
3063828
3065532
3073027
3075375
3076598
3089390
3090296
3090889
3092569
3093371
3094415
3100520
3103563
3104466
3104957
3107483
3108435
3118168
3118623
3119284
3119914
3120211
3120602
3121549
3122327
3123212
3123523
3123868
3124789
3125490
3130595
3169709
3171020
3173160
3173867
3174398
3175068
3176587
3182245
3182685
3202209
3202704
3203585
3209230
3210407
3213688
3215088
3215650
3216527
3225562
3225956
3226493
3227031
3228362
3239220
3239816
3243197
3243668
3246751
3266095
3269030
3269926
3270983
3271814
3272966
3273725
3275070
3278607
3279335
3289901
3290647
3292010
3296969
3299013
3301024
3302956
3323426
3323991
3325515
3326219
3326978
3328560
3330705
3331365
3332043
3332851
3343492
3344143
3344777
3351518
3351923
3352491
3353087
3354373
3354951
3356944
3363278
3372590
3373278
3379211
3385687
3387066
3387811
3388373
3390777
3403547
3404621
3409569
3410132
3410788
3412034
3413117
3416476
3416966
3417900
3418574
3420261
3422013
3427541
3427986
3428531
3428991
3429941
3430934
3435876
3440045
3440451
3445363
3446367
3450811
3451588
3453235
3456292
3461202
3461790
3462717
3463331
3463717
3464506
3466585
3467459
3469961
3476315
3477126
3477813
3478457
3486341
3488424
3489388
3489952
3490361
3493072
3498144
3502423
3513077
3514213
3523176
3531681
3533789
3539831
3558215
3559139
3563978
3572904
3574069
3575000
3576295
3576945
3577466
3577998
3578991
3601557
3607808
3617028
3617709
3619370
3620726
3621188
3621710
3622385
3623436
3638123
3638681
3639503
3640211
3641006
3642043
3642867
3644088
3645200
3646402
3646896
3647561
3650365
3652520
3654514
3655483
3660826
3665783
3666948
3667614
3668253
3672144
3674351
3675935
3677013
3678155
3685333
3686255
3697940
3698339
3698782
3699342
3699645
3699967
3700414
3701219
3702259
3703412
3703920
3704389
3705577
3706193
3712773
3713615
3714676
3715654
3725287
3726380
3726882
3727372
3727730
3728182
3728839
3730991
3731772
3732949
3735062
3735530
3736359
3745098
3745760
3746254
3747328
3747808
3748134
3748432
3748700
3748744
3749962
3750422
3751278
3774238
3774897
3776656
3796656
3802138
3802937
3827070
3827545
3828189
3845222
3846798
3848891
3850136
3857773
3859548
3860131
3878082
3880142
3880840
3892506
3897960
3899331
3899982
3900633
3901372
3903121
3903942
3905726
3906277
3913744
3925820
3926602
3928340
3930734
3931459
3931962
3932338
3932987
3933823
3936111
3938343
3938754
3950944
3951444
3951879
3952739
3958391
3961528
3962005
3970748
3971303
3971694
3971995
3972248
3972533
3973333
3973797
3974361
3975427
3976293
3977301
3978403
3979233
3980327
3997021
4002214
4002787
4005095
4016368
4017027
4017677
4018382
4026329
4031002
4075513
4076231
4076970
4077673
4078387
4082281
4084563
4086620
4107040
4121165
4128871
4129344
4131502
4132333
4132684
4133054
4133717
4135554
4136089
4136708
4137255
4139455
4159891
4160681
4165810
4166287
4166828
4167287
4174498
4177203
4177807
4178504
4179005
4179583
4188923
4199399
4199934
4201632
4202225
4206786
4222036
4222855
4223516
4223980
4224290
4224786
4228631
4229223
4230223
4231825
4241779
4245002
4255790
4258781
4267632
4268286
4269382
4270329
4271191
4273812
4279412
4282183
4288763
4292370
4294033
4294637
4296034
4303975
4304565
4304922
4305280
4305651
4305994
4306959
4307597
4308375
4322983
4324166
4325243
4326326
4327057
4328192
4329139
4330187
4342149
4342739
4350730
4350945
4351367
4352901
4354104
4354656
4355727
4356838
4361012
4366597
4367321
4367970
4369314
4370029
4370588
4373257
4390528
4391280
4392965
4402236
4403412
4403779
4404502
4405061
4406749
4413369
4413897
4414387
4415554
4416453
4418503
4419966
4421062
4422719
4425115
4430368
4432729
4433652
4446653
4449008
4463303
4466539
4466928
4467432
4467823
4469049
4470007
4476273
4477025
4478110
4479390
4480699
4501851
4513070
4514074
4518194
4527064
4534378
4535228
4536693
4537173
4537590
4538012
4538553
4539018
4540389
4550005
4550755
4551602
4571199
4572396
4572933
4573521
4573969
4582319
4586244
4594977
4604797
4618748
4619199
4620110
4620443
4620864
4621243
4621768
4635628
4637999
4638314
4639110
4640251
4641202
4672032
4673240
4678292
4678723
4679586
4680146
4681367
4682560
4693858
4714944
4725202
4726104
4729617
4732966
4736216
4749569
4751137
4751975
4753008
4753461
4753854
4754325
4754976
4763844
4768180
4772169
4778184
4803321
4803775
4809550
4810341
4811403
4812230
4812546
4813231
4813855
4814383
4815240
4816188
4817097
4821295
4823733
4828391
4828974
4830485
4831127
4831944
4832792
4833083
4833412
4833723
4834086
4834417
4834793
4835119
4835941
4837004
4841390
4845359
4846526
4857267
4863969
4864296
4865519
4865929
4866400
4867079
4897909
4899701
4900148
4900678
4901215
4902826
4903482
4903950
4904608
4905114
4913507
4922468
4923043
4923472
4923917
4924432
4925017
4925380
4925680
4926031
4926379
4954316
4955084
4960023
4960522
4961221
4961788
4962444
4963564
4963991
4964605
4969543
4982974
4997812
4998423
4998867
4999349
5000218
5001414
5002412
5005467
5006110
5006944
5007787
5009098
5009844
5010574
5011071
5011385
5012136
5019540
5019856
5020808
5022611
5028309
5031890
5046295
5048925
5049666
5049965
5050356
5051034
5058787
5059411
5060686
5061610
5071078
5071594
5072063
5072684
5073024
5073783
5074775
5076058
5076501
5077408
5078204
5088899
5093298
5093393
5094017
5122146
5123206
5123833
5124521
5133071
5134281
5140413
5142504
5143620
5144008
5144572
5146057
5147159
5166079
5166706
5168206
5168834
5170830
5175307
5178719
5179993
5180685
5181202
5187362
5195049
5209015
5209655
5211308
5212151
5213347
5214014
5217550
5239899
5242938
5244153
5245392
5261734
5268498
5270175
5271161
5271929
5272751
5274292
5276225
5277897
5281175
5287280
5289787
5290529
5292125
5295572
5303251
5303722
5305011
5306422
5307400
5308403
5313911
5316319
5318768
5319355
5322167
5322721
5323210
5335730
5337302
5337886
5340314
5344095
5347508
5350828
5351154
5352055
5353066
5353537
5354146
5355413
5356051
5356560
5366440
5367096
5370163
5377547
5425822
5426232
5426761
5427073
5427452
5427824
5428149
5428717
5441368
5442168
5442729
5456635
5458565
5459470
5468790
5469120
5469512
5470030
5470632
5481325
5483936
5485379
5485963
5487119
5487910
5493436
5498783
5501044
5501325
5502076
5505182
5505720
5506071
5506957
5514933
5515860
5516385
5517706
5518423
5527485
5529207
5531206
5577812
5579767
5581710
5583170
5583602
5583943
5585036
5586098
5610936
5611496
5613764
5614328
5618231
5618596
5618926
5619531
5622079
5623495
5626649
5629295
5630220
5630653
5631277
5632022
5634132
5637804
5645865
5657787
5658693
5659963
5660463
5661357
5662356
5666557
5667572
5690468
5694059
5694787
5706203
5721676
5722610
5723164
5723820
5726045
5727465
5728996
5730920
5737700
5740880
5741628
5743719
5744804
5763734
5773725
5774643
5775213
5793837
5795893
5797243
5810460
5810803
5811110
5811508
5811718
5812064
5812403
5812859
5814603
5815300
5815999
5817920
5851992
5860397
5867398
5868286
5869115
5875787
5877266
5877980
5878582
5879083
5900955
5917940
5918947
5919443
5919874
5920241
5920899
5922331
5936016
5936991
5939233
5941082
5952058
5957976
5958627
5960047
5960968
5966083
5966815
5972703
5973399
5975192
5975925
5977195
5977742
5985204
5988063
5988600
5989569
5997813
5998631
6001303
6002047
6002937
6016586
6017254
6017854
6019260
6020501
6020849
6021208
6021571
6022372
6023459
6026411
6029243
6036415
6037147
6038327
6041294
6041715
6042288
6054329
6057179
6058018
6059554
6059967
6060395
6060904
6061803
6062404
6064213
6064939
6081552
6083944
6107208
6109169
6109587
6110271
6115750
6116264
6116920
6117743
6118455
6120944
6121965
6123645
6124020
6125424
6125927
6126573
6130584
6131558
6139938
6141916
6142964
6146421
6147919
6155906
6156368
6157212
6166530
6171100
6173705
6175898
6176581
6177050
6180156
6181442
6182445
6183242
6184167
6189935
6214617
6219029
6227438
6228141
6228731
6230073
6230543
6242754
6243116
6243449
6244528
6246711
6248310
6248959
6249411
6250163
6250473
6250862
6251282
6252792
6253628
6256566
6278854
6280085
6280700
6281090
6313887
6315450
6323275
6348051
6349468
6349828
6350254
6351069
6351688
6352272
6352937
6354652
6355175
6355974
6371655
6387425
6388563
6389187
6389569
6390204
6391300
6391799
6392317
6394508
6394941
6399043
6399614
6401040
6407461
6408272
6427850
6428415
6432231
6433675
6436925
6438604
6445093
6470795
6472627
6475643
6476385
6476905
6477523
6478246
6501898
6503738
6507912
6508370
6508965
6511421
6520374
6520882
6521394
6521902
6522479
6523512
6528700
6529515
6538440
6539366
6551299
6552043
6573534
6577267
6578007
6581154
6584469
6585222
6585563
6586258
6624275
6624798
6625183
6625542
6625921
6626389
6627932
6631934
6632619
6633036
6633559
6634483
6642927
6644858
6645464
6648338
6651074
6656333
6657146
6657894
6658835
6671906
6672814
6674933
6675488
6675926
6676514
6708270
6753837
6754133
6754518
6754743
6755095
6755949
6756508
6773251
6779980
6780934
6781628
6782198
6782673
6783447
6785833
6786378
6787008
6787630
6788534
6789489
6804119
6805028
6805436
6805809
6806613
6813041
6814679
6816311
6821423
6821925
6822706
6824597
6825985
6827188
6829225
6829993
6831291
6832159
6832997
6833582
6848222
6882222
6883018
6883829
6884282
6886121
6886637
6887074
6891506
6897149
6897851
6898485
6920031
6920384
6920722
6921079
6921392
6921752
6922113
6922380
6922968
6923742
6927280
6935156
6942912
6944328
6944975
6949648
6953650
6954115
6955092
6956505
6957746
6982767
7007712
7008431
7016627
7021107
7021761
7028106
7044905
7045504
7046305
7046637
7047079
7047680
7048770
7049302
7050408
7051734
7058579
7059017
7067268
7071552
7072377
7073522
7074025
7074573
7086180
7087131
7087775
7088898
7099061
7099824
7100364
7100855
7101489
7121351
7122154
7123055
7123892
7126019
7127692
7142760
7143343
7143804
7144356
7144877
7145548
7146286
7155042
7156267
7157519
7158268
7179730
7207747
7223770
7240637
7241138
7243365
7243981
7244631
7245612
7246359
7261295
7263605
7265849
7266445
7267149
7267788
7274068
7282518
7289851
7295013
7297345
7300184
7308978
7309552
7319181
7330441
7374855
7375891
7376745
7386353
7391812
7397388
7398180
7407408
7408802
7409339
7409827
7410480
7428541
7438602
7439703
7440101
7440682
7442655
7447519
7456139
7479340
7480315
7484683
7485969
7493226
7505269
7515502
7516363
7528862
7529649
7530165
7530545
7531021
7531377
7531999
7533590
7534305
7548428
7548763
7562598
7563039
7563351
7563785
7564231
7564779
7575917
7577053
7578264
7579134
7579498
7580108
7580576
7581079
7591959
7592492
7594851
7610290
7620317
7621472
7622983
7624744
7625563
7626091
7627370
7629126
7650345
7650946
7652201
7653709
7694399
7705072
7711303
7711761
7713662
7715540
7742722
7747049
7751518
7752463
7765530
7767866
7768651
7769792
7774141
7783225
7784106
7785188
7785860
7788161
7789177
7791046
7792416
7794997
7795758
7802968
7808574
7829683
7830450
7846516
7847547
7848359
7849157
7849762
7850372
7851031
7851832
7853456
7857539
7859500
7861367
7865711
7874364
7890844
7897984
7898855
7900093
7901356
7903215
7906934
7907940
7908333
7908862
7909713
7910975
7914287
7915910
7917358
7918422
7921384
7921839
7922522
7923611
7924472
7930996
7934275
7936648
7937614
7957106
7971640
7972105
7972536
7973109
7973827
7974898
7975578
7976831
7994799
7998166
8009318
8009680
8010001
8010386
8011080
8011813
8012455
8013080
8014049
8045973
8064760
8065845
8066776
8067303
8067789
8068344
8068973
8069669
8073176
8077135
8105424
8107225
8108545
8112719
8123281
8123750
8124209
8125011
8126022
8126830
8128403
8145426
8145948
8146476
8148274
8154559
8155066
8157231
8158635
8159078
8159735
8184554
8185953
8186886
8187944
8188566
8189063
8189670
8201398
8202227
8203088
8204222
8205455
8244543
8245000
8245995
8246650
8247693
8256767
8274681
8276162
8279036
8280716
8285832
8286524
8296410
8296937
8297915
8298914
8309447
8310504
8311328
8313319
8321254
8321820
8322441
8323156
8323592
8324114
8324721
8334118
8334536
8335533
8336154
8347268
8358872
8363470
8364780
8370051
8371401
8373319
8373805
8374433
8375197
8376691
8377445
8380616
8381300
8383518
8395594
8397328
8397865
8399430
8399877
8402729
8403218
8403615
8404144
8406577
8414069
8414526
8416107
8426261
8427510
8428712
8442449
8444027
8449401
8450036
8461163
8462664
8463446
8464016
8468786
8471539
8472257
8472945
8473615
8474077
8474574
8475748
8499889
8500295
8500781
8501460
8503115
8504614
8506061
8507604
8518647
8559804
8567790
8582885
8583617
8584659
8589248
8602302
8613141
8633167
8647368
8648995
8655459
8655897
8657193
8675474
8675995
8689287
8689860
8691880
8723257
8730388
8730881
8731463
8734997
8735672
8737518
8738221
8738544
8739086
8739514
8740306
8740957
8742231
8748476
8749162
8752075
8752670
8753443
8758162
8762395
8764729
8765459
8766202
8766588
8767950
8768826
8769391
8770209
8770786
8790163
8790676
8791267
8801942
8802756
8811414
8811821
8812783
8815052
8816329
8817086
8818400
8818972
8819713
8825491
8826380
8828220
8829350
8829898
8843636
8844559
8850728
8870712
8888384
8890111
8891759
8894773
8895576
8897608
8898980
8904751
8907343
8914665
8922813
8923510
8945797
8948334
8949341
8950312
8950922
8951740
8977404
8978031
8978797
8979557
9017541
9018137
9018772
9020288
9024188
9025094
9025604
9027108
9032223
9041178
9046173
9046742
9061980
9074238
9074766
9075285
9075871
9076386
9077350
9081648
9083875
9101250
9104648
9117281
9117728
9118084
9118483
9119116
9120591
9121288
9122034
9123310
9123956
9124816
9129210
9129846
9130364
9132802
9152824
9156319
9165543
9170868
9171512
9172331
9172732
9173827
9174707
9178781
9179397
9183315
9185532
9186038
9192616
9200973
9201750
9210806
9211601
9212244
9212735
9213218
9213798
9214522
9215875
9218744
9219390
9220632
9223540
9224553
9229344
9230327
9230921
9231415
9231946
9232739
9242133
9242735
9243252
9244581
9246253
9247086
9251281
9258029
9264191
9271776
9277437
9288079
9288531
9289302
9296741
9297383
9298020
9298982
9300238
9305408
9305959
9306959
9319035
9319976
9320863
9326808
9327547
9328458
9329377
9335736
9336497
9338908
9339571
9369490
9370862
9372006
9372927
9373890
9374695
9375312
9375717
9377157
9377846
9383986
9384480
9384972
9386790
9389600
9390242
9391011
9404472
9405119
9406571
9407117
9414511
9422042
9424360
9425243
9427365
9462163
9462937
9471971
9473333
9474103
9475938
9477309
9487158
9498119
9499122
9514910
9519161
9519858
9520628
9522480
9523212
9525307
9526099
9526878
9528045
9528959
9529529
9530057
9530366
9530805
9531178
9532231
9563188
9563892
9564373
9565825
9570342
9581603
9582463
9583612
9586122
9587909
9588666
9591814
9593431
9600853
9625075
9640621
9641811
9643064
9645336
9648245
9648687
9653599
9654319
9654922
9656691
9678770
9714908
9715706
9716249
9716851
9737461
9738274
9739421
9751659
9753211
9753842
9754278
9769186
9773276
9773680
9774334
9779432
9787236
9789295
9799092
9812908
9813328
9813876
9815902
9828201
9828625
9829716
9854370
9858280
9863355
9864900
9865681
9866193
9867168
9875105
9878425
9900291
9901019
9902057
9921092
9921641
9922110
9925735
9927338
9927880
9928569
9929456
9931075
9939234
9940158
9941625
9944768
9957836
9959148
9972096
9997509
10000403
10001300
10008035
10008754
10009386
10011305
10011754
10015517
10016170
10016675
10017881
10019505
10020202
10021234
10023092
10023497
10032089
10033138
10033834
10034309
10034742
10035314
10036940
10037746
10039406
10040234
10040643
10040925
10041555
10045296
10051566
10072359
10073098
10078952
10079992
10081611
10099848
10101128
10102221
10121194
10122004
10122554
10124090
10125788
10135308
10136001
10136412
10136891
10137451
10156616
10165767
10185354
10185950
10188888
10192737
10195046
10195635
10196080
10196511
10197376
10197806
10198410
10199183
10201234
10225932
10259861
10260169
10260597
10261489
10261803
10263551
10266513
10268128
10268790
10272596
10273152
10274000
10274658
10282319
10283548
10284992
10288469
10352176
10353169
10358725
10360423
10361349
10363285
10374631
10375356
10375974
10376841
10377316
10377787
10378149
10379868
10380552
10381016
10381623
10403567
10403832
10404198
10404874
10407156
10407664
10409720
10410921
10430781
10436706
10441313
10452640
10460159
10460847
10461865
10472710
10474354
10477248
10478264
10479117
10479918
10493345
10495217
10502247
10518612
10519389
10524080
10530613
10535718
10540120
10556043
10557224
10596212
10598206
10600999
10607436
10607914
10608381
10609111
10610002
10610777
10611599
10620936
10651427
10651942
10652351
10653354
10654005
10661341
10663563
10664427
10666263
10666794
10667346
10670274
10672568
10682005
10700859
10701914
10702906
10703980
10707089
10716042
10716844
10717320
10718037
10723438
10723833
10724324
10724848
10725638
10726187
10726813
10731367
10740101
10743636
10744529
10756208
10757417
10758623
10759227
10778383
10779435
10800239
10804842
10824483
10832334
10834569
10838788
10848178
10850769
10853748
10855420
10855939
10856419
10856858
10857459
10858305
10859491
10884995
10885881
10886819
10887472
10889370
10889978
10892330
10893259
10917501
10933400
10940527
10941308
10941845
10942261
10948532
10951701
10976048
10976641
10977373
10981912
10983605
10984974
10985794
10991230
10991723
10992264
10998579
10999071
10999661
11008536
11010978
11038049
11038879
11040600
11061644
11077827
11082571
11083593
11084173
11084684
11090347
11097006
11102122
11111459
11114113
11124851
11139645
11145268
11146065
11147650
11150487
11151839
11158853
11166366
11166893
11167373
11167795
11168267
11169038
11169904
11171478
11177867
11178325
11178907
11179432
11206367
11209657
11212171
11212975
11213463
11213979
11214396
11214751
11215293
11216122
