39501.89
45256.09
64706.37
88355.71
102145.3
111983.3
156364.2
156902.5
157904.3
166679.7
167176.9
168206
181229.2
182671.6
218381.6
253699.1
254022.2
256525.7
258237.9
307131.2
320284.1
321087.7
340308.7
372741.2
373120.2
379998.5
381105
381691.7
382491.3
383939.1
393855.3
399131
400199.8
400956.1
401950.7
403264.7
404157.7
417167.4
418106.1
419032.4
419412.2
421231.7
429130.5
456961.7
457837.1
479368.2
495166.1
496429.4
513181.9
513902.6
516610.5
517549
545394.2
546051.6
606528.3
609798.5
613318.6
615158.1
619857.8
629895
631764.2
635961.9
652379.9
656837.5
658227.5
660203.6
660939.2
662578.5
664340
665597.1
667387.9
670073.3
670855.1
671455.8
672183.6
676448.8
677933.9
679344.8
680527.5
681969.7
687051.1
688029.3
689093.7
692769.8
700724.2
704217.9
704375.6
705173.7
706533.6
708558.8
709551.1
713655.5
722286.3
723244
723884.8
724791.8
734309.3
741500.3
745322.2
746248.2
762158.7
776474.7
777641.5
781379.6
782902.3
789704.8
822416.6
827536.1
828737.9
829330.9
830319.2
831173.8
843606.8
844237.6
844924.4
845778.8
848153.5
850242.5
853316.4
859258.3
860179.4
864540.2
880870.1
915168.5
931386.2
932564.2
933304.9
934641.7
935714.9
953464.8
954004.9
984651.6
990580.7
991702.1
1001410
1003916
1008676
1009801
1012683
1014364
1018075
1019277
1019779
1026461
1029684
1048742
1055561
1057770
1067200
1067513
1080664
1082309
1109478
1119385
1122878
1131214
1133896
1171672
1172065
1172838
1173568
1184754
1185794
1187949
1209460
1226803
1227255
1230928
1232102
1238295
1246550
1253535
1258692
1259588
1263686
1264651
1270372
1271218
1276534
1277477
1288645
1308076
1321117
1369545
1372080
1373791
1378716
1393596
1400521
1484244
1492687
1499408
1500226
1501771
1502246
1503101
1505490
1511118
1512628
1514726
1515145
1516865
1518035
1523479
1527616
1540567
1541329
1543400
1548270
1551099
1553891
1556037
1567191
1568270
1571808
1589613
1591166
1621866
1623336
1638416
1647069
1650500
1660107
1661497
1665693
1666412
1667194
1667526
1668105
1669163
1672576
1673655
1677231
1681681
1684165
1685576
1688852
1690145
1692298
1705843
1719955
1722106
1723077
1724160
1737202
1739306
1740401
1778250
1779220
1803966
1813686
1814410
1814771
1816296
1821149
1825880
1826346
1827802
1829778
1830806
1843414
1858835
1869278
1880423
1882704
1890267
1895266
1913307
1928288
1944501
1945350
1948162
1951225
1953353
1955555
1957320
1962947
1969003
1970272
1971265
1971550
1986860
1988129
1993286
1994142
1995206
1998395
2010851
2013590
2014866
2015440
2023503
2024019
2024665
2026029
2028567
2029750
2035790
2044724
2076487
2077725
2089129
2092278
2094308
2105225
2178835
2212354
2216203
2257900
2258345
2260742
2263232
2277518
2293072
2293747
2294295
2294764
2295619
2330933
2331590
2332987
2337315
2338060
2338641
2339966
2342694
2351027
2355047
2355812
2358326
2359188
2359613
2360273
2361577
2362703
2375735
2376624
2377439
2378727
2379764
2383807
2384649
2386286
2392926
2406919
2433226
2435646
2436390
2437358
2439619
2444145
2446566
2457711
2465333
2466608
2468120
2470790
2471473
2471922
2472560
2488881
2490111
2491001
2492174
2495470
2495985
2496859
2500828
2511004
2515084
2516112
2516682
2523766
2526798
2532130
2533009
2533630
2545931
2546624
2547479
2570604
2571741
2580056
2581217
2581264
2581296
2582139
2594504
2596726
2602841
2613196
2615976
2620076
2621149
2623968
2624231
2625604
2632124
2636063
2716841
2730205
2740257
2754367
2762267
2767246
2776080
2777742
2778224
2781330
2788555
2795902
2797151
2831786
2833894
2835329
2844389
2845135
2851560
2860583
2860902
2863241
2863949
2876806
2877875
2895386
2899562
2901215
2901957
2902315
2903299
2904256
2906832
2909264
2909746
2915332
2916957
2926100
2928583
2928889
2929113
2930136
2931014
2950356
2961808
2980591
2986138
2988761
2991251
3011109
3016371
3030821
3035843
3036192
3036633
3037833
3053758
3064483
3065716
3066816
3069518
3072245
3074595
3075025
3075437
3076225
3077538
3079592
3091597
3099296
3101103
3105571
3112893
3165822
3167372
3178463
3197358
3205853
3207919
3210873
3214990
3217083
3224771
3227931
3238472
3242933
3261442
3263943
3275884
3292692
3293940
3297787
3302731
3312335
3313488
3314258
3314847
3315598
3316697
3328706
3365039
3368819
3383189
3395131
3412879
3423251
3432306
3437319
3452694
3454583
3459598
3463925
3480790
3481546
3492021
3492803
3521335
3526509
3556347
3576842
3618241
3626269
3631408
3665073
3713648
3714372
3716201
3717169
3718739
3721388
3729183
3747440
3755322
3755411
3759165
3776810
3826434
3846331
3848116
3848560
3855743
3866068
3866733
3869066
3871375
3894728
3895260
3898026
3906041
3949937
3951491
3953162
3954129
3955455
3987600
3988612
4006074
4009397
4017599
4026476
5415433
5420916
5431267
5432784
5435207
5439896
5446191
5449439
5449478
5450189
5450295
5472350
5472928
5492194
5494512
5502696
5507756
5511007
5513298
5513872
5517534
5518398
5520238
5521931
5526455
5529644
5535003
5551965
5552842
5552904
5553391
5554006
5555810
5557612
5565561
5566146
5567036
5567931
5569031
5570551
5577882
5584792
5597933
5598350
5600970
5601946
5602104
5607370
5608599
5611665
5613546
5614479
5617390
5628540
5634633
5641900
5644801
5649536
5676742
5686759
5701406
5705613
5708952
5710227
5747694
5748126
5751238
5755919
5768482
5768799
5769751
5773762
5778747
5782970
5783038
5783890
5794442
5801114
5803111
5804923
5818176
5819185
5819849
5820375
5821901
5822936
5824077
5824970
5827695
5828655
5829316
5851399
5856776
5857643
5858222
5859066
5869112
5870060
5871159
5872529
5878768
5879525
5880106
5887799
5890745
5892619
5895214
5896841
5899518
5900094
5900148
5901294
5902154
5902881
5904390
5905043
5906292
5910287
5915251
5924947
5931688
5933810
5935398
5948332
5952083
5961390
5988454
5988745
6000955
6001551
6004273
6004428
6005217
6008430
6014696
6037956
6039084
6041216
6043492
6052926
6066520
6079663
6082668
6111584
6124073
6136875
6147988
6155655
6157794
6160124
6167195
6167813
6168955
6172632
6192860
6202539
6211463
6224484
6228135
6253874
6276841
6318231
6320366
6339484
6352698
6353334
6353885
6354720
6355731
6356028
6363695
6365179
6386060
6411962
6449874
6454374
6459023
6476745
6479510
6481359
6502537
6506932
6512592
6515288
6521204
6521845
6523240
6523956
6527534
6534682
6539648
6544004
6546212
6555685
6581712
6585844
6594228
6612433
6620598
6637586
6647550
6664666
6672731
6678512
6708071
6720143
6727161
6750403
6775239
6793524
6804238
6828841
6833496
6840081
6854438
6886043
6892450
6892640
6893509
6894661
6913933
6914010
6915461
6916202
6918334
6924355
6925512
6926380
6962579
6964586
6966741
6968621
6978945
6981888
6983979
6987219
6988380
6992955
6994146
6995749
7001749
7003437
7005498
7044932
7049711
7050162
7050776
7051576
7052702
7054795
7055444
7057915
7058426
7058852
7059206
7059666
7060015
7062021
7062447
7067733
7071047
7082058
7083035
7083626
7084183
7085036
7088152
7091117
7114192
7115520
7125899
7130584
7147344
7147811
7155767
7156706
7157446
7157483
7158249
7159137
7160184
7162736
7164887
7167345
7170436
7206194
7207751
7239046
7243568
7245443
7247137
7251565
7251685
7253454
7262128
7262689
7263484
7265494
7270517
7273377
7274821
7290512
7291409
7297194
7297256
7300425
7304976
7321338
7328333
7334142
7334988
7342835
7349100
7355683
7358755
7360118
7387295
7388253
7388425
7389468
7391653
7392425
7400531
7402694
7418041
7424358
7424392
7426617
7428954
7430622
7431510
7432208
7434499
7438935
7442073
7442858
7445999
7462736
7464015
7465655
7467196
7470247
7491463
7517762
7525252
7528014
7543967
7544752
7554315
7555402
7556608
7568564
7577619
7582645
7590669
7595923
7597115
7597670
7599248
7599986
7605914
7607204
7607796
7608945
7609647
7609683
7610273
7610303
7612853
7614491
7620591
7621599
7622637
7623187
7623729
7625131
7666233
7674664
7685370
7688594
7709907
7711548
7715514
7728882
7738141
7748687
7749395
7750536
7777912
7796224
7797122
7804249
7807203
7808338
7809605
7811033
7815816
7816356
7817735
7819574
7820724
7821872
7833528
7835449
7853433
7857211
7858091
7876973
7897434
7899340
7901438
7902228
7902909
7903597
7905370
7907706
7908575
7908874
7911708
7926036
7941546
7951372
7962536
7976305
7978507
7984273
7990354
7993241
7996223
7997190
8002328
8015287
8018505
8020492
8021288
8022217
8023438
8024684
8035093
8048569
8049490
8065168
8074503
8075930
8101090
8101394
8107559
8113081
8143378
8144012
8144897
8145561
8146607
8154149
8161173
8162839
8165822
8166754
8166955
8168452
8169798
8172527
8172637
8176290
8186693
8187244
8189749
8194300
8202526
8206253
8215262
8235820
8247366
8255614
8263321
8266575
8275172
8276175
8277442
8278723
8279416
8280246
8285231
8286212
8287090
8294255
8314951
8316835
8318947
8336855
8351135
8352474
8370149
8374972
8375678
8378851
8379753
8381434
8385258
8389744
8398484
8399439
8399603
8400230
8400867
8401976
8404843
8405010
8405957
8406803
8428304
8441949
8450182
8455590
8490383
8505325
8509053
8523121
8525618
8554873
8581165
8583720
8594116
8601959
8605473
8631989
8635466
8637197
8644185
8654418
8683398
8687460
8689921
8710148
8713396
8713550
8714650
8715105
8715858
8718547
8719407
8720055
8741036
8753290
8760166
8777684
8778413
8783425
8786340
8787630
8808017
8810028
8810643
8811438
8812393
8824650
8829206
8833753
8842091
8845216
8854614
8866647
8867115
8890210
8890852
8890979
8903811
8906149
8916665
8921961
8926332
8928282
8929953
8940304
8942850
8944678
8946720
8953860
8966653
8967395
8968023
8968863
8969591
8978458
8979397
9000976
9013661
9014062
9015679
9019449
9020157
9020196
9022313
9032792
9040215
9065668
9067401
9084262
9085631
9095900
9104193
9105642
9117253
9120396
9121705
9122737
9126516
9134669
9145656
9149214
9154222
9154838
9155668
9156105
9165239
9167060
9167090
9169142
9190777
9214211
9227749
9236106
9244261
9263855
9264774
9274685
9307749
9309214
9311961
9315030
9336324
9363032
9368729
9372052
9379444
9389863
9452702
9492389
9493705
9510832
9517132
9519314
9520448
9524126
9530471
9532893
9537632
9553794
9555969
9569823
9572295
9588972
9596742
9604090
9607999
9616747
9617628
9618102
9619210
9620872
9623127
9625211
9625534
9627037
9627767
9629324
9630525
9631372
9634142
9662190
9664576
9690235
9696933
9706474
9707543
9722532
9722998
9730572
9738271
9745201
9746501
9750320
9777470
9791807
9816797
9863636
9901386
9901964
9910467
9914004
9934886
9947849
9953336
9970305
9982724
9990550
10046434
10056713
10062191
10066889
10075567
10091799
10118719
10127010
10128390
10129345
10129580
10130816
10133982
10146173
10150318
10162674
10163831
10173288
10175028
10176237
10180493
10182495
10209244
10217192
10224441
10225061
10244214
10267090
10280092
10280593
10284475
10321167
10354646
10416754
10417814
10419395
10421131
10429061
10429843
10431015
10434937
10435308
10436962
10442705
10442882
10462724
10472089
10479578
10481989
10483263
10490395
10504496
10505532
10505888
10506806
10507358
10507601
10508896
10510422
10511609
10529601
10537626
10538677
10539964
10541506
10541540
10543413
10545417
10546992
10550914
10598606
10606900
10609379
10637830
10651511
10653122
10665309
10674590
10675464
10676772
10687477
10693940
10695674
10723187
10725623
10744522
10744963
10745576
10746457
10747106
10747738
10748337
10749075
10750658
10751242
10761324
10766469
10768366
10769755
10772440
10774556
10775240
10775964
10779820
10802422
10807702
10808368
10808801
10809770
10810630
10812328
10824555
10826067
10829042
10833764
10838575
10840012
10841358
10841996
10847995
10849077
10878006
10891377
10896075
10909330
10910029
10916854
10929342
10939445
10945436
10953564
10958729
10960479
10962845
10964235
10968450
10978078
10979209
10996434
10997925
11017244
11023860
11046325
11047792
11061520
11065478
11067369
11086233
11086894
11150280
11160360
11161500
11174340
11176504
11178091
11179230
11183243
11188481
11202298
11203072
11205143
11221654
11225000
