74000.62
77169.44
77954.11
79750.87
86553.75
87277.17
88116.29
88858.45
135578.3
136615.4
136993.2
137451
137880.6
138483.9
140134
140473.1
140995.8
141691.7
172120.4
172460
172964.4
173274.1
173538
173865.9
174534.4
180942
181918
182292.3
182775.7
183115
183664
194255.1
197625.3
203032.8
203467.3
203831.6
204241.7
205823.9
209594.1
220537.6
221658
230135.1
243001.3
243207.8
243617.6
247690.8
256940.6
274200.9
275350
276259.4
276860
278186.7
280072.6
286994.8
305698.5
307629.6
308511.1
310451.8
311633.6
314774.2
343373.3
344007.7
350403.9
351793.7
353447.3
392688.7
393407.4
394253.4
403892
425309.5
454107.2
456433.4
459482.3
460034.6
460534.4
461277.4
461869.3
462738.2
463299.6
487658
508558.1
509057.3
509544.7
509976.8
510647.9
520532.1
521346.4
531408.3
532153.1
539963.1
540680
543405.7
543760.9
544219.3
544848.2
546482.7
548101.4
548931.4
549972.6
550840.4
552026.3
566325.5
566670.6
567026
567362.5
567744.7
568200.5
568493.2
568853.6
569266.9
569623.2
570104.9
570470.8
570978.6
571531.9
587555.8
587948.9
588362.2
588771.1
594689.9
615535.9
616113
623121.6
623823.6
624273.5
624655
628660.6
641086.6
641770.9
642459.9
645971.9
646866.8
647377.5
650727.1
670257
672254.3
699749.6
700765.9
701645.7
707944
708555.3
709890.5
710783.7
711723.7
712857.8
713292.4
727537.5
729021.2
747021.4
747822.7
748735.8
749418.2
776652.1
777768.2
787009.5
788847
789595.5
790312.4
798778.2
800368.3
801199.1
802069
822605.4
845334
845696.6
846263.4
847867.7
848636
854504.5
860909.8
908821
919596.5
931617.3
932975.8
957512.3
959019.8
968572.5
969239
970171.8
971081.2
980453.8
989031.8
1010795
1017167
1021431
1025445
1035961
1037085
1046155
1046569
1047091
1047609
1048728
1050350
1076735
1077171
1077507
1077817
1078138
1078466
1078846
1079417
1089583
1090981
1092104
1094969
1095447
1095963
1103366
1103819
1104801
1108917
1112229
1115884
1116778
1150909
1152166
1153163
1154686
1155698
1166299
1166851
1169663
1170299
1195336
1195962
1199772
1211484
1212306
1217609
1224530
1268732
1269596
1270930
1272155
1287515
1288964
1307484
1312552
1312848
1313116
1313642
1314012
1314530
1315149
1315684
1363536
1364024
1365078
1365469
1365879
1366308
1366784
1367639
1368632
1369904
1388524
1389282
1390726
1391238
1395301
1412132
1412856
1413575
1415086
1416288
1423185
1424340
1425442
1429061
1431721
1442246
1448361
1461150
1461760
1462453
1467918
1468675
1469176
1469928
1471332
1472104
1472875
1482641
1484569
1491562
1497025
1500710
1501404
1502891
1523624
1524283
1524694
1525437
1544856
1546696
1547359
1548522
1548954
1549216
1549734
1558455
1558908
1559210
1559668
1560047
1560890
1561341
1562075
1564415
1569175
1569720
1570421
1571018
1572475
1589240
1596962
1597678
1598120
1598739
1601694
1603443
1604386
1611119
1614592
1633937
1635740
1636230
1637008
1637803
1638406
1639268
1640349
1641230
1641849
1642582
1643125
1644440
1669663
1673341
1698516
1708632
1710138
1728900
1743512
1743846
1744616
1753299
1754502
1755525
1756452
1757428
1761832
1763046
1765210
1765598
1766456
1767139
1767608
1768926
1770011
1800625
1809145
1829363
1830415
1833481
1835307
1835848
1836356
1837875
1843900
1845205
1857600
1858798
1874404
1874944
1876400
1881785
1883664
1884159
1884584
1886473
1887200
1888016
1888605
1900869
1901615
1908613
1909103
1909449
1911222
1916497
1919316
1920456
1921053
1921810
1927703
1928140
1928574
1929196
1929805
1936248
1936927
1937514
1937942
1938572
1939376
1939947
1947518
1948394
1949009
1950035
1950876
1952389
1972608
1973062
1973512
1974108
1974587
1975085
1975916
1998232
2009022
2009521
2009953
2010362
2010787
2011545
2018384
2019065
2048626
2049298
2051261
2066099
2077124
2077716
2078190
2078962
2079359
2079664
2080060
2098995
2099606
2100697
2105281
2105736
2106134
2106482
2106845
2107318
2107807
2108455
2116606
2116971
2118164
2120258
2120882
2131707
2132094
2132951
2143352
2144423
2147250
2157594
2161727
2166390
2212814
2213323
2213589
2213896
2214165
2214467
2214851
2215128
2215706
2224686
2226432
2226792
2227559
2228449
2229132
2229593
2230338
2230987
2259255
2260467
2261955
2262819
2263497
2263933
2264597
2265356
2265872
2266501
2267006
2267500
2268068
2284269
2284735
2285410
2286120
2286610
2287448
2297636
2310833
2311397
2312062
2312925
2313510
2314371
2335444
2341399
2341977
2345320
2361100
2363495
2365076
2369128
2386635
2397965
2398951
2399586
2423220
2423831
2424309
2424602
2424968
2427277
2427814
2428182
2428519
2428999
2429610
2478815
2480329
2482122
2491324
2491908
2492650
2493017
2493410
2494074
2494867
2500110
2500849
2506980
2516247
2516675
2517256
2517844
2518263
2520053
2538110
2540072
2540561
2541026
2563465
2565027
2565499
2566002
2567015
2575455
2576990
2577834
2579259
2579803
2580212
2580627
2580966
2581639
2584448
2589586
2590449
2593550
2593977
2596179
2599410
2613403
2613936
2618125
2620143
2620814
2627729
2641258
2642159
2642630
2643785
2646925
2647697
2649255
2666306
2672514
2672871
2673365
2708050
2708995
2712544
2716430
2722546
2723150
2723489
2734449
2735168
2735781
2737529
2739984
2744177
2746041
2754359
2755096
2756006
2764373
2767260
2768955
2769601
2770140
2770793
2771578
2772048
2772377
2773037
2773525
2774517
2776161
2777323
2778159
2790563
2792823
2793310
2793872
2794769
2795271
2796111
2797221
2801412
2812700
2815761
2816232
2818225
2828038
2828671
2829184
2830178
2833227
2834050
2834910
2849444
2889590
2890233
2893092
2918688
2931813
2932647
2943641
2944475
2945453
2955706
2956472
2961928
2963934
2964884
2965397
2986530
2990713
3003172
3005879
3006397
3007041
3007715
3010884
3026451
3046571
3047034
3047686
3048598
3049962
3057363
3057927
3058386
3058752
3059178
3059557
3060082
3074207
3095562
3108211
3108909
3110531
3130557
3183438
3184362
3185837
3202049
3210481
3214346
3215116
3217071
3217588
3217928
3218526
3219257
3229151
3232988
3234300
3241197
3242095
3254267
3255084
3255978
3267364
3270903
3290137
3290999
3292645
3296130
3298025
3329174
3330530
3368034
3385663
3386346
3386997
3393638
3395427
3408464
3413705
3426840
3427883
3428762
3432141
3454389
3457130
3457769
3458266
3458650
3459269
3470581
3486679
3487235
3487616
3488065
3488472
3489394
3491376
3501841
3502637
3503324
3504246
3504805
3505497
3515510
3521720
3537070
3537754
3538162
3538885
3540004
3540866
3541792
3542661
3543343
3543729
3544292
3545796
3546379
3547459
3549389
3549935
3550645
3551824
3553028
3559447
3605503
3606378
3606810
3607163
3607934
3620498
3620877
3621614
3622203
3623585
3625734
3630254
3631226
3631667
3632004
3633455
3643411
3644706
3645810
3646341
3647051
3648844
3650504
3658482
3659527
3660357
3674155
3675919
3677181
3678607
3685733
3686574
3686975
3687374
3691302
3692484
3693072
3694218
3695476
3699804
3704767
3708660
3750291
3754818
3755539
3756019
3771312
3771682
3772335
3772893
3773264
3773636
3774219
3792715
3800596
3801139
3803665
3809286
3810074
3819793
3826149
3837149
3838068
3838441
3839075
3841257
3842669
3843228
3848324
3850049
3850557
3851846
3857488
3862661
3864535
3865312
3866303
3879053
3880145
3884329
3886109
3887077
3887902
3893379
3893921
3894926
3895491
3896431
3896796
3897162
3897509
3897821
3898283
3899238
3902485
3902898
3903515
3905182
3906064
3906635
3922008
3922667
3923637
3961149
3961454
3961932
3962253
3962877
3963629
3967716
3970943
3974686
3976078
3998619
4011405
4016913
4021413
4054750
4056048
4056513
4063814
4065545
4066819
4078956
4096368
4096879
4103597
4113793
4114203
4114773
4115871
4139613
4140301
4142828
4143773
4144460
4144812
4145639
4153766
4155380
4156178
4157141
4158738
4167776
4170276
4170826
4171199
4171816
4177351
4178013
4178864
4179673
4189014
4189931
4192476
4194521
4196560
4197181
4198942
4227007
4231765
4232143
4232636
4244610
4252415
4256553
4257640
4260056
4263199
4270752
4285533
4299245
4299838
4301106
4315150
4320963
4335961
4340034
4341140
4359136
4361342
4362913
4363540
4391311
4392351
4398843
4399879
4400931
4401729
4405317
4405808
4409187
4414933
4415468
4415869
4416386
4417546
4419191
4420429
4423276
4432050
4434175
4436670
4449305
4450350
4451291
4451826
4459847
4462274
4462643
4462978
4463292
4463667
4464069
4464452
4465271
4465889
4469407
4470129
4471576
4475120
4476135
4476616
4477038
4477372
4477801
4478104
4478667
4479143
4512621
4520313
4524609
4525446
4525978
4538393
4539425
4557891
4558455
4558993
4559558
4560295
4561082
4561672
4562421
4565599
4566512
4569709
4570170
4570884
4571209
4571755
4572135
4572614
4573151
4573491
4573910
4574337
4574887
4575523
4576318
4577678
4589377
4590159
4590833
4591496
4597305
4605786
4609712
4635885
4636614
4639566
4640411
4647912
4672942
4673558
4674220
4674918
4682769
4683993
4684620
4686394
4701664
4707303
4708050
4708754
4709666
4710712
4712752
4727089
4742709
4743488
4749163
4750639
4755869
4756254
4756754
4757113
4757565
4758296
4759135
4759977
4760307
4760695
4761080
4761804
4783269
4783871
4794528
4796713
4797120
4797720
4798158
4798803
4799510
4811700
4816342
4816845
4817386
4817827
4818246
4819389
4820459
4824237
4825818
4826750
4827233
4829736
4831739
4832273
4833665
4834165
4835132
4836794
4840495
4846336
4846903
4853881
4855348
4856150
4856442
4856728
4857113
4857555
4857932
4858458
4860604
4869365
4887823
4888575
4889653
4890165
4899601
4900085
4900553
4902644
4924780
4925315
4925999
4926545
4927592
4954689
4961995
4963092
4963665
4964526
4965049
4971346
4971908
4972463
4973038
4973769
4974232
4979392
4980299
4981231
4982031
4982534
4984674
4999011
5019774
5038263
5039246
5039978
5042506
5043379
5064024
5065216
5065953
5069742
5070257
5071393
5072123
5073454
5075485
5076625
5096183
5101003
5101820
5123645
5124623
5125722
5133536
5134757
5137655
5138046
5139111
5145451
5154646
5177415
5178423
5179008
5179481
5200083
5201148
5201690
5206905
5207661
5208813
5209190
5209450
5209917
5213711
5214255
5215889
5216715
5217398
5217760
5219611
5234925
5235477
5236111
5237147
5238712
5243170
5243845
5244436
5247262
5248132
5248966
5250169
5250787
5251855
5252345
5253164
5265043
5265425
5266809
5267527
5268525
5269898
5270532
5272872
5275058
5275720
5276409
5277839
5287719
5288264
5290989
5291820
5293008
5293587
5294139
5300092
5300904
5301727
5305048
5306104
5307809
5312224
5313416
5314614
5319287
5324805
5326547
5332334
5338987
5339619
5344283
5344723
5345574
5358567
5359012
5359370
5360356
5361260
5365529
5366289
5368044
5368356
5368881
5400360
5400679
5401019
5401501
5402239
5405460
5406692
5407401
5408250
5415858
5418002
5418507
5420515
5431901
5433072
5433809
5448206
5449468
5454430
5454888
5465536
5467746
5468317
5469667
5470869
5471434
5486572
5491595
5494213
5501560
5502059
5502333
5502698
5503286
5504321
5504765
5505238
5505899
5506463
5507125
5508232
5510391
5521296
5522246
5524833
5529542
5530145
5530841
5541680
5544248
5545503
5546187
5547638
5548218
5549150
5549738
5550628
5551391
5551867
5553597
5555354
5572945
5573230
5573558
5574192
5576465
5577245
5578101
5578521
5579483
5580555
5589813
5593393
5594008
5594409
5595958
5596617
5598346
5602806
5603430
5604235
5604864
5605809
5606440
5627972
5631575
5644061
5644495
5645503
5649998
5650671
5651453
5652348
5656421
5674194
5676222
5676819
5677529
5678561
5712589
5716825
5717438
5719966
5721436
5722399
5723308
5728862
5730824
5731857
5738087
5738644
5739281
5739673
5740322
5741113
5742102
5749567
5753816
5757683
5758935
5760058
5761428
5768312
5768699
5769299
5769743
5769977
5770332
5770745
5771674
5775512
5776074
5776631
5777503
5779558
5783278
5783665
5784238
5784995
5791833
5794506
5810623
5812553
5827871
5829939
5830573
5831123
5851725
5852451
5856899
5857332
5857939
5858278
5858573
5858896
5859301
5859656
5860167
5860799
5861976
5864781
5870561
5872999
5879473
5880558
5881243
5882095
5882834
5883532
5883947
5884478
5884917
5885581
5885974
5886282
5887055
5891863
5897381
5898721
5899258
5899975
5900938
5920341
5920809
5921068
5921465
5921748
5922073
5922421
5922899
5923225
5923613
5924006
5924357
5924780
5925108
5925554
5926097
5926803
5927360
5927944
5936856
5938370
5938711
5939089
5939668
5940051
5940471
5941931
5943199
5947127
5947427
5947790
5949124
5952178
5953363
5956267
5956987
5957708
5962801
5965513
5966108
5968255
5968810
5975826
5977058
5977585
5984863
5994473
6032520
6037917
6038778
6053912
6054631
6055476
6056219
6057404
6058259
6060521
6066326
6067195
6068544
6069190
6070137
6070815
6071339
6072919
6073551
6074373
6075631
6076416
6076799
6087497
6088791
6090184
6099008
6099794
6105804
6106243
6106620
6107491
6108239
6110318
6113459
6115573
6116044
6116554
6116866
6117259
6118613
6119386
6120227
6122462
6124743
6125158
6125509
6126214
6126538
6126869
6127663
6129157
6129620
6130261
6130780
6131274
6131718
6132258
6140023
6141516
6142982
6149528
6150358
6151556
6153852
6154495
6155095
6155757
6156610
6157092
6157517
6158067
6158754
6160084
6160515
6160958
6165511
6169841
6170371
6170775
6171140
6171752
6194088
6197330
6197912
6198427
6202303
6202971
6203704
6207845
6210486
6210976
6211983
6218434
6221587
6223198
6223892
6224585
6240097
6241028
6248029
6248404
6249540
6253723
6254399
6273520
6300236
6300640
6301013
6301440
6301977
6302465
6303635
6305911
6318063
6319164
6325152
6325569
6325847
6326188
6326524
6327180
6327515
6327944
6328390
6338885
6342209
6343313
6344806
6346695
6347157
6348184
6349087
6349682
6350164
6351056
6357931
6359204
6362467
6364175
6365016
6367263
6381930
6384202
6386530
6387257
6387814
6388377
6389223
6398204
6401523
6406463
6407179
6408168
6408781
6414166
6431695
6433311
6434688
6447589
6448159
6461529
6462504
6473034
6473650
6474216
6474675
6475399
6476068
6477073
6477696
6478375
6478765
6480215
6486246
6491455
6497312
6497730
6498236
6498977
6499743
6501680
6502920
6508701
6514716
6515392
6516958
6517571
6517968
6518346
6518816
6519204
6520218
6522653
6524765
6528961
6529977
6548146
6548820
6549395
6549748
6550348
6551592
6557212
6559770
6560340
6561164
6561721
6582497
6585099
6585907
6587002
6589773
6590382
6590798
6591396
6592299
6594493
6595725
6596679
6602986
6603463
6603786
6604346
6606296
6607366
6618797
6619726
6620368
6620933
6636252
6636868
6637689
6646689
6661441
6662018
6663729
6666347
6667151
6673024
6684105
6690426
6693800
6695792
6707526
6724346
6725939
6752381
6753416
6754044
6757235
6757922
6758873
6759949
6762894
6764787
6769451
6769805
6770358
6777107
6778373
6779050
6780020
6780604
6781499
6782579
6786992
6789231
6791827
6793192
6794529
6801030
6802153
6825086
6827044
6828752
6829531
6830360
6832350
6835024
6835462
6836230
6836688
6837063
6850420
6856861
6863125
6863486
6864058
6865011
6866675
6867380
6877087
6877600
6879652
6881934
6884698
6889419
6890024
6891298
6892970
6894486
6895370
6899269
6900051
6902597
6918181
6922022
6922446
6922985
6923921
6924508
6925260
6931123
6933142
6934884
6937245
6937710
6938417
6939342
6940060
6940850
6946862
6951319
6954063
6978249
6978682
6979424
6979930
6981463
6985107
6994334
6996589
6997952
7006647
7007207
7008354
7009098
7009831
7010617
7011281
7011812
7012489
7012943
7016751
7022026
7022796
7023390
7024323
7024875
7025405
7025858
7026567
7035962
7036580
7036880
7047580
7049334
7050811
7052104
7068088
7081951
7083851
7084585
7085269
7088263
7088830
7089465
7090429
7092619
7093224
7094221
7095025
7095703
7096722
7098093
7099382
7101810
7102499
7107228
7109219
7109861
7110440
7111375
7112055
7113697
7117078
7117600
7118066
7118339
7118763
7119105
7119635
7121314
7130601
7141186
7144032
7145326
7146434
7147304
7147850
7148327
7148773
7155171
7155705
7156215
7156615
7157067
7157686
7158844
7159385
7159829
7160414
7162479
7165255
7177947
7179567
7180638
7203831
7204900
7214181
7215252
7217458
7218078
7222780
7223369
7234221
7260248
7266325
7275599
7277974
7302656
7305537
7306777
7308520
7309299
7310353
7315804
7330663
7331116
7331498
7332160
7342302
7342875
7349762
7350388
7350907
7371441
7371961
7372353
7372622
7373149
7373513
7373836
7374564
7377258
7385614
7386055
7386686
7387871
7389516
7390469
7390927
7396513
7397036
7400340
7407576
7407972
7409251
7410104
7414771
7419299
7420077
7420418
7420847
7421287
7422094
7422757
7424551
7425047
7425682
7428966
7436581
7437322
7438060
7444946
7445586
7454772
7455446
7459779
7475204
7475763
7476535
7478118
7482473
7483039
7486093
7510551
7524989
7525688
7526120
7526584
7527087
7528190
7533262
7540947
7558595
7559369
7559968
7560673
7561276
7563840
7569251
7569792
7575933
7581095
7593861
7596437
7596937
7597531
7598170
7599973
7604346
7605437
7607772
7611224
7613347
7614074
7614641
7615200
7615861
7628988
7631206
7652571
7678487
7678997
7679548
7679960
7680257
7680634
7681234
7681704
7683167
7684036
7690254
7691952
7692756
7698470
7699058
7699483
7699829
7700337
7705880
7709421
7710418
7714108
7720350
7721562
7722943
7723571
7724868
7729621
7731505
7734598
7735076
7735411
7735907
7736753
7737419
7743205
7744654
7745630
7747154
7760866
7761378
7761770
7762230
7762607
7762983
7764008
7764598
7765039
7765600
7784301
7784926
7824130
7824674
7825149
7826748
7831871
7834121
7839626
7855825
7857002
7863979
7865433
7878584
7883287
7888763
7890383
7896846
7910904
7911515
7926642
7932963
7935291
7940812
7941289
7942056
7943344
7945580
7955561
7980335
7983243
7984111
7985958
7992752
7993568
8000437
8001370
8001757
8002079
8002470
8002825
8005927
8007204
8008092
8013651
8015016
8015512
8026988
8028974
8032359
8045683
8054718
8055237
8062150
8062828
8075886
8076880
8080958
8102141
8102594
8103053
8103492
8109977
8122676
8124376
8130806
8138262
8140031
8141143
8142256
8146356
8168534
8169792
8170583
8176181
8176794
8179590
8180299
8180850
8181565
8183141
8192016
8193652
8194375
8194947
8195467
8196085
8196677
8197126
8209982
8210588
8213847
8215391
8216217
8216799
8217458
8227328
8229521
8230567
8232835
8238045
8238709
8240141
8240926
8242019
8244488
8247489
8248499
8250237
8271113
8271830
8272339
8272958
8275242
8286285
8291798
8292472
8292930
8293372
8300912
8302144
8314636
8315381
8315492
8318185
8330182
8330885
8352030
8352926
8353895
8355372
8369569
8370374
8370997
8372054
8373796
8377562
8382069
8388053
8388889
8391520
8398862
8413342
8429009
8429830
8430759
8432374
8433098
8433771
8434277
8436003
8437449
8447048
8447930
8449282
8458631
8459071
8459628
8461044
8463068
8465433
8468676
8468979
8469329
8469672
8470057
8470551
8470974
8471367
8472074
8472621
8474212
8501853
8502419
8503334
8505694
8526658
8527902
8531164
8571236
8571677
8572513
8585651
8588079
8591332
8591860
8595526
8596793
8597750
8599466
8602996
8603861
8604515
8605051
8609329
8610648
8611322
8612614
8613771
8618217
8627991
8634824
8641961
8642738
8643742
8644320
8644909
8645559
8646200
8648783
8657391
8657883
8658520
8659073
8666287
8672163
8673593
8674061
8683201
8702991
8729072
8753079
8754916
8755766
8756399
8757352
8766880
8767904
8768820
8781309
8790813
8791836
8792669
8803998
8804897
8805376
8806298
8815403
8818439
8818895
8819545
8826950
8831479
8832564
8835644
8836552
8837206
8856017
8859613
8863969
8864971
8870879
8891721
8892870
8894826
8895393
8919075
8920092
8921681
8922775
8923593
8934143
8934644
8935807
8938137
8945266
8945986
8946548
8946955
8952429
8957321
8965729
8971903
8974126
8980208
9000494
9000888
9001618
9002758
9006236
9007241
9018036
9018807
9020932
9027372
9027951
9029456
9030795
9034310
9035594
9036196
9037171
9037742
9039164
9040836
9050196
9065454
9069278
9072574
9073475
9074193
9074828
9075624
9078955
9093992
9099434
9100007
9100887
9101523
9105061
9106198
9108227
9108826
9110211
9110730
9112262
9114023
9122434
9123306
9125125
9151539
9152058
9152585
9153058
9153533
9154250
9170564
9174206
9175434
9175902
9176703
9177444
9181527
9191870
9213096
9214556
9215166
9216039
9216762
9220148
9243317
9251986
9252868
9253151
9253566
9254054
9254573
9255909
9256699
9258719
9280680
9281489
9284684
9285388
9286436
9292075
9293170
9310208
9311802
9314289
9335919
9337174
9338087
9344799
9349986
9355296
9356079
9356986
9357417
9357786
9358147
9358447
9362652
9366170
9366660
9368309
9372293
9374940
9375844
9377241
9385431
9386085
9402544
9405688
9406141
9406559
9407477
9408400
9409459
9410606
9411126
9412459
9415352
9428871
9451238
9468963
9472055
9472510
9473817
9474633
9475681
9476892
9477617
9478642
9479691
9479990
9488683
9502290
9504259
9504656
9505036
9505408
9505807
9506145
9506686
9507264
9510678
9511164
9528306
9529163
9529845
9530635
9531243
9531851
9532663
9544758
9545476
9546500
9549880
9551233
9560525
9561605
9562427
9562981
9563554
9563978
9564377
9564891
9565286
9569251
9591370
9591740
9592087
9592502
9592973
9594250
9595355
9596765
9627517
9631792
9644039
9644645
9645525
9646184
9646817
9658787
9659440
9676475
9677004
9678632
9684965
9685942
9687345
9689014
9690267
9691652
9701354
9706189
9707124
9707903
9711560
9712117
9716386
9720363
9732996
9735221
9736493
9754011
9754948
9755489
9755897
9756507
9757178
9758036
9758545
9761805
9762907
9778550
9779378
9779842
9780617
9781115
9782031
9782642
9783029
9783499
9783989
9784680
9785604
9803733
9805441
9808187
9808639
9809230
9809902
9813404
9814007
9820442
9821432
9823003
9824630
9836336
9837439
9854654
9855404
9856489
9869277
9869862
9870854
9871567
9871970
9872886
9873819
9874648
9880150
9903367
9904275
9914218
9915249
9919275
9919799
9920347
9921492
9932623
9935325
9935652
9936006
9937016
9937771
9938536
9938981
9940138
9940547
9940887
9942230
9947409
9949028
9949726
9950209
9950833
9954744
9955261
9955809
9956423
9957711
9964473
9964893
9965256
9965646
9966003
9966380
9966904
9967446
9967934
9968379
9968913
9969603
9970623
9986933
9987663
9988194
9992807
9993450
9994430
10022142
10025224
10026009
10026630
10041433
10044829
10045749
10046543
10047926
10072162
10073758
10074608
10075621
10083106
10092598
10093140
10108916
10118243
10118940
10131901
10133555
10134874
10141284
10160251
10160491
10164458
10168271
10168846
10170320
10170795
10175456
10176297
10177170
10177652
10179186
10179672
10180456
10181717
10183883
10184431
10184987
10200436
10200841
10201220
10201767
10202113
10202525
10204854
10205799
10208192
10208992
10210163
10212206
10213591
10214194
10220343
10223280
10223342
10243427
10252792
10255632
10274217
10275291
10281214
10281778
10282185
10282590
10282989
10283425
10289940
10292319
10293107
10318277
10322755
10324003
10327269
10327959
10328499
10328934
10329248
10329642
10353009
10353570
10354016
10354473
10354780
10355098
10355405
10356441
10359677
10363884
10364280
10364765
10365107
10365912
10366264
10366795
10367459
10370615
10371875
10373944
10374815
10375601
10378913
10380866
10383468
10384524
10387674
10396542
10400341
10400841
10401338
10402173
10406151
10407364
10408021
10409134
10410148
10418848
10419574
10420602
10422589
10432234
10448277
10449207
10450852
10451464
10453937
10454846
10455279
10455799
10456916
10457372
10461521
10461998
10462691
10463269
10463979
10465310
10474611
10480439
10481406
10481929
10498017
10498590
10499687
10502099
10502996
10503997
10504692
10508974
10509717
10521668
10522431
10523040
10523520
10524088
10524839
10532979
10534009
10534780
10535357
10535736
10536473
10539292
10540013
10540771
10541377
10558131
10560447
10561870
10570879
10572000
10581816
10592076
10593004
10593912
10594501
10600368
10605729
10606312
10606827
10612263
10616494
10617108
10617693
10618163
10618864
10620978
10623626
10624229
10624667
10625214
10640576
10640920
10641408
10641939
10642629
10643050
10648289
10649215
10652115
10666085
10686296
10687173
10691493
10692205
10693233
10693767
10694849
10695721
10696699
10697758
10700355
10704309
10716906
10717595
10724214
10724699
10725343
10725683
10726431
10727759
10731588
10756456
10757318
10757789
10759174
10762606
10763146
10773742
10774634
10807360
10810408
10811202
10811947
10812479
10813090
10825026
10826521
10827175
10830446
10843653
10844110
10844389
10844660
10845027
10845343
10845733
10846257
10848015
10850345
10851511
10858323
10863036
10863941
10878073
10881982
10887046
10888160
10889212
10890714
10892134
10894548
10895187
10895960
10896454
10899020
10925528
10928491
10928898
10929621
10930438
10965745
10973214
10973931
10974952
10975882
10976221
10976531
10976868
10977199
10977506
10978225
10978576
10979001
10985429
10995974
10997240
10998778
11008671
11010634
11017935
11020317
11022354
11023459
11036084
11037945
11040081
11052986
11054109
11064706
11066864
11067538
11100618
11101506
11102713
11104455
11106686
11109021
11110135
11123421
11124838
11136542
11147069
11148167
11148802
11150893
11155856
11157527
11160917
11161683
11163232
11163742
11167104
11168331
11176104
11178756
11187548
11188364
11191019
11218076
11219161
11219986
