505.9695
6091.16
6705.761
10637.24
15800.51
16204
16608.54
16903.09
17313.08
17696.45
18399.65
19270.78
19899.88
20321.19
20734.34
21339.36
21770.45
22255.08
23099.67
23559.52
25400.57
45765.41
46583.64
51044.06
53517.14
55801.53
60177.69
61348.25
63817.38
64751.1
66028.97
67203.92
68113.04
68674.25
69038.96
69527.59
69901.19
70216.33
70498.74
70827.84
71148.5
83182.15
85318.14
91219.08
91858.54
92738.24
93797.6
94428.37
98810.02
103023
120006
120608.5
121253.8
129584.5
139126.3
145830.7
148968
153062.7
166810.5
168124.4
168621.4
169779.9
180241.7
184901.8
186315.1
187222.9
195902.8
205448.3
207932.6
221759.1
223322.3
224247.1
224764.2
225994.9
226911
227715.5
228315.7
229111.4
236001.9
257189.9
260536
261293
261666
262057.4
262410
262774.4
263152.1
263425
264030.4
264745.6
274114.5
275816.5
296117.8
296629.2
297313.1
315214
315684
316468.2
317370.2
327213.8
328512.9
336258.7
344264.7
344749.5
346573.8
350772.5
351357.6
351845.4
352281.2
352597
352915.2
353359.2
354098
354558.5
354967.5
355577.1
356595.8
357347
357921.9
358639
359191.8
363021.8
364074.7
366373.1
366778.6
367153.9
367491.7
376435.8
379470.7
380017.5
380323.9
380819.4
381395.4
382392.3
383255.4
383700.1
384343.3
385362
393605.1
394086.1
394812.1
395270.7
395945.4
408718
414569.6
414964.9
415491.8
415753.5
416071.5
416387.8
416708.5
417167
417688
420998.4
428795.4
429421.6
452527.7
453675.1
454199.5
454642.1
455109.9
455807.3
457079
458657.5
459678.7
460455.5
461277.8
461807.7
468700.8
469068.2
469619.5
474071.2
474843.9
475997.9
477235.7
509183.8
509725.3
510714.1
511740.3
512097.9
512682.1
513055.1
513537.6
513957.2
514352
514956.5
536601.2
537019.5
537403.3
537994.5
538625.1
539029.5
539503.9
547869.8
548392.4
548750.5
549388.8
549753.7
550273.9
550709.5
551168.2
573054.3
574583.1
575262.7
587083.5
587610.7
588106.8
588674.1
599585.7
600460.9
605440.4
610453.4
611158.9
612151.6
612869.5
613338.5
614116.8
615049.2
616158.7
617480.6
619052
619680.9
649764.8
655626.3
656659.6
657169.6
657813.8
660351.3
661370.1
661781.6
662216.9
662490.8
662966.5
663705
664790.2
665286.5
665717.5
666108.9
666719.3
667491.1
675910.4
680688.3
683108.9
692733.5
703912.5
719498.2
720545.2
721474.7
722632.5
731009.4
732291.2
734586.7
735616.1
743662.7
750539.3
751776.5
778258.5
779397.4
779921.9
780992.7
781467.1
798198.7
803019.4
803529
803771.6
803931
804296
804847.8
805361.9
805842.9
806484.1
806929.1
807746.2
832515.1
833086.3
834047.7
834917.3
835478.2
836019.6
837056.5
837621.7
838379
846987.4
847427.9
848161.9
859104.4
863164.2
864088.5
864553.4
865156.3
866793
868240.4
868916.7
870411.2
871882.2
872698.5
873232.6
903229.8
903612.4
904004.5
904245.5
904541.5
904894.7
905309.1
905657
906344.2
907534.5
908151.1
909189
921506.4
922094.4
922676.6
923143.5
923428.5
923763.4
924299.5
924923.9
928099.8
931303.6
932805.3
941545.3
942216.5
942642.1
943089.5
943670
947509.1
948133.4
948723.1
950540.9
951107.7
970468.2
971626.1
972067.2
972561.9
972953.1
973315.9
974153.6
977290.9
977956.8
979044.7
979662.7
986312.1
986966.2
987478.3
988090.7
988528.1
988916.3
989251.6
1020536
1021014
1021381
1021717
1022101
1022447
1022740
1023023
1023421
1023825
1025399
1039312
1056836
1057290
1057610
1057904
1058196
1058571
1058929
1059236
1059585
1059899
1060157
1060498
1060863
1061214
1061642
1062016
1062529
1063825
1065244
1070816
1071804
1072731
1088333
1093553
1097594
1104013
1104744
1105578
1106159
1106649
1107085
1110513
1111317
1111769
1114327
1114999
1121761
1128576
1129549
1137942
1139262
1139887
1141738
1142550
1151116
1155863
1156506
1157013
1165777
1166204
1166748
1167472
1168024
1175316
1175801
1176222
1176776
1177583
1178439
1179616
1182435
1194261
1197934
1199287
1209300
1209998
1210499
1211052
1211613
1212920
1217524
1221729
1222838
1237967
1245061
1246993
1248473
1258611
1259173
1259848
1261316
1261849
1262769
1265338
1271973
1283263
1284153
1284731
1285056
1285527
1286122
1287719
1288355
1289095
1289783
1294633
1295430
1296028
1297872
1311050
1312199
1312792
1314499
1315743
1316494
1317412
1321420
1321919
1322348
1322915
1323505
1324955
1360646
1361633
1362804
1363580
1366185
1367207
1368043
1369283
1370004
1372940
1373901
1374967
1387779
1388652
1392179
1392837
1393842
1395002
1395550
1396636
1397293
1397803
1398494
1400021
1400523
1401475
1402180
1402603
1403561
1403957
1404772
1406496
1407223
1408231
1409904
1410304
1437453
1437903
1438383
1439066
1439444
1439842
1440380
1441915
1457911
1458696
1459368
1460600
1461373
1464383
1479393
1500394
1504682
1505082
1505711
1506024
1506335
1506717
1507043
1507381
1507770
1508173
1508453
1508855
1509925
1512028
1512624
1513094
1513501
1513947
1514868
1517786
1518881
1519614
1520234
1520786
1521462
1558011
1558468
1558927
1560016
1560905
1565649
1579124
1580149
1581156
1582907
1583475
1583945
1584208
1584642
1585257
1602596
1603292
1603901
1605153
1605677
1606150
1606747
1608792
1609704
1644514
1645027
1645378
1645652
1645943
1646264
1646677
1647561
1684337
1686841
1688029
1688514
1689853
1693254
1694074
1694861
1696777
1705287
1706400
1712465
1714571
1715502
1716227
1716738
1717285
1717965
1742690
1743449
1754723
1755727
1756589
1757219
1758117
1758693
1759617
1760747
1776374
1777229
1777727
1778126
1778791
1779265
1779656
1780152
1780944
1836185
1852076
1869618
1870322
1870842
1871354
1871860
1873115
1882635
1885125
1886133
1886700
1887167
1888019
1891136
1892089
1892598
1895305
1898086
1902106
1903433
1903794
1904458
1908628
1909739
1920511
1921383
1921754
1922176
1922531
1922841
1923342
1923747
1924109
1924720
1925298
1925885
1950371
1955026
1955773
1956754
1957345
1958042
1958489
1959316
1959830
1960246
1960542
1960940
1961287
1961807
1963375
1964831
1966007
1980211
1980723
1981136
1981511
1982084
1995876
2007372
2007904
2008356
2008893
2009228
2009581
2009841
2010424
2010789
2011133
2011463
2012052
2042091
2043259
2070077
2077044
2080085
2088350
2105501
2105877
2106395
2107122
2108288
2108769
2110907
2111575
2112161
2113319
2114957
2115543
2118225
2119860
2140357
2141468
2144812
2149556
2158635
2171314
2172222
2172789
2173268
2173760
2175088
2175909
2184586
2185406
2187151
2188487
2194528
2195105
2195430
2195793
2196235
2196694
2197109
2197770
2213348
2213830
2251636
2252404
2254501
2254864
2255490
2257547
2270488
2279453
2280156
2301280
2302534
2305215
2315892
2316501
2316918
2317627
2326571
2327922
2329943
2331727
2343034
2343710
2352751
2353261
2353762
2354197
2357933
2366739
2377961
2379688
2380256
2381579
2382954
2383942
2384448
2385078
2390621
2391447
2393589
2394201
2394729
2395174
2400439
2401103
2405595
2406028
2406516
2406879
2407254
2407587
2407929
2408548
2408928
2409290
2410008
2411127
2412043
2412878
2415885
2416365
2416732
2417161
2417512
2418073
2418467
2418850
2419487
2419945
2435573
2446666
2457285
2458527
2459231
2459655
2460544
2462582
2465298
2469263
2470169
2470653
2471118
2471543
2472056
2472495
2473053
2473697
2511460
2512018
2512667
2513525
2514378
2532239
2533002
2533569
2534095
2534616
2535325
2536149
2536602
2537594
2541607
2542103
2542584
2543252
2544346
2545260
2551834
2555985
2557103
2558681
2560114
2583795
2585865
2587936
2588568
2593299
2598371
2607363
2608135
2608593
2611302
2621716
2624710
2625868
2655086
2662741
2663498
2705267
2705608
2706025
2706440
2706798
2737224
2755353
2755814
2756455
2762992
2764035
2764949
2766114
2767474
2768771
2772178
2772633
2773179
2773737
2774586
2789327
2794580
2796157
2796978
2798348
2813271
2814474
2815171
2815629
2817872
2826572
2826985
2827534
2828402
2829870
2831174
2834105
2843714
2844880
2845610
2854957
2858099
2858790
2859369
2859935
2860608
2860948
2861368
2862139
2862707
2863436
2864432
2865071
2865826
2866318
2866715
2867184
2867783
2869093
2886538
2895435
2898092
2899320
2899882
2900817
2902244
2903344
2904104
2905753
2915803
2917264
2918113
2926891
2930859
2931585
2940088
2947175
2947759
2948419
2954912
2964602
2967227
2970735
2971838
2972329
2973161
2978597
2979055
2979649
2982038
2984289
2984929
2985991
2986880
2990680
3001969
3003081
3003503
3005326
3006468
3007279
3011095
3012272
3013199
3017706
3019830
3022002
3022320
3022776
3023414
3025905
3026905
3029710
3058461
3058928
3059518
3060076
3065565
3066209
3066528
3066927
3067369
3068012
3068989
3069923
3070370
3075798
3078152
3100910
3101747
3102845
3104409
3105438
3106077
3108282
3109937
3126036
3131282
3151297
3155888
3156943
3157460
3158777
3159242
3159579
3159993
3160394
3160837
3161476
3162071
3162896
3165439
3167243
3167641
3168018
3168379
3179318
3180317
3195693
3205950
3206950
3207493
3207993
3208612
3209686
3216567
3217125
3217604
3218373
3248389
3248856
3249177
3249667
3250472
3256172
3256711
3257307
3266281
3266759
3281882
3282874
3286071
3286854
3305075
3305404
3305692
3305997
3306280
3306542
3306875
3307143
3307538
3308164
3308549
3308898
3309463
3314966
3316066
3316795
3317950
3318335
3319011
3320047
3341776
3343601
3344269
3346120
3347729
3348260
3348758
3349382
3349964
3355748
3356500
3357380
3358149
3358997
3364856
3372548
3376348
3387243
3388352
3389038
3406399
3406787
3407069
3407520
3407978
3408531
3409045
3409413
3410075
3410868
3411754
3412681
3413455
3416004
3417234
3428179
3429879
3430648
3431253
3431716
3432116
3432685
3433228
3433769
3434339
3435662
3450290
3462389
3463378
3464016
3464745
3474137
3474785
3477933
3479105
3488158
3488794
3489248
3489903
3490417
3490984
3491795
3494259
3494857
3495643
3496282
3498406
3519045
3525843
3526758
3527425
3528194
3542361
3542978
3543983
3546574
3547288
3553283
3553680
3554404
3559515
3560299
3562550
3564172
3578733
3602919
3603558
3603917
3604255
3604852
3605872
3615159
3616414
3617103
3625849
3626912
3629129
3629786
3630900
3633437
3635021
3635936
3636840
3641682
3643084
3644006
3644697
3645846
3646529
3648527
3651802
3652295
3652996
3669082
3699823
3700405
3701977
3718705
3720516
3721236
3722257
3723334
3725495
3728233
3728696
3729178
3729529
3729983
3733488
3734725
3738111
3755449
3756003
3756689
3757086
3757607
3758205
3758531
3758864
3759218
3759540
3759997
3760401
3761008
3762039
3762451
3763058
3763735
3766347
3766866
3767270
3767630
3768286
3768755
3800238
3801808
3802742
3817559
3818803
3819456
3820644
3824060
3829589
3830529
3831226
3831756
3832304
3833678
3840714
3841470
3861973
3869270
3873456
3877717
3878507
3879119
3879691
3881411
3883932
3885334
3910161
3910865
3911404
3911671
3912054
3912470
3912762
3913108
3913515
3914209
3915240
3918719
3920263
3925092
3925572
3926065
3926410
3926770
3927513
3939163
3942549
3945561
3963691
3970255
3970956
3971851
3972449
3978315
3979970
3994635
3995193
3995620
3996392
4012500
4013183
4014160
4014800
4015229
4015610
4016212
4017554
4029827
4057293
4066371
4067312
4067912
4073683
4075367
4076116
4077468
4079407
4094654
4096076
4098720
4101194
4107224
4107891
4108290
4108596
4110548
4111755
4113590
4114437
4115520
4122169
4122896
4123290
4123669
4124242
4124683
4139221
4140467
4141149
4143539
4152059
4166413
4166846
4167398
4175631
4176151
4177554
4190036
4196200
4199748
4202537
4203417
4203845
4204561
4205301
4206138
4206522
4207494
4208524
4209033
4209568
4209904
4210292
4210803
4211372
4211818
4213072
4214921
4215750
4220928
4221476
4223477
4242357
4243209
4244663
4246683
4247482
4267612
4269042
4272658
4273028
4274123
4274483
4275390
4276667
4277594
4278735
4279224
4279747
4280909
4283153
4285257
4292709
4298313
4324359
4324793
4325591
4327428
4328169
4330901
4339353
4350940
4351596
4352601
4353777
4354313
4354834
4355648
4361928
4363751
4366119
4366636
4367011
4367925
4370155
4371292
4376310
4380623
4381546
4382095
4382616
4383528
4384074
4385314
4385768
4386186
4386928
4389281
4390085
4393820
4394428
4394930
4399488
4400261
4400986
4403846
4404508
4405039
4405897
4408638
4410401
4411463
4412531
4422717
4423603
4424626
4425323
4428413
4429299
4449172
4455784
4456515
4460591
4469554
4470808
4471182
4471660
4472042
4472762
4473832
4474639
4475020
4500101
4500663
4501338
4502497
4503103
4504505
4505095
4505969
4506421
4507060
4524087
4524453
4538670
4542007
4542442
4543089
4547830
4548422
4548925
4549374
4550053
4550624
4551211
4556469
4558596
4558999
4581532
4581976
4582482
4583247
4583945
4595315
4597955
4598633
4603295
4604095
4611413
4614139
4615014
4630873
4631273
4631692
4634278
4634634
4634942
4635350
4635743
4636210
4637001
4637913
4638220
4638616
4647380
4648315
4649202
4654439
4654955
4655348
4655620
4655897
4656146
4656671
4656980
4657216
4657512
4657910
4658187
4658544
4659093
4659582
4672257
4673350
4673897
4701327
4703540
4704144
4704853
4715166
4715614
4716283
4716810
4717353
4728262
4728824
4729330
4729721
4730103
4730502
4730915
4731327
4731825
4732713
4733402
4733845
4734470
4736615
4765023
4766302
4766907
4767690
4768073
4768423
4768768
4770350
4779887
4780245
4780773
4781413
4782574
4783361
4783707
4784425
4784965
4785560
4786309
4786945
4787622
4788132
4796761
4797416
4799345
4800746
4801284
4801720
4802234
4809056
4809616
4810185
4810738
4811148
4811817
4813419
4831505
4832877
4833402
4833875
4834434
4834947
4835450
4836263
4837957
4838384
4839593
4840671
4841671
4841963
4842358
4842845
4843902
4859109
4866907
4867795
4869026
4874749
4876118
4876989
4877355
4877758
4878753
4885748
4886367
4886799
4887301
4887864
4888673
4889322
4889901
4890414
4890831
4891140
4891582
4891868
4892507
4893622
4899924
4900622
4901318
4902239
4903116
4907673
4956108
4956722
4957991
4960960
4962158
4963933
4964399
4964827
4965334
4965797
4966292
4966890
4967851
4975966
4976812
4978029
4983742
4987770
4989003
4992196
4994808
5026123
5026908
5030283
5046784
5047316
5047731
5051143
5051880
5053185
5054284
5055493
5064903
5065871
5066278
5066628
5067038
5077232
5095400
5095873
5096210
5096549
5097169
5098476
5105381
5106076
5106687
5107047
5107537
5107932
5108236
5108682
5109066
5110019
5115465
5115994
5116626
5117014
5119473
5139652
5140411
5140793
5141321
5142053
5142635
5143500
5155500
5156237
5156808
5157109
5158078
5158526
5158975
5159837
5161434
5163904
5172153
5173083
5173385
5173908
5174844
5175821
5176577
5179453
5185702
5187695
5189139
5189671
5206070
5208676
5209100
5209609
5216623
5217190
5217740
5218377
5218868
5259857
5270357
5273013
5278145
5279148
5282633
5283282
5283667
5284204
5284705
5285395
5286419
5296510
5298866
5299415
5300135
5300702
5301117
5301495
5301965
5303198
5303806
5313227
5313611
5314100
5314752
5318483
5318969
5320100
5334023
5334393
5335398
5344523
5345348
5346250
5352575
5374413
5403346
5404181
5404597
5405215
5405649
5432169
5433779
5440575
5450234
5450975
5451693
5454524
5459890
5460529
5465077
5465476
5466332
5466991
5477711
5478724
5480426
5482737
5517653
5518939
5519641
5524740
5526285
5528017
5528870
5530559
5531421
5532587
5533063
5534305
5534880
5535690
5536192
5556182
5556776
5557209
5557680
5558056
5558482
5559162
5559917
5560292
5562008
5563189
5564549
5564953
5565760
5566184
5611922
5612319
5612814
5613159
5613658
5614095
5614487
5615022
5624248
5624803
5626404
5627048
5628682
5629421
5631282
5632568
5633525
5652657
5653286
5653891
5665238
5666103
5666470
5667028
5667506
5668181
5670233
5671139
5698195
5698781
5699324
5699702
5700175
5700642
5701211
5701631
5702057
5702521
5703059
5725778
5728948
5735770
5737002
5737887
5738848
5739258
5739677
5740104
5748150
5749787
5754031
5764811
5765369
5766158
5766913
5769232
5769798
5774164
5797541
5798281
5799031
5799493
5800347
5800714
5801237
5801787
5802802
5803846
5803879
5804805
5807991
5810967
5811597
5812028
5812522
5813120
5826954
5827520
5827986
5828354
5829040
5830149
5830706
5855489
5856472
5857293
5858364
5871238
5872033
5875891
5883741
5885593
5890386
5891463
5892289
5893834
5898423
5928318
5929098
5929670
5930520
5931471
5935002
5935027
5962646
5964294
5964666
5965318
5977942
5980005
5980898
5981385
6002461
6003260
6004857
6005562
6006189
6006613
6007150
6007875
6008939
6009401
6010099
6010917
6011645
6012486
6013125
6013899
6014540
6015251
6019461
6020616
6021251
6022239
6031760
6032481
6033653
6044376
6045017
6045626
6046929
6049586
6050411
6051215
6071950
6072761
6112022
6112826
6114422
6130602
6133591
6140688
6141575
6141982
6142479
6143199
6145192
6145716
6152706
6153215
6153930
6154314
6154760
6155100
6155435
6156353
6156941
6157843
6159291
6160714
6195374
6202324
6217618
6221698
6225385
6227621
6248433
6253223
6276876
6277388
6277969
6278246
6278518
6278972
6279625
6280147
6301008
6302345
6303395
6304217
6304873
6306123
6307213
6307986
6309450
6310159
6319006
6330949
6331345
6331843
6332253
6332608
6333016
6333417
6334097
6335069
6360623
6368575
6369229
6370122
6373718
6374263
6374862
6403071
6405075
6405732
6406962
6407510
6409339
6410108
6417078
6425923
6426409
6426888
6427333
6427661
6428251
6428633
6429044
6429459
6437558
6455440
6455910
6456230
6456696
6457167
6457791
6458559
6459124
6459627
6459994
6460259
6460697
6461174
6461703
6462230
6462812
6463208
6464104
6466098
6466887
6467508
6469346
6490479
6500322
6500800
6501679
6502685
6504032
6504593
6505418
6507070
6509001
6509606
6510335
6512223
6514140
6514589
6538798
6540400
6541023
6542342
6543616
6547371
6548343
6549443
6582431
6582927
6593535
6594189
6595157
6596541
6596983
6597519
6598584
6626137
6626922
6628408
6634841
6635304
6636059
6637387
6638939
6639398
6639878
6640344
6642234
6642706
6643911
6648040
6648616
6649076
6649485
6649934
6650385
6650990
6652458
6653051
6653568
6653949
6661848
6664125
6678533
6678775
6680949
6681432
6681929
6682334
6682660
6683234
6683850
6685857
6688842
6689388
6690041
6690973
6705198
6707590
6708234
6708753
6709853
6710724
6711162
6711847
6712366
6712672
6713058
6713549
6714082
6729602
6730164
6758087
6762268
6763938
6764466
6765265
6765855
6770318
6770704
6771185
6771571
6772077
6774375
6775293
6779992
6780916
6783219
6784325
6790906
6791492
6791923
6792459
6793266
6793820
6795433
6816354
6817101
6818026
6821028
6823109
6823554
6824061
6825097
6825506
6833769
6840752
6848501
6867236
6869217
6870039
6871445
6872179
6878459
6879900
6886156
6889456
6889949
6890326
6890754
6891354
6897809
6899573
6907645
6908113
6908453
6908906
6909159
6909500
6910001
6910586
6911171
6915772
6916273
6916742
6917062
6917709
6918525
6918875
6919239
6919962
6921476
6942488
6943453
6943847
6944776
6945621
6949804
6950392
6951132
6952738
6953295
6953812
6955925
6957036
6958039
6959066
6965190
6969626
6970569
6971224
6972701
6985031
6985576
6988461
6992034
6993408
6994662
7004773
7005325
7006063
7009731
7055223
7057414
7069456
7074733
7075626
7076545
7084575
7086140
7087165
7094974
7095949
7103895
7104707
7106283
7108583
7109095
7109584
7110115
7110749
7114295
7114727
7115254
7115954
7117324
7128900
7129386
7130331
7133411
7134502
7135290
7136881
7140310
7147075
7148047
7149101
7150250
7156978
7157870
7158798
7162421
7171870
7175024
7176725
7201340
7202448
7216944
7217509
7223011
7233784
7241943
7243065
7255681
7256255
7256745
7257478
7258462
7259127
7272369
7294573
7295134
7300903
7313443
7315696
7318173
7318925
7319539
7324717
7325371
7325973
7327159
7327608
7343657
7355427
7356201
7356950
7357394
7357963
7358415
7359978
7360734
7361318
7361990
7364495
7365084
7365636
7393625
7394144
7408002
7408567
7409104
7409705
7433371
7441779
7442341
7442781
7448718
7454830
7462972
7463442
7463984
7464447
7464855
7465272
7465757
7466583
7467365
7468437
7484627
7485385
7486014
7496028
7496782
7505991
7515974
7538021
7538571
7539031
7539516
7539902
7540303
7541119
7542683
7547179
7547713
7548274
7549401
7580481
7581260
7581974
7582413
7582979
7586565
7589547
7591764
7593614
7599178
7609553
7610575
7612848
7613415
7613970
7628050
7628809
7629344
7629822
7630398
7631217
7668396
7668812
7669492
7679038
7680018
7680408
7680882
7681351
7681849
7682668
7699988
7701385
7701930
7703024
7705513
7707224
7707550
7707993
7723228
7724018
7725446
7732578
7733066
7733666
7735034
7735967
7736402
7737695
7744796
7745319
7746519
7748406
7753560
7783335
7783975
7784405
7784938
7785416
7786077
7789321
7790850
7792442
7793196
7793995
7794587
7795755
7797655
7800747
7803682
7804450
7804946
7805300
7805734
7806331
7806955
7807880
7808430
7809026
7810229
7811356
7811743
7812162
7812704
7813059
7813749
7814404
7814973
7840425
7841479
7841975
7842528
7842938
7843387
7843799
7844221
7844721
7845826
7859518
7860222
7860993
7861799
7862649
7863414
7879723
7881193
7881871
7882455
7883288
7883899
7891863
7917873
7918322
7918823
7920196
7930178
7930623
7931040
7931543
7931839
7932320
7944816
7945278
7945828
7946671
7948075
7960679
7963101
7963660
7964406
7965013
7966188
7972974
7974982
7975913
7976589
7977616
7978375
7981493
7982043
7982590
7983112
7983810
7984711
7995623
7998071
8006382
8016486
8018870
8021450
8050123
8050705
8058554
8063789
8064737
8068934
8076308
8078701
8079389
8100138
8100699
8101355
8122945
8124024
8125281
8136264
8140980
8151857
8152650
8153326
8154150
8155676
8158553
8174086
8176476
8179635
8180291
8184529
8185011
8185526
8186041
8186741
8188874
8195822
8198367
8212446
8213193
8213825
8214378
8216148
8216526
8216947
8217442
8218593
8230235
8231594
8245368
8245813
8246175
8246552
8246991
8247447
8248110
8248544
8248933
8249519
8254124
8256743
8257306
8257912
8258352
8258637
8258931
8259439
8260073
8260751
8261704
8263729
8265532
8266600
8267460
8268161
8268551
8268924
8269378
8269755
8270279
8270895
8322846
8323389
8324048
8325879
8344990
8345875
8347191
8369698
8370179
8370660
8371131
8371529
8371845
8372306
8372788
8373304
8407279
8412906
8413669
8418029
8421912
8422472
8423155
8425394
8428876
8429560
8444804
8445789
8446431
8446778
8447402
8448392
8449103
8450528
8474768
8477109
8477876
8478380
8479111
8480275
8481276
8503229
8503851
8504745
8505393
8507204
8514397
8515670
8524833
8525529
8526372
8527321
8558040
8558876
8559438
8564409
8565995
8575886
8576755
8577571
8578594
8582712
8590444
8591743
8593823
8601858
8602333
8603412
8608027
8608707
8609368
8621280
8623850
8627120
8627956
8628468
8628825
8629135
8629460
8629789
8630095
8630466
8630879
8631200
8631741
8632165
8632847
8633317
8633920
8640761
8642927
8650650
8655223
8656283
8656998
8657808
8658718
8659584
8660261
8661252
8673235
8673931
8674498
8675042
8675500
8676541
8690855
8703898
8706781
8707135
8707619
8708147
8708883
8709371
8709787
8710209
8710700
8711287
8711682
8712159
8712637
8713254
8713654
8714055
8714711
8715382
8720169
8720961
8754576
8755684
8760247
8761578
8766845
8780571
8781078
8781861
8790575
8794001
8795253
8796305
8796914
8797701
8798933
8809019
8813394
8814078
8818409
8836368
8853538
8854630
8858948
8859600
8861254
8862158
8865483
8866112
8866945
8887992
8888515
8889900
8894591
8895366
8895928
8896585
8898922
8907711
8909796
8912287
8912875
8913360
8913727
8916022
8916442
8917016
8917689
8918173
8919477
8920476
8923655
8947723
8948248
8948847
8949321
8949743
8950749
8952916
8953501
8953964
8954303
8955017
8956290
8958128
8958744
8959248
8967680
8968845
8970268
8973319
8974210
8974861
8978969
9012685
9018401
9019950
9020938
9031370
9031814
9032143
9032544
9033077
9033614
9034313
9041318
9042715
9049430
9050457
9051130
9052227
9052711
9053134
9053707
9056954
9057539
9058387
9059011
9059549
9060115
9060828
9061277
9061862
9065503
9066186
9066564
9067098
9067787
9108024
9113187
9116134
9125481
9126976
9128787
9147944
9159370
9159716
9160235
9160758
9161269
9161948
9162365
9162866
9163659
9164097
9164455
9164985
9165405
9166032
9171414
9173494
9173966
9174454
9174932
9175547
9182562
9183084
9183661
9184636
9191364
9192042
9193106
9195435
9195857
9196427
9197186
9197866
9198473
9202566
9203091
9203951
9204821
9209312
9213767
9218881
9220008
9220957
9222082
9225966
9226492
9227224
9229018
9266371
9267026
9284175
9285221
9286335
9303580
9304058
9304425
9304743
9305222
9306012
9312279
9312882
9321507
9322099
9322685
9323900
9337666
9338186
9349754
9350200
9350896
9351398
9351931
9352340
9352673
9352998
9353522
9353928
9354622
9370027
9374579
9381605
9382550
9389652
9390246
9408311
9413289
9413941
9414404
9414838
9415255
9416558
9418055
9418822
9419810
9420645
9457452
9466474
9467153
9468692
9469418
9470263
9471787
9472977
9473690
9474415
9477417
9483672
9484164
9484611
9485083
9486023
9486555
9487320
9488026
9488749
9515606
9516131
9516745
9537968
9539897
9540340
9540751
9541098
9541503
9542269
9542882
9556724
9557217
9557655
9558484
9559578
9560073
9560546
9560996
9561554
9562066
9562895
9564779
9576477
9577149
9577553
9579031
9579623
9580027
9580793
9582203
9582647
9585701
9587445
9587998
9591025
9598373
9598850
9601084
9602163
9602628
9604859
9606029
9606761
9607613
9608171
9608587
9609009
9609450
9609913
9610345
9610666
9611440
9611853
9612511
9617067
9617848
9618267
9618686
9619046
9620036
9620666
9634184
9634899
9635427
9636239
9645878
9646455
9647408
9649576
9655949
9656469
9660479
9661100
9664566
9665235
9671078
9672010
9672582
9674375
9678056
9679423
9689026
9690215
9690610
9691016
9691356
9691735
9692141
9692546
9693117
9693617
9722158
9722467
9723281
9740520
9742059
9742693
9744078
9744766
9745506
9772420
9772988
9773637
9775995
9776479
9777288
9784052
9784609
9803255
9804046
9805350
9810637
9817660
9818264
9823033
9823650
9839802
9840549
9841136
9841722
9842288
9842799
9843317
9844606
9845739
9855416
9859676
9865221
9865829
9876806
9877574
9878344
9878782
9879304
9879678
9880639
9903984
9904468
9909834
9919292
9921245
9922183
9922690
9923795
9933437
9933823
9934284
9934952
9935383
9939602
9940092
9940726
9941205
9941587
9942420
9943098
9943451
9943859
9944273
9944804
9945798
9950084
9954253
9957347
9958892
9960156
9960665
9961081
9965905
9967012
9971668
9972415
9973304
9974108
9975013
9975436
9975875
9976286
9976719
9978247
9979176
9987112
9987989
9988661
9993679
10014197
10015938
10021098
10025299
10027108
10027630
10028161
10028579
10029538
10037348
10037995
10038648
10039434
10039949
10040576
10041017
10041331
10041632
10041951
10042326
10042831
10043159
10043595
10044017
10044448
10046086
10055859
10056457
10056792
10057130
10057505
10057772
10058121
10058427
10058717
10059016
10059406
10059805
10060293
10060781
10061147
10061661
10062186
10062689
10063104
10063698
10064140
10069248
10072151
10073334
10076307
10102364
10103226
10104402
10119990
10120825
10121222
10121639
10122320
10122943
10125030
10125837
10128304
10138726
10139418
10169459
10173617
10173991
10174591
10175089
10175849
10176433
10177184
10177839
10189402
10192585
10194098
10209841
10214061
10214773
10215437
10216185
10246920
10258107
10264247
10274749
10275504
10276325
10277703
10278482
10281198
10300100
10300857
10301381
10301954
10302441
10311665
10312356
10312871
10313381
10317275
10324895
10328737
10329241
10329741
10330430
10330886
10353216
10368791
10369164
10369713
10370413
10370936
10371368
10372636
10376801
10390029
10410976
10413984
10428229
10428617
10429168
10429925
10430297
10430766
10431646
10432968
10438093
10439191
10439808
10448236
10451331
10456111
10457215
10461198
10461712
10462143
10462489
10462911
10464857
10465744
10485371
10486245
10495246
10507081
10507984
10508529
10509015
10509627
10510184
10510834
10511287
10511669
10512017
10512370
10512676
10513156
10513593
10514529
10515436
10516219
10557015
10558027
10561329
10566711
10569246
10569674
10570175
10571088
10576460
10577003
10577654
10577997
10578591
10579252
10592218
10594344
10594593
10595190
10605254
10606704
10607333
10608326
10629873
10630876
10633879
10634292
10634881
10636142
10637012
10638370
10643109
10643571
10644216
10647931
10650348
10653814
10654440
10655371
10656629
10657225
10658502
10659637
10660065
10660691
10661190
10662619
10663944
10665517
10683371
10687291
10721163
10736533
10737208
10738869
10740448
10740870
10741477
10742068
10743604
10753959
10754425
10754959
10755575
10756324
10759543
10760810
10761947
10763249
10764933
10772756
10773124
10773448
10774030
10774981
10778836
10779691
10800118
10801153
10805166
10806696
10807207
10810691
10817521
10822218
10825852
10826403
10847138
10849511
10850634
10852575
10860880
10879073
10885398
10885744
10886113
10886589
10887079
10887590
10888003
10888415
10889111
10910954
10911429
10911936
10920254
10925754
10926854
10928705
10929584
10930913
10931447
10932045
10933926
10934682
10945573
10945963
10946373
10946754
10947193
10947586
10947972
10948947
10950325
10956120
10957050
10957563
10958138
10958599
10959194
10959553
10960080
10960476
10961144
10962102
10962661
10963203
10963927
10964946
10969348
10992060
10992528
10993185
10993850
11002929
11006407
11007485
11008493
11026855
11028108
11028910
11029700
11030837
11031595
11043353
11044079
11045050
11045801
11046503
11047078
11047669
11048204
11048940
11049890
11050395
11050898
11051583
11051951
11088782
11092105
11096044
11096453
11097352
11097920
11098454
11098910
11099349
11100134
11102363
11104257
11150858
11155795
11159247
11163379
11172597
11173022
11173467
11174148
11174810
11179953
11190001
11208946
11212127
11212486
11212908
11213445
11214385
11214997
11215872
11216698
11218278
11218861
11219922
11230476
