3332.616
4080.051
5611.352
8008.338
54375.05
264093.7
264761.2
265214.3
265590.4
266268.8
266976.6
267803.8
268263.7
272587.5
272932.8
273598.6
274214.7
274921.9
275483.9
276170.1
293075.6
295889.6
302391.2
306632.4
307283.9
319427.3
320000.9
334209.5
349267.8
372802.1
373291.3
374363.3
374676
375582.6
412378.6
412863.4
413510.6
414236.8
418264.2
418798.1
419150.6
419522.4
420219.2
429335.9
467751.5
468865.5
469504.2
470395.8
470974.2
471434.4
472150.9
504158.2
512490
551596.5
572422.7
598822.7
636521.9
650109.2
650786.2
651401.1
652694.4
653222.3
654900.7
698426.2
719992.2
741013.2
744649.1
745220.2
746661.1
757146.4
761968.1
764459.1
770056.9
772305.3
773136.2
800238.1
803301.6
806411.8
811194
812393.6
812826.5
813295.3
813821.4
814269.2
814794.4
815219.1
820866.2
821638.5
823778.2
826832.6
828370.8
830751.5
831115.6
835493.2
837165.7
845950.3
846868.6
847893.5
849921.7
851887.5
852873.9
928260.3
928796.6
929496.2
930231.2
941106.8
941932.4
942200
942559.2
942934
943462.2
944174.2
968625
969156.9
969711
970407.6
971001
971538.7
972014.3
975808.9
1026810
1088024
1088024
1091151
1127530
1168840
1169190
1170110
1170381
1170893
1172239
1187237
1189066
1189695
1215184
1216140
1217274
1219151
1219964
1350151
1361719
1420337
1421222
1445809
1465779
1475030
1475532
1476646
1476977
1477560
1477963
1478786
1479487
1493493
1494297
1512288
1516523
1517254
1529841
1530663
1531060
1541178
1546374
1547142
1553619
1554097
1554827
1574062
1574450
1575063
1584352
1603026
1603914
1604809
1605293
1646673
1648110
1648630
1649460
1649859
1650405
1650818
1655188
1656193
1663504
1665770
1688616
1690115
1696103
1697301
1698783
1724737
1725760
1749551
1751573
1752764
1753432
1757328
1758039
1758554
1759229
1760143
1767088
1767907
1813872
1823014
1823715
1824177
1824679
1825371
1825637
1826107
1827152
1828034
1830452
1863584
1869004
1893993
1896429
1905296
1905844
1906435
1906979
1907577
1960709
1961343
1971598
1971992
1972373
1987354
1988838
1989341
2079255
2080246
2089942
2090375
2091845
2095368
2096115
2096648
2098292
2104609
2106036
2106979
2107559
2116664
2121390
2185357
2188271
2189232
2218778
2251193
2264143
2301678
2356139
2357542
2362245
2362730
2363136
2363755
2364166
2364531
2364896
2365415
2409295
2409898
2411109
2413699
2421995
2422437
2422801
2423230
2423647
2424093
2424578
2425038
2426159
2426642
2427286
2427841
2428148
2428547
2429147
2429526
2430538
2434826
2436741
2437947
2440615
2441487
2461996
2462633
2463057
2463408
2463945
2464672
2465140
2476291
2481049
2486994
2566685
2602702
2608114
2608892
2609434
2609899
2611929
2613765
2621674
2628762
2629377
2629888
2630883
2631537
2638078
2638734
2639974
2640970
2641375
2642927
2643598
2645715
2650775
2651144
2651540
2652011
2652812
2654228
2657109
2657615
2657914
2658325
2658798
2659248
2665016
2665416
2666114
2666768
2667629
2668154
2675066
2704522
2711710
2714072
2824448
2833452
2834059
2834629
2835176
2835687
2847980
2850574
2888685
2889210
2890498
2901609
2902253
2903003
2903489
2904255
2905747
2906155
2906559
2906908
2907725
2908131
2908550
2908886
2909412
2910406
2910811
2916574
2925857
2926417
2927289
2928143
2929182
2943728
2944260
2945097
2946208
2946792
2973292
2985495
2993784
2994307
2995196
2996193
2998585
3006507
3007455
3008083
3009233
3010616
3011086
3011815
3045997
3047522
3049077
3052425
3054104
3056623
3059390
3079880
3080418
3081232
3095442
3096338
3096979
3097713
3099821
3100547
3101752
3102513
3102990
3107403
3108090
3175062
3179432
3181889
3258967
3269096
3270545
3271771
3278553
3295571
3296157
3297820
3299400
3303361
3304586
3346357
3347489
3348882
3350580
3356858
3371490
3372329
3374631
3395399
3397046
3397809
3398227
3402327
3402852
3403121
3403469
3403932
3404174
3404575
3404976
3405718
3406852
3408055
3427707
3428776
3429410
3431559
3451668
3452280
3452844
3453345
3454114
3455186
3456519
3464341
3465357
3465905
3467412
3467894
3488953
3492586
3493051
3511611
3512264
3512810
3514177
3522544
3546614
3547798
3549292
3563903
3580402
3612268
3613617
3614581
3615161
3615903
3618231
3632751
3636727
3645252
3649913
3651492
3665311
3668356
3698056
3698370
3698730
3699129
3699601
3699908
3700417
3701062
3720689
3738753
3739500
3773337
3777437
3783248
3784812
3785520
3786071
3786481
3787320
3797545
3798796
3799436
3799992
3803963
3818227
3831124
3842915
3843755
3844173
3844654
3845105
3845582
3846165
3846430
3850769
3852325
3862895
3915848
3916538
3917461
3919876
3923320
3950797
3953916
3961049
3961499
3968004
3973725
3974790
3976062
3987409
3988920
3991780
4051699
4054613
4060079
4061393
4062103
4063569
4066849
4067376
4068123
4087730
4105200
4106400
4107824
4108483
4112581
4113667
4117316
4118556
4125170
4133621
4134494
4135736
4223665
4224854
4229107
4235405
4236269
4248340
4259283
4308657
4314784
4315780
4316631
4317490
4318033
4320110
4320842
4329502
4332775
4333358
4335331
4336070
4338895
4340135
4343917
4344388
4345280
4345874
4370507
4372113
4373069
4388171
4396848
4399602
4402440
4403243
4405261
4424453
4425381
4425911
4426273
4426857
4427826
4473242
4501174
4502024
4502805
4506266
4507180
4507737
4508114
4508674
4509496
4510116
4543358
4544289
4545933
4557736
4558581
4559172
4559975
4563847
4565180
4568330
4568915
4569429
4569897
4570733
4573084
4582118
4582851
4586164
4589599
4634120
4636263
4637903
4638856
4639494
4640108
4640511
4641000
4641660
4655151
4657029
4657599
4658651
4662512
4663670
4688770
4711234
4733892
4765415
4791663
4797373
4798819
4800330
4802174
4802533
4803343
4806154
4852573
4853311
4858279
4858629
4859578
4862892
4893242
4894432
4900091
4905607
4906265
4909772
4910351
4911019
4924458
4925721
4926900
4928663
4967958
4984279
4985628
4990280
4993020
4993654
5007483
5009147
5016693
5049231
5050527
5052326
5089045
5089694
5090076
5090483
5090912
5091445
5091878
5094567
5095242
5095948
5096555
5097181
5103208
5107190
5107938
5108685
5122880
5127856
5128345
5128840
5130052
5130671
5134290
5140459
5141346
5142004
5142907
5176105
5206108
5206734
5238658
5242469
5248217
5257270
5258804
5314125
5316011
5316528
5330420
5336564
5337599
5339256
5339809
5340336
5363383
5364340
5407767
5431223
5434026
5434672
5443989
5444611
5499219
5501684
5530263
5531579
5532782
5533218
5533418
5533693
5533918
5534143
5534507
5534933
5535486
5535955
5536717
5537474
5538112
5538639
5543049
5543656
5544218
5545897
5551617
5552285
5554826
5556245
5556708
5557568
5558282
5559365
5559864
5560465
5561767
5562844
5564198
5565620
5574746
5575771
5578318
5579579
5580364
5599018
5604645
5605236
5606420
5629193
5630138
5639401
5640151
5641599
5642587
5643444
5646183
5705472
5707643
5708140
5708570
5709138
5730151
5738329
5739029
5739467
5746339
5747474
5749222
5749844
5755444
5756271
5757080
5760898
5767738
5768253
5770696
5776473
5783964
5786392
5790418
5816544
5817299
5817824
5818288
5819574
5859122
5868257
5868856
5869325
5869912
5871102
5871760
5872389
5872731
5873136
5873439
5873779
5876894
5877678
5878119
5878471
5879149
5886135
5887042
5915816
5938591
5941331
5942488
5949285
5990260
6000867
6001435
6005391
6005847
6008569
6009320
6035202
6035596
6035958
6036284
6036688
6039881
6040726
6041169
6041760
6042062
6043686
6044187
6045433
6046202
6061232
6064716
6065941
6081464
6082401
6082848
6083345
6084169
6092874
6102311
6103080
6103701
6105519
6112599
6141574
6180042
6186575
6228440
6228838
6230574
6277416
6313232
6314319
6315683
6347756
6348976
6377040
6392741
6401486
6406190
6407835
6408408
6408836
6410155
6411210
6412113
6419780
6420521
6422320
6438102
6438648
6439907
6446682
6447435
6448295
6453863
6463329
6465994
6471316
6517070
6517883
6541099
6547000
6556419
6556948
6558096
6562652
6569300
6571532
6632302
6632729
6641313
6643019
6643612
6697315
6698852
6700450
6720678
6727967
6729626
6750558
6751646
6752282
6762485
6766116
6788451
6794890
6795711
6796747
6797487
6798379
6798809
6799442
6799878
6806978
6813358
6814415
6815316
6816253
6816797
6817248
6817792
6818576
6861815
6895827
6898054
6898512
6915197
6915838
6916322
6916877
6917772
6923408
6925265
6928882
6929908
6930349
6931226
6932679
6933044
6933586
6934152
6957742
6958382
6962934
6963940
6964533
6964979
6965316
6966007
6966695
7009872
7010893
7011798
7012203
7012722
7016556
7049363
7050184
7051517
7052019
7055727
7056782
7078487
7078915
7079379
7079898
7080338
7100754
7121103
7131700
7132336
7132912
7133308
7133829
7141833
7174744
7178395
7204451
7205472
7208092
7209696
7214179
7226487
7263386
7294523
7295030
7301539
7304139
7305397
7306874
7317075
7318012
7321422
7321952
7322295
7322865
7323400
7324395
7381931
7382890
7383307
7383747
7384177
7384898
7385606
7386152
7387268
7396168
7396546
7397055
7397795
7405166
7406281
7407446
7408383
7410890
7412784
7437553
7450027
7461409
7462417
7462743
7463045
7463613
7464071
7464557
7465410
7468623
7479211
7479929
7484149
7484619
7485109
7486286
7486779
7561404
7561811
7562209
7562867
7563829
7596032
7606165
7609939
7610513
7610987
7611468
7612451
7618474
7674756
7675801
7676122
7676492
7676936
7677712
7678198
7678756
7679479
7679995
7701567
7702641
7714698
7725604
7730114
7749188
7751125
7760898
7764024
7764496
7765141
7765963
7766852
7775836
7797207
7797870
7802020
7802588
7803286
7812837
7813461
7813935
7814343
7814662
7815246
7815785
7817201
7825520
7826569
7827632
7838986
7839606
7840243
7840501
7840872
7841235
7841620
7842186
7847429
7848782
7856058
7865763
7866394
7876843
7895928
7958091
7959267
7960008
7961189
7961809
7962572
7981530
7982328
7990688
7992917
8018865
8019433
8020226
8045135
8143959
8172013
8194580
8204714
8214394
8234332
8238686
8239558
8310526
8311069
8312232
8396199
8398277
8451360
8452960
8455660
8461046
8461535
8461847
8462133
8462440
8462894
8463844
8561566
8563197
8563700
8564736
8566578
8567098
8579218
8579970
8590678
8609810
8615930
8616687
8621790
8644090
8690275
8691161
8692512
8693501
8705382
8705887
8706279
8707290
8707790
8708795
8710155
8711533
8718357
8726065
8726804
8734014
8734653
8735079
8735760
8736238
8737020
8737489
8744004
8744764
8745430
8746269
8758915
8759924
8761683
8782498
8784879
8803680
8804522
8805209
8814706
8822612
8823733
8852882
8853161
8853813
8854901
8863899
8864695
8870901
8872013
8873750
8874976
8879791
8887950
8902615
8903349
8905432
8907257
8910992
8911740
8912555
8914121
8917987
8918696
8929024
8940399
8942205
8948933
8980709
8981048
9000553
9023778
9043714
9052236
9078617
9093699
9094462
9095277
9096188
9102100
9119688
9121320
9122361
9122723
9123067
9123468
9124012
9124612
9159882
9161442
9162010
9162830
9163917
9164438
9165104
9165736
9166362
9168421
9169923
9170591
9171869
9172463
9173178
9175766
9176270
9176540
9176860
9177084
9177429
9177948
9178338
9178717
9179102
9179665
9180576
9181487
9182208
9185992
9196110
9197217
9199166
9213697
9214384
9214912
9243439
9249709
9250133
9250658
9251617
9252685
9293827
9296511
9361531
9411901
9419607
9465449
9466806
9484260
9491267
9494299
9514790
9515458
9516006
9522247
9522839
9523622
9524527
9525112
9534407
9537807
9538292
9542119
9542632
9550632
9560164
9567000
9567637
9570084
9571440
9572232
9572717
9592576
9593141
9593647
9594020
9594544
9608555
9609705
9610750
9611123
9626400
9641068
9641546
9669629
9694967
9696015
9696624
9697412
9724002
9726439
9726832
9727323
9727769
9728715
9730175
9746359
9746875
9747392
9779243
9779822
9780625
9791622
9822738
9844408
11253753
11254383
11262228
11263019
11264014
11265677
11287411
11304051
11304617
11305351
11305857
11307355
11329010
11329682
11330517
11343403
11352553
11353315
11353954
11354395
11355912
11357071
11359309
11363308
11363914
11364917
11365560
11366344
11367718
11415927
11423796
11426031
11438427
11441881
11466973
11467834
11468509
11469399
11470478
11494671
11495415
11496913
11530598
11534379
11540646
11561917
11563617
11598850
11599951
11601662
11602518
11616918
11618615
11619164
11647781
11670396
11716233
11717342
11718000
11718785
11729015
11730162
11732958
11733718
11754637
11768057
11769552
11773793
11774478
11779672
11780331
11803091
11815126
11817765
11824086
11826889
11844484
11845734
11846185
11846724
11847930
11848693
11849350
11856844
11857850
11858379
11875869
11876593
11887170
11908591
11909073
11910231
11910772
11912032
11913966
11937870
11938778
11940373
11948043
11948770
11950111
11951148
11951437
11951782
11952299
11952824
12010903
12053357
12069979
12070675
12084658
12096146
12096971
12097771
12150671
12151795
12152813
12242136
12267915
12270798
12276368
12293626
12296374
12298857
12301116
12354402
12366293
12366885
12367485
12368053
12374688
12375777
12387809
12388192
12388442
12388803
12389160
12411360
12411950
12412506
12414975
12416352
12427688
12428360
12433625
12493974
12522502
12529076
12531286
12535898
12537684
12552435
12561404
12562392
12562738
12563939
12620720
12621362
12621732
12622079
12622377
12622921
12623319
12624809
12650532
12655695
12678733
12685537
12685911
12687103
12687817
12693766
12695269
12715614
12773130
12773501
12774562
12775798
12812383
12817759
12829750
12830360
12840369
12841451
12846262
12854185
12855594
12856184
12857861
12874227
12874761
12875182
12876490
12883504
12884228
12894727
12896186
12897303
12901978
12903004
12903311
12903861
12904286
12905084
12940112
12940562
13000927
13050537
13051166
13052360
13054572
13058018
13059027
13077227
13079269
13081529
13082263
13112231
13112605
13116172
13116617
13132620
13133450
13134385
13135632
13141242
13161001
13169018
13169912
13171889
13172168
13172604
13173116
13176300
13212708
13214154
13214608
13215377
13216590
13217185
13217701
13218158
13218660
13219097
13219600
13219986
13239345
13240875
13241645
13242298
13242583
13242889
13243263
13251556
13252198
13253016
13253497
13253805
13254297
13254832
13255277
13256046
13259413
13260679
13261704
13267356
13267997
13268323
13268772
13269223
13269871
13270509
13270824
13271350
13271671
13323517
13335114
13346112
13346435
13349361
13349938
13350657
13358929
13367018
13384445
13386198
13386877
13387593
13388144
13419568
13441102
13467727
