12610.67
15846.31
16674.6
17806.94
20755.29
38110.18
38970.25
40981.23
41449.7
41796.07
42121.55
42446.77
43016.53
43451.82
43962.33
44331.69
44750.67
45564.08
63707.74
66174.99
66784.84
67213.56
71811.22
75927.89
76351.28
77186.34
77863.39
78353.34
78786.04
79102.75
79606.82
80022.86
90960.92
91749.82
93443.38
94164.75
95190.2
95813.02
96356.86
96692.84
97177.66
97713.67
101779.9
102560.6
116608.3
117308.3
117922.5
118372.9
118764.5
119111.6
119623.5
120357.3
121068
121812.9
126350.7
127026.7
127583
128189.7
128656.2
129357.3
130028.6
130501.1
130896.4
131562.5
132041.5
132479
133615.6
146826.3
147539.7
148903.7
149525.3
150010.7
151258.4
151805.8
152205.3
152632.6
153043.8
153552.9
154060.7
154474.4
154851.7
155182.9
155629
156749.1
159248.1
160002.6
160582
161344.5
161950.3
163028.4
163535.7
166551.7
167163.1
167667.1
168022.6
168500.5
168891.5
169447.4
170438.7
170897
172121.3
173264.4
175715.3
176265.8
177616.2
183952.3
184835.6
186041.6
186819.4
187641.2
203119.1
204697.8
205339
206113
208795.2
209000
209439.1
209729.3
209995.2
210350.1
210700.7
211134.8
211931.2
218413
220064.1
221552.8
225427.2
226193.7
226638.3
227064.4
228616.2
229330.5
230228.1
235359.2
235867.5
237540.1
239217
240196.9
240743.3
241478.9
242154.9
251377.7
266600.1
283363.3
284571.8
289376.3
292977.4
293538.6
293914
294428.5
300504.9
301691.6
302405
303183.6
303601.2
304022.2
304654.2
305180.8
306390.3
307905.5
309628.4
333787.9
339854.7
340444.9
341121.3
355718.7
358441.7
359519
361644
362761.4
378213.9
382686.5
383793
384134.6
384915.9
385428.2
386653.5
400392.1
414761.8
415582
416246.5
418057.6
419138.7
419794.7
423284.3
426567.8
427104.2
427691.4
428475.6
429081.3
455029.6
455738.8
456619.1
458215.5
458546.9
458915.1
459271.4
459551.1
459848.1
460492.7
464377.6
465467.6
486883.4
487697.3
488437.8
489086.8
489463.5
490087.4
490845.5
491564
492134.6
492557.8
493122.7
495105.8
496013.9
496660.5
498695.4
513988.6
514825.4
515150
515457.7
516380.4
517317.2
522186.2
522697
523199.2
523757.9
524493.7
525128.2
525520.1
525946.8
526460.5
532383.8
546325.7
546723.3
547315.7
547748.1
548235.3
548935.3
556784.7
561504
564006.9
564576.2
565073.1
565480.2
565880.3
566184
566585.9
566945.2
567544.2
568200.7
568637.3
569257.3
570095
571319
576762.8
583650.3
584401.5
584939.5
593233.5
593796.3
595282.9
602468.5
602886.7
603372.1
604100.9
604762.4
605217.8
605649.2
607010.8
607761.9
608536.2
609113.4
609738.6
610960
613153.2
615958.8
616508.7
616930.6
617330
617653.5
617975.2
618247.4
618509.5
618879.9
619265.3
619658.6
620774.4
647630.8
648251.6
653733.5
664197.7
664764.4
667066.7
667704.3
668533.3
669532.2
674446.5
675654.6
676379.7
690391.6
700177
706801.3
707814.2
708511.4
709297.7
710329.4
712949.5
713632.2
714214.2
714573.9
715054.5
721121.3
721649.9
722076
722948.3
723739.4
724464
725343.5
726436.3
727665.7
728204.4
729197.4
729975.1
731125
731942.7
732480.8
733025.9
733434.4
737570
738188.4
738761.1
742807.8
743219.2
743730.5
744230.5
745398.7
750561.6
751694
754210.8
754783
755595.1
772791.8
774698
781514.5
782471.8
783719.5
784458.5
791173.1
792120.2
794371
794900.9
795330.5
796129.5
797295.9
798004.3
799073.8
800163
803060.6
804303.4
808398.3
808787.2
809089.9
809419.8
810162.1
810732.5
811861
812829
815053.7
815824.5
816317.8
817185.7
818514.6
819453.7
847155.4
862704.4
879031.6
903471.9
904698.3
905169.1
905915.1
907161.4
908130.5
908746.6
909336.8
910016.6
910530.3
917596.3
918489.4
919077.1
923407.1
926407.9
926956.7
927375.9
927968.2
928561.2
929126.4
930078.3
931310.7
931957.4
933079
933595.2
934082.2
934544
935049.9
935431.5
935810.2
936668.6
939413.6
945920.9
946714.2
947632.8
952287.2
953715.9
976510.8
980480.6
983288
983989.2
984436.9
984926.7
986947.7
990730.8
991415.6
991934.5
993018.3
994083.2
994831
995851.8
997371
998268
999215.4
1001773
1002455
1003167
1004386
1018012
1018652
1019274
1021273
1028526
1030175
1031643
1040280
1040791
1041225
1041726
1042288
1043191
1044243
1053590
1055330
1055931
1056411
1056818
1057346
1057880
1058317
1059051
1059372
1059747
1060444
1061704
1062679
1063582
1064789
1065733
1066366
1069022
1069502
1070348
1072220
1089527
1113336
1130715
1136960
1139112
1139622
1140122
1140628
1141585
1142528
1142996
1144405
1145282
1145738
1146284
1147165
1147694
1148167
1148656
1149484
1154657
1155756
1156432
1157085
1161435
1162192
1163185
1164463
1175398
1176689
1177747
1178555
1186738
1187469
1192540
1193646
1195357
1195852
1196575
1197307
1197903
1198312
1198987
1199792
1205711
1206676
1225280
1228074
1228718
1229879
1230786
1231934
1232382
1232817
1240508
1247974
1248570
1249140
1249547
1250061
1252168
1265643
1278175
1278894
1279517
1285138
1285987
1286789
1287871
1289084
1289831
1291270
1295521
1295925
1296783
1297368
1297792
1298244
1298985
1299406
1300602
1301211
1301995
1315719
1316240
1317098
1318070
1324555
1362384
1363776
1371709
1372584
1373015
1373639
1374064
1394293
1396224
1397959
1399869
1405268
1405819
1406508
1419198
1427338
1428300
1433659
1434192
1434625
1435107
1435490
1435989
1436469
1437322
1437851
1438247
1438638
1439280
1440195
1441140
1441635
1442064
1442467
1443072
1443581
1444128
1444776
1445476
1447618
1449565
1472417
1477438
1479831
1480483
1481261
1483632
1487646
1503711
1504517
1505232
1505586
1505842
1506103
1506380
1506679
1506972
1507279
1507556
1507796
1508140
1508468
1508722
1509081
1517506
1518487
1518920
1519941
1522049
1549813
1550718
1551177
1551707
1553415
1554630
1570495
1572157
1605657
1606225
1606772
1607282
1607900
1608272
1608655
1609136
1609537
1610481
1611153
1612050
1613160
1613710
1615684
1616397
1617195
1644054
1644619
1645107
1645559
1646186
1646787
1647568
1652840
1655420
1656576
1658820
1659490
1661531
1662517
1663115
1675317
1678793
1680125
1695549
1696583
1697473
1698530
1699746
1721336
1721858
1723104
1724265
1738222
1738895
1739389
1739668
1740036
1740296
1740564
1740876
1741273
1750083
1751219
1769030
1769449
1769805
1770211
1770750
1804658
1805204
1805909
1815194
1815783
1816150
1816522
1816900
1817890
1818505
1820050
1825352
1825888
1827611
1843354
1844147
1856457
1868688
1871207
1871869
1872509
1872930
1873553
1874223
1892167
1896339
1896832
1898127
1899718
1900564
1901405
1902257
1903572
1905463
1927530
1928000
1928475
1929355
1931698
1932365
1933228
1941164
1943944
1949653
1950392
1950872
1952157
1953021
1953684
1954062
1955026
1955570
1956056
1956643
1957022
1957715
1958288
1959402
1960171
1960693
1961107
1962546
1963358
1964140
1964923
1965590
1966379
1966788
1967241
1967561
1968149
1969270
1970207
1983518
1992858
1996491
1997466
1997714
1998471
1999194
1999995
2001281
2001801
2002382
2002762
2003522
2004652
2005379
2006135
2007688
2031412
2032110
2032605
2033219
2033976
2035128
2035866
2036789
2037660
2042545
2043275
2044305
2050351
2052352
2053102
2054689
2055343
2055908
2072858
2073615
2074288
2078784
2079765
2080670
2082771
2083299
2084397
2087150
2088009
2088700
2089474
2091472
2107331
2114155
2114915
2125855
2129962
2130640
2131530
2132562
2133384
2134412
2135644
2135960
2136291
2136598
2137032
2137358
2137787
2138793
2161406
2162118
2163990
2164736
2165490
2165944
2166775
2167304
2167674
2168021
2168499
2169488
2169994
2170436
2171563
2195203
2195737
2197228
2198291
2198898
2199929
2200940
2211284
2211835
2212308
2213716
2218312
2219032
2219563
2219928
2220696
2221815
2251271
2252647
2253734
2254748
2281809
2284431
2284854
2285467
2285877
2286414
2286885
2287244
2287662
2288016
2288569
2289169
2289841
2290702
2304939
2308945
2309508
2309807
2310076
2310429
2310743
2311081
2311456
2312780
2314141
2315100
2315712
2316677
2317301
2317663
2318181
2319560
2323078
2324405
2324992
2325935
2326500
2345188
2347363
2348175
2348751
2349210
2349786
2355434
2356274
2356902
2361597
2376269
2377977
2378522
2379536
2380227
2380829
2381374
2382426
2383274
2383869
2384466
2387210
2388243
2388942
2389423
2391148
2394711
2396900
2400052
2401391
2404620
2405026
2405444
2405901
2406215
2406486
2406840
2407168
2407679
2408266
2408877
2413298
2413994
2414422
2414857
2415287
2416079
2416639
2417141
2417807
2418807
2419611
2420350
2421110
2446255
2447178
2464051
2464654
2466050
2470905
2472627
2475536
2476273
2492381
2492775
2493294
2493886
2494509
2494946
2495290
2496053
2509799
2510348
2511383
2511904
2512299
2512866
2513737
2561486
2562536
2563392
2564199
2567413
2569778
2570132
2570588
2571465
2577178
2579886
2583237
2608145
2608646
2609052
2609463
2609808
2610314
2610690
2612031
2619404
2620498
2631595
2636912
2637449
2637862
2642423
2643680
2644431
2646038
2647658
2648218
2649895
2658699
2664225
2664713
2665212
2665981
2666941
2667351
2667684
2703684
2704617
2705279
2705796
2711585
2713984
2715117
2718257
2718950
2719573
2720298
2721200
2722646
2723191
2734955
2735643
2736628
2739019
2739660
2740194
2740708
2741855
2742456
2742955
2743614
2763737
2764605
2764985
2766177
2767372
2783788
2804527
2808903
2809355
2810194
2812407
2813758
2814146
2815118
2823152
2824002
2824627
2828981
2833359
2836191
2836898
2837705
2853064
2854396
2855546
2856074
2856601
2856952
2857290
2857815
2858149
2858448
2858728
2859507
2860355
2864323
2870088
2870733
2871143
2871965
2873004
2888886
2889402
2910041
2912192
2912763
2929790
2931483
2936135
2937092
2948953
2949549
2950568
2952735
2953429
2968042
2969091
2987565
3012082
3024813
3025513
3026126
3026665
3027240
3027846
3028568
3028934
3029294
3032989
3034058
3038345
3039662
3040056
3040616
3046689
3048571
3049370
3050078
3051145
3051822
3068448
3075762
3076686
3077139
3077554
3078212
3078979
3079548
3080620
3081206
3096041
3096600
3096979
3097488
3098176
3105844
3106417
3108512
3109585
3115733
3119083
3153855
3154419
3154847
3155361
3156896
3157494
3158366
3166188
3167115
3181310
3187666
3188308
3189711
3190547
3198335
3198964
3201738
3202708
3204735
3205476
3205913
3206405
3206847
3207252
3208139
3208807
3211575
3212353
3213050
3221537
3222172
3223904
3226227
3226891
3227407
3228194
3229018
3240074
3240646
3260240
3263951
3274931
3276142
3276821
3277175
3277704
3296500
3297332
3299255
3299834
3300607
3300934
3301596
3305728
3306276
3306647
3306967
3307623
3307928
3308453
3308860
3309195
3309756
3310451
3317332
3318201
3318605
3319282
3319848
3321186
3342641
3343763
3344747
3345382
3345893
3346759
3347677
3352022
3352764
3353155
3353610
3354413
3355151
3371178
3372258
3372835
3374678
3375145
3389296
3389777
3390502
3391020
3392730
3393533
3393957
3394261
3395056
3397974
3406241
3413696
3414586
3420549
3421443
3422612
3423079
3424194
3424731
3441976
3443264
3443908
3444325
3445014
3445676
3446125
3447425
3448185
3449149
3462803
3463571
3465853
3466702
3469065
3471103
3471883
3475041
3497834
3498262
3499095
3500331
3511965
3525194
3526601
3527748
3528290
3540316
3542450
3544378
3545184
3546864
3547475
3548655
3549554
3550806
3551722
3554096
3574235
3575187
3576043
3576582
3577395
3577959
3578489
3580553
3581175
3600163
3607726
3614403
3615120
3615608
3617188
3629695
3630667
3631022
3631605
3641478
3641953
3642488
3642785
3643042
3643404
3643781
3644701
3645144
3646835
3647530
3651571
3652630
3653292
3658406
3660757
3664061
3664722
3665376
3666054
3668251
3669263
3672664
3673939
3674599
3675339
3678906
3679513
3680692
3681520
3682024
3682707
3683551
3685326
3685866
3686683
3687124
3687781
3688088
3688701
3689770
3690647
3693167
3693684
3694083
3694574
3695008
3695610
3696272
3697533
3712386
3713198
3714843
3716508
3717899
3720112
3721379
3741777
3747812
3754627
3755218
3755696
3756082
3756353
3756617
3756859
3757200
3757653
3757956
3758374
3759194
3760006
3771519
3773855
3779449
3779972
3791763
3792765
3794614
3800218
3805870
3806797
3817551
3836003
3838403
3844504
3844940
3845355
3846155
3847078
3847646
3848273
3848840
3849540
3850553
3851470
3852082
3853015
3853935
3863678
3866713
3867414
3868115
3868884
3870690
3871871
3886509
3893421
3897179
3897911
3901006
3915162
3915637
3916057
3916395
3916756
3917266
3917715
3931135
3931498
3932353
3944422
3945324
3946068
3956480
3956984
3957614
3958699
3959613
3960942
3970360
3971297
3972572
3973569
3997158
3998323
4000370
4001201
4001752
4002329
4002977
4003366
4003900
4004469
4004948
4005352
4005668
4006009
4006342
4007259
4007746
4017871
4018541
4019221
4019878
4020668
4022069
4052505
4054146
4055087
4056179
4060844
4070006
4111143
4111579
4111947
4112256
4112642
4125036
4125585
4126023
4126477
4127201
4135306
4135617
4136185
4136596
4137135
4137851
4138405
4139059
4139731
4147748
4168714
4169506
4170049
4184943
4186093
4187347
4196394
4196904
4200093
4206167
4206586
4207137
4207412
4207952
4208432
4208897
4209369
4209749
4210111
4210478
4210787
4211229
4211707
4212700
4218019
4219691
4239891
4240533
4241118
4245473
4246859
4248101
4248615
4249245
4254020
4254445
4255091
4264701
4265102
4265423
4265750
4266074
4266411
4267187
4272688
4273093
4273673
4274299
4278892
4279964
4280508
4280873
4281333
4282308
4283110
4284536
4290312
4290908
4318376
4318986
4319355
4319756
4320646
4322300
4323473
4323905
4327001
4340830
4344622
4345118
4345726
4346535
4347105
4347517
4348092
4348236
4349061
4349952
4350796
4354184
4356926
4357665
4358184
4358734
4361893
4363769
4364287
4364735
4365527
4365958
4366380
4366877
4381708
4382249
4382765
4383126
4383754
4384700
4385293
4411223
4413291
4413793
4415361
4434556
4436248
4446431
4447158
4448091
4448580
4449786
4450581
4451075
4451656
4452570
4453686
4455222
4456142
4467641
4475667
4476272
4476951
4477570
4478224
4479691
4480256
4480786
4501049
4501073
4501813
4502525
4503443
4504116
4504885
4516362
4516851
4522030
4526529
4527723
4528222
4528992
4529827
4530729
4531241
4531857
4532862
4543315
4544293
4545595
4546646
4547809
4549677
4550995
4553263
4554107
4554848
4557618
4558219
4558616
4558944
4559210
4559461
4559730
4560612
4561772
4562777
4563674
4566217
4566709
4567389
4570308
4574914
4583449
4584113
4584830
4585600
4591849
4592780
4600211
4600843
4601267
4602004
4602350
4602908
4603686
4604571
4610358
4617859
4619092
4621039
4622515
4623492
4624808
4628321
4630592
4632877
4634154
4634880
4635567
4636171
4636548
4637482
4640067
4642848
4644329
4649327
4650006
4650770
4651655
4652332
4653515
4654600
4655387
4655908
4656433
4656746
4657054
4657256
4657608
4657894
4658338
4659935
4660664
4661094
4661990
4662863
4663772
4664209
4664641
4664965
4665454
4665835
4672317
4689554
4690156
4690799
4691184
4691627
4692065
4693446
4694001
4699319
4715245
4715908
4719356
4720801
4733351
4733711
4734775
4735626
4736132
4736426
4737303
4745074
4787351
4788893
4789519
4789926
4791217
4798033
4799513
4800661
4801134
4801887
4813506
4814054
4814593
4815104
4816190
4817341
4830063
4830892
4831555
4832634
4844053
4845026
4845572
4846205
4857259
4882908
4884073
4898952
4899303
4899868
4900206
4900492
4900840
4901258
4901696
4902437
4912560
4916435
4917194
4923342
4925659
4959411
4960226
4960669
4962590
4968673
4969053
4969448
4969847
4971975
4977986
4979499
4982427
4983008
4983537
4983952
4984658
4985890
4986786
5013686
5017354
5020677
5021204
5022000
5048314
5048704
5048995
5049378
5049685
5050540
5056752
5059491
5063975
5064667
5066620
5067159
5067738
5072899
5081324
5082291
5082744
5083303
5083868
5092268
5094378
5104690
5105580
5105895
5106518
5106746
5107151
5107439
5107763
5108158
5108622
5109363
5110447
5111011
5115726
5116163
5117966
5131549
5135983
5136672
5137204
5137688
5139821
5139922
5140465
5143344
5144005
5145022
5155182
5155975
5159418
5160133
5160911
5163720
5164126
5164485
5164884
5165293
5165625
5166042
5174096
5185539
5186620
5187381
5187869
5188366
5203687
5204453
5205349
5208958
5210378
5211071
5211773
5214680
5215510
5222207
5231100
5231913
5232382
5232758
5233230
5233986
5240815
5241302
5241655
5242035
5242498
5243844
5246363
5247095
5248922
5249552
5250112
5250609
5264039
5267060
5268333
5269488
5270261
5270917
5271643
5273505
5274100
5274574
5300410
5301112
5301643
5302209
5302636
5303173
5303709
5309974
5310608
5311274
5311974
5312534
5313272
5313950
5314788
5315243
5316416
5320257
5327228
5327757
5328190
5329027
5330256
5330576
5334465
5340533
5340838
5341504
5342504
5345944
5347039
5347633
5349987
5353475
5355555
5358100
5411441
5412291
5413312
5413812
5414941
5416448
5416885
5417404
5417680
5418134
5418670
5420024
5420981
5421572
5422269
5423746
5429731
5445140
5455338
5455710
5456011
5456479
5456949
5458341
5459728
5460574
5461252
5461809
5468655
5469409
5469836
5482100
5482728
5483243
5483680
5484883
5485544
5486076
5486680
5487559
5488143
5488482
5488835
5489237
5512824
5513535
5514520
5517903
5522249
5523666
5524391
5536536
5536929
5537346
5537855
5538291
5539248
5547469
5548021
5548830
5551210
5552129
5555792
5556150
5556481
5556737
5556990
5557246
5557568
5558083
5558592
5559632
5560488
5561110
5561998
5562868
5564468
5566940
5567630
5568297
5600180
5600745
5601371
5606423
5624130
5624679
5626338
5630506
5632358
5633009
5646650
5647088
5648259
5653666
5655096
5658792
5659199
5659627
5660607
5698559
5699169
5699964
5700860
5702857
5703840
5721220
5725729
5726552
5726891
5727232
5727567
5728010
5729058
5730045
5731659
5761717
5763450
5764540
5765045
5765546
5766114
5766736
5778947
5780145
5797070
5797438
5798021
5798960
5806083
5806567
5807175
5807656
5810512
5812015
5812742
5813375
5814583
5852964
5858681
5868538
5869313
5870217
5871400
5873449
5877099
5893906
5905632
5906595
5907194
5912714
5913987
5915353
5921703
5922132
5922526
5923042
5940472
5941238
5941946
5942664
5943136
5943636
5944061
5944776
5945338
5946365
5947149
5957547
5958053
5958475
5958894
5959850
5967027
5967917
5969052
5971852
5975364
5976158
5978063
5985071
5985561
5985908
5986244
5986553
5986979
5987342
5987875
5988355
5989043
5989829
5990555
5991013
5991496
5992561
6002285
6002999
6006631
6007133
6007550
6007868
6008227
6008583
6008854
6009350
6009662
6010254
6010920
6012793
6013642
6015027
6015730
6016310
6017808
6018551
6053842
6054813
6055395
6055859
6056555
6057862
6058607
6059800
6074639
6075194
6077103
6081194
6084212
6084752
6085142
6085509
6086022
6086611
6092753
6095352
6095902
6096599
6100717
6103059
6110732
6118882
6122306
6122874
6123453
6125632
6126256
6131861
6132335
6133066
6133933
6134791
6135323
6135789
6136845
6145291
6149514
6149908
6150366
6150854
6151393
6153391
6154034
6154384
6155057
6155809
6156588
6159544
6160535
6161397
6166377
6173863
6174475
6175543
6176232
6177154
6183151
6184529
6185032
6185436
6185896
6186356
6186938
6187871
6188647
6189590
6190185
6191276
6192036
6209618
6211316
6212289
6235686
6249618
6250584
6252737
6254001
6254622
6257405
6258124
6258584
6259232
6259980
6261231
6264030
6265756
6266309
6267174
6267616
6267962
6268311
6268583
6268968
6269844
6270517
6271699
6272228
6272930
6274006
6275123
6276122
6277407
6300478
6305933
6307293
6315908
6317047
6321614
6330921
6339537
6340249
6341900
6342363
6342844
6343320
6343957
6344439
6348667
6349242
6363260
6363793
6364386
6365400
6373791
6374241
6374668
6375006
6376193
6388012
6389496
6391475
6394398
6395504
6395934
6396994
6400238
6400993
6401593
6401946
6402600
6429725
6430450
6431620
6432655
6433870
6434878
6447118
6448556
6450069
6452218
6456483
6457060
6457715
6458330
6458664
6459107
6459864
6460450
6463199
6463774
6464477
6464882
6465612
6466186
6467073
6468053
6469082
6470187
6470614
6471356
6473440
6509195
6511948
6512550
6513349
6514141
6518914
6526746
6536205
6536731
6537177
6537847
6538553
6539720
6542878
6543753
6554244
6554637
6555635
6557667
6558230
6558764
6559288
6559713
6560165
6560586
6561113
6561838
6572997
6574518
6575305
6576314
6577555
6594209
6649085
6649502
6649973
6650555
6651235
6652138
6653242
6654176
6656998
6681034
6681648
6682867
6687846
6694648
6695206
6696706
6704680
6705435
6706208
6706980
6707448
6708005
6708462
6708998
6709655
6722357
6722739
6723360
6724355
6726211
6726697
6727694
6728480
6729327
6730525
6758827
6759575
6761472
6763077
6777194
6778237
6779294
6786433
6786952
6787652
6788133
6788882
6789274
6790152
6799286
6809823
6810862
6813994
6814024
6814582
6815024
6843363
6846758
6847320
6847934
6848574
6849771
6856572
6857056
6860855
6864857
6865610
6866382
6867913
6870064
6870574
6871163
6871642
6873217
6873727
6874243
6874832
6875720
6876715
6887915
6889234
6896213
6906220
6906770
6907321
6907656
6907933
6908275
6908526
6908804
6909156
6909510
6910137
6910644
6911559
6913345
6914209
6915767
6949570
6950388
6951211
6951811
6955970
6982477
6983238
6984094
6984858
6985440
6998238
7002503
7003566
7005227
7006552
7007081
7007869
7008647
7009464
7019049
7022251
7023089
7025060
7025407
7025955
7037657
7050752
7051135
7051637
7052053
7052578
7054314
7055027
7056070
7062229
7072157
7073901
7089419
7091636
7100445
7118670
7140530
7140961
7141676
7142371
7145857
7146501
7206046
7215417
7216484
7218502
7219998
7226698
7227200
7227636
7228126
7228755
7229366
7229916
7230724
7233657
7238219
7238922
7239571
7240129
7240771
7241305
7241809
7244130
7251415
7252108
7252733
7253217
7253839
7254391
7256501
7257874
7258924
7259515
7260145
7277529
7301286
7307746
7308787
7340242
7350896
7351857
7353863
7354820
7355564
7356012
7356553
7357012
7357489
7357804
7358205
7359154
7359622
7361003
7361740
7362233
7364626
7367952
7379512
7381012
7381570
7390438
7406989
7409293
7410083
7411027
7411736
7413126
7415377
7416173
7417154
7418120
7418788
7419635
7427520
7429989
7432548
7458610
7461099
7462540
7463496
7464899
7467573
7472002
7481740
7482229
7482676
7483120
7497919
7498475
7516269
7517053
7517632
7525252
7536446
7537027
7537588
7538048
7538732
7539381
7539869
7540558
7541257
7542450
7543566
7548758
7563604
7565264
7596624
7596913
7602159
7613465
7613872
7614212
7614627
7615007
7615497
7616056
7651298
7659447
7661857
7662843
7666125
7666838
7667147
7667715
7668444
7669139
7670194
7670978
7671414
7671867
7676006
7676781
7679089
7683506
7684056
7690676
7691515
7717941
7737945
7739628
7740102
7740637
7741077
7747641
7748182
7749018
7749693
7750716
7752128
7752971
7757694
7768593
7771268
7772084
7772810
7773544
7775080
7775845
7785703
7786145
7786670
7787670
7788263
7791185
7800070
7805117
7805909
7806344
7806834
7807303
7808143
7808839
7811363
7812104
7812684
7813776
7814763
7815220
7815838
7828028
7844820
7887236
7887964
7889778
7890221
7890794
7893179
7901880
7912964
7914488
7919799
7920468
7921875
7922381
7922827
7923338
7926198
7926877
7929447
7929986
7930414
7930705
7931306
7931941
7932581
7933384
7934509
7934951
7942532
7958160
7959394
7975835
7976877
7977389
7978546
7988388
7989222
7990367
7992112
7993509
7994019
7994683
7995184
7995883
7996487
7996941
7997290
7997678
7998026
7998395
7998859
7999284
8000992
8008062
8024412
8024938
8026210
8033412
8034153
8034978
8035652
8038457
8040487
8041262
8041762
8043119
8057216
8059207
8059915
8062589
8078596
8080221
8114210
8130279
8132137
8135227
8138458
8139014
8139638
8140070
8140494
8140824
8141135
8141461
8141960
8142347
8142861
8143447
8147488
8148072
8159851
8160547
8160921
8177616
8179263
8182146
8182815
8198166
8198912
8199810
8200339
8200854
8201249
8201757
8202439
8223913
8224381
8224717
8225036
8225374
8225664
8225984
8226415
8226817
8234228
8234731
8235449
8236002
8236473
8236971
8237752
8238453
8239982
8240748
8243845
8252289
8252649
8253186
8253926
8254553
8255657
8256457
8256858
8257406
8257890
8258556
8259191
8260261
8260810
8261301
8267410
8267827
8268924
8269574
8276735
8291439
8292504
8293660
8294197
8294729
8295544
8300087
8300766
8307362
8328487
8328914
8329378
8329854
8330244
8330769
8331340
8331842
8332325
8332959
8348308
8350253
8351343
8351748
8352591
8353147
8357347
8358176
8376865
8390574
8391689
8393985
8400263
8401337
8402657
8404323
8405046
8405593
8406050
8406630
8407179
8407663
8408043
8408438
8408925
8409312
8409997
8410864
8431334
8432188
8433426
8434179
8438382
8438903
8442507
8443442
8448380
8450378
8451211
8451796
8453330
8466572
8466979
8467248
8467660
8468227
8468697
8469499
8470185
8490116
8491153
8491901
8492412
8492831
8494153
8501483
8503479
8504163
8505020
8505731
8506425
8507008
8509595
8510250
8511376
8523519
8523937
8526801
8552459
8553059
8567744
8569906
8575667
8576797
8577204
8577888
8587416
8588007
8589053
8589712
8590893
8591909
8592783
8593730
8613180
8628878
8631607
8633247
8634621
8634908
8640399
8641477
8643154
8643971
8645432
8652340
8653190
8653897
8654540
8656069
8657297
8658226
8658504
8658833
8659140
8659400
8659677
8659948
8660372
8660679
8661255
8661635
8661973
8662551
8663192
8676785
8677924
8682633
8703196
8704150
8707065
8707691
8708340
8709196
8709585
8709949
8711996
8712546
8713141
8713692
8714109
8714439
8714853
8715190
8715547
8715858
8716177
8716585
8717679
8718368
8748895
8749381
8755008
8758381
8761286
8762265
8762939
8763351
8764021
8765175
8788884
8799249
8799650
8800229
8800757
8801376
8802059
8802586
8803019
8803793
8815497
8820522
8835306
8835857
8836576
8837753
8850815
8851323
8851722
8852462
8853432
8855059
8856131
8877866
8880486
8881194
8881996
8887319
8887625
8887941
8888565
8892642
8893232
8893627
8894108
8894644
8903083
8903722
8904756
8905387
8912377
8912901
8913325
8914254
8914686
8916182
8917087
8918085
8926613
8927133
8927587
8928227
8928283
8931947
8933263
8942089
8943436
8944390
8945028
8945338
8945722
8946017
8946510
8947456
8947792
8948272
8948626
8948990
8949515
8949863
8950365
8950828
8951591
8952250
8952831
8953335
8953737
8971345
8971978
9008746
9009175
9010399
9012156
9013635
9014134
9014581
9014936
9015464
9017466
9017938
9019766
9024078
9033891
9039321
9052456
9053040
9053764
9056767
9066717
9067020
9069418
9076917
9079467
9080726
9081185
9082425
9083505
9084321
9085390
9085889
9086260
9086779
9087356
9087699
9088185
9089463
9100208
9103094
9103757
9104442
9106057
9106962
9114183
9114723
9115347
9116118
9116648
9117401
9118608
9119049
9119650
9120707
9122311
9123273
9125380
9126361
9127334
9127762
9128707
9129409
9129902
9130398
9133291
9133827
9134209
9134863
9135170
9136081
9136742
9137430
9137816
9148021
9148510
9148918
9149337
9149782
9150169
9152126
9152884
9155971
9156413
9156922
9157364
9157782
9158136
9158482
9158775
9159151
9159939
9160790
9161226
9162789
9163413
9165255
9167004
9167859
9168555
9169070
9169493
9169893
9170218
9170702
9171497
9172193
9195299
9196905
9213810
9217454
9219679
9220092
9220486
9220910
9222120
9223616
9224260
9225044
9231174
9231664
9233353
9234014
9234503
9234984
9235354
9235901
9236405
9237236
9244497
9244860
9245731
9246289
9247128
9247972
9272171
9284385
9284774
9285263
9286142
9286798
9287269
9287942
9289397
9296192
9298879
9299706
9301099
9301662
9302554
9303265
9303800
9304118
9304533
9305150
9305815
9306276
9306572
9306907
9307300
9307726
9308395
9308751
9309123
9311201
9312522
9317530
9322439
9323982
9324701
9325575
9327092
9352552
9353130
9353579
9354087
9356220
9359592
9364019
9365165
9366677
9368107
9368884
9369564
9370721
9371473
9372027
9380965
9394083
9395776
9396351
9396826
9397320
9397801
9398219
9398660
9399130
9412007
9412572
9413306
9420681
9428247
9428973
9450193
9451273
9452181
9452880
9455313
9456636
9457362
9457733
9458060
9458377
9458761
9459324
9459778
9460163
9460921
9469226
9469944
9471355
9487421
9489144
9491528
9492318
9493012
9494002
9502871
9504100
9505636
9509332
9509813
9514352
9515335
9516440
9516953
9520401
9520882
9521283
9521790
9522809
9527514
9527960
9528331
9529338
9529794
9529984
9530075
9530437
9530999
9531492
9532168
9532665
9532983
9533591
9533978
9543439
9572654
9573497
9573909
9574348
9574750
9575254
9575748
9576160
9577099
9580478
9580890
9582910
9583717
9584254
9585046
9588521
9589590
9600116
9600684
9601224
9601568
9601888
9602262
9602641
9602930
9603383
9603695
9604157
9604667
9605123
9605515
9605884
9606274
9606846
9607418
9608364
9616030
9617158
9618307
9618905
9620013
9640037
9640748
9641685
9643667
9645684
9646087
9661071
9662027
9664878
9665312
9665738
9666618
9667031
9667357
9667722
9668081
9668589
9679418
9680599
9681885
9682839
9683780
9692795
9694146
9694790
9695795
9696244
9696705
9697449
9730843
9731393
9731762
9732342
9732767
9740988
9741957
9742354
9742809
9743273
9745150
9745960
9746464
9747032
9748020
9748612
9749107
9749608
9750578
9751028
9751434
9751734
9752331
9753116
9782845
9808605
9813126
9815944
9816521
9817212
9817601
9817969
9818469
9818937
9825900
9826962
9827295
9827947
9828422
9829088
9830169
9830621
9831001
9831458
9831920
9832359
9832815
9872048
9872518
9872984
9873485
9873986
9874602
9919461
9927890
9928294
9928775
9929148
9929614
9930031
9931247
9933042
9934592
9935686
9936174
9937061
9938065
9938601
9939242
9951740
9952308
9953748
9963255
9965008
9965622
9969047
9969698
9970257
9971207
9971837
9984514
9985676
9986399
9987407
9987945
9988574
9989797
10015704
10016335
10016761
10017184
10017614
10018628
10020715
10022663
10028181
10028803
10029191
10029829
10030647
10031583
10035190
10035723
10036163
10036596
10036933
10037669
10043429
10052366
10053206
10054111
10054556
10054903
10055227
10055608
10055896
10056158
10056515
10056824
10057155
10057453
10057802
10058205
10060139
10060959
10066350
10069255
10070741
10071668
10092224
10092738
10093472
10093955
10094487
10095555
10096156
10097023
10097639
10098510
10100478
10101331
10101803
10102701
10103346
10104337
10105571
10115361
10116033
10116866
10119161
10119945
10148783
10149464
10150132
10150446
10150834
10151201
10151569
10152013
10154463
10155132
10155658
10156298
10157024
10157768
10158111
10158757
10159357
10160065
10160630
10161159
10161743
10162347
10162824
10163273
10164026
10183528
10199971
10201500
10203493
10219083
10219599
10220358
10221670
10231970
10232312
10232996
10236802
10242127
10242520
10243370
10249238
10249972
10250546
10252655
10262497
10262972
10263317
10263704
10264316
10265158
10265799
10279595
10280869
10282752
10286181
10286757
10287398
10287738
10288120
10288836
10290131
10303485
10304037
10304789
10305236
10305635
10305947
10306296
10306768
10307300
10307913
10308462
10309010
10314219
10315669
10316267
10320402
10320902
10321725
10323020
10324402
10329619
10353439
10355862
10356378
10357102
10358572
10359111
10359764
10360156
10360782
10361803
10362573
10363439
10364081
10365009
10365498
10366286
10366798
10367237
10367818
10369265
10385410
10386844
10393568
10394031
10394427
10394928
10395480
10396087
10402992
10404417
10404932
10409183
10420568
10421519
10423683
10425009
10425801
10433220
10434042
10434925
10435682
10437762
10438553
10440533
10443315
10445216
10446004
10446500
10447372
10448409
10449147
10450037
10450696
10462592
10463358
10474550
10475416
10476045
10476492
10476923
10477258
10477670
10478029
10478539
10479137
10480012
10497610
10505842
10506185
10506635
10506935
10507239
10507573
10507958
10508319
10509549
10510303
10510914
10511601
10513749
10514329
10515061
10515668
10516553
10519038
10519671
10520022
10520556
10521002
10521485
10522020
10522647
10542858
10577880
10578636
10588580
10589925
10590580
10593304
10593913
10594423
10595075
10596371
10597411
10605063
10606967
10607723
10613504
10640585
10642906
10643564
10644201
10645006
10646122
10647180
10648011
10648421
10648891
10649485
10649884
10650198
10650627
10651083
10651758
10659402
10667959
10669621
10670039
10670433
10670926
10671299
10671755
10672099
10672393
10672682
10672976
10673270
10673600
10673988
10674583
10675144
10675637
10685422
10686258
10686722
10687472
10689271
10689739
10690304
10691144
10691983
10692717
10693377
10694210
10694814
10711653
10712080
10712485
10712929
10719516
10720276
10722930
10736833
10738175
10738833
10739390
10739886
10742441
10742883
10743577
10744918
10746270
10746737
10747098
10747478
10748053
10748684
10749132
10749696
10750427
10757022
10757692
10758425
10759101
10759681
10760878
10761318
10761905
10762464
10763043
10763521
10768299
10769064
10770432
10770922
10771423
10771881
10772592
10772988
10773442
10773809
10774220
10774680
10775242
10801711
10802285
10802872
10803324
10805730
10818199
10819639
10821215
10843724
10847500
10858616
10859289
10860557
10861916
10863049
10882399
10883282
10883673
10884177
10884728
10892061
10892958
10894880
10901117
10901479
10902014
10902426
10902915
10903649
10908467
10909200
10909725
10910124
10911615
10923263
10936494
10936949
10938258
10938884
10940169
10940768
10941208
10941613
10941979
10942409
10955726
10956313
10956967
10957478
10958261
10958642
10959071
10959558
10960506
10961094
10961884
10962355
10962712
10963490
10964335
10964775
10965283
10965752
10966051
10966448
10967246
10968719
10995988
10996737
10997266
11000675
11002462
11007987
11008526
11009168
11023794
11033273
11040237
11041026
11041460
11042383
11055260
11055783
11056382
11062113
11062712
11063218
11064123
11065144
11066004
11066588
11067185
11067581
11068193
11068750
11069260
11069785
11070099
11070606
11070978
11071428
11073256
11073777
11074579
11075592
11076396
11107926
11108820
11117987
11118969
11123499
11130542
11131398
11131709
11132202
11134373
11134443
11135407
11136383
11144994
11159067
11160208
11160980
11161980
11162806
11163535
11164446
11166701
11167531
11183114
11183993
11188684
11193952
11194838
11195372
11196278
11211209
11217359
11218210
11219232
11226762
11227394
11228134
11229052
11230028
11230822
11259121
11290961
11291569
11291952
11292560
11292835
11293127
11293520
11294230
11297443
11298313
11308589
11309166
11309543
11310660
11320010
11336271
11342907
11343906
11344384
11344744
11345074
11345570
11346227
11347854
11350925
11352604
11357465
11370399
11371549
11381245
11381841
11390611
11391211
11394724
11396484
11397698
11398451
11399355
11399992
11405893
11406606
11407410
11408919
11410074
11414198
11414831
11415345
11416436
11417219
11419090
11420017
11438420
11441435
11442050
11442860
11444312
11445297
11446078
11464323
11474823
11475983
11476786
11477243
11477370
11478152
11497327
11497939
11498484
11501873
11512547
11513133
11513553
11514204
11517607
11518035
11518486
11519747
11520709
11522607
11524294
11527236
11528211
11546739
11547334
11547905
11548679
11590975
11591711
11592174
11592651
11593989
11595814
11597225
11597782
11598302
11598789
11599426
11600212
11627499
11628277
11628904
11629581
11629973
11630365
11630656
11631025
11631733
11634062
11634824
11635875
11651943
11655448
11655960
11656562
11657051
11657568
11712657
11713367
11713977
11714617
11724564
11736607
11737314
11751208
11752422
11753139
11754480
11756249
11788180
11789145
11789523
11789868
11790227
11790712
11791262
11791976
11802139
11803922
11812940
11813364
11814040
11814688
11823313
11825389
11826110
11826721
11828353
11829523
11830924
11833612
11834131
11834438
11834863
11835209
11835558
11836060
11836622
11837230
11838861
11840338
11848564
11849440
11857671
11858077
11858469
11858974
11859526
11860186
11860659
11861037
11861470
11861799
11862180
11862667
11863232
11863767
11864439
11864856
11865502
11866655
11868099
11868735
11869805
11896290
11905051
11905774
11906180
11906743
11907339
11916816
11935741
11936760
11937898
11938926
11940400
11941049
11941505
11941853
11942326
11942697
11943017
11943375
11943791
11947711
11956554
11957560
11958470
11959920
11960690
11963414
11964440
11991007
11991696
11992252
11993024
11993770
11999842
12008513
12020981
12028648
12029756
12053333
12054123
12054868
12055364
12055943
12056460
12056915
12057441
12058328
12067588
12073034
12079822
12087056
12087515
12117795
12121189
12122903
12123985
12124894
12126173
12127816
12128489
12131061
12156384
12158731
12174324
12176269
12177675
12195167
12196153
12196859
12198009
12198564
12199366
12199758
12212854
12213246
12213639
12214024
12215402
12216934
12218347
12221475
12221928
12222303
12222617
12222853
12223108
12223404
12223712
12224166
12225076
12226087
12226476
12227627
12235644
12241799
12242520
12243879
12246197
12247753
12248399
12248908
12249667
12260526
12261553
12269696
12271826
12278768
12279266
12279723
12280187
12290549
12290981
12291740
12292205
12292626
12292944
12293236
12293559
12294017
12294289
12294524
12294793
12295099
12295488
12295843
12296238
12296811
12297474
12298041
12308338
12308749
12309051
12309529
12309895
12310231
12310793
12311251
12311859
12312477
12313046
12313750
12314327
12314871
12340832
12342993
12344123
12344925
12362466
12362982
12369593
12371146
12372113
12378903
12379572
12379884
12380607
12381062
12381445
12381995
12382817
12392122
12392842
12394012
12399494
12400109
12400481
12400976
12401795
12402618
12416176
12416645
12417222
12417673
12418642
12419330
12420476
12421434
12422222
12422839
12423368
12424093
12424584
12425530
12426103
12427284
12428592
12465667
12466755
12467622
12468341
12471005
12472149
12511056
12513363
12519620
12521487
12522401
12523185
12526992
12527368
12527949
12528804
12529576
12530490
12531980
12541248
12541923
12542531
12543083
12543777
12544305
12545221
12547826
12548757
12549720
12561884
12562782
12563363
12565027
12571392
12572005
12573466
12610911
12623150
12623975
12624319
12624859
12625514
12645449
12645913
12646552
12647543
12648105
12648737
12649362
12657236
12657977
12660143
12661265
12662374
12662795
12663970
12664652
12666220
12671173
12679100
12687121
12689831
12690494
12691252
12700656
12728473
12733838
12755253
12755928
12756571
12757111
12757594
12757944
12758213
12758728
12758997
12759327
12759793
12760182
12760818
12762456
12765328
12765717
12766178
12766622
12767029
12767696
12768202
12796145
12797079
12797596
12798839
12800677
12805618
12806677
12810835
12815483
12816217
12816591
12817011
12817481
12817926
12818517
12819002
12819450
12820270
12828356
12829414
12829908
12831964
12832851
12833802
12834598
12844040
12844649
12845081
12845599
12847691
12848269
12848767
12849340
12853711
12854368
12855255
12856320
12864056
12864929
12865474
12866112
12874790
12875283
12894978
12896138
12896639
12897100
12899330
12899779
12900296
12900755
12901297
12902504
12903567
12904485
12907786
12908177
12909462
12910195
12911001
12911710
12912587
12913330
12913971
12914947
12915738
12917079
12917502
12917930
12918284
12918675
12919105
12922611
12923256
12924926
12931723
12932840
12933465
12940173
12943395
12944464
12951053
12951340
12951927
12966967
12967596
12968498
12975444
12976341
12979911
12980702
12982513
12983387
12984423
12985234
12985793
12986239
12991648
12992186
12992626
12992994
12993738
12994554
13019411
13058408
13061971
13065305
13066407
13066998
13067816
13068480
13087605
13088437
13088757
13089237
13089663
13090189
13090714
13091225
13091843
13092626
13094472
13098754
13099963
13100512
13101611
13102409
13102893
13104819
13105448
13106197
13123150
13123616
13123823
13124253
13124836
13125511
13126143
13126688
13127349
13137151
13151030
13151917
13154554
13155192
13155629
13156028
13156480
13156886
13157250
13160438
13161197
13162226
13163340
13164233
13176099
13199538
13200532
13204622
13205186
13206072
13206518
13206928
13207368
13207794
13208163
13208782
13209171
13209745
13210399
13210902
13211308
13211888
13212547
13213214
13213948
13214409
13215114
13219229
13219958
13220984
13221509
13222417
13223279
13247607
13253095
13255819
13278295
13279140
13279802
13280160
13280593
13281276
13281897
13282395
13284475
13286441
13287877
13297127
13297676
13298326
13299591
13300698
13301625
13302450
13313656
13327305
13329862
13333208
13336511
13337195
13338210
13349870
13351791
13363717
13368023
13372247
13379219
13380985
13382293
13382810
13383574
13420840
13424148
13425452
13426855
13427346
13428943
13430854
13433929
13447907
13459102
13460008
13460747
13461035
13461421
13461809
13462268
13469269
