963.5433
1425.762
2195.087
2942.676
3899.422
6952.046
13705.53
14513.77
15761.91
34556.26
35144.5
35866.79
37132.74
37593.71
38000.63
38485.45
39013.77
39651.06
69964.57
93934.42
100546.5
102945.5
108001.5
108928.5
109656.9
110237.5
110898.3
111328.4
112688.8
117566.8
118047.8
118830.2
121033.9
121378.5
122202.5
122815.3
123142.8
123428.4
124190.3
125203
125669.9
126336.6
126756.1
127343.9
127812.8
128287.2
130132.5
130596.7
130994.2
131491.1
131940.3
132832
134086.7
134752.4
135489.8
136057.5
137334.4
143745.5
144628
145428.3
146528.7
149266.1
149906.1
150533.9
151646.3
163929.4
164518.2
164965.5
166327.6
167413.4
169119.2
169543.4
170233.1
170874.6
171661.3
173030.9
175136.3
176943.5
210842
211677
212280
212777.7
213121
213441.1
213802
218841.7
239845.5
262045.5
262687.1
263024.9
263321.5
263818.7
264331
271455.4
285919
286521.6
287427.3
288617.1
289282.2
298304.5
298734.6
299291.7
299805.9
300336.8
303626
311546.8
312221
312715.7
313141.2
313457.8
313894.8
314713.9
316477.4
326164.7
326922.2
327743
331842.6
333537.5
334232.3
334969.8
336636.6
337824.4
338263.8
352644.3
353720.5
357540.7
357967.2
359023.4
359614.7
359989
360272.4
360734.1
361146.3
361503.7
362279.3
362747.5
363821.1
364377.6
392867.7
394048.5
396955.4
397588.6
398338.4
413451.4
414053.4
414383.1
414802.1
415196.6
415539.3
415972.7
416528.1
456828.2
458813
499961.7
500947.6
527578.6
528602.7
530272.3
531325.9
532251.3
533599.3
534468.6
535072.6
537926.9
538587.1
539173.3
540665.4
540986.4
541534.3
542402.6
543804.6
545275.7
546914.5
548738.4
549438.2
550112
550687.8
551091
551514.5
551827.8
552317.7
552762.3
558634.3
559965.4
560526.8
561470.3
562228.4
565422.3
566071.1
566964.1
568374.2
568847.4
569524.9
570636.6
575216
575786.2
576314
576929.8
577896.8
578658
579541
580211.8
581725.3
590784.6
596356.8
597819.4
598725.3
599373.7
600465.8
601612.5
607523
611600
612258.6
638453
639270.9
648681.9
649519.1
652586.6
653310.6
654832.1
659343.8
660829
677614.6
678208.5
678547.7
678945.5
679543
680357.4
681710.2
682203.3
682579.5
682885.1
683587.3
684241.6
684788.4
685399.8
690818.5
698181.9
698889.5
700143.4
700948.5
702574.3
704011.1
704818.4
709814.6
712794.6
713967.5
718773.9
719130.1
719670.9
720656.8
721679.6
723211.5
724284.7
729928.6
751631.5
752684.4
753496.7
754389.5
755283.4
756099.3
757314.4
758295.9
770441.6
775704.6
776268.8
777194.2
789288.4
793354.3
793841.3
794652.8
795075.6
795635.2
796123.7
796752.9
797672.6
805283.2
807520
808548.2
830067.6
831615
837781.4
838588.4
848529.2
849350.9
854263.2
862165.9
877306.3
900177.6
901015.1
901577.5
902053.6
902501.8
903039.1
903876.9
904667.1
909004.8
909911.1
937136.9
937783.9
938871
942593.4
945198.7
948925.8
950065.7
950506.5
951326.5
951998.6
954844.2
956988
963383.2
964423.8
965442.6
966178.2
982945.8
983723.5
984376.6
984905.2
985671.9
986395.8
986867.4
987528.4
991007.6
991545.9
993389.4
994205.1
994600.7
995035.4
995386.5
995761.1
1001621
1003439
1004812
1005337
1005861
1007668
1008387
1009028
1009741
1010450
1010912
1011317
1011734
1012111
1012470
1012765
1013278
1014036
1020487
1025245
1025988
1027365
1035136
1038047
1040647
1098721
1119488
1122111
1122868
1123683
1124709
1125174
1125545
1126221
1126714
1127143
1127722
1128305
1129083
1129459
1135658
1140628
1143067
1159761
1160644
1161407
1161860
1162435
1163136
1163506
1164296
1165062
1165740
1166463
1167588
1168019
1172451
1173501
1174012
1174686
1175385
1176133
1180731
1182884
1184097
1184727
1186182
1187120
1188365
1190096
1192668
1193704
1213297
1215614
1216171
1217045
1217827
1219230
1220142
1235960
1236550
1237015
1240773
1241718
1244000
1249609
1255091
1265395
1278777
1280613
1300363
1305719
1306289
1308156
1308767
1309545
1310211
1311017
1312057
1328263
1359341
1360711
1361109
1361668
1366104
1368409
1369008
1372063
1380092
1380768
1381216
1381767
1382795
1385536
1386667
1387289
1393326
1399203
1411416
1412193
1416425
1417931
1418734
1420018
1420632
1421330
1421835
1422209
1422699
1423129
1423480
1423964
1424438
1425281
1426526
1427194
1428427
1430047
1431247
1443239
1443815
1444353
1445334
1449850
1450966
1451805
1461456
1462139
1462716
1473033
1477068
1477770
1478594
1481709
1482427
1483428
1483978
1495199
1532459
1533807
1535371
1535958
1536819
1538156
1539853
1540711
1542118
1550635
1556222
1557090
1557825
1559342
1560324
1565018
1565618
1566009
1566462
1567369
1571395
1572446
1573769
1594338
1595761
1596994
1601485
1602233
1604684
1606088
1607489
1608421
1609250
1609822
1610344
1619261
1625674
1626292
1627237
1627994
1633322
1633823
1634309
1634923
1636179
1656131
1656749
1675093
1676215
1676757
1677223
1677999
1678865
1684805
1686039
1686556
1687002
1687398
1687847
1688205
1688628
1689301
1689737
1690340
1690768
1691120
1691474
1691839
1692313
1692737
1693347
1693838
1694847
1695892
1699017
1699626
1700088
1700588
1701426
1701946
1702380
1702787
1703138
1703421
1703705
1703961
1704288
1704558
1704926
1705370
1706053
1706492
1708070
1708590
1714121
1714919
1715579
1717056
1717940
1718696
1719911
1720781
1721604
1723596
1724360
1725291
1725819
1726178
1726606
1727108
1727590
1728165
1728581
1729113
1729411
1729780
1730161
1730700
1731326
1731990
1732930
1733841
1734875
1736023
1736661
1737328
1746864
1747423
1752433
1766454
1767133
1768442
1770049
1772632
1773136
1773761
1774658
1775353
1778563
1779221
1780472
1811306
1820647
1828662
1833572
1837096
1842624
1844965
1845826
1846245
1846699
1847067
1847535
1848055
1848690
1849422
1850001
1850476
1850949
1851441
1851870
1852328
1853639
1859408
1864425
1865146
1865657
1866098
1867027
1868100
1869577
1870907
1871822
1872279
1873223
1874400
1875679
1896504
1897707
1937289
1938292
1938848
1939200
1939810
1940469
1941125
1941735
1943146
1944743
1945284
1949626
1959433
1959996
1960456
1961096
1972717
1974990
1999478
2000032
2000804
2002506
2002974
2003843
2004418
2004891
2005260
2005698
2006341
2007456
2014654
2015626
2021342
2021892
2022893
2023567
2024384
2024918
2025867
2029125
2037696
2038363
2039169
2042616
2046857
2047913
2048720
2049556
2050995
2058056
2069171
2069707
2074417
2075044
2076647
2088748
2110073
2111977
2112474
2113870
2117985
2118838
2119748
2120614
2121512
2122472
2123118
2123432
2124045
2124571
2125861
2139568
2140656
2141415
2142038
2142588
2143104
2143832
2144276
2144812
2145348
2159788
2160631
2161269
2161849
2162355
2162938
2163455
2166083
2166604
2167100
2167641
2168568
2169432
2170613
2200471
2201163
2201970
2202745
2203265
2203727
2204087
2204489
2205160
2205937
2206437
2206910
2207477
2208470
2208959
2209936
2221313
2221898
2222603
2223600
2224003
2224574
2225916
2226578
2227049
2227636
2228182
2228453
2228925
2229385
2229900
2230402
2230867
2231419
2250251
2251127
2256271
2257545
2258135
2259340
2259758
2262390
2263305
2264120
2288545
2289214
2289608
2290616
2291221
2292000
2295250
2312867
2313853
2315293
2316494
2317082
2317622
2318205
2318594
2319015
2319698
2320302
2320951
2321696
2322611
2323397
2324453
2332600
2341050
2342690
2346007
2346617
2347371
2348552
2349677
2352238
2352897
2360373
2360933
2361737
2362550
2363468
2367067
2368536
2368955
2369410
2370116
2370752
2374855
2377665
2378491
2379046
2380149
2380808
2381696
2382376
2382944
2383630
2384365
2388654
2389319
2390172
2390903
2399314
2399911
2406169
2407363
2407758
2408337
2409101
2410664
2423252
2424189
2425403
2426172
2426746
2427402
2427878
2428312
2428786
2429122
2429539
2430012
2430578
2440055
2440691
2441049
2441524
2441877
2442376
2443017
2443519
2450621
2452077
2453022
2453985
2454853
2456535
2460817
2463447
2463945
2464424
2464888
2465907
2466690
2467461
2488310
2488877
2489395
2489815
2490346
2490965
2491957
2496659
2497979
2498541
2499105
2499700
2502018
2502743
2503170
2504315
2505289
2506584
2515174
2517067
2535843
2536685
2537222
2537682
2542613
2543127
2556452
2558227
2559879
2560676
2561285
2563271
2573068
2574177
2585483
2586441
2596083
2628597
2630832
2632705
2634056
2672391
2673209
2673889
2675978
2676624
2677588
2700868
2701773
2702496
2703390
2704285
2706852
2707857
2712842
2713433
2714022
2716107
2720667
2723121
2723982
2724726
2725244
2725982
2727343
2729848
2732075
2738835
2739583
2740232
2740803
2741315
2742070
2742816
2744121
2752328
2752818
2753412
2753975
2755159
2756637
2757224
2758680
2759463
2759751
2760074
2760434
2760855
2761377
2762192
2762678
2764443
2766876
2777574
2778261
2780014
2784307
2784956
2785621
2789016
2789467
2790104
2795758
2796385
2796852
2797303
2797667
2798101
2798495
2799017
2799690
2800290
2800809
2805591
2806216
2807194
2810421
2811587
2812281
2813408
2814277
2818656
2826106
2826528
2827049
2827380
2827811
2828099
2828487
2828963
2830268
2830994
2831782
2859234
2860371
2861175
2861887
2862628
2862924
2863509
2863958
2864913
2865618
2866328
2867924
2871704
2873564
2899310
2900113
2910121
2911795
2913286
2914455
2915738
2919603
2921795
2922497
2922951
2923627
2924684
2951817
2952413
2952795
2953108
2953421
2953654
2953981
2954376
2955022
2955421
2956049
2956688
2957305
2957875
2958703
2959686
2999410
3000310
3001432
3020314
3020972
3026866
3027591
3028252
3029408
3030343
3031319
3031893
3032593
3034168
3035233
3050144
3053558
3061598
3062220
3062786
3063386
3063873
3064361
3064698
3065088
3065549
3066134
3066900
3067770
3068481
3070918
3091607
3092253
3092955
3093997
3095826
3105601
3109399
3116747
3117747
3118378
3118938
3120767
3128833
3130039
3153699
3174248
3188496
3190998
3192083
3195556
3196065
3196572
3196990
3197479
3197899
3210082
3210718
3211280
3212119
3213477
3225163
3226789
3229086
3229701
3230317
3233135
3237971
3238760
3239352
3240194
3246488
3247154
3247656
3248986
3250841
3258893
3259860
3260491
3261164
3261709
3262847
3264942
3266170
3266808
3267205
3267857
3271635
3277357
3281962
3287201
3287931
3300233
3301121
3305307
3310442
3332523
3340982
3363654
3364792
3365533
3366049
3367475
3368129
3368843
3385569
3419154
3420120
3420813
3421410
3421893
3422982
3423789
3429229
3430485
3432366
3432923
3433977
3435216
3442855
3444712
3462402
3463743
3464225
3464623
3465078
3466273
3467302
3469112
3469967
3480750
3481932
3482404
3482950
3483862
3485389
3486307
3487301
3488019
3503550
3534328
3536159
3537013
3537539
3539742
3551417
3556353
3557019
3562669
3563345
3563982
3564873
3566301
3573954
3575233
3609131
3609747
3614686
3615766
3662184
3662961
3663379
3663713
3664006
3664369
3664850
3665349
3665916
3680902
3681600
3682518
3683425
3694755
3696419
3697403
3698400
3698782
3699355
3699833
3701229
3701993
3703112
3704384
3712048
3713325
3714014
3715720
3716362
3717003
3730216
3731178
3738506
3740022
3741187
3745287
3748498
3749439
3752504
3773881
3775830
3777321
3778297
3783587
3824281
3824960
3848495
3849359
3851014
3852770
3858976
3866935
3868041
3868477
3868965
3871518
3873831
3887764
3888873
3889589
3891826
3892610
3896272
3923147
3924602
3929638
3932657
3946400
3947108
3947802
3948514
3949218
3960786
3963946
3978670
3979331
3979946
3980737
3981577
3982169
3983189
3997689
3999225
3999884
4000294
4026186
4026760
4027490
4028213
4029457
4050703
4051474
4052638
4081326
4082463
4083334
4091275
4112679
4113597
4114518
4124825
4154699
4155773
4156989
4157559
4158144
4158638
4159069
4159571
4160156
4161521
4193735
4194174
4195039
4195933
4196661
4197244
4197715
4198167
4198657
4199097
4199681
4205807
4206905
4207726
4208336
4208770
4209130
4209500
4210093
4212060
4213052
4217358
4217824
4218701
4268551
4270037
4271569
4280594
4281240
4281771
4282262
4285746
4289281
4290044
4291256
4292069
4293281
4294158
4294955
4296047
4297000
4297680
4299774
4300656
4301481
4301969
4302571
4303138
4303707
4304454
4305010
4305540
4306056
4306524
4306551
4307168
4308022
4308724
4322313
4322695
4323087
4323596
4324704
4325476
4330068
4330875
4331706
4342847
4343867
4346843
4348655
4349866
4350594
4351816
4352779
4353847
4355310
4356311
4356707
4357075
4357437
4357835
4358836
4359332
4360111
4361114
4362444
4364052
4364754
4365264
4370099
4371742
4375687
4376567
4377790
4385390
4386330
4387146
4388179
4408433
4408960
4411010
4416969
4419741
4420247
4420972
4439615
4441782
4443456
4447094
4448526
4451032
4460485
4461817
4464843
4465816
4466387
4467386
4468350
4469069
4472802
4473426
4481005
4505558
4506321
4512343
4513628
4517723
4518808
4528900
4529466
4530238
4531063
4533382
4534126
4534573
4535347
4538296
4539019
4539633
4540136
4541162
4558873
4567809
4603814
4604305
4604793
4605418
4605867
4606456
4607000
4607435
4607804
4608443
4618819
4621526
4622293
4622855
4629380
4669428
4670008
4670370
4670870
4671517
4672092
4673876
4675526
4676070
4692013
4715668
4716309
4717184
4718333
4719336
4720093
4720687
4721248
4721680
4722031
4722492
4723002
4723744
4725254
4726721
4727327
4728648
4729960
4730781
4731477
4738179
4745431
4746031
4746458
4746897
4747392
4747716
4748132
4748497
4749002
4749612
4750262
4751468
4752633
4778286
4817523
4818782
4819400
4819916
4820537
4823471
4826661
4827344
4828742
4829620
4830361
4831094
4831878
4832352
4832753
4833118
4833368
4833860
4834678
4835555
4878699
4879351
4879909
4881260
4882292
4900112
4900596
4901461
4902685
4914177
4917252
4917704
4918204
4968710
4969442
4974683
4975488
4975860
4976412
4976875
4982187
4982980
4984209
4984882
4985545
4986662
5002293
5002988
5003749
5004756
5016447
5017476
5029828
5036947
5038135
5038605
5039144
5041454
5046952
5054166
5055054
5055937
5056654
5065122
5065881
5069151
5071247
5073696
5082425
5083254
5084125
5088696
5096765
5098337
5100013
5104687
5107215
5108250
5116738
5122302
5144948
5145353
5146274
5159427
5160235
5160706
5162008
5162708
5163398
5163892
5164464
5165033
5165838
5166451
5168136
5168924
5186296
5186880
5187499
5188335
5188974
5189643
5190099
5190457
5190906
5192078
5192943
5194742
5196575
5197884
5204834
5231266
5231902
5232338
5232778
5233179
5233525
5233863
5234383
5234798
5235332
5235759
5236353
5236753
5237175
5237604
5238071
5242695
5245990
5246645
5247322
5248218
5248988
5262617
5263134
5263755
5264472
5264891
5265199
5265455
5265761
5266074
5266506
5267106
5267751
5268922
5271487
5272816
5277557
5278322
5278951
5279989
5298388
5299294
5300242
5310586
5311336
5312291
5312876
5313536
5315724
5316687
5349293
5350847
5351834
5352323
5352923
5353533
5354126
5354768
5355357
5356052
5373975
5374993
5401222
5402009
5402595
5402956
5403347
5403887
5404445
5404935
5405377
5405739
5406132
5406498
5407023
5407513
5408477
5426373
5428754
5438544
5450540
5464863
5467228
5477872
5479023
5479764
5481733
5482369
5482768
5483123
5483635
5484065
5484558
5485225
5498009
5498522
5499190
5499605
5500325
5501260
5541364
5542158
5544790
5549525
5572948
5575943
5576413
5588401
5597265
5598096
5599223
5605090
5605880
5607202
5608218
5610124
5614557
5616904
5623432
5624001
5624902
5631771
5646195
5668772
5669230
5669643
5670177
5670941
5673584
5682916
5684199
5685033
5696364
5696819
5697545
5698411
5707587
5708781
5709476
5709889
5710796
5718746
5719517
5720002
5720409
5720703
5721148
5721725
5722404
5723262
5726852
5745779
5746860
5750527
5752047
5754004
5754635
5756415
5756985
5758027
5758908
5763271
5764227
5764926
5765684
5785193
5785950
5786473
5808834
5825455
5826369
5827141
5851109
5852581
5872060
5872545
5873073
5873533
5873920
5874693
5903633
5904309
5905926
5909625
5913998
5914644
5915380
5915828
5933375
5933960
5934730
5935725
5936112
5936671
5937270
5938787
5939668
5940864
5964283
5966168
5966647
5974236
5976393
5977191
5977880
5978774
5979521
5980563
5981452
5982463
5984393
5985636
6003912
6007713
6009758
6010845
6011732
6020192
6020824
6027862
6028714
6042294
6043797
6044407
6049849
6050911
6052693
6054009
6055422
6055758
6056155
6056647
6057000
6057339
6057724
6058255
6058598
6058908
6059229
6059547
6060317
6061033
6061739
6062614
6063490
6064072
6085684
6086400
6088232
6089300
6089701
6090257
6090895
6091672
6092460
6093099
6099757
6101043
6103490
6105625
6124664
6125103
6125827
6126406
6127172
6129267
6134065
6134661
6135178
6147674
6148241
6148766
6149170
6149669
6150198
6150756
6160200
6162118
6163698
6164154
6164638
6165076
6165364
6165762
6166189
6166963
6169424
6173790
6174251
6175629
6176185
6177399
6187670
6190501
6237186
6239591
6240406
6242747
6243830
6245402
6256732
6257332
6258148
6258789
6260626
6263631
6279280
6304726
6305644
6310514
6311168
6332423
6346445
6348537
6350536
6351574
6352080
6352531
6365136
6367147
6367946
6368327
6369164
6375170
6375761
6377221
6378050
6383364
6384344
6396836
6398054
6399150
6399588
6400411
6401058
6402038
6403546
6407055
6409430
6424080
6425229
6426224
6442049
6452006
6452929
6454764
6455803
6457266
6458076
6468041
6497373
6497947
6498744
6499493
6506451
6507051
6507569
6508782
6509371
6510735
6512142
6532676
6533632
6534095
6534581
6534985
6535371
6535746
6536291
6536709
6537127
6569362
6570266
6592941
6594448
6594988
6596945
6631316
6631756
6632249
6632774
6633484
6634312
6637166
6637875
6639146
6639838
6640667
6641426
6641981
6643168
6643768
6644607
6645370
6662720
6666224
6683430
6685217
6685680
6686757
6687534
6688061
6688531
6689131
6689775
6695763
6696503
6697890
6698246
6698764
6699099
6699479
6700085
6701633
6702176
6702656
6704022
6719990
6720802
6722259
6723086
6725224
6726283
6726875
6728810
6767972
6776507
6779562
6785202
6791058
6791901
6792392
6795465
6795955
6796392
6797026
6801186
6802652
6807011
6818676
6826737
6827150
6828389
6828959
6835446
6836767
6848381
6855158
6860748
6861461
6862272
6863274
6876823
6878254
6878665
6879053
6879407
6879732
6880032
6880502
6881032
6881449
6881924
6882710
6883480
6884490
6886247
6887034
6887837
6888250
6891315
6892911
6894316
6895783
6901633
6902296
6908215
6908787
6909230
6909894
6910369
6911092
6911908
6912531
6913051
6913456
6913827
6914326
6941187
6941695
6942429
6942764
6943238
6944049
6944719
6945371
6946458
6947163
6948536
6961773
6962912
6976653
6977342
6977722
6992009
7004540
7005201
7005689
7006196
7006647
7007310
7008121
7008704
7009160
7009691
7010648
7011286
7011775
7012627
7033122
7033545
7033970
7034411
7034858
7035390
7035947
7036444
7037016
7037687
7038330
7038750
7039133
7039487
7039798
7040512
7041255
7065631
7066273
7067501
7069709
7071941
7080016
7080757
7085577
7088612
7089964
7092463
7096543
7097343
7120827
7138392
7140599
7141121
7141935
7142503
7143125
7143728
7144241
7144935
7151342
7153881
7154414
7155520
7156053
7156545
7157010
7157437
7168499
7212538
7213930
7215461
7218860
7243023
7244552
7246122
7246818
7247764
7278562
7306159
7311134
7313381
7314100
7315634
7317126
7317738
7318800
7319672
7320318
7321340
7322106
7323041
7323771
7324656
7324979
7325525
7326108
7327450
7327850
7328378
7328823
7329484
7330238
7335274
7335948
7336363
7336841
7337178
7337508
7337892
7338553
7340399
7341314
7347447
7347998
7348552
7351334
7352078
7359791
7365443
7371717
7372405
7376113
7377600
7378592
7406113
7408474
7409582
7414067
7429235
7430186
7430731
7431411
7431998
7432372
7432830
7433205
7433557
7433982
7434533
7435111
7440009
7450821
7461995
7464556
7465802
7481327
7482442
7483073
7484119
7485108
7486452
7487700
7488178
7488520
7489002
7489619
7490234
7492399
7495025
7497280
7500460
7501242
7501753
7502247
7502743
7503678
7504375
7504953
7505818
7506873
7507720
7509243
7522803
7523492
7524126
7524701
7525159
7525901
7528100
7528734
7529134
7529669
7530559
7546149
7547383
7548004
7550478
7551011
7552462
7552944
7561500
7562439
7563110
7564508
7565175
7583078
7583682
7584345
7584864
7586362
7587003
7609675
7619051
7619798
7620575
7621920
7623356
7656372
7657148
7658371
7661563
7662108
7662830
7663494
7664210
7664697
7665319
7666016
7666646
7667369
7679619
7681229
7683828
7697491
7719815
7720505
7721490
7725350
7726097
7727327
7728264
7728786
7729979
7730932
7732256
7742734
7757051
7757937
7758868
7759925
7760529
7761104
7761904
7765373
7802809
7810435
7811297
7811763
7814610
7815317
7818619
7819434
7820021
7820871
7835934
7841867
7842724
7843096
7843543
7843897
7844324
7844974
7845752
7853849
7855299
7855834
7861556
7878351
7880413
7880965
7881527
7882386
7882789
7883514
7883967
7884792
7885905
7886309
7892923
7893277
7893834
7896211
7896919
7898256
7901621
7903275
7903992
7908657
7910805
7911387
7911995
7912474
7913081
7913605
7914128
7914709
7915140
7915732
7921292
7922232
7922790
7923365
7924119
7924758
7925274
7925610
7925954
7926392
7927054
7927675
7928871
7929569
7929971
7930673
7931265
7945134
7946073
7947061
7947604
7948246
7950009
7950736
7951470
7977406
7983195
7988945
7989768
7991048
8013733
8014411
8038608
8039563
8040078
8040395
8040931
8041492
8042005
8042499
8043124
8044491
8045454
8046083
8046960
8048406
8049498
8100717
8101686
8113917
8114689
8115757
8116445
8116919
8118035
8118951
8125093
8125634
8126784
8127382
8128032
8129002
8129968
8131223
8131740
8132577
8135784
8136589
8139317
8140307
8140980
8141787
8152127
8152789
8153418
8155391
8160119
8161239
8163069
8166683
8170299
8170807
8171220
8171868
8186120
8188398
8189434
8211435
8213584
8214116
8214554
8215164
8215733
8216344
8226908
8233692
8235158
8235874
8236344
8240434
8244617
8245450
8245968
8246485
8247081
8261781
8262216
8262653
8263572
8264133
8264809
8265873
8273472
8286484
8288251
8300317
8300946
8301821
8302555
8303647
8305383
8306031
8306856
8307389
8309940
8312650
8319331
8339903
8368716
8371536
8372117
8399610
8402780
8403690
8428907
8429440
8429838
8430304
8430700
8431020
8431394
8431792
8432157
8432522
8432974
8433555
8434631
8448097
8450030
8453579
8454355
8455712
8456432
8457306
8458277
8459299
8459972
8477146
8478000
8479458
8480263
8480793
8481582
8482264
8483216
8484632
8485653
8486676
8489457
8491244
8504917
8505600
8506603
8514270
8515308
8519099
8519645
8520054
8520506
8520958
8523186
8524192
8553098
8564089
8564607
8565061
8565517
8565967
8566526
8567011
8567759
8569113
8570422
8573083
8585212
8585706
8586259
8586621
8586980
8587312
8587712
8588398
8588816
8592746
8594210
8600318
8601160
8643683
8644192
8644797
8645549
8646048
8650490
8651356
8651799
8652502
8653034
8653478
8653891
8654552
8655094
8655710
8656317
8656657
8657097
8657552
8657951
8659264
8668748
8673213
8679519
8680606
8681253
8728185
8730091
8738527
8739725
8740190
8740703
8741443
8742731
8743837
8744544
8746236
8748407
8749118
8750435
8751452
8751888
8752350
8752806
8753327
8754129
8756217
8756837
8757393
8758201
8758829
8767689
8768133
8768708
8769625
8770458
8773468
8774322
8775127
8776084
8776649
8777450
8780387
8783870
8784639
8785353
8785748
8786080
8786705
8787428
8788200
8788981
8789650
8790139
8790603
8791733
8804293
8804996
8806409
8807721
8808472
8809158
8821261
8824673
8830713
8831451
8831857
8832246
8852022
8854373
8855252
8856334
8856863
8863839
8865216
8877735
8882008
8902702
8903408
8903913
8904558
8905255
8905876
8906313
8906842
8907510
8908273
8908784
8912412
8913133
8913946
8915939
8917467
8918174
8918903
8928457
8936969
8937594
8938226
8938638
8939044
8939407
8940098
8941156
8945623
8947163
8948183
8953285
8954938
8955729
8956273
8959167
8960060
8965031
8966007
8966720
8967149
8967619
8968919
8970784
8973977
8975212
8975795
8976843
8978632
8980300
8981138
9000213
9000683
9001084
9001501
9002071
9019527
9020206
9020933
9021716
9022251
9024118
9035689
9044321
9046813
9050411
9051213
9051806
9052212
9052837
9053404
9053857
9054869
9055749
9064530
9068387
9072002
9084199
9084914
9086038
9086743
9091586
9092589
9099263
9100003
9100874
9108618
9109287
9110209
9110679
9111155
9111632
9112003
9112585
9114319
9115162
9116195
9117387
9131325
9132222
9133410
9133873
9134461
9135228
9135806
9140522
9141269
9142397
9154271
9155179
9155877
9158771
9175628
9176910
9177708
9178310
9179192
9179910
9180597
9181255
9181975
9184202
9188380
9188962
9189533
9190123
9190778
9191680
9197442
9211150
9211781
9212324
9212749
9213280
9213788
9214217
9215256
9216051
9216851
9223083
9224055
9225663
9228474
9234048
9254827
9255539
9256664
9264595
9266441
9285502
9286327
9287080
9287757
9288343
9289050
9289652
9290213
9314014
9314770
9315461
9318233
9322784
9323428
9328133
9329205
9346809
9351384
9357726
9358321
9358975
9360613
9361839
9362279
9391944
9395529
9396242
9414215
9422750
9425368
9456577
9469938
9470537
9471308
9490521
9491211
9491866
9504507
9513909
9516560
9526758
9527334
9530302
9541835
9542319
9542900
9543718
9544562
9546580
9547073
9547603
9548398
9548937
9549453
9553674
9571568
9572557
9573394
9575013
9575481
9576101
9576681
9578057
9580156
9580811
9581706
9582353
9583144
9584181
9593170
9594704
9595992
9599905
9600813
9603306
9617776
9619540
9619563
9622964
9623591
9623991
9624371
9624815
9625179
9625679
9626194
9627434
9636107
9636762
9637294
9638824
9648215
9670523
9673431
9674776
9688155
9688903
9724302
9726126
9726913
9739037
9739568
9740393
9741256
9746697
9747520
9748490
9754307
9755229
9766478
9766952
9767391
9767822
9768850
9769416
9769906
9770564
9778820
9779218
9779675
9780357
9780985
9781639
9787655
9831703
9832612
9833101
9833541
9833922
9834377
9834741
9835227
9835663
9836113
9864555
9865106
9865557
9866313
9867070
9869183
9870856
11251225
11251837
11258748
11259926
11261202
11281737
11303044
11315308
11320855
11321258
11322592
11323386
11324009
11324987
11342503
11343120
11343610
11344066
11344835
11345487
11346355
11347500
11349851
11350368
11350697
11351055
11351354
11351694
11352057
11352383
11352837
11353281
11353981
11354884
11361620
11380122
11381216
11383510
11384507
11390932
11392631
11416933
11417897
11418388
11418831
11419413
11461690
11480723
11481610
11482478
11516017
11516457
11517145
11541474
11541913
11542503
11543098
11543989
11555630
11556225
11556696
11557127
11557712
11558996
11598887
11599644
11600116
11600628
11601473
11602268
11603217
11604500
11605208
11605528
11624803
11625974
11626502
11627529
11637415
11639827
11641419
11642448
11662405
11663810
11664583
11664928
11665247
11665811
11666289
11666671
11667162
11667639
11700671
11701244
11701590
11702115
11702804
11703485
11704052
11725397
11726046
11726531
11734843
11735327
11735748
11736477
11737003
11750676
11752355
11754107
11760054
11767679
11768219
11774450
11781285
11782393
11783115
11802209
11803224
11817193
11850929
11851601
11854372
11857582
11858316
11858746
11859172
11860817
11892184
11897228
11897925
11898779
11899454
11900280
11900940
11901694
11902828
11903724
11904242
11904767
11905256
11906496
11908916
11909676
11910671
11939732
11954815
11955268
11955559
11955905
11956361
11956904
11957537
11958215
11958785
11959964
11970012
11971065
11971468
11971905
11972224
11972546
11972955
11973348
11973924
11988042
11988846
11989431
11990489
11991378
11993855
12011009
12011991
12032842
12040127
12040740
12041600
12042714
12043924
12044986
12046239
12047658
12048446
12049158
12049948
12056908
12057677
12060904
12061773
12067091
12067789
12068598
12071062
12071844
12072923
12073427
12074138
12075174
12075734
12077236
12081875
12083329
12084363
12085660
12088951
12091369
12094536
12095310
12095956
12096553
12121093
12131174
12182281
12183108
12184398
12192134
12197039
12211052
12211639
12220939
12221427
12222023
12222597
12223272
12224113
12224789
12225280
12226452
12227592
12228461
12229155
12230684
12231284
12231899
12232500
12235886
12237026
12240183
12241513
12242166
12243256
12244248
12244799
12245730
12254413
12255592
12256661
12257573
12258328
12258916
12259608
12260292
12261047
12262311
12271303
12271854
12273079
12341945
12342689
12343134
12343547
12343901
12344357
12345034
12362523
12363304
12363890
12365356
12367890
12368948
12370612
12397357
12398808
12405629
12406391
12407086
12407580
12408095
12408897
12421263
12421805
12422309
12422923
12423587
12441805
12442593
12443038
12443652
12444610
12448870
12450218
12455357
12455812
12456102
12456389
12456659
12456897
12457267
12457553
12457849
12458205
12458525
12459062
12480015
12480859
12511148
12512751
12513756
12514398
12515083
12516326
12519595
12520270
12521122
12533092
12553575
12556759
12557325
12558627
12559369
12560578
12562096
12601949
12605614
12606307
12606821
12607226
12607700
12608260
12609097
12609992
12610376
12610927
12613193
12613843
12614795
12615906
12616549
12617239
12619676
12621012
12621590
12681814
12684588
12685177
12685685
12686044
12686593
12687745
12688299
12689511
12694693
12695424
12696084
12700125
12701099
12703133
12703863
12704182
12704530
12704913
12705424
12705864
12706479
12721430
12722978
12744418
12744964
12745614
12746044
12746478
12746919
12747374
12748013
12779209
12781056
12796034
12796931
12802375
12821511
12832126
12832810
12833786
12834891
12835485
12835990
12842294
12844128
12862855
12863809
12864467
12865159
12865599
12866124
12879938
12886212
12896333
12897911
12898840
12899991
12910125
12910637
12911332
12911944
12912758
12933441
12934431
12949727
12950659
12951566
12961786
12962200
12963045
12963794
12972248
12975192
12983794
12985684
12986338
12986801
12987246
12988016
12988532
12989116
12990741
12991401
12993483
12994617
12995137
12995560
12995594
12996109
12996860
12997596
12998620
12999447
13000660
13029195
13029917
13031087
13050199
13050712
13051093
13051562
13056948
13057452
13058870
13063971
13064914
13065543
13066683
13067022
13067516
13088116
13088758
13090327
13092110
13093294
13093958
13102687
13103299
13104045
13104845
13105555
13114143
13115946
13129515
13130078
13131270
13131970
13132444
13132898
13133370
13134356
13134896
13135374
13136941
13143836
13144526
13146739
13147634
13148249
13148848
13149646
13150070
13150877
13153443
13153840
13160966
13161491
13162737
13163579
13163934
13164761
13171707
13183297
13213697
13214513
13215333
13215807
13216269
13216812
13217415
13218092
13219521
13220275
13221216
13222029
13222684
13235848
13236425
13237732
13239596
13245052
13245681
13246377
13247164
13247603
13248073
13248585
13249623
13254938
13259413
13260631
13261616
13264753
13280568
13281324
13282236
13282906
13283372
13283860
13284537
13285323
13305999
13306734
13307836
13308820
13314838
13315568
13316626
13316989
13317500
13317969
13318399
13318926
13319506
13321070
13322077
13323024
13328033
13328618
13345832
13346982
13347854
13348377
13349019
13357897
13358456
13358974
13362894
13371825
13372911
13380341
13392204
13404626
13414552
13415323
13416254
13417086
13417574
13418080
13418716
13424149
13430410
13442525
13443212
13443656
13444258
13444791
13445209
13445795
13446510
13446952
13447405
13448350
13453610
13454822
13456287
13464217
13465995
13467564
13470481
13471620
13472202
13472739
