35073.82
45445.83
46106.04
53916.99
55994.91
59965.73
61260.59
63550.11
70301.78
98979.67
99434.23
100750.1
116369.9
122674
141055.5
142291.9
142945.6
217586.3
223901.8
238849.1
251486.2
258744.4
259231.2
274351.1
275115.8
276052.5
281186.2
289250.4
323688.3
333997.6
334704.9
335351.5
338927.7
341782.6
352088.5
352459.3
352725.3
353129.5
353529.2
353824.9
354106.1
354383.8
354654.6
354949.7
355329.9
355806.3
356633.3
361501.3
366384.7
374980.4
375674
376204
376762.7
377521.4
378737.2
379453.4
380675.4
384672.9
386618.5
388691.9
390504.8
391892.3
406312.6
467333.5
476867.5
484287.1
488719.3
489492.8
502985.4
520302.2
521944
522882.5
555603.2
558639.4
559176.5
559756.7
560711.2
561938.9
580225.4
589242
593929.9
594745.5
595100.3
595984
603834.1
647772.4
649070.8
651067.6
651738.9
654490.4
658578.5
659169.7
659673.3
661044.5
661532.2
662416
662982.9
664350.3
671151.5
671865.7
672354.5
672953.3
708599.5
709478.5
711098
713087.5
713626.2
721283.6
733256.3
735889.5
747075.4
747574.8
759506.5
760011.5
761404.1
763081.3
763672.8
764488.5
765203.1
766532.3
767666.3
778525.2
779383
788033.2
788857.6
789352.8
790341.8
790874.9
802105.9
802618.3
803101.7
803412.5
804353.2
807665.4
808155.6
808588.1
809085.5
809469.9
810192.8
819457.1
874849.4
876437.6
878955.2
879639.7
880753.3
900643.1
901059.8
901537.9
902776.7
903960
904883.2
905260.5
905954.6
906518.1
908040.1
927227
932381.2
932910.4
934363.1
935345.4
938063.7
950423.6
952546
954302.1
956257
963734.9
964271.2
964833.9
965369.6
966216
972515.6
973064.1
975352.2
978313.3
979467.5
984408.8
986134.7
1007939
1010824
1012740
1018476
1033440
1034318
1036214
1037370
1038507
1043248
1044299
1044878
1045898
1051101
1074908
1075489
1076037
1076761
1084389
1090801
1091733
1092173
1093090
1098817
1103989
1105450
1109822
1114071
1115671
1118017
1124213
1124824
1125419
1126168
1126646
1128095
1135843
1137768
1140764
1141499
1142298
1154283
1155915
1168835
1169302
1170002
1171321
1172368
1173048
1173561
1174201
1178385
1188043
1188930
1189813
1190903
1192938
1193422
1194380
1195369
1199509
1200595
1201190
1202675
1204341
1220059
1223243
1228469
1235331
1245033
1271728
1272686
1273239
1273857
1280185
1280707
1281446
1283918
1287851
1288666
1297025
1297726
1310195
1311393
1313765
1362034
1362860
1363790
1371237
1372399
1375445
1392447
1393326
1395389
1396579
1398402
1414201
1421057
1422363
1424077
1425300
1425958
1438619
1443563
1443934
1444458
1445149
1473412
1474573
1478736
1482833
1483389
1489338
1489939
1490395
1490796
1491282
1519647
1529048
1538873
1539886
1541587
1556472
1557722
1559073
1559661
1561461
1562784
1563205
1563739
1564299
1564754
1565339
1571705
1572622
1573261
1573864
1574344
1574984
1578042
1579551
1580821
1588444
1589003
1589639
1590632
1596167
1604505
1606704
1614630
1615406
1622860
1623807
1627642
1628399
1661048
1663628
1665470
1670918
1672395
1686330
1690304
1710103
1711854
1713036
1713819
1714404
1715007
1733513
1736161
1771652
1776058
1777110
1800120
1801596
1806046
1807761
1808719
1815703
1819758
1820257
1821391
1822041
1822436
1823208
1825646
1838468
1840331
1844536
1845442
1851554
1852414
1852939
1853922
1854415
1855322
1899638
1900111
1900732
1904700
1905232
1905926
1906845
1910433
1910924
1914530
1916873
1917651
1918115
1918621
1919159
1919898
1922256
1932230
1932840
1933419
1934079
1937027
1937436
1937810
1938733
1940119
1940484
1941006
1942285
1943861
1944315
1944711
1945423
1946532
1947656
1948300
1949385
1953279
1969450
1970034
1971028
1971482
1971983
1972809
1975461
1977025
1978782
1979411
1979788
1980135
1980815
1981122
1981492
1981834
1982575
2004376
2008946
2010315
2011264
2014107
2014769
2028612
2029631
2029965
2030495
2032498
2033506
2033952
2048597
2049438
2050161
2051190
2051554
2052153
2052687
2053305
2060936
2062770
2070487
2071496
2072383
2072962
2077982
2078421
2078913
2080094
2093908
2094848
2095506
2095930
2097104
2106115
2106918
2107700
2110040
2166380
2198574
2199819
2202759
2208561
2209261
2212537
2213424
2214266
2228337
2231056
2231444
2254617
2260750
2263442
2264231
2264793
2266365
2266989
2267725
2268153
2268580
2269286
2270322
2270924
2271371
2271819
2272268
2283391
2283944
2284479
2285016
2286725
2287143
2295277
2297758
2300441
2301291
2302108
2302839
2303736
2316133
2316879
2319470
2327758
2329806
2330883
2332717
2333631
2335238
2359725
2360556
2425490
2433634
2438881
2440985
2441793
2443272
2467948
2468473
2475672
2476153
2476726
2480687
2496201
2525711
2526566
2527313
2545393
2555263
2556125
2557172
2557431
2557748
2558065
2558601
2559087
2559650
2587440
2588464
2589011
2595313
2596796
2611785
2653258
2654020
2654670
2655064
2655521
2656161
2657173
2659842
2660393
2667838
2670588
2679321
2700534
2702808
2703645
2705175
2706002
2719256
2744163
2744711
2745293
2780536
2781341
2781837
2782197
2782793
2783924
2784475
2784970
2786230
2786719
2791517
2792176
2793690
2794704
2795259
2795745
2796286
2797152
2799186
2800035
2801137
2803467
2804226
2814882
2823032
2832657
2833769
2834932
2837859
2838556
2838918
2840045
2841992
2843415
2843983
2844437
2846660
2849899
2861800
2872514
2879308
2884382
2889839
2891488
2892300
2892975
2900425
2921064
2926283
2926789
2930588
2954219
2955145
2956062
3009694
3022088
3023600
3024060
3024425
3024827
3025376
3025830
3026135
3026986
3027538
3028193
3033353
3034157
3035577
3036777
3037897
3097271
3111011
3118766
3153103
3174186
3175294
3178092
3188324
3190359
3191459
3195825
3205628
3206132
3206804
3225198
3225875
3231988
3237904
3238799
3239430
3239960
3240429
3241072
3243113
3280209
3280878
3281613
3282409
3283217
3284849
3285842
3310700
3311892
3312633
3317938
3321038
3336213
3337675
3355764
3404112
3421478
3437310
3453323
3457332
3457933
3458389
3458778
3467212
3467822
3468674
3469430
3471603
3473903
3475002
3476196
3477201
3477990
3483457
3483861
3484264
3484730
3486610
3487674
3535862
3601674
3604791
3605295
3605881
3606369
3607295
3607787
3608239
3620190
3623888
3624339
3625534
3631191
3632331
3635051
3655401
3659070
3663286
3663929
3664814
3665765
3666276
3666813
3667547
3687366
3687977
3690210
3690919
3691289
3691641
3692064
3698644
3700105
3700785
3714916
3731806
3773369
3774243
3778029
3779089
3779825
3780512
3781454
3782492
3787185
3787798
3788799
3797144
3798961
3800623
3804855
3805442
3806071
3806664
3807572
3819751
3838098
3879115
3885447
3913152
3913810
3923862
3944523
3945603
3954541
3963807
3965891
3966426
3967443
3968663
3969579
3974425
4051363
4054510
4054996
4055388
4056316
4057073
4057589
4058305
4059021
4060139
4061267
4067559
4068579
4069255
4069946
4072487
4079617
4080328
4081993
4087198
4092798
4116586
4119104
4119785
4120443
4121121
4121822
4125875
4131521
4145099
4154205
4154845
4155680
4156203
4156827
4164420
4165002
4165865
4166499
4167244
4168040
4168908
4172461
4179137
4192740
4194089
4195987
4197105
4198132
4199903
4201024
4203475
4232930
4234258
4235327
4235926
4236574
4238367
4240763
4252319
4252827
4262996
4263693
4264290
4264972
4267072
4279114
4279849
4280437
4281040
4287367
4288566
4290470
4291607
4293785
4295140
4297073
4333207
4334368
4335016
4347112
4347809
4350075
4350935
4351930
4356049
4358248
4371946
4406152
4406807
4411981
4419936
4458366
4458963
4467054
4471385
4510178
4511473
4539641
4562774
4563449
4563887
4564247
4564625
4565761
4566600
4571655
4572230
4585642
4586291
4587859
4589114
4590318
4598570
4599325
4618703
4619209
4619569
4620395
4620911
4621290
4621752
4622117
4622618
4623039
4623719
4625022
4625465
4625811
4626557
4639825
4640420
4641037
4645975
4648741
4696266
4697523
4698089
4698669
4710460
4711134
4711868
4712923
4715437
4716162
4716693
4741178
4741671
4759395
4762793
4763267
4763608
4764028
4764336
4764770
4765446
4770243
4770589
4772040
4779834
4782723
4783649
4790983
4801302
4802262
4803151
4804000
4806091
4806910
4810172
4811147
4811843
4813357
4815797
4816327
4817247
4818089
4823614
4834675
4838310
4840720
4847048
4848320
4849022
4849916
4862549
4869494
4874323
4874945
4876301
4880287
4881524
4898408
4900686
4905071
4907710
4953185
4954057
4956131
4956701
4961022
4961765
4962521
4964718
4965629
4974381
4976038
4976618
4977523
4987005
4999191
5005404
5006004
5006734
5007374
5012028
5015230
5044901
5075958
5087940
5090266
5093925
5095181
5096546
5097242
5097993
5098550
5107142
5111498
5130778
5131702
5132460
5133450
5140808
5145983
5147006
5147853
5150136
5150933
5151688
5163900
5164854
5179380
5193121
5193659
5194984
5201572
5211871
5213502
5214043
5215601
5216062
5216586
5217337
5221828
5223232
5223974
5224665
5225262
5225730
5226340
5227258
5228948
5231246
5237767
5238170
5238935
5239636
5245371
5246967
5265873
5267656
5288164
5292398
5296553
5297438
5320849
5321363
5321917
5323000
5331478
5356792
5357555
5359184
5360058
5380672
5402724
5403392
5404598
5405160
5405826
5406537
5407669
5418682
5419220
5419673
5420119
5447907
5464406
5471110
5481758
5482324
5482717
5483090
5483669
5484210
5484783
5485279
5485819
5486605
5493675
5494333
5494888
5495672
5496116
5507975
5508516
5510712
5524855
5526498
5527743
5528208
5528671
5529059
5530095
5531005
5538411
5541293
5544799
5545362
5546056
5551550
5563757
5564702
5582187
5587088
5588041
5590476
5591888
5599864
5601518
5602236
5603030
5603890
5606651
5637416
5659925
5660708
5661277
5663172
5666704
5668756
5669751
5670326
5671453
5673571
5675665
5676477
5684093
5697283
5698158
5698928
5703313
5704395
5705344
5725421
5728325
5728744
5729270
5729666
5730201
5730884
5731172
5731592
5738151
5753911
5759696
5760317
5761501
5762839
5774876
5780433
5781222
5783856
5784508
5785572
5786623
5787290
5793173
5798551
5850478
5850896
5851472
5861541
5862139
5862818
5878129
5890634
5891792
5901412
5903191
5906193
5906800
5916965
5917465
5936510
5938180
5940883
5941801
5942303
5942710
5943782
6006535
6038981
6056496
6060313
6060906
6061703
6065387
6066475
6067067
6067678
6068811
6072451
6073625
6083807
6104736
6106068
6109744
6110590
6112480
6114168
6119176
6148349
6150417
6150975
6201498
6207274
6208709
6211056
6212058
6213509
6214599
6217738
6221645
6222430
6223286
6229846
6230678
6231234
6232318
6233089
6244025
6245469
6246734
6249312
6250044
6250913
6251402
6252116
6253766
6258421
6258812
6259201
6260135
6261320
6300344
6300918
6301529
6305798
6306868
6308550
6309386
6310118
6313334
6313915
6314398
6314916
6315343
6315883
6316654
6360308
6362771
6363780
6364525
6364968
6365581
6375101
6375920
6377095
6377548
6378075
6391288
6406635
6418977
6419682
6422029
6422822
6423541
6432767
6447986
6456652
6465795
6473674
6476014
6479231
6492267
6521973
6523115
6524336
6529487
6530377
6530976
6531882
6532459
6533443
6536518
6559597
6566715
6570213
6575227
6575793
6590442
6591851
6592937
6603350
6606260
6634910
6635790
6637081
6637828
6638949
6639704
6640481
6641269
6642296
6646649
6647312
6648832
6649234
6649646
6650169
6650739
6651218
6651741
6652444
6652952
6653431
6653874
6655538
6656664
6667495
6667966
6668412
6668931
6669591
6676556
6680321
6688769
6689647
6690348
6690970
6691565
6695457
6696952
6700146
6719635
6720066
6720395
6720860
6721399
6721891
6722536
6723087
6771895
6772477
6773119
6776082
6776670
6783350
6784318
6789345
6791350
6792238
6799494
6835354
6838368
6849984
6850467
6851176
6855091
6855726
6856588
6872115
6872987
6875095
6876113
6882835
6883314
6883920
6887691
6889404
6891364
6892052
6892814
6893417
6921805
6940071
6941536
6967086
6968528
6969222
6970456
6994700
7003664
7004514
7005078
7005530
7006943
7028196
7038389
7043180
7044521
7045365
7050521
7052806
7053305
7053916
7055706
7057217
7058289
7059154
7082049
7103532
7137126
7150278
7151120
7157517
7158769
7164150
7171975
7172577
7200934
7213444
7225524
7245876
7254582
7261025
7267672
7279369
7280205
7282729
7284203
7287758
7326917
7349033
7355379
7356203
7356809
7357648
7379235
7388514
7389048
7393580
7396176
7396902
7397336
7397976
7398656
7399753
7448745
7449544
7449978
7450721
7476119
7476901
7479145
7490019
7523490
7524769
7525583
7526192
7527289
7528372
7529221
7531297
7534151
7546646
7548772
7563193
7570672
7584722
7595295
7595935
7597953
7602063
7602866
7606618
7622826
7623471
7628120
7628869
7629764
7654700
7671711
7680530
7682050
7690568
7691152
7693428
7694503
7695697
7700060
7719008
7729904
7754638
7755136
7755739
7756309
7757387
7758387
7769503
7770061
7776174
7781124
7783476
7793264
7799076
7799806
7800842
7802326
7896222
7896883
7900461
7901098
7901535
7901973
7902407
7902804
7903251
7903648
7903953
7904340
7904813
7905686
7910442
7910898
7911328
7911825
7913358
7916037
7918518
7921615
7922409
7923336
7924916
7946262
7949130
7949694
7950697
7951650
7979031
7984033
7985092
7986497
7987519
8007851
8009744
8011757
8014600
8031219
8057117
8059854
8060673
8061719
8072301
8072795
8078503
8079142
8079538
8080029
8080441
8105116
8106469
8113355
8118408
8120456
8124406
8124818
8125293
8125934
8130091
8132730
8133504
8134006
8135123
8142744
8200254
8219760
8220188
8220872
8221615
8229254
8231878
8233704
8235693
8237211
8238066
8238912
8287399
8288309
8289257
8294820
8296356
8298060
8306052
8306906
8308040
8309400
8309943
8310482
8311235
8311694
8318048
8323966
8324873
8325609
8326227
8326747
8327316
8327748
8333598
8347662
8365213
8385488
8386360
8388237
8389480
8390214
8391544
8399037
8435109
8436312
8443335
8444065
8444695
8445376
8448123
8448897
8458705
8481092
8481659
8482261
8483194
8511125
8517963
8521662
8523157
8523629
8524634
8525817
8526772
8527481
8553017
8553615
8554076
8554481
8555025
8555558
8558655
8589961
8590997
8591773
8592901
8593682
8611392
8612432
8636320
8670745
8671368
8672308
8680633
8686427
8696551
8744213
8744810
8746298
8747170
8754775
8756322
8773274
8773894
8774466
8775058
8775839
8776326
8776906
8777837
8778929
8780187
8781206
8781931
8795135
8796340
8803136
8804035
8813252
8829239
8832113
8833123
8834301
8835566
8835919
8836503
8837031
8837689
8841374
8844446
8846394
8849288
8854112
8854887
8855979
8856464
8856945
8857529
8863030
8863473
8868698
8917506
8917918
8918758
8919371
8927521
8928037
8928508
8944548
8946327
8965461
8966805
8967365
8968997
8969478
8970071
8970860
8971322
8971751
9006413
9007473
9008539
9009044
9009933
9015339
9015853
9016649
9017292
9017830
9018284
9018775
9019397
9019956
9036633
9037603
9038273
9039120
9060282
9060687
9061122
9061574
9062296
9063729
9064043
9064618
9067195
9068316
9070326
9075020
9081843
9102236
9116330
9120934
9123095
9126714
9175149
9191669
9192435
9194708
9197955
9201769
9202258
9202610
9203044
9203934
9204398
9205028
9205952
9209098
9212288
9213521
9215288
9218884
9219657
9220854
9224514
9225472
9226973
9230672
9231745
9244197
9244872
9245301
9245799
9246470
9247281
9253581
9255305
9256248
9261400
9262536
9263645
9267584
9276080
9276765
9277245
9278222
9294871
9298985
9301044
9313836
9314976
9315711
9326514
9336458
9354013
9355420
9361690
9382625
9390693
9402785
9405991
9406542
9407022
9407904
9426436
9427046
9450264
9450589
9451050
9456519
9461944
9462650
9468351
9469483
9470891
9474204
9485943
9495641
9496115
9503122
9507827
9508427
9516703
9517491
9518244
9518767
9519731
9521715
9522303
9532258
9534929
9535255
9535867
9538215
9538670
9539187
9548745
9558894
9567503
9568440
9569058
9569528
9569890
9570937
9571899
9579968
9580491
9581037
9581952
9584024
9586110
9586926
9587484
9587844
9588186
9588591
9589128
9589684
9590151
9591094
9591920
9592910
9594359
9595025
9600153
9600725
9601479
9602052
9602929
9603435
9604000
9620782
9634607
9635127
9637528
9640231
9642890
9668859
9669798
9672651
9673611
9674092
9683822
9703515
9712020
9713190
9714063
9735709
9737602
9742302
9743004
9744152
9744995
9749496
9750565
9751493
9758765
9764896
9765599
9783226
9783711
9784061
9784478
9784994
9785431
9785850
9786295
9789569
9792803
9800977
9842360
9843753
9849604
9856177
9857276
9869868
9902812
9903376
9916945
9936588
9963826
9964298
9966483
9969626
9971637
9977224
9996864
9998106
10029691
10032081
10032818
10034197
10034650
10035506
10036708
10037037
10037427
10037771
10038239
10039219
10039673
10040245
10040943
10077415
10078868
10084778
10086024
10090132
10093258
10094027
10094802
10095985
10097061
10102833
10120458
10148477
10148895
10149268
10149708
10150684
10151088
10151411
10152047
10162356
10162838
10163471
10164058
10164625
10165260
10166565
10172272
10172864
10173238
10173853
10174340
10175074
10178981
10183046
10186058
10187565
10190222
10191302
10194651
10195776
10197195
10198327
10200543
10214279
10243407
10256827
10264925
10265497
10272067
10272696
10274235
10287134
10287972
10289033
10289630
10292509
10302913
10320250
10321965
10323172
10326077
10355447
10372327
10373854
10374456
10375074
10376435
10377677
10378100
10378637
10396585
10397022
10398395
10413203
10415788
10424904
10435456
10436500
10437820
10440555
10459150
10466913
10467752
10468324
10468943
10478045
10478443
10478998
10479708
10480917
10488154
10494067
10502008
10502529
10504189
10504819
10505531
10507687
10508339
10512557
10531484
10536025
10538677
10539864
10541120
10542111
10545105
10546871
10547737
10548927
10549552
10550340
10553729
10558104
10569477
10600191
10600693
10610989
10611798
10612927
10614028
10614631
10616483
10636503
10637048
10637483
10637969
10638894
10639468
10640039
10640672
10641238
10641987
10642888
10643920
10644674
10645259
10645965
10648102
10653625
10654126
10654594
10655268
10656124
10658509
10659545
10660282
10660683
10661154
10661639
10662349
10662810
10663136
10663457
10663736
10664018
10664353
10664769
10665243
10665946
10666317
10667016
10667467
10668006
10669758
10670475
10671166
10672598
10673758
10680650
10681814
10682403
10682839
10683323
10684183
10685703
10743850
10745558
10758393
10762594
10771749
10772235
10775783
10776357
10781086
10802318
10828893
10829590
10830215
10830705
10831631
10833218
10833710
10839281
10840304
10841405
10845554
10846177
10849729
10850585
10851547
10852046
10864696
10865151
10866980
10886412
10887272
10888952
10889567
10890979
10904410
10905212
10926620
10929595
10930356
10930838
10939476
10940151
10940758
10941454
10942870
10943706
10944137
10944558
10944997
10945942
10948762
10949467
10950130
10950970
10991728
10997619
10998278
10998787
11004416
11005453
11027717
11031416
11033525
11046153
11047011
11047556
11048506
11053922
11059774
11060514
11068183
11068717
11069369
11081245
11091963
11092656
11093457
11101111
11102922
11104125
11105167
11113146
11113955
11114536
11115264
11128163
11141242
11142715
11150093
11151203
11151668
11152395
11155104
11162584
11163273
11164880
11165556
11165956
11166990
11169100
11169792
11170607
11175951
11179408
11200220
11200767
11201753
11202410
11203136
11204478
11205742
11225201
11252267
11281238
11281862
11282993
11283396
11283751
11284163
11284897
11285385
11286018
11286779
11287324
11290763
11304806
11310258
11311387
11311944
11312763
11314354
11314919
11316408
11317096
11317758
11329398
11332702
11345231
11346099
11349074
11365939
11387426
11388040
11388462
11388907
11389385
11389757
11390126
11390637
11391093
11391534
11392194
11393717
11394560
11395208
11398366
11403295
11404539
11405045
11405584
11424539
11425107
11425557
11426106
11426940
11435326
11436139
11436593
11436991
11437523
11438027
11438539
11438972
11439468
11439898
11440318
11441103
11443227
11452218
11453262
11454011
11460008
11460622
11461042
11461712
11463292
11464115
11464605
11466144
11470836
11475158
11485415
11485963
11486858
11491433
11491949
11492965
11493804
11494565
11497897
11527898
11528470
11533926
11534634
11535187
11535936
11537041
11537651
11539199
11539856
11551831
11566731
11567267
11570947
11583196
11583722
11584303
11585388
11590458
11604077
11605047
11608850
11610151
11611322
11618905
11643263
11700379
11700943
11701366
11702025
11722332
11733103
11733737
11734358
11734868
11735639
11736096
11736839
11753777
11756143
11763423
11764069
11784725
11785443
11786488
11788334
11788932
11789326
11789830
11797493
11798306
11798706
11800417
11801549
11820491
11824290
11825888
11829810
11831227
11836981
11837507
11840498
11841197
11842113
11842804
11844080
11845252
11845851
11851627
11852410
11852886
11853513
11855035
11879416
11880806
11891949
11892508
11893017
11893581
11896735
11898401
11899636
11900280
11900824
11901317
11901909
11902825
11903689
11915694
11936600
11937815
11941825
11942228
11953735
11954302
11954869
11966383
11968117
11969359
11971732
11974822
11975444
11985385
11986051
11986891
11988013
11988643
12000787
12001493
12011233
12012097
12038373
12044106
12045897
12047300
12057179
12057701
12058128
12059106
12073817
12074474
12075786
12078034
12081100
12082944
12085313
12086332
12087339
12088442
12096347
12096795
12097438
12098176
12100061
12106267
12108015
12108722
12110530
12116403
12130213
12131060
12152391
12160025
12160972
12164318
12164761
12165062
12165418
12165791
12166373
12167162
12168153
12168846
12169602
12171069
12174881
12175375
12175703
12176087
12176472
12177179
12199093
12199859
12200721
12201608
12202254
12202946
12204083
12204998
12212901
12222567
12231555
12233446
12234764
12236159
12236762
12237693
12239142
12239854
12241036
12246037
12250710
12251158
12251695
12252544
12254814
12255316
12255746
12256101
12256795
12257396
12257747
12258145
12258800
12259488
12260176
12260785
12261466
12262976
12264135
12266247
12266960
12267396
12268163
12268632
12269289
12269747
12270536
12271168
12272011
12275178
12275758
12276595
12282109
12283394
12289989
12290776
12291373
12292070
12292828
12294278
12295002
12298627
12299147
12299917
12300249
12300567
12301018
12301394
12301808
12302384
12303558
12336172
12336991
12342870
12350208
12350784
12352949
12353758
12394712
12395116
12398668
12399413
12400043
12404210
12404773
12405693
12409895
12411047
12415881
12416563
12417814
12432606
12452194
12452672
12453457
12454613
12455292
12456590
12524566
12543260
12543655
12544044
12544503
12544929
12545856
12546655
12548100
12568336
12568932
12612230
12616278
12622872
12624754
12625760
12626318
12626735
12627228
12629392
12630818
12631427
12633175
12634024
12635135
12641617
12643571
12644841
12645771
12646914
12648159
12662145
12662982
12670240
12676690
12682944
12683843
12685440
12703891
12705584
12707661
12708438
12712935
12713419
12713918
12714572
12720244
12723293
12724250
12725963
12728472
12729230
12729918
12730491
12731255
12741810
12744630
12748136
12752412
12754290
12754851
12755671
12761870
12784123
12784696
12793515
12830953
12833394
12834283
12861569
12862036
12868096
12869717
12875498
12881783
12882674
12884937
12888694
12915133
12916317
12916870
12917241
12920379
12922932
12923681
12924390
12935535
12936857
12946114
12947139
12947768
12948986
12950946
12951765
12953330
12955660
12961510
12964471
12965257
12965940
12966444
12966815
12967816
12987426
12994807
12995805
12996260
12997074
13001697
13006838
13017977
13022644
13023163
13023852
13024316
13056931
13057686
13064626
13070708
13072181
13073143
13073823
13091269
13092824
13093695
13102292
13103295
13110453
13111543
13114049
13114769
13115548
13122145
13122986
13123430
13124121
13133349
13134088
13134736
13135780
13136452
13145085
13147603
13149090
13150400
13151016
13153662
13154379
13168126
13196750
13197249
13197615
13198087
13218676
13219131
13219434
13221146
13230212
13235077
13235659
13236231
13237034
13238194
13269672
13270349
13270825
13271193
13271610
13272059
13272654
13273547
13274798
13278111
13286552
13287063
13287693
13290515
13293644
13294395
13297398
13298105
13298727
13300643
13306060
13306554
13307352
13307827
13308584
13311430
13327271
13327828
13328271
13328714
13329157
13329512
13330046
13331228
13331806
13332503
13333126
13335713
13337997
13341546
13343610
13344466
13347395
13390231
13406121
13406851
13407499
13408049
13408452
13409092
13409615
13410079
13417744
13419302
13419936
13420579
13421539
13422363
13423017
13423594
13424548
13425527
13476817
