3687.525
4173.01
4522.185
5019.049
5699.949
16364.27
24292.65
26745.15
27322.78
33277.19
38032.35
56084.5
56538.08
63675.56
75292.79
76487.13
78068.54
79142.25
82998.63
100317.9
101438.5
104780.1
106674.2
110941.9
111915.2
112223.7
112622
113681.2
114877.2
115531.2
126673.6
127024.8
127879.2
128632
129339.7
131525.9
132339.2
133757.9
137565.6
138140
139013.6
155113.2
156082
164051.3
176966
178919
181992.2
187841.3
188447.5
191322.4
191689.5
191944.6
192213.6
192774.5
193054
193792.2
221058.6
222796.2
226850.7
227837.3
228369.4
243179.5
245132.6
254394.7
254777.6
255272.1
260428.6
262642.9
263082.4
263395.8
264115.7
264571.1
265030
265440.7
265926.1
266579.9
276117.2
278953.7
283283.1
284065.5
287923.6
289831
290901
291553.1
292030.3
292358.4
292677.5
293134.2
293823.9
294829.3
301438.5
302455.6
303585.4
311218.5
319429.2
319917.6
325512.2
327573.2
328173.6
328994.2
331059.5
339728.7
340953.3
341627.9
343043.6
347534
348313.7
349416.7
358093
358924.7
360233.3
360912.8
361738.5
374548.5
375220.7
375674.5
376449.3
383508
384199.6
385805
386825.7
387398.6
387845.9
388273.4
389054.8
390429.7
394226.9
395707.3
400310.9
415226
417546.6
425031.7
425636.1
427241
428542.9
429556.9
430261.3
450609.4
456937.5
464380.2
464842.2
465360.7
471319.5
472311.7
484610.3
485677.3
490410
491279.7
491628.5
491965.8
492316.5
494206.4
495369.4
496134.2
496755.9
503375.3
505196
506543.2
509045
509742
510177.7
532756.6
533497.4
533930.3
534214.5
534679.6
535108.3
535496
535889.8
536338.8
536749.6
537056
537381
537842.3
538394.9
539477.6
554962.2
555441
555949.3
556796.8
557482.8
558936.5
560987.5
561547.1
561956.3
566846.5
574126.9
589546.6
590347.6
601279
617960.1
618540.6
619189.5
619852.6
621688.7
622401.8
626502.1
627148
627747.5
628451.9
628847.5
629205.6
629486.5
629862.6
630433.8
632933.8
633619
634497.9
652139.6
652679.5
662218.3
663734.8
665435.7
674876.1
676080.7
679828.9
681335.3
684687.2
697211.4
697996.4
704695.8
705965.2
708702.6
709757.5
710247.9
722993.7
725184.8
725493.8
725849.7
726449.3
727197.4
727754.5
728107.7
728513.4
728998.9
738457.5
738838.8
739213
739615.7
740083.4
740666.2
741141.7
741766.4
742559.1
746843.6
750185.5
750700.2
751106.1
751533.3
752490.7
753847.2
755139
755854.9
756571.7
757127.5
758510.3
775410.2
782337
782956.3
783331.7
793906.3
794392.1
796786.8
797015
798258.9
799278.2
800347.8
801686.2
807953.2
808655.1
809923.5
814404.5
815997
817631.3
818290.9
819351.6
823625.2
825747.4
826152.1
828069.3
830204.1
832678.6
832882.7
833754
834216.7
834777.7
835612.7
839127.6
840114.9
842014.6
842808
847749.1
850259
853152.9
854099.6
856179.2
856677.5
857044.4
857885
858203.7
858517.3
860796.6
862397.3
863648.6
863930.6
864564.6
865059.1
868757.9
870027.7
873237
873885.9
876274.2
877655.5
878459.1
879142.6
879882.5
880210.5
880532.9
881135.8
881286.1
905044.1
907177
907528.7
907979.5
910158.1
910770.3
916116.8
917761
918874.3
919376.7
922272.1
924648.5
925274.3
925885.5
926665.3
930697.8
934929.2
935493.8
935944.6
936270.5
936618.3
936985.6
937315.2
937674.4
938489.6
938966.8
941797
949644.8
949998.4
950296.9
952684.6
954001.9
955348.3
955861.9
964743.2
965383
971682.3
972348.7
973669
984002.2
989566.1
990428.7
991467.7
992248.9
1007320
1007787
1008190
1008707
1009099
1009637
1010177
1012767
1014695
1015210
1015662
1016360
1031868
1041454
1042183
1042435
1042754
1043435
1043972
1044451
1044912
1051485
1052585
1074026
1074710
1075275
1081971
1082381
1087126
1088441
1088557
1094833
1095291
1096140
1100690
1118024
1119564
1120186
1125402
1125964
1126538
1129698
1132778
1135498
1147251
1147609
1148110
1151925
1152877
1153559
1154293
1154338
1155490
1156668
1157699
1162726
1170813
1171599
1181073
1182535
1183752
1185046
1185630
1185736
1187066
1196448
1201524
1206308
1208174
1209521
1210602
1212504
1213868
1215826
1217063
1217837
1218268
1218740
1219677
1223968
1226930
1227689
1240330
1240823
1240944
1241479
1242021
1242617
1243735
1245905
1248182
1249172
1251736
1261614
1262662
1263435
1264205
1264755
1265978
1271603
1274417
1277035
1278605
1279312
1279701
1280110
1280764
1281109
1281590
1282206
1298323
1298744
1299124
1299383
1299647
1299942
1300194
1300560
1313834
1318439
1327814
1328712
1329175
1329694
1330188
1330776
1350508
1350916
1354178
1358960
1359379
1360092
1362616
1363337
1363904
1365809
1368354
1370329
1372459
1372702
1372960
1373594
1373635
1373737
1377891
1378626
1379573
1380376
1380849
1380881
1381353
1381956
1388465
1388826
1389618
1390074
1390570
1390770
1391534
1392169
1392612
1392839
1393737
1394902
1395463
1396740
1397142
1397755
1399915
1399976
1406595
1407495
1416930
1417315
1417720
1418092
1418496
1418810
1419157
1419768
1420268
1421115
1425201
1425837
1427096
1429114
1429666
1430215
1432308
1438463
1439307
1439754
1442596
1443163
1449065
1453195
1455645
1456278
1456493
1459487
1462417
1462953
1463780
1464675
1465435
1466458
1467351
1469032
1469647
1470073
1473568
1474208
1474854
1476705
1480374
1485211
1487219
1487389
1488217
1494516
1495428
1496303
1499067
1499905
1500310
1500503
1501043
1501547
1503090
1508292
1508690
1509287
1532115
1536296
1538141
1575763
1588983
1598068
1599758
1600154
1600846
1601274
1601856
1602315
1602574
1602925
1603372
1604719
1606252
1607057
1608171
1609021
1610721
1613847
1628880
1629488
1630941
1635600
1638666
1645053
1645547
1646057
1652484
1653065
1653637
1654079
1673348
1674883
1675307
1676342
1677008
1679258
1683884
1686233
1688117
1692519
1692867
1693186
1693668
1694094
1694473
1694741
1695080
1695438
1695784
1695814
1696560
1700920
1706717
1708195
1709404
1709614
1710723
1715661
1727735
1728133
1728484
1728882
1729312
1729727
1732556
1733605
1743086
1746397
1747125
1748047
1748085
1749025
1749440
1751129
1754464
1754696
1757154
1758652
1759560
1761724
1762726
1763665
1764008
1764193
1766141
1767280
1767969
1768960
1770484
1773016
1776334
1777602
1780341
1800403
1801771
1802262
1802645
1803403
1806239
1806573
1822510
1825307
1826321
1827219
1828580
1829178
1829807
1830619
1857123
1858374
1858809
1859480
1860182
1860904
1862382
1863822
1864470
1864924
1866803
1869331
1876654
1877133
1877776
1886016
1887235
1888274
1888731
1889877
1894416
1896591
1897389
1903753
1908685
1910280
1927058
1937167
1937673
1938303
1938834
1939312
1951589
1952122
1953216
1954578
1954963
1955359
1955735
1956442
1956914
1971519
1972286
1973013
1973493
1974057
1974457
1975967
1976352
1976935
1984378
1993833
1997602
1998932
1999350
2001666
2002819
2003260
2003711
2004539
2005182
2008402
2013046
2017320
2018448
2019042
2019779
2020508
2021099
2021805
2022252
2023235
2023956
2025260
2025821
2025993
2027688
2028638
2030157
2032945
2035438
2035779
2041101
2041506
2042229
2042647
2045260
2045740
2050760
2054420
2060262
2061835
2063059
2064119
2064733
2065494
2066383
2067064
2067564
2068441
2069747
2074584
2075077
2075926
2086358
2088148
2090244
2095182
2101236
2111258
2113055
2114029
2114514
2115018
2116749
2117230
2117727
2118348
2118866
2127344
2128749
2129094
2129131
2129765
2132699
2139122
2148272
2149067
2151455
2152013
2152385
2152560
2152865
2153296
2154337
2156500
2156693
2157301
2158107
2161273
2163964
2164649
2165388
2165918
2166442
2167623
2168274
2168801
2169242
2169861
2174819
2175761
2176995
2185313
2194326
2194975
2197036
2201332
2202480
2210546
2210916
2211369
2211944
2212317
2214476
2215088
2224372
2224766
2227997
2229795
2231136
2251392
2251436
2254888
2259234
2263247
2270332
2274374
2274766
2275270
2275414
2275891
2276452
2277628
2278252
2278349
2278756
2279148
2279682
2280108
2280362
2280582
2281219
2282471
2283019
2283459
2283929
2290709
2291492
2292014
2302859
2303512
2304154
2305366
2305722
2306095
2306472
2306712
2307089
2307666
2308834
2311346
2313463
2322749
2329147
2330660
2331417
2335743
2341634
2345245
2348714
2350879
2352341
2353620
2353997
2354695
2355552
2356909
2358251
2364641
2366709
2368738
2372457
2374063
2380259
2380811
2381012
2381433
2381811
2382154
2383122
2383760
2384259
2384837
2393561
2395896
2400105
2420895
2427709
2428112
2428569
2429047
2429447
2431016
2431875
2432976
2434349
2434750
2435343
2437705
2440633
2453758
2454944
2457993
2458454
2459077
2460003
2461194
2462141
2462640
2463629
2464228
2477067
2478965
2489168
2490114
2491143
2491915
2492333
2493088
2493770
2499722
2500294
2501529
2502036
2503160
2503951
2504740
2512495
2513103
2513892
2520333
2529338
2538412
2539369
2544635
2545292
2547301
2547987
2549734
2550777
2552092
2566991
2567690
2587406
2587788
2588153
2588653
2589279
2589993
2595681
2596175
2596662
2597554
2600728
2601198
2604067
2607077
2610324
2610845
2611168
2611635
2612182
2612610
2613066
2613537
2614112
2614534
2615256
2622576
2623307
2623671
2623741
2624666
2625154
2626448
2634517
2634945
2635976
2636397
2639287
2640154
2643257
2643900
2644205
2644238
2644805
2645404
2646065
2656395
2657063
2657485
2657981
2658594
2659011
2659606
2665004
2665716
2669572
2674390
2677317
2677739
2678605
2679751
2712593
2719873
2720847
2725683
2726198
2726539
2726749
2727173
2727766
2731006
2735794
2736822
2742367
2745494
2764035
2764627
2765163
2765727
2766183
2767139
2768727
2769553
2784240
2785044
2785857
2786644
2788488
2789536
2790141
2791457
2792549
2793827
2794252
2794775
2795221
2795847
2798269
2801773
2802801
2803310
2817492
2823931
2824564
2825305
2826133
2827476
2827553
2829592
2830156
2830749
2834098
2834820
2835820
2836984
2837508
2837860
2838242
2838858
2840781
2843276
2850996
2852835
2855833
2857783
2866866
2872798
2873312
2874361
2875448
2879392
2879860
2880457
2883116
2884093
2884840
2885446
2887893
2888586
2889086
2889165
2891047
2891106
2891945
2892139
2892355
2892542
2892741
2893219
2893948
2896378
2897574
2908129
2922165
2924187
2926920
2930494
2934018
2936366
2936851
2937315
2937690
2938286
2938769
2953530
2979068
2980266
2981334
2985057
2990419
2991312
2992121
2997420
2999004
3001403
3017617
3018206
3022674
3023210
3032639
3032796
3033413
3041789
3047290
3053580
3062885
3063370
3063729
3064037
3064517
3065156
3071761
3072242
3072687
3073100
3073575
3074118
3074511
3074921
3075325
3075779
3076207
3076714
3077328
3081083
3086121
3088742
3089376
3089930
3090855
3092126
3099647
3100409
3100882
3101173
3101393
3101888
3102128
3102287
3102410
3103013
3103327
3103728
3104158
3104487
3105158
3105788
3107483
3119917
3121616
3122155
3128529
3128952
3152660
3153812
3159238
3160078
3160891
3162181
3173556
3176258
3177259
3177885
3177965
3178444
3178903
3179396
3180358
3180990
3181656
3182322
3188062
3188586
3189657
3190165
3190613
3195233
3195888
3203731
3205506
3206180
3206762
3207430
3208046
3219613
3221185
3221372
3222336
3239943
3250872
3251508
3253713
3254303
3255063
3255824
3258713
3264801
3269889
3270405
3270714
3271143
3271821
3272536
3286951
3287373
3289990
3297190
3299955
3301014
3302291
3304666
3306580
3308718
3309171
3314163
3317314
3318494
3320503
3327434
3327932
3328028
3328430
3328808
3329173
3329794
3330261
3330626
3330659
3330983
3331380
3331780
3332174
3332415
3332557
3332960
3333056
3333959
3334653
3335519
3337467
3337932
3339312
3340583
3341161
3341956
3342674
3343163
3343564
3344035
3344498
3345091
3346016
3346534
3347087
3348381
3351187
3353978
3356720
3357666
3358397
3358987
3359500
3359923
3361073
3364955
3367365
3368292
3369032
3369593
3370114
3370842
3371900
3376123
3376545
3377793
3378363
3379289
3381356
3382180
3382776
3384011
3385155
3386594
3391749
3394332
3398708
3400538
3401280
3402211
3403303
3406725
3417367
3417947
3418656
3419733
3420401
3425742
3426213
3431471
3457826
3458573
3460568
3461984
3464096
3464633
3466124
3467369
3472872
3473590
3474132
3475316
3483934
3487013
3497356
3499269
3499731
3499982
3500318
3500863
3503143
3504900
3506010
3507771
3513838
3521506
3522261
3523329
3523381
3532601
3534811
3537840
3539719
3540149
3540682
3541393
3542072
3554081
3555435
3557795
3560868
3561642
3562098
3562475
3562949
3563276
3563563
3563855
3564201
3564566
3578122
3578598
3579739
3580451
3581036
3607632
3611037
3612946
3613456
3617261
3624229
3627273
3628613
3629504
3631685
3668436
3669890
3673028
3673429
3676981
3677898
3689441
3690012
3690510
3691257
3691710
3692194
3703230
3703696
3704549
3706937
3718509
3719175
3724017
3726568
3727641
3728289
3728814
3729927
3730523
3731457
3733089
3742718
3743696
3747775
3751567
3752551
3755302
3756323
3760890
3761856
3777764
3778900
3779193
3779645
3785044
3786481
3787715
3790864
3791469
3792095
3804337
3804716
3805202
3805803
3806158
3806531
3806930
3807746
3809302
3810882
3811383
3811751
3812441
3813861
3819467
3829096
3830025
3831201
3832462
3835347
3865165
3865409
3867783
3868538
3869980
3870752
3873814
3883433
3883567
3888477
3889187
3889995
3890710
3891303
3892218
3897190
3898123
3898924
3902560
3903472
3905454
3907736
3911179
3915833
3916582
3917371
3918783
3919834
3920335
3920751
3922032
3922487
3923246
3923333
3923874
3925036
3929392
3939752
3946869
3947612
3948077
3949088
3950322
3962438
3973877
3974405
3974821
3975371
3977997
3978447
3980089
3981798
3982931
3983515
3984417
3984841
3985454
3985784
3986302
3990419
3994036
3995389
4004251
4004555
4004878
4005247
4005768
4005805
4009995
4010782
4012074
4012788
4015061
4024185
4025179
4025435
4026983
4029110
4029823
4031174
4053565
4054051
4056323
4066971
4068624
4069523
4070561
4072548
4073009
4073335
4073835
4074217
4074683
4075527
4076485
4077054
4077745
4078129
4078484
4079267
4079702
4080260
4081907
4082511
4083234
4084100
4085796
4086394
4086915
4087006
4087378
4087910
4088845
4089240
4089628
4090094
4090620
4092002
4092454
4094093
4094768
4102930
4103990
4104354
4104660
4105465
4107768
4110610
4116319
4118615
4119798
4120538
4121412
4123935
4124600
4129298
4129378
4133815
4134200
4134640
4135869
4135910
4143975
4152780
4153468
4154004
4158271
4158892
4159295
4160993
4164461
4165248
4165798
4166551
4204177
4206754
4208232
4225131
4229234
4230793
4231138
4231507
4231959
4232485
4243902
4248703
4249870
4275554
4276278
4277676
4281056
4282121
4283433
4284271
4290468
4298778
4299684
4300435
4302448
4303389
4303565
4312215
4315643
4317814
4318400
4319037
4320076
4334845
4339066
4343723
4344553
4344634
4345019
4345983
4346659
4347104
4351918
4357693
4357768
4358887
4366520
4369089
4375312
4378419
4379654
4379776
4385199
4385985
4386590
4387979
4388619
4389160
4394500
4399011
4399600
4400401
4406904
4407720
4408183
4408782
4409323
4409725
4410258
4410604
4410995
4411603
4412960
4414410
4414648
4415824
4416307
4418876
4419664
4421001
4421646
4422479
4422948
4423298
4423773
4424306
4424639
4426213
4426772
4430309
4431364
4432757
4433332
4434079
4435148
4435868
4436439
4437042
4437454
4437825
4438266
4438748
4439530
4452105
4454375
4456487
4460119
4463422
4467258
4468291
4469231
4470565
4470815
4471405
4471788
4472691
4473279
4474145
4475354
4476728
4479858
4501868
4510407
4516742
4517772
4519035
4521581
4522148
4525762
4526607
4528501
4530529
4534857
4536638
4536837
4537792
4538412
4538449
4539299
4539785
4541056
4541591
4542787
4543241
4544100
4544156
4544548
4545039
4545591
4547396
4551621
4559250
4560159
4562609
4563095
4563885
4564486
4564924
4565404
4565972
4566893
4567826
4569953
4575000
4579162
4579713
4582232
4582931
4583772
4584242
4584637
4585823
4586311
4588464
4589451
4592258
4601587
4602335
4604408
4615734
4616932
4617466
4617942
4622196
4622974
4623019
4624023
4624656
4625303
4625811
4626283
4626696
4626959
4627360
4627669
4628126
4628662
4630072
4644234
4645343
4645879
4646284
4646690
4647270
4648771
4675583
4675825
4676703
4679433
4680559
4680981
4684095
4684982
4686976
4687477
4687848
4688186
4688740
4690391
4690764
4691517
4693525
4700570
4701037
4702021
4702720
4703810
4705029
4706630
4709684
4712831
4713888
4714821
4715225
4715678
4716487
4718386
4723350
4737390
4739066
4741766
4742955
4743740
4745467
4746693
4747306
4747848
4759168
4759826
4764094
4764941
4778629
4780986
4781517
4781955
4782906
4783592
4785465
4790192
4797140
4798656
4799018
4799571
4800171
4800505
4800980
4810923
4812820
4813428
4814216
4814589
4815135
4815828
4819014
4819688
4822389
4826764
4826966
4827078
4827591
4828247
4828881
4829311
4841686
4843758
4844315
4845176
4846059
4847064
4849731
4861409
4862127
4865315
4866714
4878406
4878848
4879379
4879498
4881011
4881709
4883230
4885395
4885965
4886808
4889104
4902790
4903574
4904285
4904863
4912045
4920262
4928708
4954197
4955216
4956179
4962826
4969479
4971835
4976321
4982351
4983016
4983466
4983610
4984634
4986028
4986116
4986920
4992142
4995104
4996037
4996383
5002323
5003555
5005986
5006526
5006927
5007435
5008145
5009020
5009696
5010483
5011296
5012495
5022290
5022616
5026303
5029540
5030357
5031055
5031583
5032123
5032934
5033936
5034698
5044059
5047215
5047988
5054654
5055370
5056393
5056947
5057529
5058147
5058190
5058738
5059235
5059827
5067876
5085491
5088332
5089336
5090380
5092148
5114512
5116570
5117548
5118465
5118965
5119543
5121373
5145172
5145712
5146121
5146908
5147843
5148395
5149010
5149951
5150520
5151035
5151535
5152198
5152759
5153506
5154422
5158388
5160381
5161011
5161596
5174656
5175898
5178079
5178507
5179018
5179889
5199779
5200410
5201148
5202532
5208162
5208710
5209088
5211761
5212634
5213774
5216171
5244654
5244932
5245529
5245878
5251363
5257160
5259172
5275122
5275753
5279506
5281291
5282617
5283248
5303790
5305706
5306437
5307526
5317289
5317962
5318595
5319033
5319396
5319855
5320068
5320346
5320620
5320651
5320976
5321861
5322589
5324992
5328286
5330264
5330828
5331371
5331823
5332125
5332481
5332918
5333349
5333751
5334458
5334974
5338863
5339224
5339913
5339973
5352003
5353696
5354173
5354587
5355132
5355724
5356138
5357096
5357493
5358178
5358575
5359074
5359496
5360227
5361578
5362935
5363905
5370812
5372176
5380260
5401746
5402267
5402977
5403618
5414568
5416004
5416538
5418076
5420037
5424550
5430960
5432283
5455243
5455712
5456116
5456566
5456937
5457223
5457500
5457885
5458472
5460480
5465185
5465703
5466242
5466995
5474623
5475423
5476004
5476540
5477096
5477441
5477872
5478478
5479232
5480710
5495465
5496200
5496998
5497680
5501690
5503351
5504006
5517121
5518517
5528403
5528922
5529709
5530712
5531973
5535005
5535738
5539989
5541980
5542952
5544537
5545492
5547040
5547660
5548307
5548885
5549608
5553037
5555058
5565109
5566500
5566845
5567370
5567779
5568345
5570411
5571449
5572080
5572633
5573302
5575131
5578319
5578704
5579116
5585723
5586482
5587694
5588410
5597313
5597952
5601738
5617402
5629448
5636091
5636912
5639328
5640546
5641367
5642088
5642970
5643451
5644570
5645868
5650066
5651128
5658567
5669034
5669720
5674406
5674819
5678509
5680059
5680860
5681423
5682270
5685623
5700407
5701267
5701668
5702163
5702594
5705016
5719656
5720463
5722103
5723189
5734023
5734422
5735141
5735589
5736294
5736618
5736908
5737184
5737588
5737899
5738217
5738530
5739028
5739507
5740249
5740660
5741388
5747862
5752483
5753604
5754064
5754426
5755481
5764137
5764703
5767526
5769053
5769637
5770077
5771479
5776897
5777533
5783736
5784422
5785052
5785958
5786866
5790520
5792233
5792651
5792994
5793499
5794128
5796519
5800829
5813337
5813962
5814880
5815253
5819892
5829268
5855377
5855957
5858326
5858869
5859813
5860629
5861205
5861730
5862267
5862816
5871794
5900930
5906279
5906874
5907902
5914136
5915022
5918918
5922071
5924309
5932331
5934974
5935700
5936342
5936743
5937289
5937743
5938332
5939016
5941840
5942416
5942669
5943090
5948344
5949108
5949601
5954373
5954700
5955440
5955955
5956524
5957564
5958309
5958702
5959438
5960792
5961317
5962151
5973473
5973936
5975143
5984667
5985807
5986618
5987112
5992649
6001321
6006961
6007950
6023705
6025380
6027072
6032501
6039232
6045112
6046874
6048105
6050251
6051918
6053202
6058164
6058726
6068699
6073710
6075658
6077568
6078857
6083907
6084546
6084860
6084999
6085471
6085701
6086204
6086631
6087126
6087589
6088122
6088775
6089437
6094765
6103870
6112115
6113329
6113996
6114481
6115239
6115869
6117530
6123062
6123430
6124727
6127239
6128293
6128890
6129001
6129633
6130097
6130462
6131408
6134991
6160845
6163135
6163968
6164607
6165088
6166072
6168926
6173107
6174099
6176722
6190863
6191763
6192213
6192841
6202597
6202921
6204001
6204949
6212327
6212897
6214607
6214718
6215547
6230376
6235192
6245507
6246230
6248598
6249318
6263448
6264414
6265120
6266668
6267018
6270303
6271277
6272634
6277922
6279124
6279168
6279604
6279685
6280386
6281207
6301071
6303158
6303577
6303947
6304386
6304944
6305615
6306182
6314201
6315994
6316424
6323399
6325691
6327495
6327900
6327950
6329936
6339403
6341209
6344219
6345566
6346487
6347253
6349653
6350210
6350891
6351178
6351511
6351947
6352837
6353857
6354604
6355047
6355537
6356023
6356540
6357060
6358464
6359086
6360418
6361446
6361542
6361946
6362148
6363035
6363077
6363808
6365166
6367934
6370640
6371537
6373022
6375239
6375385
6375965
6376512
6378057
6378431
6379215
6379998
6380775
6381240
6386451
6386868
6387303
6387913
6388698
6390384
6399125
6400228
6401470
6420262
6420684
6421048
6421386
6421617
6421912
6422164
6422472
6423210
6435016
6443991
6446817
6447544
6448292
6448785
6449501
6450229
6471321
6474793
6475763
6476735
6480111
6495588
6500606
6502414
6511479
6511935
6512471
6512842
6513272
6513868
6514958
6520150
6524225
6524768
6525407
6528775
6533386
6534537
6536398
6543009
6547075
6547845
6555877
6556433
6557040
6557506
6557987
6558719
6562503
6578461
6580913
6581696
6582055
6582508
6582926
6582965
6583497
6583964
6584540
6585327
6587399
6588505
6590285
6590761
6593634
6594169
6594593
6595985
6596883
6606100
6611877
6614146
6614558
6614955
6615462
6616200
6618772
6619943
6626129
6627070
6628412
6629257
6629780
6630292
6631065
6631543
6631965
6632303
6633013
6633488
6642054
6642865
6643464
6644008
6644609
6645156
6646033
6647022
6648488
6649199
6652323
6655546
6657643
6658725
6659343
6660095
6660628
6663298
6670287
6670777
6671198
6671763
6675462
6676318
6677161
6677637
6684670
6689662
6690289
6690995
6692556
6693591
6700347
6709605
6714455
6715314
6716697
6717397
6718607
6725407
6725845
6726201
6726518
6726810
6727128
6727683
6728302
6729668
6730399
6731248
6750250
6751302
6753578
6754420
6758534
6760264
6760852
6761252
6761557
6761906
6762453
6767208
6768063
6768250
6787330
6788329
6788409
6789001
6789407
6789799
6789836
6790393
6790814
6791638
6792165
6792769
6793309
6795169
6795833
6796769
6798917
6799862
6800397
6801618
6802101
6803210
6809625
6812203
6816450
6816965
6817771
6818558
6819324
6821545
6822521
6823198
6823771
6824284
6824702
6825178
6825605
6827370
6828931
6846210
6847787
6848895
6849294
6849546
6849778
6850035
6850334
6850736
6851668
6854411
6855002
6856281
6857102
6861441
6862210
6862713
6863397
6871591
6874134
6874647
6875318
6875810
6890209
6890528
6890902
6891386
6891909
6904085
6904680
6905751
6913249
6914539
6923294
6932592
6933713
6934349
6937495
6938525
6939085
6939734
6941159
6944827
6944961
6946370
6946926
6947360
6947463
6950699
6952121
6967016
6971576
6972258
6973023
6985432
6986439
6987018
6993982
6994807
6997257
6997641
6998060
6998464
6998858
6999194
6999790
7000425
7016092
7016778
7017655
7019285
7020220
7024186
7036358
7037666
7043019
7043791
7044207
7044885
7049062
7053051
7054909
7057904
7081340
7087679
7088273
7090472
7091099
7092160
7094478
7096683
7097284
7097901
7098446
7099440
7103249
7104150
7104544
7105131
7108757
7109141
7113577
7114002
7114299
7114837
7115305
7116030
7116836
7125686
7127893
7133941
7134505
7134880
7135245
7135302
7135668
7136176
7136691
7137332
7139348
7141002
7141589
7142422
7143070
7143538
7144530
7144859
7154202
7157034
7159881
7161343
7163820
7176007
7180225
7180897
7201353
7201890
7203144
7209873
7214734
7219548
7220611
7222634
7226573
7227418
7227843
7228238
7228622
7229132
7229642
7230103
7230591
7231408
7231782
7232305
7234354
7234801
7235228
7236058
7238906
7239429
7245484
7250665
7251673
7251777
7256573
7258927
7259367
7259434
7259870
7260178
7260818
7261466
7262154
7262594
7262733
7263383
7268510
7273605
7275428
7275777
7287204
7289740
7291013
7292845
7298978
7299372
7300192
7302366
7303175
7304102
7308758
7310644
7327184
7327688
7328185
7329139
7329930
7330559
7330990
7331116
7331734
7332718
7340753
7341159
7342188
7342312
7343173
7343463
7343779
7343890
7344543
7355173
7359736
7362807
7363330
7364000
7364796
7374705
7376082
7379481
7380177
7381333
7381579
7383741
7385729
7387358
7388121
7388806
7391550
7395690
7397573
7398480
7399407
7400055
7400983
7404527
7405016
7405671
7406178
7407480
7408149
7408831
7409279
7411772
7415946
7423609
7424323
7424810
7425554
7428529
7429643
7430609
7432115
7432686
7449948
7454315
7456247
7457130
7458383
7458780
7459108
7462747
7477268
7477946
7481944
7482890
7488378
7494737
7496088
7501397
7502081
7503140
7503710
7504500
7504876
7505269
7505641
7505966
7506376
7523238
7523915
7524609
7525090
7526181
7526946
7527320
7527909
7530952
7531771
7540649
7541083
7550180
7551701
7552296
7552377
7553028
7559367
7560074
7560707
7562763
7569105
7571892
7574438
7589218
7595197
7596057
7602706
7608977
7609337
7609906
7610768
7616262
7622362
7625689
7626216
7626846
7627384
7628126
7628781
7629361
7630779
7657425
7658218
7662102
7663997
7666677
7669648
7670230
7671620
7672180
7673275
7681162
7686651
7687641
7688163
7688932
7689823
7692660
7705076
7707321
7715583
7716396
7717381
7718090
7718612
7719548
7720757
7735372
7735766
7736294
7736615
7737122
7737583
7738181
7738758
7739293
7739657
7740102
7740496
7740844
7741387
7742067
7742589
7744690
7745466
7749328
7754995
7756039
7756606
7757404
7770923
7772036
7772522
7773111
7773972
7774628
7775515
7776911
7777759
7789302
7790137
7796639
7799331
7799701
7800369
7800724
7802568
7803961
7805371
7824061
7825570
7826606
7827870
7828991
7832321
7833267
7834336
7834689
7835578
7836134
7836838
7840547
7849855
7851164
7851865
7852232
7852594
7854210
7855468
7862461
7863321
7863456
7873541
7889316
7889820
7890582
7894318
7905177
7908528
7910003
7910542
7911172
7911907
7912556
7913387
7914231
7915019
7917847
7932347
7932803
7935381
7937823
7945756
7946584
7951920
7953136
7954254
7954996
7955855
7956847
7959779
7961419
7963056
7963408
7963700
7964039
7964468
7965363
7966245
7979205
7980187
7981141
7981532
7981886
7982237
7982315
7983071
7983902
7986472
7987084
7988673
7998946
7999079
7999650
8000124
8001121
8002830
8003570
8004421
8006802
8020675
8021099
8029511
8035138
8035746
8036786
8037999
8038919
8047954
8058055
8059476
8060972
8063703
8067152
8068760
8069383
8070363
8070782
8071250
8071864
8072293
8072950
8077713
8080898
8106198
8110190
8124205
8124646
8125407
8126839
8129352
8130128
8131428
8135296
8136034
8137070
8153973
8154664
8155289
8155873
8156649
8159115
8159727
8160189
8160766
8161431
8162443
8163410
8163930
8164670
8165999
8174128
8175237
8178099
8178476
8178999
8179580
8181018
8181636
8182168
8182618
8183163
8183857
8184052
8184459
8184828
8185269
8185735
8186658
8195390
8196443
8197039
8199621
8200175
8200837
8201297
8202217
8204383
8205011
8205436
8206299
8209891
8210970
8215999
8219074
8219923
8220597
8220761
8221123
8222275
8223581
8225795
8230833
8234370
8237557
8238023
8238490
8239076
8241033
8242803
8243436
8243859
8244177
8244971
8245100
8246296
8246903
8248562
8264328
8277896
8279476
8287768
8288238
8288767
8317648
8318358
8318846
8319876
8320409
8321319
8328103
8328858
8328923
8334838
8335643
8341289
8341888
8342679
8343445
8344671
8345668
8346048
8349477
8350681
8351345
8352006
8352775
8359282
8365049
8367034
8367801
8368688
8369687
8377008
8377741
8391260
8401338
8402784
8403786
8406359
8407307
8407337
8409840
8410053
8410369
8417490
8418279
8418758
8421302
8431256
8432052
8432479
8432981
8433319
8433751
8434135
8434952
8435984
8438912
8446227
8464071
8464708
8465215
8465682
8466149
8466926
8467680
8470919
8475195
8483043
8484080
8496748
8497267
8497734
8498130
8498797
8500486
8505305
8505985
8515368
8515811
8516456
8520451
8520799
8521261
8522503
8524080
8528263
8530677
8555189
8568625
8577561
8578022
8578562
8586136
8587420
8588136
8588796
8589825
8601796
8603510
8626118
8627047
8631463
8632595
8633707
8634537
8635113
8635732
8655846
8656337
8657122
8664023
8668459
8676375
8678777
8681855
8682679
8683093
8683666
8684452
8685251
8686090
8694776
8696761
8700587
8701726
8702466
8703554
8705285
8707688
8724069
8726887
8728235
8729961
8733751
8734906
8739766
8742474
8744275
8757864
8759062
8759676
8760944
8766140
8771710
8778970
8779429
8780023
8780987
8781818
8786435
8788047
8788551
8790302
8798757
8802474
8803180
8806378
8808026
8808728
8817755
8818159
8818497
8819165
8819916
8820838
8821724
8835162
8835634
8836698
8841632
8842232
8842799
8843671
8851035
8851789
8852779
8853634
8854272
8865404
8865928
8866323
8866733
8867126
8868204
8874279
8896246
8896745
8897302
8897895
8900072
8900630
8902773
8904621
8905411
8906247
8915975
8918459
8919164
8919916
8920419
8920937
8921036
8921306
8922061
8922484
8923180
8926822
8937659
8938195
8942054
8944123
8945666
8946136
8946895
8947766
8949079
8962207
8972526
8973910
8974068
8974810
8975601
8975899
8976165
8976482
8976741
8976875
8977356
8978154
10350354
10351205
10353172
10363818
10364471
10365630
10366755
10367660
10368196
10368525
10368816
10369214
10369751
10371628
10373693
10378446
10379419
10380418
10389569
10390339
10391242
10393112
10394382
10397099
10403647
10407840
10408645
10411107
10429078
10431807
10436129
10438597
10438955
10439633
10442237
10443665
10448073
10449201
10451645
10452220
10454224
10458504
10459076
10459535
10460267
10461018
10464720
10465250
10467677
10468435
10475690
10476416
10477546
10488931
10492033
10493113
10493824
10498191
10514424
10515843
10517355
10518582
10524327
10525692
10526463
10527012
10527630
10529173
10531664
10533784
10543209
10547130
10549961
10550440
10550914
10551569
10552025
10552504
10553170
10554210
10554801
10555185
10555569
10555907
10556398
10557498
10559033
10561611
10562181
10573267
10576861
10577743
10579098
10588240
10589362
10589976
10590661
10593413
10594615
10595474
10598085
10598656
10599288
10599966
10600232
10600608
10603113
10603196
10615883
10617143
10617254
10622820
10623784
10624245
10625465
10638618
10641843
10642873
10643773
10644453
10657537
10658275
10661457
10661843
10662235
10662562
10662892
10663346
10663938
10665312
10666920
10668481
10669501
10670544
10680487
10681920
10691739
10692636
10697315
10699440
10701194
10708936
10710034
10710814
10711374
10713100
10714061
10720495
10721205
10723332
10728432
10729205
10738708
10739614
10747624
10755698
10756652
10767575
10776282
10803509
10804265
10804842
10809258
10809384
10831446
10831823
10832121
10832493
10832862
10833445
10835164
10852115
10852760
10856650
10857105
10858071
10861295
10861977
10862826
10866927
10867980
10879484
10880696
10881260
10892626
10893025
10893470
10894210
10895157
10896029
10901398
10902013
10905860
10906497
10906892
10907196
10907523
10907848
10908131
10908528
10908889
10909975
10910357
10911029
10920161
10920886
10921376
10921841
10923975
10932375
10933873
10936005
10936764
10949325
10953851
10954534
10955428
10956234
10957058
10976817
10977278
10977789
10978607
10979987
10980473
10980878
10982699
10993020
10998997
11003442
11004081
11022241
11022696
11023111
11023768
11024385
11024914
11025380
11026719
11027088
11031443
11036731
11044232
11044789
11045335
11046235
11046615
11046961
11047405
11047762
11048409
11048876
11049665
11056751
11057407
11057938
11058494
11059040
11059633
11060332
11061345
11062456
11062892
11063535
11064592
11066139
11067427
11068390
11069751
11079339
11080800
11082489
11082990
11083521
11085269
11087261
11087892
11088015
11089043
11089190
11089758
11094637
11101315
11104874
11105439
11105981
11106554
11121529
11122239
11123072
11123600
11124158
11124777
11128847
11133538
11134109
11135028
11135782
11138161
11139281
11157044
11161794
11162798
11163658
11164348
11165050
11166630
11167148
11167440
11170721
11182508
11185700
11186286
11189083
11189379
11190345
11192372
11214875
11215409
11215944
11217044
11218341
11218949
11221590
11222709
11223365
11251654
11252225
11252578
11253392
11264379
11264966
11265459
11266219
11281129
11281499
11281865
11282383
11282522
11283110
11284060
11288659
11295088
11304962
11306477
11308321
11327491
11333266
11333834
11334591
11335108
11338593
11340686
11344479
11344723
11344901
11345564
11346046
11347139
11347484
11347608
11348077
11348575
11349349
11349821
11350320
11350795
11351226
11351550
11352091
11352755
11354227
11363456
11364151
11364699
11364990
11365423
11365853
11366160
11366546
11367029
11371982
11373855
11381061
11381472
11381858
11382237
11382597
11382971
11383376
11383857
11388814
11389256
11389809
11390147
11408341
11414424
11415014
11415955
11416573
11417523
11421819
11422820
11427083
11427978
11428478
11429067
11429518
11430080
11432495
11435669
11453223
11454026
11456483
11458487
11460100
11461320
11462787
11463448
11464050
11464511
11467231
11472505
11473438
11477260
11477725
11478207
11480372
11480883
11481383
11481929
11482297
11482679
11482996
11483414
11490231
11490993
11491389
11491719
11492126
11492764
11493989
11495254
11496156
11502481
11503344
11513732
11514673
11516183
11516689
11517061
11517595
11518117
11518584
11519091
11520459
11521395
11522197
11522822
11523390
11523987
11532708
11533585
11543650
11544219
11559944
11560283
11560682
11561152
11561842
11568297
11569436
11585383
11591464
11592636
11594043
11594459
11595058
11595520
11596512
11597156
11598577
11599045
11603785
11604346
11605310
11606433
11612708
11613195
11614407
11615432
11617128
11618455
11623725
11624871
11626490
11626833
11627261
11627310
11628474
11631416
11632033
11632790
11633240
11633679
11634262
11634626
11635418
11636185
11641421
11643376
11651775
11655763
11656200
11656670
11656991
11657289
11657882
11659631
11660692
11671118
11671769
11673223
11701777
11702170
11702643
11703186
11703717
11704871
11710510
11711621
11714280
11717166
11717720
11718426
11718820
11728126
11728790
11746821
11748641
11750274
11754033
11755832
11757439
11764439
11782178
11782665
11782970
11783355
11792512
11793296
11801053
11801242
11802073
11803507
11804280
11805006
11807215
11810141
11812954
11814151
11814745
11815483
11819445
11819902
11834529
11835485
11842011
11844224
11844895
11845871
11847181
11849175
11850355
11854824
11859242
11859777
11860681
11873655
11874328
11878509
11882337
11883762
11889126
11890016
11901555
11906611
11907305
11908404
11914584
11915391
11915709
11915988
11916295
11916532
11916864
11917272
11917851
11918622
11920505
11923379
11923889
11924369
11925038
11927275
11928273
11930345
11936071
11944008
11944872
11945649
11946590
11947196
11949988
11951432
11953488
11954497
11955288
11955770
11960577
11961306
11972660
11972974
11973376
11974198
11974790
11975167
11975888
11994961
11995972
11996873
11997924
12001606
12003870
12004304
12011279
12012138
12015707
12017752
12020833
12023238
12024015
12024712
12035957
12042180
12042568
12043046
12043833
12051427
12051810
12056947
12057740
12059152
12059705
12060470
12061058
12061848
12062772
12063501
12064108
12064696
12065123
12065831
12066740
12067254
12069148
12081394
12082716
12083301
12084105
12084693
12086460
12103951
12104496
12124678
12125353
12126147
12150323
12152381
12153520
12160899
12161533
12162052
12163110
12163805
12164242
12164872
12165678
12166157
12166869
12167586
12168175
12169130
12169770
12170193
12170734
12171164
12171926
12175993
12179262
12185085
12185917
12187764
12189338
12190014
12190650
12200186
12202360
12203524
12204196
12204597
12205066
12205554
12206411
12207054
12207838
12224756
12237318
12238344
12246928
12247297
12247664
12248384
12248966
12249687
12250310
12251561
12252817
12270465
12277669
12289012
12292127
12294687
12297209
12298674
12300652
12301173
12303849
12305842
12318992
12319594
12319935
12320362
12320733
12321291
12321743
12322243
12323202
12323775
12324406
12326973
12327715
12328360
12329517
12337661
12339222
12344387
12352427
12362273
12362881
12363371
12364037
12366100
12366706
12367254
12368049
12370655
12375173
12385621
12386371
12387344
12389369
12391417
12391816
12392168
12392441
12392809
12393205
12393705
12394672
12395125
12416545
12417105
12418465
12419229
12419882
12420364
12423276
12423735
12424429
12425136
12425593
12426151
12426458
12426911
12427356
12427804
12428499
12431670
12432411
12433477
12437703
12444164
12444921
12448318
12448836
12449309
12449782
12460070
12460679
12461296
12465083
12481678
12486140
12486472
12486841
12487311
12487645
12488022
12488371
12488735
12489296
12489670
12490150
12490754
12491178
12491635
12492010
12492438
12493006
12501034
12508086
12509099
12510456
12511283
12512242
12513131
12523699
12536775
12537563
12545600
12557588
12558149
12558858
12560089
12560696
12562438
12562998
12567122
12569538
12578272
12602631
12603394
12605058
12612531
12613572
12624436
12631059
12631438
12631884
12632905
12633596
12634352
12635075
12636027
12636246
12640369
12641654
12646466
12654921
12655749
12656875
12657754
12658303
12658732
12678762
12680245
12696113
12697242
12704328
12705013
12705382
12705681
12706300
12706674
12707007
12707534
12708150
12709976
12710613
12724580
12727478
12728206
12728598
12729091
12729667
12735165
12736017
12737309
12738249
12738769
12739570
12740785
12745496
12746973
12770510
12778077
12778413
12779255
12789103
12812582
12825107
12825489
12825877
12826336
12826762
12828488
12838333
12839534
12840216
12844443
12861920
12862692
12863619
12865133
12865532
12865799
12865925
12866882
12868124
12877756
12881570
12881976
12882659
12883423
12884110
12890537
12891339
12894837
12895280
12896008
12899476
12902438
12905922
12907166
12907720
12908319
12908786
12909087
12909442
12909739
12910187
12910680
12911113
12911153
12911720
12911783
12912206
12915533
12922701
12925553
12933859
12934675
12937214
12956312
12956685
12957071
12957715
12959000
12959576
12959930
12960355
12960714
12961419
12961868
12962664
12963488
12964616
12965812
12966193
12967210
12968494
12971587
12977761
12978058
12978519
12979001
12979648
12990990
12991466
12991880
12992626
12993816
12994626
12995163
13003923
13010936
13011678
13013957
13014330
13015232
13015750
13016118
13016373
13016932
13018253
13018813
13026355
13027152
13028231
13051101
13051273
13051694
13052047
13053366
13054123
13065974
13066890
13069893
13070855
13071445
13071713
13072142
13072514
13073406
13074434
13076453
13077468
13078362
13079241
13080086
13083549
13091800
13093301
13094029
13099586
13100609
13101045
13101489
13102255
13102896
13103321
13106182
13109324
13109750
13110231
13113486
13113970
13125040
13131074
13131415
13131863
13132308
13133036
13133613
13134048
13134654
13135353
13136107
13137039
13138666
13139049
13139604
13140217
13141275
13141826
13142307
13142894
13144193
13144743
13150170
13150621
13151037
13151504
13152618
13155623
13160688
13165003
13165971
13167012
13167977
13168847
13170253
13177298
13195305
13195717
13196307
13196826
13197475
13197927
13198502
13198963
13199653
13202717
13203570
13204343
13208770
13221986
13225003
13226405
13227138
13227622
13228103
13228691
13229364
13229983
13230453
13230987
13231775
13232351
13232873
13233312
13233810
13234174
13235266
13237318
13237920
13240094
13252302
13256884
13257310
13257815
13258431
13259933
13260691
13270222
13271424
13294664
13295422
13296445
13297689
13298429
13299002
13299486
13299915
13300296
13301010
13301483
13302135
13313783
13314708
13315762
13316774
13318866
13320285
13321053
13321929
13322368
13322747
13323129
13323930
13334319
13335674
13336055
13336803
13337683
13345592
13347273
13347924
13348769
13352539
13353676
13357873
13358681
13359462
13359885
13360617
13361617
13363473
13371267
13371705
13374039
13375013
13375499
13376305
13377213
13378765
13379986
13396386
13397266
13400287
13400948
13401901
13402586
13403236
13408919
13411711
13412212
13412578
13413111
13413675
13415554
13416047
13416399
13416696
13417259
13417762
13418344
13432839
13434712
13434983
13444908
13445605
13446641
13447992
13448905
13449775
13450865
13456534
13456977
13457344
13457689
13458103
13458876
13459132
13459530
13459959
13460300
13461213
13461920
13471970
13473308
13474863
13475588
13476159
13476634
13477144
13478067
13480666
