1392.688
1874.977
2436.105
4460.028
8729.918
9428.097
29802.52
30689.49
31977.45
32764.39
33359.36
39007.4
68159.96
76994.55
77486.78
79298.51
79964.77
80373.53
80941.26
83221.04
84183.96
99428.77
99873.86
100303
101511.8
107877.6
109316.8
110775.8
111656.4
118068.2
118639.1
119222.2
120098.9
127141
127844
131592.4
132853
134895.4
136130.7
150285
151252.5
154032
154414.2
154711.4
158978.3
159464.8
170559.6
171007.4
171498
171945
172323.4
173343.8
177917.8
180909.7
182075.1
188125.1
188756.7
189281.7
190188.8
192057.2
201740
204458.4
205135.4
205732.6
206545.9
208404.7
211881.3
212521.7
219961.6
230788.5
231387.6
232179.5
233603.2
238656.4
241773.1
253489.6
254038.1
254472.3
254934.6
255395.4
255922.9
256836.3
257184.6
257623.5
258090.7
271337.9
272897.7
275334.5
277977.5
278488.2
279083.5
279702.4
280534.6
281514.8
284390.6
285193.1
291112.1
292591
293665.8
297693.5
298289.6
298872.9
299806
302538.5
303358.5
303842.8
305354.6
306063.4
307641.2
314798.9
317458
319906.3
320608.9
321098.9
321989.2
323243
339117.7
341365.3
341842.7
346041
346575.1
346933.1
347828.8
348577.1
366813.2
367260.9
367825.7
368803.8
370179.9
370716
378474.6
378943.7
391639.5
393361.4
394180.3
397050.1
407884.7
409030.4
417661.6
419139.3
419560
419994.8
420581.1
421129.6
421771.2
422415.3
426559.1
427668.7
474399.4
475445.7
475993.4
476414
481539
481978.6
482392.2
482704.1
482993.7
483272.3
483660.1
484038.2
484386.6
484848.5
485552.3
489122.4
489985.3
491213.2
497520.4
498120.6
498447
498815.8
499327.4
500035.7
500953.5
505529.4
506363.9
507084.8
508145.6
536686.4
539216.8
539855.5
549698.5
560636.4
561371.5
576102.6
577146.4
580564.8
581643.3
582643.6
583479.1
585443.8
586096.4
592087.7
593029.1
597751.9
599896.1
606468.1
606916.7
643425.8
649378.2
649815.5
651053.5
651850.4
653719.9
654246.5
654794.5
665717.7
669235.4
670125.5
671496.2
673558.4
690982
691896.1
737946.6
739312.8
739626.1
740011.4
740653.5
744164.7
755654.8
756189.8
775176.3
797021.6
825007
844873.7
861523.6
861849.8
862334.3
878384.2
879250.9
880306.7
881015.4
906544.7
909350.6
910085.5
910702.5
916426.5
917434.6
922914.5
923561.5
924270
927104.7
934996.8
935513
937825.5
942470.1
943048.8
946228.8
947240.9
948042.8
961696.5
963170.6
980545.5
997297.2
997747.5
998170.7
998545.1
999044.4
999660.1
1001714
1002696
1006560
1007422
1007982
1008478
1009063
1009853
1014642
1020759
1021305
1028272
1029491
1044931
1048279
1048815
1060988
1082943
1083449
1084537
1085132
1085719
1086167
1097379
1102365
1104994
1106123
1109050
1109712
1110437
1117782
1118309
1121958
1122515
1123083
1123750
1124632
1127671
1128624
1129153
1129549
1130800
1131522
1132335
1132831
1133332
1133774
1134150
1134531
1135162
1135841
1136632
1137207
1140176
1140586
1141007
1141480
1143713
1144223
1144803
1148369
1153215
1154366
1158522
1160037
1162634
1164391
1165107
1165507
1165958
1166467
1169750
1172560
1183713
1222894
1224282
1225048
1228056
1232542
1275348
1275667
1276060
1276439
1276798
1277254
1277896
1290593
1291208
1326432
1387086
1387708
1388030
1388289
1388625
1389467
1412727
1413701
1421603
1436512
1437357
1460445
1461132
1483006
1492237
1512590
1514615
1528135
1528556
1529213
1536320
1536960
1537590
1548250
1551658
1555552
1561428
1562940
1571504
1572928
1573476
1574219
1590794
1595147
1616508
1617834
1618972
1620642
1621142
1624289
1643946
1644626
1645035
1645531
1645960
1646364
1647442
1651641
1652787
1654157
1666559
1694323
1695114
1696890
1722856
1723851
1724417
1724811
1725370
1736581
1762894
1763826
1769577
1778446
1779299
1780350
1780916
1811764
1812497
1813594
1814327
1837677
1843221
1844168
1845754
1858897
1859393
1860528
1872446
1881165
1908201
1908711
1909673
1910580
1911792
1912264
1922727
1934554
1939326
1948270
1949256
1951045
1952982
1953605
1973054
1974031
1974655
1988076
1988396
1988955
1989265
1998898
1999191
1999772
2000329
2015489
2015974
2016783
2017791
2019076
2019936
2030054
2031363
2035844
2036395
2046740
2048270
2049638
2057351
2058014
2058659
2061843
2081556
2086199
2086983
2110135
2110906
2111753
2116099
2134765
2135270
2135644
2136153
2136831
2137419
2138043
2138889
2146547
2155906
2156849
2157839
2158673
2164481
2166404
2167711
2171063
2172753
2174795
2176105
2177470
2181122
2181678
2182451
2183364
2212467
2216670
2222877
2228961
2252004
2252426
2253199
2254618
2262889
2277416
2280995
2306555
2307337
2308532
2309642
2310893
2311769
2312312
2317052
2325238
2363334
2367963
2374119
2375543
2378132
2384760
2385951
2387084
2388484
2389835
2390354
2391337
2391663
2392158
2393320
2396569
2398045
2398766
2399623
2403350
2406148
2406599
2408949
2427502
2428462
2428880
2429321
2430335
2444594
2445581
2448726
2449354
2449912
2450371
2450761
2452511
2453130
2457727
2458713
2459453
2460033
2460812
2462399
2465461
2489387
2508509
2531836
2532355
2552214
2567335
2568879
2570292
2574087
2608790
2609293
2611245
2623779
2624239
2624710
2625300
2626348
2627004
2628202
2628731
2629531
2632157
2634251
2634956
2653694
2654288
2655390
2656123
2667007
2718069
2741343
2742035
2742606
2743687
2744133
2744642
2744998
2745497
2745980
2746880
2749329
2750616
2755190
2756893
2762321
2763275
2764515
2780017
2780654
2783407
2784644
2788787
2819046
2828024
2828927
2829603
2830710
2832143
2832544
2832962
2833707
2834433
2834950
2835586
2850265
2850824
2851242
2851981
2852764
2854034
2874105
2874717
2875305
2875928
2876555
2885486
2885950
2886539
2887303
2888067
2888840
2890840
2891503
2892066
2892950
2893738
2897996
2898711
2899230
2900825
2907591
2916623
2920078
2921681
2922920
2934421
2934979
2935495
2936606
2941106
2942222
2953462
2958314
2960148
2961150
2961828
2962903
2963662
2964770
2965647
2966472
2967640
2978419
2981069
2992271
2993499
3004147
3037041
3037731
3038284
3038949
3042326
3043335
3048389
3049017
3050503
3052809
3054429
3055102
3057940
3059006
3064447
3065193
3068586
3075177
3078572
3079036
3079489
3079866
3080273
3080657
3081172
3082608
3083438
3084300
3085245
3085839
3087020
3087520
3088101
3092180
3092917
3095598
3096700
3097699
3109694
3110880
3111979
3112520
3123638
3151161
3152309
3152907
3153309
3153644
3154117
3154633
3155260
3156205
3157938
3180966
3182166
3183908
3185060
3185515
3185894
3186196
3186624
3187183
3187881
3189787
3190269
3190795
3204099
3204732
3205619
3206249
3207804
3208305
3209068
3209531
3210038
3210467
3211308
3212304
3219001
3220196
3220666
3222106
3234520
3235352
3237137
3241496
3242357
3243552
3250084
3277907
3279087
3281966
3284474
3286243
3286738
3287241
3302718
3326288
3327559
3327955
3328611
3329094
3329618
3335111
3344700
3349213
3373148
3381809
3382418
3382936
3383598
3385958
3387831
3410219
3410924
3411704
3447738
3449202
3450071
3451353
3452930
3456763
3458954
3459808
3466097
3469243
3473112
3473684
3487026
3494415
3496370
3502503
3503094
3503555
3511277
3517293
3518015
3518926
3520775
3522907
3530020
3536873
3540941
3541566
3542223
3543336
3544054
3544585
3545307
3546094
3546546
3546957
3547335
3547694
3548082
3548771
3551691
3578458
3579162
3600586
3601033
3601942
3603204
3605691
3613998
3617751
3631127
3631847
3632454
3635575
3636098
3636582
3637095
3637699
3638375
3640947
3641499
3644369
3645833
3649943
3650816
3651499
3653217
3656369
3661838
3663692
3670673
3671857
3686196
3686853
3693737
3696228
3722604
3723180
3723713
3724498
3728765
3751414
3752135
3803090
3803833
3804412
3804768
3805323
3811178
3811717
3813167
3827594
3828239
3829335
3832235
3833695
3834225
3836314
3837053
3841123
3848781
3849891
3850498
3851380
3852724
3854175
3857310
3858849
3874214
3876660
3886031
3887316
3888040
3891910
3893895
3894705
3895521
3896066
3896780
3905641
3908507
3910672
3911094
3911605
3912060
3912627
3913085
3914111
3915927
3920699
3921247
3922409
3923153
3928057
3929852
3935735
3941825
3954283
3954875
3964018
3972107
3972574
3973225
3973571
3974596
3987087
3989691
4005838
4022540
4023101
4023967
4060552
4063413
4064511
4065417
4068882
4072124
4075292
4081294
4082224
4083180
4084063
4119394
4123080
4124380
4126403
4141081
4141664
4142139
4142563
4142924
4143292
4143990
4146483
4147234
4147851
4184311
4239116
4239696
4240455
4244182
4246740
4247426
4252628
4253314
4257251
4260152
4279171
4281921
4282973
4286250
4287232
4294608
4298418
4301632
4303381
4304246
4321549
4347655
4348529
4349431
4360413
4361476
4362116
4367649
4388827
4389493
4398689
4411573
4421143
4432203
4433590
4434450
4435138
4472853
4474742
4475397
4476624
4477844
4478505
4478877
4479227
4479511
4479853
4480556
