3490.125
4471.158
12104.76
13013.77
18226.61
19388.6
23012.95
23871.65
33275.35
33689.85
34332.85
34957.37
35400.81
36539.62
38903.28
39384.25
40037.44
40492.36
41074.09
41903.86
43031.23
48332.41
48820.3
49199.2
49712.85
54993.51
55503.58
56044.49
56516.88
57218.22
58229.47
59079.45
59645.38
60426.87
65581.38
66446.52
66904.13
67482.4
68324.14
68682.36
69083.43
69486.47
69846.6
70349.67
70737.75
71238.31
71666.75
87470.17
90573.55
90851.78
91317.67
91579.12
91913.84
92396.04
92863.11
93520.6
102977.4
111414.3
115030.8
115396.6
116044.2
120260.3
120914.9
121875.6
122422.6
126393.2
127177.7
127763.8
128402.3
131164.5
136419.5
139313.9
145873.7
161834.7
163856
164667.4
165764.4
166152.2
166509.2
167187.3
167577.7
167951.2
168400.8
170201.6
173569.1
174574.4
175072.7
175507.5
176017.8
176669.8
177403.3
181273.5
181635.6
182440.1
183498.4
184540.3
184925.1
185456.7
185864.3
186244.6
186614.8
187127.8
189193.4
194178.3
195273.3
195953.9
196461.2
197041.6
197729.2
198313.8
198785.7
199418.6
200506.7
201121.6
201973.9
202819.8
203457.2
207405.6
208333.7
209148.2
209569.8
210270.6
210947.7
212862.2
224189.4
224604.6
225290.3
226120
226556.3
227146.5
228288
230356.2
231248.9
232711.1
236123.6
239923.9
240534.2
240985.7
241474.8
242078.9
242481
243081.4
244250.3
244773.2
245279.5
245801.8
246284.4
246508.4
247136.4
249105.9
249762
250942.7
251963.2
262058.5
273851.2
276901.2
277450.3
278171.6
278585.9
278921.4
279325.6
280090.5
281072.4
297202.6
300830.3
305726.6
315269
320368.5
321119.6
322621.4
323433.2
326409.8
327630.9
329011.6
329910.7
331319.4
345918.1
346520.8
347342.3
350934.8
354631.5
355793.9
356366.9
356903
357242.3
357558.3
357911.2
358396
359100.3
359785.8
360174.8
365821.3
366613.1
367211.8
368614.7
378925.3
379369.9
382253.8
383077.3
383698.2
384169.4
384683.7
385658.5
386160
387136.6
387787.9
388445.4
390564
393320.5
393772.3
394144.2
394969
395566.9
396966
397623.2
398759.8
399745
401835.3
412642.1
413383.3
414065.5
414898.3
423634
424203.7
425269.1
426612.4
429713.2
461946.7
467289.7
467863
468515.2
469158
469764.8
478774.1
479362.6
480652
481249.3
481811.5
482444.9
482940.9
484467.7
484855.9
485193.7
485568.4
486190.9
491469.1
492216.9
492654.4
493309.8
493705.6
495544.3
496169.5
498755.2
499265.1
500975
501309.2
501691.7
502061.6
502588.6
503675.2
505011.5
505414.9
505787.7
506171.5
506579.9
507444.1
507923.9
508630.5
509238.4
509590.8
509873.5
510187.4
510659
512350.6
513082.4
516129.2
519467.4
520582.4
521147.6
521558.6
521996
524854.1
528367.7
528801.6
529224.6
529596.3
530033.5
530644.1
534519.3
535803.9
536337.1
536760.6
537153.7
537535.5
538094.7
539327.5
540276.1
543393.5
544123.1
544945.6
545825.1
546388.9
546707.8
547221.6
548314.2
548991.9
552274.7
575930.2
576813.7
578791.7
596688.2
597346.9
597744.2
600604.3
605933.4
606803.5
607452.8
611781.6
612234
616711.1
617673.6
618877.4
619794.1
620706.9
638489.5
639149.8
639814.5
640276.9
640779
641131.4
642269.5
642674.3
643316
643722.5
644054.9
644480.6
645821.3
646427.4
646993.3
660164.1
661693.7
663495.9
665086.6
666871.3
667671.4
668572.7
668914.1
669306.1
669655.7
670205.9
670689.1
671152.4
671701.3
672065
678923.5
679796.6
691724.5
706638.1
718709.2
724463.7
725032.8
725628.6
756985.5
801989.3
809566.5
811351.7
814640.9
815538.6
818551.7
818991
819564.8
820112.5
820941.5
822164.3
822748.3
823104.9
823512.8
823955
824283.3
825042.2
831730.6
834325
849477.9
867693.5
869601.1
870124.7
909979.1
911073.5
918066.5
922321.7
960540.7
961023.6
961743
962370
967497.6
983741.8
989217.8
990177.2
996230.5
996796.3
997336.2
1010712
1013589
1015479
1016636
1017089
1017913
1018543
1038325
1040648
1044222
1044687
1045387
1045978
1046499
1046971
1047453
1048132
1048950
1054434
1057134
1058749
1060527
1063263
1064080
1066141
1066728
1067564
1072897
1074008
1074816
1076000
1076491
1078297
1084055
1086674
1088477
1096857
1097377
1097812
1099459
1102220
1104933
1107107
1107504
1109977
1110697
1111886
1115999
1118352
1118930
1120012
1133678
1134219
1135108
1140658
1141403
1141941
1159371
1160132
1160934
1161531
1162059
1162605
1163064
1163994
1182006
1183042
1184999
1189983
1191029
1193753
1194320
1210056
1210520
1210953
1211408
1214360
1219739
1221190
1225048
1226359
1227549
1231747
1232489
1233005
1234841
1235474
1236183
1237243
1247771
1250237
1251262
1254530
1255333
1256044
1257611
1259721
1260229
1260621
1261256
1262315
1263748
1269917
1271056
1274867
1276091
1276728
1278106
1279375
1279852
1280453
1280955
1281644
1284628
1287318
1297294
1298382
1299384
1301122
1301721
1315814
1317629
1322051
1323201
1324703
1325646
1327749
1328583
1329129
1329461
1329798
1330200
1330800
1350892
1351424
1353344
1364823
1365747
1366369
1367094
1367831
1373298
1374002
1374401
1374674
1374963
1375383
1378559
1383292
1384170
1385274
1386176
1386727
1387543
1391697
1392146
1392725
1393276
1393717
1394137
1394549
1395015
1395406
1395776
1396480
1398260
1410606
1411170
1412158
1412616
1418204
1419041
1421228
1422565
1422936
1423406
1423989
1424432
1424990
1425520
1426419
1439775
1439784
1444756
1445676
1445981
1446380
1446941
1447436
1447815
1448326
1448842
1449371
1449968
1453252
1453690
1454489
1458518
1458971
1459593
1460187
1460688
1461153
1461778
1471192
1477532
1478703
1479093
1479459
1479870
1494560
1498251
1499433
1504007
1507152
1508201
1525718
1526708
1527397
1528452
1529139
1530720
1531626
1547619
1548722
1555066
1558221
1558785
1559314
1559898
1560737
1561355
1562222
1569761
1570346
1570908
1601426
1621866
1624908
1632445
1644034
1644931
1648814
1649486
1655229
1657412
1657884
1658357
1659358
1660545
1661419
1662007
1662615
1662999
1663306
1663661
1664065
1667110
1667848
1674759
1675282
1675887
1676890
1678577
1680514
1684969
1685867
1686962
1690144
1690775
1696269
1696847
1697520
1699623
1729472
1729987
1730446
1730770
1731152
1731501
1731846
1732337
1732851
1735927
1736582
1739753
1741078
1767085
1767694
1768325
1768701
1769091
1769817
1770280
1771102
1771903
1772337
1772868
1773559
1774641
1775366
1775960
1776678
1777349
1800703
1802016
1820428
1834746
1835189
1835918
1841348
1842109
1842998
1843553
1844249
1846976
1853029
1854774
1858000
1858642
1859547
1860268
1860757
1861365
1862150
1874278
1874971
1875520
1876444
1876887
1877276
1877679
1878089
1878459
1878887
1879298
1879854
1880349
1881016
1882108
1883020
1884611
1885897
1889346
1891673
1892911
1893303
1893735
1894256
1894830
1895446
1904097
1904589
1905044
1905588
1906389
1906925
1907362
1907942
1910059
1911788
1912542
1913342
1920521
1926279
1930867
1940438
1941224
1945725
1952590
1953304
1954115
1954901
1978447
1986792
1987567
1988129
1988566
1989050
1989381
1989779
1990455
1991093
1992273
2006788
2014307
2017405
2024007
2024516
2025082
2025708
2026714
2027160
2027801
2028228
2028720
2040381
2040990
2041743
2043103
2043702
2044159
2044792
2051650
2052511
2053538
2054387
2058317
2058830
2067990
2069231
2073880
2074482
2075102
2076148
2076914
2077714
2081660
2082608
2088646
2108973
2109536
2110088
2111242
2113105
2113800
2114550
2122199
2122548
2123490
2124296
2126965
2127582
2128158
2136494
2136984
2137535
2145718
2146263
2149226
2154626
2155136
2155733
2156246
2156928
2157564
2158046
2159309
2162751
2165300
2168691
2169872
2170895
2180439
2180843
2187632
2188171
2188852
2189346
2190875
2194194
2196569
2208768
2216457
2217013
2217722
2227033
2228134
2228578
2228919
2229342
2229644
2230530
2230985
2251716
2254112
2254768
2255652
2257132
2268561
2269396
2278501
2280450
2282307
2291458
2291830
2292264
2292957
2293331
2293805
2294470
2295962
2301934
2306176
2306844
2307162
2307441
2307797
2308145
2309694
2310520
2310857
2311215
2311790
2312286
2312756
2313244
2313765
2314532
2315210
2316236
2327267
2327774
2328325
2330124
2330897
2332891
2336430
2337103
2345893
2353116
2354114
2357623
2358100
2358999
2359454
2360398
2371815
2372540
2374159
2374938
2386325
2395053
2398543
2399366
2399890
2401060
2412103
2412644
2413013
2413444
2414281
2420374
2426471
2427707
2428880
2430265
2437854
2438432
2438965
2452461
2456568
2457141
2458122
2458769
2459247
2459836
2465827
2477683
2478275
2478976
2479555
2494165
2494843
2495363
2495872
2496235
2497073
2497551
2497996
2498640
2512093
2512473
2512851
2513221
2513663
2514215
2514898
2516361
2517396
2520434
2520790
2521198
2521590
2522208
2522664
2523225
2524185
2524999
2525436
2526321
2536202
2536781
2537675
2541326
2542013
2548323
2565748
2566418
2566932
2567502
2568023
2568611
2569881
2577117
2578234
2585853
2587103
2587766
2588844
2589974
2591275
2601495
2602042
2603299
2606504
2619975
2620676
2621763
2623751
2628244
2629033
2630346
2631242
2632301
2632932
2633442
2657087
2660336
2667696
2668849
2672116
2672556
2673034
2673512
2673960
2674461
2674785
2675501
2700723
2701812
2702922
2703920
2704384
2705291
2707704
2709792
2711777
2714935
2715676
2716848
2717673
2718088
2718635
2719224
2720578
2721329
2730686
2733252
2733929
2740280
2741200
2742667
2743045
2749782
2759988
2760516
2762272
2772719
2774202
2776023
2780957
2781609
2782776
2786484
2787631
2790002
2792447
2793007
2793893
2794479
2822103
2822818
2824358
2825256
2825957
2826711
2829723
2833299
2834369
2842382
2843492
2844131
2844668
2845159
2845492
2845877
2846178
2846479
2847096
2847336
2847754
2848208
2848833
2850447
2852000
2859570
2860055
2860479
2860858
2861818
2863344
2863978
2864569
2883943
2894800
2896686
2897213
2897683
2898699
2902873
2905795
2908292
2909074
2910433
2911002
2911487
2912081
2918131
2918797
2919407
2920129
2921346
2922417
2924898
2936664
2937757
2938737
2948173
2948694
2949385
2950402
2951016
2951858
2952345
2953053
2960010
2969472
2972904
2978134
2979380
2988422
2989324
2990409
2991174
2992955
2994053
3024555
3025351
3025917
3027505
3028516
3029443
3031259
3031659
3032568
3033379
3036894
3055993
3057264
3060522
3061713
3062866
3063428
3065435
3066096
3066539
3067227
3069335
3070459
3071222
3071867
3072720
3073655
3074355
3075410
3076523
3077500
3078311
3079194
3080046
3081904
3082952
3084478
3085441
3086503
3087235
3087870
3088351
3089196
3095463
3096105
3096702
3097243
3098118
3098927
3100194
3101120
3109897
3127239
3128313
3151048
3151596
3152197
3152800
3160159
3160536
3161219
3163340
3186050
3191675
3192368
3193145
3193660
3194498
3195268
3196143
3196710
3202087
3202735
3203422
3204207
3204995
3205453
3214680
3215444
3217047
3218339
3219264
3221992
3225488
3226709
3227208
3227627
3228076
3228472
3228978
3229333
3229759
3230249
3230864
3238596
3239153
3240161
3240839
3241362
3242425
3256171
3256663
3257100
3257527
3258008
3260563
3261069
3261450
3261801
3262439
3303175
3304375
3304999
3305397
3305757
3306233
3306767
3307340
3308037
3314429
3315091
3315971
3317228
3317688
3318275
3319598
3321994
3322703
3323136
3323895
3329125
3331199
3331737
3332064
3332550
3333167
3336083
3369923
3370787
3371621
3372411
3372769
3373270
3374386
3374875
3375713
3382985
3388720
3389535
3390219
3394116
3395111
3395982
3396780
3409971
3410639
3411049
3411420
3411751
3412158
3412540
3412998
3413443
3436700
3437264
3438694
3439326
3446402
3468407
3469272
3469667
3470116
3470952
3472818
3487102
3490853
3491415
3501497
3511240
3511763
3512597
3514765
3516066
3517471
3518056
3522925
3525810
3533776
3536699
3537358
3538029
3538587
3539159
3539652
3540036
3540337
3540653
3541033
3541412
3541858
3543787
3551339
3552329
3555855
3566333
3567369
3574062
3575736
3576834
3581247
3621129
3621912
3639795
3669392
3674147
3675204
3680766
3681182
3681598
3682179
3682642
3683167
3683829
3686762
3687160
3693905
3702672
3704618
3714389
3722120
3734896
3735966
3738785
3739873
3741191
3741807
3742501
3743417
3743898
3785055
3785691
3786193
3786564
3787001
3787443
3787864
3788365
3789346
3789834
3790632
3791331
3792658
3793419
3795787
3797737
3799036
3800087
3812729
3813423
3813863
3814646
3815549
3816165
3817442
3819954
3827614
3828226
3828912
3847352
3855083
3864841
3865455
3866053
3866705
3869166
3871448
3872008
3872635
3873357
3874325
3874709
3875214
3882236
3882974
3892003
3892390
3892770
3893151
3893569
3893958
3894992
3895654
3896769
3900753
3901725
3911459
3912045
3913865
3915381
3921234
3921844
3922488
3930999
3932351
3932924
3933909
3934737
3936318
3943492
3944228
3945369
3946581
3948750
3950146
3950722
3951896
3954076
3954669
3955337
3956434
3957180
3957893
3971251
3972047
3972578
3995225
3995728
3996384
3996767
3997141
3997711
3998833
4010283
4016303
4016745
4017364
4030999
4068729
4069691
4076777
4116359
4117085
4157318
4158753
4159322
4159856
4160185
4160777
4161324
4162076
4162651
4163923
4181563
4188507
4189206
4190032
4211063
4211722
4213393
4216724
4217314
4217845
4222631
4223362
4227773
4228244
4229980
4244440
4249620
4250662
4251156
4251889
4253343
4270911
4271501
4271914
4299235
4300116
4301904
4303030
4330883
4331526
4332235
4333455
4335828
4336740
4337223
4338007
4344107
4344580
4345078
4345497
4345966
4346330
4346664
4347045
4347370
4347773
4348489
4350800
4364482
4365145
4377628
4380246
4381017
4382410
4382984
4384520
4385087
4385573
4385968
4386839
4387416
4388622
4389069
4389420
4416045
4427839
4429068
4430039
4430750
4433658
4434914
4437172
4438015
4440434
4446556
4447237
4447688
4448106
4448505
4449647
4451778
4474546
4476278
4476952
4479411
4540127
4540584
4550271
4560287
4561207
4563812
4575506
4576035
4576541
4577092
4585026
4591833
4592296
4592767
4593280
4594127
4607930
4608902
4609433
4610005
4618396
4619185
4620527
4626506
4627299
4667744
4668466
4669586
4673152
4673741
4674348
4675820
4678420
4679380
4680151
4680597
4681150
4681774
4682676
4683326
4683796
4684465
4685267
4686810
4687835
4696267
4696941
4700958
4716180
4716959
4729502
4763788
4783445
4784148
4784827
4796669
4800333
4809625
4816407
4816815
4817436
4819324
4820949
4822130
4824903
4825534
4826165
4836244
4836903
4837699
4838399
4851930
4852301
4852735
4857516
4857982
4858314
4858749
4859227
4871770
4872769
4873478
4874407
4874896
4878542
4879487
4884138
4886378
4886843
4887372
4890862
4904456
4905080
4921608
4922132
4922537
4925494
4926939
4951601
4954747
4955985
4960705
4961734
4983279
5020049
5020705
5033864
5034424
5034810
5035441
5036421
5037134
5038041
5040862
5041347
5041819
5042172
5042682
5043233
5045505
5046243
5052021
5052385
5055999
5068976
5074137
5074647
5091961
5092459
5096989
5097479
5099099
5099697
5100311
5102428
5109841
5110804
5113432
5123972
5125159
5125694
5131978
5132488
5133045
5133578
5142378
5143040
5148040
5149986
5196056
5197207
5215234
5217642
5219604
5220085
5220989
5221445
5221750
5222129
5222849
5223872
5224931
5233089
5234153
5237343
5241432
5242087
5242563
5244503
5247177
5253963
5258791
5259237
5259763
5262589
5263489
5264009
5264965
5268463
5268832
5269497
5270641
5271137
5272277
5286947
5287640
5288060
5288706
5289268
5292080
5292560
5293191
5305976
5320243
5325863
5327657
5344718
5346096
5347102
5357103
5377121
5379468
5380751
5414631
5415271
5417560
5418836
5419452
5419946
5422723
5428265
5429043
5429415
5429867
5430318
5431704
5437902
5438517
5439236
5439687
5441175
5442603
5443251
5448949
5449622
5450349
5456198
5456742
5472126
5476254
5479217
5479917
5480466
5481185
5481680
5482093
5482563
5490897
5491379
5492412
5493245
5493940
5500938
5502701
5503463
5504198
5505150
5509527
5510108
5510911
5511835
5521017
5522816
5523827
5525223
5543432
5564579
5565712
5566920
5569343
5573796
5598365
5599410
5607953
5623593
5625993
5628050
5629682
5630936
5632189
5632877
5633432
5633973
5634796
5635286
5635695
5636217
5636940
5638550
5644590
5647541
5648416
5649101
5654867
5655517
5656253
5662930
5663965
5665492
5673000
5675032
5681256
5683625
5692056
5695448
5696231
5708322
5708799
5709424
5710102
5710576
5711216
5711958
5712575
5714437
5721846
5722525
5724037
5726084
5727312
5728452
5734666
5735773
5736256
5736987
5739199
5739774
5740922
5742026
5743362
5745748
5748386
5750871
5757655
5759699
5760349
5761428
5762048
5762794
5763651
5764056
5764596
5765072
5765618
5779154
5780226
5780916
5781737
5792505
5881587
5885661
5900603
5901401
5902434
5907012
5920246
5921913
5922737
5923247
5923805
5929040
5937644
5937938
5938217
5938495
5938756
5939165
5939885
5940517
5949170
5949630
5950108
5966658
5967188
5967646
5968260
5969438
5970418
5971240
5981515
5981997
5983431
5986660
5987397
5987946
5988931
5994569
5995029
5995797
5997464
5997962
5998574
6001502
6002184
6013648
6014698
6017002
6017441
6017944
6018341
6018793
6019253
6019651
6020113
6020441
6020712
6021076
6021522
6022324
6023456
6025871
6031064
6033067
6036698
6042308
6043268
6046252
6047663
6050738
6057064
6072464
6074270
6074749
6079141
6088516
6088963
6095849
6096657
6097373
6118246
6134452
6134922
6135330
6137634
6138302
6139212
6140186
6144457
6152696
6153433
6154072
6154522
6156520
6163044
6170986
6176143
6176702
6177893
6178443
6178976
6180127
6180779
6181327
6182047
6184619
6187060
6193479
6200336
6201025
6201802
6202637
6205714
6206597
6212077
6214128
6215801
6217289
6228734
6230056
6231125
6233899
6246690
6247043
6247620
6248298
6248853
6251167
6253207
6258076
6259474
6259950
6260450
6263885
6270292
6271833
6273148
6273651
6274002
6274866
6300757
6301626
6302444
6303309
6304048
6305555
6334095
6335148
6364011
6365594
6366354
6369149
6374891
6376557
6399163
6399705
6400966
6401914
6402509
6405399
6407018
6407805
6410367
6411210
6411613
6412084
6413865
6414266
6414927
6415575
6422653
6425697
6429127
6430318
6430743
6431657
6434521
6446035
6452059
6455411
6467021
6467409
6468033
6468847
6470249
6470603
6470998
6471707
6480632
6481185
6482035
6484012
6493486
6495947
6501903
6502487
6503807
6505693
6518185
6526800
6527651
6528074
6532143
6536526
6565245
6566727
6567070
6577836
6581581
6592996
6600725
6601896
6602833
6603570
6624548
6625928
6629517
6636924
6637427
6637913
6638263
6638600
6639740
6640883
6653722
6663706
6664296
6665180
6666547
6671602
6679548
6686165
6686771
6687215
6687681
6688053
6689283
6689881
6690496
6692571
6693470
6698408
6701024
6703362
6708365
6730723
6731232
6754927
6755298
6755633
6755979
6756259
6756670
6757076
6757494
6757921
6758599
6759613
6762454
6762967
6763587
6764203
6769690
6778945
6779386
6779744
6780110
6780550
6781114
6781910
6783460
6785499
6799787
6804156
6805567
6811584
6812283
6813099
6813923
6820759
6821240
6822027
6822649
6823171
6823787
6826307
6827110
6827805
6828261
6828699
6829438
6832814
6833299
6834438
6834979
6839037
6840334
6841190
6846454
6847209
6848956
6850148
6855366
6857845
6875565
6876250
6876656
6877218
6881920
6882454
6883151
6883554
6889847
6892092
6893332
6898253
6898814
6899252
6899569
6899933
6900379
6901133
6901928
6903591
6904410
6908947
6920899
6925669
6926344
6927369
6932763
6934846
6938607
6940673
6946485
6946974
6947441
6947796
6948248
6948853
6986597
6987011
6987355
6987727
6989192
6989769
6990957
6992194
6995770
6998057
6998703
6999251
6999799
7002970
7003527
7005999
7006530
7007580
7009368
7010609
7011363
7012033
7020604
7022393
7023655
7024335
7024702
7025407
7025693
7026075
7026434
7026915
7027426
7027898
7029828
7036731
7037154
7037556
7038162
7053407
7054623
7056612
7057828
7066361
7067132
7068082
7069104
7077124
7081676
7082232
7082954
7083887
7084676
7102096
7102690
7105573
7106122
7108248
7112159
7113692
7114546
7118562
7122909
7132343
7132952
7133716
7137493
7138783
7144619
7145265
7145836
7146533
7147673
7148175
7149203
7149758
7150357
7150697
7151231
7151910
7153210
7153724
7154107
7154525
7154868
7155387
7156205
7156758
7157294
7162962
7171347
7171916
7172447
7172906
7173781
7174678
7175578
7204396
7205101
7205601
7210978
7211991
7212440
7213532
7214147
7214838
7215664
7216524
7242783
7244065
7244700
7245335
7246192
7250645
7251303
7251809
7252317
7252935
7253324
7254231
7264225
7275203
7276016
7285199
7297340
7301294
7312890
7315876
7317690
7318239
7318742
7335531
7336209
7340070
7343166
7343591
7344155
7344778
7345920
7346381
7346806
7347219
7347682
7348498
7348835
7349277
7349680
7352484
7357507
7360069
7360707
7361475
7362784
7363202
7363680
7366630
7367502
7382834
7383596
7397618
7398429
7399943
7401144
7401661
7402009
7402318
7402616
7402930
7403494
7404727
7416759
7437451
7438081
7439460
7439849
7440228
7440638
7441263
7441813
7442245
7442545
7443914
7464085
7464976
7466563
7467439
7469454
7482468
7483145
7485282
7487085
7488160
7488522
7488924
7489389
7489879
7490256
7491141
7491924
7493158
7503605
7505131
7506418
7507096
7508243
7510502
7511326
7512267
7542552
7543231
7543789
7545384
7546665
7551407
7552194
7553902
7554299
7555496
7556140
7558237
7559420
7560007
7565586
7592778
7593423
7599844
7601040
7601574
7602598
7609814
7620891
7621819
7623046
7623949
7624764
7625788
7630926
7654952
7657541
7668581
7675509
7677197
7679088
7679659
7680175
7680762
7681280
7684730
7685336
7685847
7686328
7687131
7706944
7708652
7719310
7721842
7723334
7724306
7729303
7731081
7731990
7732678
7736768
7737428
7737791
7740660
7741380
7742128
7742447
7742869
7743394
7744535
7755817
7778521
7782644
7783018
7783419
7784553
7791190
7809833
7810385
7813134
7813661
7815274
7820913
7823500
7823862
7824213
7825259
7825910
7826557
7827510
7828458
7829636
7835189
7837231
7839371
7840522
7840948
7841331
7841646
7842066
7842382
7842738
7843182
7843750
7855104
7857753
7858307
7858812
7859537
7861086
7862056
7862488
7862879
7863547
7864468
7864963
7865773
7867210
7879615
7880245
7880776
7881578
7882177
7885334
7887649
7888302
7888736
7894216
7895800
7909481
7910532
7910959
7911574
7912899
7913974
7918149
7918630
7919318
7920037
7921587
7922569
7931223
7931867
7932739
7933555
7934420
7935643
7936390
7937329
7938237
7938849
7939458
7940437
7940892
7942353
7943079
7943442
7943926
7944336
7945036
7945522
7946662
7948038
7948779
7949281
7957770
7958775
7959327
7963103
7963624
7964557
7965017
7965378
7965815
7966131
7966523
7967056
7967855
7968853
7971022
7977245
7978509
7979458
7988124
7988615
7989069
7989377
7990059
7991338
7991701
7992065
7992448
7993364
7994109
7995725
7998135
8002127
8003197
8004680
8016970
8017892
8037063
8047786
8048345
8049628
8055796
8056335
8056639
8056965
8057250
8057566
8058003
8061872
8063781
8065536
8066717
8072526
8073029
8073533
8074641
8075159
8101012
8102070
8105145
8106191
8106656
8107819
8125246
8138607
8142545
8143000
8143929
8150161
8151125
8157272
8157802
8158568
8159869
8160549
8161911
8167435
8174452
8175409
8192886
8193745
8199484
8200073
8201216
8201658
8202031
8202514
8203059
8203473
8204001
8204438
8205366
8206096
8221135
8226976
8227711
8228325
8234072
8235542
8241665
8242601
8243256
8310848
8318015
8320083
8324974
8328285
8330432
8332506
8334644
8338386
8342206
8342957
8343464
8344494
8359789
8360132
8360473
8360832
8361175
8361512
8361922
8366650
8367433
8370647
8372372
8374103
8375380
8379419
8380706
8381723
8383898
8414450
8421668
8425350
8426047
8427522
8427948
8429349
8436536
8438775
8470749
8471118
8471520
8472825
8473612
8475621
8476508
8477576
8478369
8484449
8485052
8490673
8491598
8496401
8497903
8520649
8521126
8522155
8523146
8523525
8523893
8524314
8524934
8525375
8525904
8526780
8527165
8529782
8553372
8554905
8560351
8561238
8563574
8564473
8565913
8568363
8570564
8579907
8580468
8580970
8581597
8583480
8592909
8596556
8596998
8597662
8598448
8600245
8615063
8617923
8618669
8619025
8619314
8619651
8620000
8620422
8621073
8622165
8632133
8635582
8636269
8636800
8637339
8637856
8638234
8638658
8639150
8643203
8644121
8644459
8644807
8645178
8645604
8652728
8653424
8654857
8655650
8658936
8659603
8660172
8662250
8663214
8665053
8665578
8686750
8688396
8689743
8690263
8690789
8691372
8692121
8692670
8693816
8694508
8695719
8696471
8697376
8698247
8699190
8699933
8713618
8714243
8714928
8715325
8715590
8716049
8716722
8717240
8721569
8722096
8727418
8728140
8736695
8737507
8738489
8739551
8741345
8742170
8743676
8744977
8745671
8749359
8750811
8752835
8759845
8760575
8761052
8761683
8762781
8765029
8767265
8776587
8777105
8777717
8778168
8778712
8779446
8780654
8792494
8793081
8793599
8794049
8795863
8796469
8797071
8823400
8823839
8824905
8829482
8831153
8832474
8837321
8837916
8840123
8841094
8841516
8842080
8849467
8851007
8852163
8853652
8856423
8857174
8875350
8898416
8901849
8908295
8908864
8909576
8910174
8914830
8915502
8916212
8918427
8919143
8920173
8922270
8923152
8924630
8933937
8944853
8945348
8945857
8946334
8946817
8948306
8949227
8949846
8951936
8952712
8953611
8958846
8964215
8964915
8965409
9015641
9016181
9016776
9017187
9017489
9017772
9018621
9019175
9020868
9021862
9025327
9026147
9027381
9027795
9028262
9029036
9051586
9052535
9053026
9053444
9053831
9054241
9054691
9055194
9057973
9061074
9063372
9064458
9065066
9065456
9065849
9066184
9066556
9067035
9076833
9077776
9078194
9078548
9079081
9079477
9079874
9080569
9081284
9088624
9089029
9089756
9090314
9090818
9091806
9092198
9092668
9103200
9103636
9103937
9104290
9104695
9105041
9105595
9106431
9108314
9109092
9109529
9110070
9111796
9112296
9112915
9113415
9115459
9117799
9120802
9121308
9123430
9126720
9127574
9131327
9132319
9135900
9137080
9140661
9144075
9146272
9158477
9165463
9165977
9166643
9167546
9174572
9175335
9183823
9185375
9194529
9196198
9204507
9205258
9219736
9220436
9222668
9224027
9224616
9225310
9226002
9227648
9248139
9248673
9249079
9249506
9250554
9251588
9252244
9252882
9255881
9263163
9264046
9285456
9288951
9289760
9297635
9298202
9299682
9300682
9301243
9301753
9307396
9308651
9309736
9313284
9324964
9326345
9327221
9327883
9329270
9330119
9330697
9331235
9331602
9332072
9332406
9332846
9334594
9337297
9337879
9347320
9348957
9349641
9384763
9386725
9387964
9388825
9390867
9395639
9396960
9401356
9402493
9402967
9403354
9403873
9404256
9404746
9418985
9419808
9420704
9421089
9423710
9425390
9453102
9454569
9484466
9485479
9490522
9491104
9495869
9497142
9497805
9499964
9500743
9502099
9513561
9519754
9520912
9522321
9530195
9557240
9563167
9571950
9572456
9573353
9574687
9576360
9584757
9599254
9607972
9619405
9620506
9621174
9639806
9640261
9641028
9641478
9641897
9642354
9652516
9657311
9658011
9658688
9662639
9674009
9674396
9674854
9678016
9679464
9680325
9681056
9687283
9693270
9697649
9698925
9699725
9701003
9703702
9704193
9704494
9704834
9705718
9706408
9708390
9709036
9709484
9710512
9722911
9723597
9726113
9727375
9729046
9729596
9730090
9739259
9740012
9742797
9743268
9743939
9760011
9761110
9761658
9762174
9762624
9763053
9763992
9765471
9773289
9773792
9774149
9774497
9775026
9777003
9788691
9789362
9790073
9809735
9811029
9813352
9819950
9820522
9821091
9821716
9822803
9874262
9917278
9920411
9922958
9924238
9924660
9925175
9940252
9941017
9942822
9944826
9945368
9974342
9975602
9976033
9976573
9977580
9983977
10009097
10010118
10021266
10025839
10033725
10034231
10034678
10039383
10039720
10040136
10040558
10041038
10041836
10042393
10043213
10045992
10053694
10054136
10055434
10056068
10063291
10064188
10064800
10065543
10066314
10066900
10067456
10068185
10068862
10069312
10069588
10069983
10070581
10071099
10071591
10072044
10072798
10076520
10077250
10077666
10078200
10080363
10081436
10082717
10083904
10085565
10086201
10090583
10091342
10091735
10092953
10104859
10105796
10122401
10136982
10138725
10140421
10142113
10143306
10145070
10158601
10159797
10160719
10161539
10162242
10163139
10163616
10164200
10164780
10165238
10165876
10166529
10166963
10168437
10171208
10171743
10172342
10173936
10176752
10180798
10188614
10193416
10214839
10215364
10215879
10216230
10216612
10217021
10217420
10217913
10221754
10222181
10222562
10222967
10223392
10223794
10224233
10224973
10226074
10226723
10234454
10247578
10248101
10251037
10251721
10254037
10262065
10263135
10263881
10265548
10265956
10266516
10267484
10268316
10278214
10278706
10280128
10283572
10284317
10295575
10296864
10297463
10298254
10299078
10299793
10301073
10306552
10307411
10308593
10309141
10309719
10310587
10311539
10312098
10313116
10313602
10313872
10314330
10314747
10315175
10315534
10315968
10316411
10316922
10318072
10318472
10319179
10320550
10321756
10322749
10376411
10376875
10377391
10377684
10378142
10379055
10380057
10381904
10382815
10384302
10388813
10389485
10407192
10407796
10408246
10408623
10408947
10409370
10410071
10410868
10411219
10411495
10411814
10412099
10412352
10412783
10413615
10414167
10415169
10426929
10427596
10428465
10429928
10431589
10432206
10433688
10435440
10435900
10436444
10436922
10437393
10437830
10438146
10438655
10439041
10439428
10439791
10447861
10471894
10472326
10472769
10473685
10477747
10478722
10483187
10487840
10488415
10488715
10489086
10489574
10490239
10490987
10496268
10497302
10498644
10503110
10503648
10504126
10504613
10505401
10527265
10527810
10539430
10539963
10543560
10544496
10545154
10545593
10545988
10546336
10550651
10551468
10551982
10552697
10554050
10554656
10555019
10555382
10555809
10586901
10587595
10589735
10594364
10599538
10600294
10600803
10601736
10605473
10606688
10607383
10607752
10609456
10610072
10610608
10621523
10622283
10626324
10627616
10628286
10629237
10630493
10631548
10632930
10638668
10639100
10639532
10639928
10640265
10640604
10641022
10641558
10642413
10644206
10644782
10645180
10645799
10666761
10672972
10699567
10699928
10700400
10701382
10702669
10723071
10723510
10723929
10724273
10724882
10725809
10726196
10726596
10726877
10727189
10727517
10727799
10728235
10728778
10729493
10737890
10738776
10740793
10742543
10746488
10754974
10757072
10757737
10760772
10762245
10768947
10770139
10771405
10771738
10772056
10772453
10772980
10773496
10773999
10778322
10780004
10805882
10808484
10810120
10811837
10817805
10821991
10843665
10844713
10845806
10846967
10850212
10854902
10855437
10856563
10857208
10859880
10861123
10866399
10867203
10867794
10869315
10869913
10870484
10871264
10871751
10872351
10879539
10880262
10880843
10881546
10891101
10892295
10893021
10893814
10894326
10896000
10912879
10913320
10919488
10919839
10920183
10922011
10922460
10924924
10925563
10931384
10931823
10932301
10932795
10936245
10937599
10939421
10940167
10940705
10942989
10944288
10944951
10945453
10948325
10950499
10964097
10969891
10970462
10970941
10971639
10972173
10972768
10973282
10974507
10975688
10979959
10981658
10983655
10984346
10985374
10986441
10987059
10998591
10999467
11000501
11000980
11001822
11002611
11003555
11006131
11011446
11011880
11012416
11013455
11014030
11014844
11016413
11023352
11024315
11024987
11025463
11025968
11027050
11027923
11028789
11029767
11034389
11037587
11043381
11043775
11044314
11045358
11046748
11047899
11048375
11048919
11086530
11091662
11092520
11093432
11094498
11097745
11106746
11107358
11108287
11113124
11113816
11114552
11115072
11115738
11116919
11120293
11121629
11136898
11137412
11137935
11138298
11138647
11139082
11139475
11139857
11140234
11140578
11141082
11141629
11142071
11142550
11143213
11144121
11148771
11149657
11156422
11170647
11172983
11173596
11174718
11179645
11181327
11182192
11195409
11196005
11196411
11196919
11197748
11199576
11200052
11200685
11208129
11209489
11214833
11215635
11220001
11220427
11221062
11221728
11222407
11223644
11259869
11260442
11268354
11279864
11280485
11281991
11285198
11289078
11290256
11291070
11295429
11296023
11298052
11298702
11299370
11301543
11302523
11309947
11322084
11322702
11323223
11324335
11329848
11331228
11333971
11358225
11359299
11360177
11365436
11366127
11367223
11368071
11368649
11372266
11373967
11376551
11377286
11379233
11380776
11382416
11384413
11385344
11386945
11387474
11389882
11398599
11399580
11400262
11401869
11402477
11403413
11404615
11405258
11405800
11412577
11414203
11415499
11417728
11421444
11422842
11428763
11429881
11430256
11430688
11431193
11432313
11432580
11432957
11433451
11439894
11440591
11441553
11442920
11449144
11452078
11454293
11454785
11455416
11456147
11469732
11483074
11483932
11484466
11484957
11485861
11487063
11487799
11488587
11493263
11499878
11500444
11500807
11501445
11501895
11505273
11509385
11518652
11519324
11519715
11520568
11521597
11523425
11528459
11529253
11530007
11530795
11545117
11545450
11545893
11561745
11562908
11565269
11565716
11566100
11566655
11567437
11571926
11572516
11577257
11582744
11587237
11591748
11593256
11597206
11597953
11598431
11598972
11599445
11599872
11601708
11603787
11609342
11609961
11610915
11636092
11636639
11636989
11637462
11638037
11638705
11639970
11641113
11642562
11643005
11643437
11643868
11644584
11645338
11645947
11646601
11653981
11656116
11656822
11657397
11657970
11661662
11662438
11663430
11663966
11664744
11665997
11671891
11673990
11716607
11737874
11769811
11772802
11778564
11779155
11779749
11780203
11780719
11781445
11785268
11785840
11786733
11788840
11789408
11791830
11804474
11807939
11823027
11824607
11825024
11825556
11826361
11827262
11827908
11829337
11830236
11830572
11830977
11831533
11833378
11834040
11834938
11837582
11838135
11840779
11841196
11841628
11846908
11848548
11870735
11871689
11879560
11881688
11888446
11889320
11889803
11905127
11905814
11906406
11906904
11916814
11917407
11918772
11919156
11919627
11920272
11920737
11922425
11922827
11923319
11923814
11924326
11925433
11926268
11926837
11928161
11933024
11944042
11947394
11947957
11948340
11949121
11949713
11950339
11950921
11951487
11952381
11953000
11953653
11954513
11954877
11955363
11956981
11963013
11969468
11970771
11971934
11973060
11974837
11979536
11984995
11986119
11986709
11987288
11988319
11988743
11989926
11990746
11991428
11997600
11998098
11998768
12006979
12007900
12010446
12011462
12011999
12018818
12019724
12020518
12030356
12031604
12032375
12036021
12038557
12043150
12044614
12046739
12050564
12052190
12052638
12052954
12053275
12053654
12054093
12055043
12067478
12068299
12074241
12075127
12075960
12079078
12079708
12080361
12081843
12082709
12090044
12091071
12097914
12098772
12099598
12100728
12102076
12102484
12103233
12104744
12105780
12106407
12106875
12107237
12107594
12108059
12108381
12108960
12111184
12112004
12112572
12113061
12113628
12114249
12124855
12128133
12129626
12130402
12150759
12153378
12154741
12156896
12157373
12157786
12162382
12163364
12165809
12166743
12169418
12169840
12170500
12171205
12174576
12175125
12176109
12176603
12178265
12179250
12181453
12184656
12186063
12193104
12201044
12208725
12210133
12223752
12230568
12231192
12232009
12235207
12241525
12242428
12254757
12255439
12256304
12257239
12262637
12266554
12270921
12271956
12272721
12273841
12274892
12275677
12276459
12277474
12278208
12278887
12279414
12279978
12280350
12281336
12286683
12295965
12311865
12312613
12312999
12313533
12313974
12314555
12315635
12316196
12322699
12323674
12324462
12332584
12333220
12334282
12335178
12342963
12343561
12344389
12352037
12352649
12353257
12353897
12357455
12358055
12360197
12361236
12361716
12362429
12363539
12364159
12371512
12372635
12373201
12373628
12374142
12374780
12375584
12376256
12380545
12381300
12385754
12404999
12411358
12417978
12418713
12419701
12423348
12426391
12426800
12427424
12427913
12434246
12439014
12441169
12447482
12453611
12454575
12455615
12456322
12456786
12457114
12457523
12460071
12463465
12463899
12464530
12465100
12465643
12471133
12472353
12473526
12474023
12474876
12475765
12476458
12480817
12488168
12489423
12490183
12515107
12528688
12529829
12534994
12536851
12539119
12545571
12546374
12547478
12548193
12548851
12549560
12550144
12550632
12555100
12559064
12560378
12560911
12561411
12562184
12564178
12566739
12568029
12568644
12569459
12570092
12570680
12571347
12572048
12573468
12577689
12600649
12601845
12602546
12603130
12603929
12608242
12609358
12610333
12610815
12611352
12612225
12613105
12613927
12614298
12615013
12617098
12624003
12624461
12624928
12626607
12627515
12628100
12628524
12629271
12630653
12632729
12633071
12633945
12636018
12636420
12637019
12637583
12639494
12641230
12642248
12644108
12645332
12647872
12648928
12649814
12652768
12653675
12654813
12655299
12655836
12663509
12664530
12673299
12674611
12693302
12705286
12705880
12706361
12707398
12709132
12710236
12711348
12712121
12713754
12715189
12725174
12726879
12727744
12729027
12734605
12735669
12747362
12752871
12754196
12772416
12773616
12789453
12795233
12798318
12799928
12800376
12800808
12801548
12803823
12821943
12823031
12824376
12825139
12826229
12826638
12827624
12829619
12835520
12836936
12839169
12851157
12860240
12862967
12863746
12867752
12868232
12868759
12869194
12869906
12870613
12883260
12883726
12884230
12884965
12914106
12915210
12917020
12918072
12919433
12920747
12924440
12930940
12931709
12932548
12933516
12946211
12946749
12947683
12948534
12978348
12979734
12985381
12990505
12991009
12991611
12992211
13010097
13011030
13018146
13018828
13019474
13020008
13022302
13023775
13024457
13027944
13029043
13029808
13030914
13052645
13053098
13053696
13054443
13055251
13056703
13062075
13063801
13064490
13067063
13067669
13068166
13068751
13069252
13074901
13076989
13077878
13078907
13086365
13086811
13087326
13087708
13088045
13088475
13088877
13089308
13089779
13090115
13090667
13091121
13091536
13092041
13096213
13099117
13115479
13116774
13117773
13119782
13136558
13137820
13157154
13161258
13163007
13164207
13184182
13193689
13199686
13200923
13203562
13212286
13212971
13226289
13227197
13227731
13228130
13229122
13230085
13247373
13248944
13249367
13249828
13250291
13250809
13251595
13257182
13259924
13260922
13261864
13262403
13262934
13263690
13264283
13268241
13269067
13290338
13296860
13297718
13299498
13302006
13309211
13310322
13311435
13313402
13313880
13314567
13314871
13315319
13315828
13317398
13318587
13319458
13319975
13320484
13321428
13323346
13324711
13325339
13335633
13339443
13340250
13340748
13351948
13352469
13352931
13353610
13354501
13354917
13355549
13355923
13356296
13356727
13357210
13357587
13358274
13358891
13359484
13359954
13360394
13361082
13361898
13362408
13362898
13363315
13363850
13364504
13364860
13365234
13365715
13377063
13387034
13387521
13388067
13388691
13389968
13398214
13398840
13403061
13403753
13404413
13408854
13409564
13417053
13418679
13419401
13419918
13420720
13421252
13421814
13422208
13422596
13422965
13423309
13423790
13424833
13434882
13435414
13436393
13436997
13441996
13443476
13444400
13449893
13461762
13462643
13463146
13463699
