467.1329
938.4705
1289.889
1755.34
2196.567
2667.462
3734.309
5408.525
6110.33
7007.697
7430.319
7901.645
8559.966
8809.807
9254.788
10096.42
10564.91
20510.3
38362.09
39659.75
40772.49
47075.48
47631.32
48710.71
49861
51662.32
53728.25
55388.38
56295.31
66699.86
68820.74
69172.2
69577.15
70072.41
70683.16
86720.71
99889.11
101358
103741
105527.6
109616.4
112598.8
114040.2
114702.5
115631
116556.9
117151.3
118190.8
118856
119677.5
122641.7
123472.7
124029
124502.1
125117.8
127093.8
131101.1
131868.6
135906.4
143253.4
145918.9
147172.5
147498.9
147816.4
148669.8
149135
151147.2
152558
153457.4
154510.3
177884.5
186025.9
188131.2
188717.1
189212.4
190164.7
191123.8
191887.8
196499.1
200335.8
212769.8
225168.4
225886.1
226755.3
227655
230284.9
230711.6
231586.6
234668.4
235067.8
235711
236722.8
251318.6
261874.9
262560.4
262959.5
263672
268249.1
269387.5
270413.7
271600.4
273958.2
274773.1
275267.1
275853.8
276604.4
278368.7
278932.6
279748.5
289225
289714.2
290085.7
290553.7
291620.3
303655.3
314745.8
327427.2
342220.3
346943.7
347636.8
348125.9
348980.2
353668.9
358425.6
359053.7
359518.6
359973
360425.8
360891.6
361477.8
367356.2
370701.6
378219.6
379225.8
384369.3
385165.3
387682.3
392148.3
395489.1
403506.5
404233.2
410615.7
411247
411938.6
412883.2
413584.4
417594.8
460842.7
470976
473480.3
474047.2
474475.7
475087.5
475661.5
496577
502665.1
503919.4
506333.1
506929.3
507740.4
543300.4
544201.8
545455.2
548248
549200.1
549923.4
551230.7
552237.4
557065.7
558567.2
561553.2
561718.5
564297.2
572859
581072.3
591606.1
592590.4
607090.7
624160
624852.2
625801.3
626256.9
626707.9
627236.5
628403.8
629910.3
633836.1
634830.6
636637.4
638510.3
669593.1
671005.7
671836.1
672552.1
696093.4
697827.9
719574.3
720559.3
723290.6
724155.1
724697.6
725258.1
728362.1
741482
743745.2
746166.3
756805.4
757146.3
763937.6
767256.7
777754.6
778180
778559.9
778967.3
779750.4
781455.6
782102.7
783401.3
784884.1
785808.5
787147.6
789093
789567.6
790425.5
790932.3
791864
799134.9
799810.7
800273.7
807220.9
807805.2
808887.9
809663.4
810303.5
810932.5
811437.8
813461.9
814192.2
816187.4
831765.9
838077.4
850796.1
872658.6
878457.6
879365.5
879921.4
880265.2
880634.7
915820.5
916837.2
917329.9
918281
921522.9
922501.6
923134
924039.4
925103.8
926014.1
926675.2
927678.8
929955.3
930830.2
931525.7
935943.6
936765.4
951301.5
953351.5
958262.8
964349.1
965774.9
966652.4
978812.1
984080.9
984631.9
985297.1
985501.7
985828.6
986371.2
996804.8
999845.3
1000285
1001102
1001489
1002187
1002755
1020826
1021972
1022571
1025963
1031315
1032105
1033678
1034508
1035251
1036326
1043983
1045020
1058890
1068151
1070614
1079897
1086348
1086956
1087381
1088153
1089268
1090126
1092246
1093499
1095226
1095589
1096386
1100396
1101104
1101708
1102635
1103216
1104076
1107525
1108359
1108986
1109697
1112525
1125175
1125773
1126317
1127240
1127912
1129101
1129736
1130240
1131066
1139513
1140650
1151224
1151936
1153067
1153632
1154502
1155635
1156149
1157000
1163984
1174719
1187280
1187993
1189293
1190762
1192208
1194836
1199559
1203394
1204834
1209163
1217023
1221979
1222332
1223079
1229897
1230304
1230991
1231932
1241363
1246719
1247300
1247815
1248508
1249145
1263468
1263962
1264295
1265662
1265996
1266539
1267040
1268019
1268603
1269905
1284292
1289897
1290723
1300765
1301770
1302256
1302786
1303413
1303964
1304420
1305149
1305602
1305997
1306456
1306945
1307557
1307971
1309172
1309576
1323187
1323835
1324332
1325173
1326177
1354439
1362690
1372036
1378804
1380125
1380956
1385065
1387418
1388071
1388740
1389562
1392240
1393358
1394246
1401275
1414043
1415059
1416172
1425665
1426431
1428820
1438390
1438996
1440383
1443424
1450322
1451076
1452240
1453133
1454862
1455922
1459535
1460364
1462254
1462747
1484839
1485481
1486049
1486668
1490114
1491606
1492798
1494094
1495922
1496724
1497343
1497738
1498220
1498965
1499682
1501768
1501837
1502233
1502335
1502764
1503348
1504310
1504646
1505099
1505746
1506724
1515543
1518614
1520703
1521473
1521933
1522474
1523496
1524304
1525375
1525892
1534422
1535185
1536255
1537075
1548757
1553808
1554679
1559675
1560299
1565767
1566492
1567933
1570375
1575755
1576644
1580326
1581027
1581593
1582057
1582716
1590668
1591071
1591477
1592141
1609225
1611859
1628313
1628976
1629765
1633639
1639130
1641253
1642420
1658923
1673843
1676621
1677729
1678235
1679326
1680493
1683298
1684558
1685502
1687518
1701978
1708047
1708852
1709671
1713031
1758705
1759427
1759926
1764281
1766432
1780289
1809631
1810245
1810741
1811359
1811780
1812567
1813326
1814780
1815463
1825109
1825763
1826314
1831199
1837305
1838630
1839182
1841261
1842934
1849376
1852653
1854216
1855432
1856111
1856797
1856970
1858123
1858970
1859527
1860011
1860068
1861387
1861787
1862510
1863150
1865162
1874373
1889463
1889965
1890525
1891874
1901276
1923456
1925693
1927902
1928501
1929888
1930972
1931582
1932264
1932654
1933069
1933691
1946593
1946770
1950504
1966341
1969370
1969858
1970391
1971121
1971767
1972280
1973516
1974012
1974469
1975001
1975571
1976066
1976625
1977926
1978642
1979272
1986621
1986960
1988154
1988744
1989432
1990136
1990691
1991181
1991645
1992215
1992651
1996041
2006739
2007492
2008422
2009705
2011521
2012321
2014680
2028823
2036024
2038298
2039233
2040812
2065029
2074224
2075977
2076845
2079177
2080285
2081608
2082160
2083544
2090443
2091451
2093601
2107474
2110075
2110760
2111501
2112232
2112886
2114262
2115528
2116004
2116482
2117084
2120324
2120900
2139770
2140941
2141599
2142095
2142935
2143482
2144328
2145941
2147837
2148861
2171914
2186036
2186616
2187319
2193117
2195832
2197045
2203385
2204515
2204569
2207966
2209695
2210568
2211596
2216336
2225310
2225335
2228907
2250557
2252063
2252935
2254209
2265900
2284086
2285559
2286068
2286467
2286905
2287556
2290096
2291057
2291549
2292243
2292616
2293149
2294212
2294924
2299820
2301092
2301632
2302121
2302929
2303722
2304569
2305066
2314679
2315066
2315624
2316080
2316981
2319400
2320229
2320278
2326566
2330595
2332714
2340205
2341367
2344031
2345685
2350735
2351369
2351821
2352874
2364940
2366271
2371613
2372222
2372914
2373691
2380859
2410794
2413676
2424889
2426136
2428903
2433171
2436388
2442828
2455050
2455596
2456158
2456742
2456912
2462091
2462731
2465678
2466122
2466620
2467018
2467285
2467646
2469299
2470094
2470873
2471556
2472522
2475280
2476729
2477722
2480341
2494054
2496045
2498436
2498515
2499040
2499614
2500218
2506364
2509982
2512890
2524295
2525081
2550424
2554139
2554588
2555045
2555754
2556257
2556949
2557457
2558299
2559438
2560736
2587151
2587707
2589107
2590052
2599307
2608398
2609092
2610099
2612393
2613073
2613720
2614191
2614698
2615162
2615782
2618846
2620177
2621547
2625849
2628223
2630233
2630927
2631562
2657856
2658770
2659968
2661051
2672190
2672894
2673704
2677457
2678031
2701146
2703369
2716418
2717192
2717448
2719251
2722444
2722993
2723603
2724187
2725135
2725560
2726733
2727463
2728133
2728698
2733185
2733889
2768307
2769324
2771838
2773058
2773696
2774402
2775067
2776493
2777729
2778894
2779405
2779841
2780754
2784233
2784685
2785040
2785158
2786545
2789128
2797959
2798524
2799606
2800470
2801008
2801632
2812098
2813649
2814334
2815358
2826559
2837549
2838295
2839205
2851492
2852241
2853256
2854100
2855090
2856893
2861655
2862134
2863112
2864129
2864983
2865853
2867776
2870641
2874836
2875288
2876159
2876743
2877527
2879307
2881514
2882314
2885137
2893134
2893770
2894916
2895383
2895832
2896208
2896708
2897406
2898636
2899374
2899789
2900221
2900570
2900927
2901285
2901768
2905075
2906445
2906951
2907588
2908463
2909855
2912790
2932768
2944239
2949126
2949736
2950365
2965385
2966243
2967436
2969453
2969713
2970274
2973174
2982963
2985730
2986546
2987528
2992090
2994768
2996962
2997971
2999215
3004110
3004488
3004981
3012576
3025018
3025618
3026233
3027093
3028949
3031404
3036174
3037443
3040164
3040871
3041961
3043830
3044553
3046920
3050707
3066269
3068997
3069941
3070445
3071549
3082096
3100632
3104825
3118149
3118688
3119105
3119907
3122679
3123215
3123872
3124234
3124658
3125455
3125980
3127193
3153159
3161565
3164106
3165476
3166085
3177984
3187117
3189960
3191158
3199011
3199575
3200098
3202961
3203585
3204991
3210258
3210925
3211585
3212952
3220485
3223019
3223994
3225368
3230753
3232509
3233295
3234086
3242376
3244302
3246043
3246618
3247146
3252704
3275962
3276513
3276635
3277660
3278419
3285403
3298791
3301539
3308254
3308733
3309244
3309852
3310755
3311386
3312224
3313014
3329037
3332525
3345970
3348304
3349610
3351675
3353248
3356660
3357793
3358372
3359060
3359820
3365513
3373637
3394430
3398909
3403547
3412243
3412871
3417022
3417981
3418851
3419550
3419949
3420281
3420783
3421154
3421502
3422032
3426132
3428142
3429120
3434478
3436419
3438651
3439692
3440466
3441203
3442019
3444000
3444660
3445382
3446138
3447523
3448368
3449060
3449802
3451523
3454613
3456503
3472849
3474132
3475617
3478000
3478596
3479253
3480008
3489215
3492267
3492736
3494036
3498511
3499109
3499851
3501022
3501595
3501983
3502407
3509631
3509657
3510481
3511288
3512046
3512791
3513314
3515535
3516130
3516662
3519464
3536161
3539732
3542306
3549314
3550545
3559231
3560059
3560592
3562451
3563398
3564365
3572404
3576138
3600521
3601335
3601836
3605284
3606115
3606841
3607785
3611043
3611790
3616959
3629124
3629564
3630043
3631106
3631902
3633980
3643537
3645166
3646438
3650062
3650933
3652026
3652794
3654074
3654911
3655387
3656045
3656966
3657860
3662217
3670849
3672528
3673041
3673511
3674308
3674885
3676284
3693889
3699270
3702684
3703402
3704460
3706959
3708450
3746217
3748338
3750608
3757476
3758069
3758542
3759057
3759567
3760486
3761652
3773531
3775022
3775591
3777902
3778557
3783787
3784192
3785878
3789956
3791345
3794433
3800093
3808170
3816542
3817199
3817706
3818672
3819327
3820237
3821100
3822034
3822653
3823198
3824439
3825331
3831674
3839531
3841230
3841864
3858967
3861040
3868697
3869217
3869593
3870148
3871483
3871978
3882382
3883611
3884310
3884946
3885454
3886244
3886780
3887425
3888299
3892973
3893866
3897404
3899939
3909614
3911158
3912097
3914531
3915052
3915940
3918868
3920161
3921228
3922658
3926548
3938232
3938544
3940382
3941905
3948422
3949692
3950459
3951131
3952296
3967421
3968492
3981883
3983759
3986025
3990869
3997592
3999302
3999970
4000859
4001632
4002147
4002499
4003094
4008535
4009166
4010543
4011270
4014286
4016035
4016845
4050090
4051343
4052430
4052611
4053029
4053828
4054527
4055346
4056532
4068097
4077277
4080831
4082063
4088022
4095634
4099957
4100714
4104383
4113315
4114503
4117637
4119883
4121700
4126780
4138666
4140217
4141781
4144110
4145197
4160323
4162442
4162861
4163319
4163913
4167011
4167890
4168406
4170650
4171677
4172487
4177989
4179242
4179924
4180963
4187281
4187924
4193009
4194241
4194805
4195285
4195739
4196451
4198740
4204820
4205438
4206160
4207134
4210419
4210954
4211477
4226783
4227559
4229819
4256474
4256963
4257503
4262195
4263096
4264107
4266043
4274837
4276153
4280160
4280791
4290114
4291273
4291840
4293621
4294560
4298468
4300552
4315321
4317901
4325507
4326481
4327031
4327584
4327973
4328585
4329411
4329922
4330410
4330981
4331542
4332122
4332628
4337394
4340551
4347402
4347863
4348201
4348599
4348947
4349617
4350051
4350524
4351550
4356636
4357467
4358182
4358959
4366611
4367396
4367763
4367972
4368487
4370073
4370294
4371878
4372328
4382875
4383566
4384154
4394116
4397340
4398250
4399318
4401386
4402259
4410851
4415377
4421133
4421771
4424751
4426347
4427507
4428111
4430164
4432658
4433227
4433804
4434591
4435653
4451640
4452087
4453002
4456126
4456885
4457606
4460617
4500884
4501350
4502150
4505210
4505876
4507040
4508030
4508577
4509452
4510299
4513303
4530690
4533692
4536035
4537144
4538269
4549628
4582885
4584293
4586319
4599946
4603789
4605842
4607191
4607753
4608490
4609133
4609864
4610436
4611609
4612424
4620649
4621768
4624254
4625264
4627370
4629585
4630423
4632224
4633210
4633853
4634513
4637264
4637783
4639259
4639683
4640388
4642400
4643796
4644720
4645516
4646705
4653937
4677189
4688789
4690228
4696744
4697471
4698440
4699275
4699970
4701553
4702340
4706345
4706859
4707461
4725500
4726954
4727669
4729055
4729715
4729939
4730718
4731486
4732055
4732525
4733164
4753180
4754050
4754566
4755083
4755467
4756089
4784914
4804525
4810078
4811099
4814921
4815738
4816586
4817709
4819695
4820894
4834089
4836017
4837325
4844935
4845792
4847430
4848475
4849115
4852102
4853084
4853720
4885492
4886962
4887829
4888708
4889435
4890479
4891157
4891731
4911042
4911629
4912274
4912599
4913606
4914503
4916769
4919720
4922041
4922518
4923024
4923619
4924288
4925198
4930673
4950144
4955437
4956165
4956822
4967729
4968313
4968812
4969365
4976975
4978539
4992044
4993526
4994322
4994945
4996970
5010486
5012734
5035559
5037648
5038077
5042918
5054598
5070135
5073271
5085618
5086559
5087915
5093480
5094738
5098141
5098687
5100945
5102440
5103103
5104408
5105649
5106609
5108802
5113174
5114885
5117173
5118039
5123914
5147999
5148566
5150322
5150814
5153064
5154178
5172261
5190920
5196549
5200279
5201690
5216550
5218902
5219442
5221654
5222211
5231342
5232708
5240602
5243341
5243882
5244703
5245598
5246722
5258732
5272106
5272789
5275225
5276162
5277255
5278042
5285245
5286033
5286743
5290569
5291603
5292528
5293394
5294440
5296223
5296789
5297371
5303118
5303947
5306361
5311230
5313064
5325319
5327127
5328482
5328923
5329371
5329914
5331511
5332374
5334030
5335919
5347959
5360395
5362154
5363893
5364486
5365523
5366193
5366596
5367010
5367704
5368118
5370651
5373280
5375091
5375586
5376363
5381318
5429755
5431100
5433494
5437025
5438097
5438789
5448126
5448568
5449048
5450758
5451454
5452676
5464126
5464759
5465146
5465780
5466280
5467793
5468490
5474992
5478280
5480349
5481089
5482360
5482834
5483615
5489256
5490407
5491305
5491808
5492144
5492555
5493415
5494923
5495849
5496497
5522041
5526851
5527756
5528750
5529793
5534641
5535619
5539922
5540709
5542238
5543529
5543975
5544865
5546019
5548190
5551989
5553028
5554115
5555277
5562095
5562607
5573732
5575218
5576806
5580980
5581476
5581847
5582264
5582718
5583072
5583517
5583941
5584246
5585016
5599368
5618100
5619142
5619573
5619942
5620365
5620742
5621305
5622605
5623375
5623881
5624652
5625497
5627321
5628148
5628996
5633776
5634748
5664560
5667393
5668321
5668946
5670275
5670795
5671513
5672119
5676592
5677789
5678411
5679107
5679889
5680683
5681500
5698062
5698924
5709508
5712719
5716627
5717265
5723697
5730688
5731720
5742652
5743106
5743830
5745458
5745970
5746774
5748332
5755050
5757013
5757166
5758827
5764459
5773709
5775670
5776195
5776892
5777416
5778640
5781245
5781643
5782315
5782990
5785474
5786343
5787146
5788004
5807484
5808167
5808863
5813150
5813904
5819162
5819732
5820229
5820773
5821289
5822365
5823050
5824879
5855951
5864204
5878700
5885239
5886057
5886560
5887666
5891162
5891474
5891840
5892368
5893216
5894189
5898377
5902490
5920197
5920879
5932669
5933409
5935365
5935785
5936780
5938188
5938970
5939466
5939876
5941116
5944226
5949903
5951597
5957217
5959423
5962207
5966470
5967486
5967859
5968591
5968974
5969666
5970103
5976585
5992338
5996575
5997327
6003825
6015994
6019057
6020423
6021000
6021520
6022115
6026010
6026536
6027080
6027478
6028888
6036590
6050063
6059001
6061543
6064032
6070337
6070589
6071895
6073472
6073875
6074467
6075957
6099236
6100038
6112832
6117842
6118653
6119207
6119814
6120550
6122123
6166698
6167186
6170383
6171115
6171895
6191146
6192522
6195893
6210269
6226932
6232370
6242764
6244680
6247997
6249406
6249825
6256336
6258084
6258499
6259365
6260093
6261239
6267397
6267867
6268365
6268906
6269371
6270116
6304761
6310198
6311083
6315269
6315826
6318125
6318781
6327098
6327949
6328282
6329087
6329405
6329856
6330702
6340315
6340848
6341635
6342265
6345399
6356931
6357763
6357884
6360199
6364359
6383396
6389867
6410885
6415389
6417856
6421821
6422196
6422505
6424056
6424916
6433037
6433829
6434710
6436155
6437996
6441001
6441615
6442612
6447823
6448716
6449166
6449516
6449893
6450254
6451719
6453014
6453434
6453981
6454391
6455603
6456208
6456650
6459146
6477334
6477894
6479419
6479969
6480386
6480802
6481121
6481638
6485106
6489710
6490917
6492326
6500056
6508503
6512790
6514524
6516425
6516875
6517255
6518163
6522297
6526775
6534768
6543427
6543958
6558661
6600341
6603716
6604379
6604982
6611747
6627763
6628897
6629529
6630448
6631277
6633047
6633696
6634395
6634893
6635044
6635376
6641010
6644584
6646006
6646542
6647107
6647770
6648428
6649202
6649525
6649872
6650401
6652744
6653605
6663353
6663828
6664397
6664957
6665545
6666385
6667048
6667693
6668630
6669808
6671216
6673669
6677172
6678307
6683348
6685576
6686114
6686731
6687264
6687689
6688204
6688811
6689978
6694157
6702857
6703706
6704213
6704561
6704584
6705560
6719353
6726332
6766115
6768317
6769057
6769460
6769888
6770508
6771226
6772140
6782442
6783010
6783518
6784166
6791086
6794151
6802642
6803199
6804567
6812192
6813333
6815344
6818863
6820260
6828879
6841248
6847748
6848269
6848792
6850492
6851505
6865950
6868266
6868835
6869190
6869614
6870039
6870599
6870984
6880726
6882685
6889296
6895551
6896154
6896667
6897094
6899462
6900907
6901249
6903145
6909926
6921241
6921977
6922673
6923177
6927639
6928058
6929260
6942971
6943457
6953798
6955172
6959124
6960032
6960489
6960840
6961303
6963628
6966008
6967196
6967716
6968693
6969153
6970024
6973182
6974517
6975393
6975909
6976422
6976828
6977203
6977804
6978304
6978899
6979372
6979906
6980486
6981107
6982948
6990795
6991547
6992185
6993167
6994567
6995284
6996207
6996961
6997347
6997955
6999163
6999681
7010679
7012347
7012415
7033677
7033742
7034362
7035928
7049422
7063302
7064686
7065405
7065927
7066416
7066972
7069735
7075279
7079032
7086316
7087051
7087559
7088005
7088356
7088766
7089732
7089759
7096484
7096880
7097463
7099040
7100688
7101414
7102110
7102736
7103191
7103722
7104319
7105295
7110368
7111092
7113872
7114562
7115255
7116703
7117496
7128718
7131682
7132270
7132845
7134171
7136603
7137626
7159707
7167766
7173059
7202135
7213377
7214523
7219265
7219919
7220774
7229932
7237051
7238123
7243428
7264445
7265757
7266349
7267143
7267915
7271093
7289010
7290328
7292817
7301579
7309679
7327115
7329046
7330887
7335249
7344424
7355648
7356732
7357155
7357899
7358048
7359882
7367477
7368516
7369941
7374944
7375513
7376248
7378621
7381364
7381967
7382504
7383335
7389808
7400584
7403287
7425122
7426915
7430760
7433014
7434927
7435632
7436107
7436540
7437529
7437934
7439927
7440039
7440235
7441003
7442477
7442975
7444273
7445636
7446378
7447235
7449463
7450511
7451126
7451720
7451907
7456798
7462959
7463655
7464226
7481002
7481304
7481651
7482672
7483117
7483690
7497258
7501216
7505095
7507242
7508614
7509711
7510615
7519671
7524879
7525382
7526021
7535284
7546931
7548314
7553007
7553973
7555083
7555884
7560364
7565676
7567245
7567931
7569960
7576032
7599110
7600494
7603419
7615808
7619027
7619308
7620437
7621063
7621564
7622132
7623019
7663252
7663820
7664303
7664640
7665012
7665496
7666254
7667254
7673802
7677101
7682310
7683188
7683289
7685131
7690006
7690844
7691594
7691999
7692689
7701691
7702469
7703165
7703613
7704277
7709019
7709963
7710695
7712708
7714232
7716498
7719339
7721057
7727916
7738322
7739886
7748024
7749772
7750414
7752547
7757914
7758349
7759766
7760508
7760587
7767890
7768532
7787289
7787987
7796540
7798574
7801742
7810344
7812114
7813451
7814848
7837382
7838108
7838826
7839320
7839830
7840500
7842347
7843391
7845817
7846529
7847797
7856087
7866571
7870217
7879579
7880529
7882417
7892706
7902836
7909361
7911161
7918160
7919111
7919647
7934744
7935492
7936231
7937112
7942972
7962925
7963840
7964470
7967952
7982520
7983553
7985698
7986455
7988114
7988956
7991448
7992355
7993100
7997581
7998524
7999524
8000244
8001806
8022043
8024127
8024754
8025203
8025578
8026028
8026105
8026489
8026783
8027126
8027782
8028902
8029707
8031130
8032048
8032993
8036500
8037181
8037973
8046183
8046656
8047121
8048007
8048445
8048984
8049762
8074536
8075184
8076045
8077251
8077972
8078676
8100348
8100948
8101513
8101972
8102645
8110434
8111449
8111953
8112502
8113151
8113546
8114368
8114842
8115747
8116792
8117422
8118069
8118802
8120471
8121481
8121997
8122504
8128021
8128561
8129609
8133604
8134466
8134741
8134982
8135549
8135909
8136298
8136779
8137359
8138519
8139721
8141367
8143935
8162200
8163277
8166174
8167320
8167916
8169000
8170486
8171029
8171396
8171835
8172308
8172827
8173804
8176347
8177078
8177681
8178253
8179151
8185863
8186470
8197663
8203971
8205241
8206081
8207025
8208651
8209152
8210743
8213256
8214001
8214444
8215065
8215675
8216671
8224373
8224869
8225482
8229098
8229551
8230182
8231030
8232349
8232872
8234193
8234709
8235222
8235968
8236976
8238221
8238936
8239469
8240087
8240749
8241430
8261378
8274679
8280159
8281309
8282131
8295364
8295738
8296457
8297907
8302565
8303432
8303888
8304425
8305103
8305559
8306991
8307367
8317607
8318480
8319362
8320865
8325838
8328771
8330823
8334168
8336193
8337159
8337878
8343358
8344150
8344520
8344944
8345342
8345941
8346601
8364563
8366916
8373379
8385794
8386620
8387663
8388336
8393316
8394071
8394474
8394984
8395418
8401245
8402270
8422931
8429418
8430817
8431417
8431947
8434568
8444319
8445012
8445592
8446670
8451862
8452500
8452960
8453469
8454228
8460351
8461564
8462111
8464345
8471895
8472838
8474442
8475002
8475569
8476445
8477178
8477696
8478337
8486329
8489039
8490104
8500479
8503073
8516614
8521989
8522338
8522818
8523425
8524299
8556183
8556760
8557502
8566203
8567467
8567774
8567917
8568426
8574909
8588398
8589119
8589987
8590608
8591935
8592791
8608544
8611774
8612508
8619019
8619993
8630241
8630990
8635714
8636653
8640266
8640876
8640902
8643274
8644025
8644169
8644735
8645425
8646778
8649012
8653920
8662101
8663409
8666091
8668483
8678395
8679437
8680354
8687547
8688060
8688508
8689227
8696430
8698843
8703860
8704409
8712865
8713601
8713630
8721215
8722107
8723001
8737098
8737818
8739862
8740731
8742661
8748746
8750691
8753190
8754155
8755797
8756648
8771247
8771673
8772053
8772463
8772960
8773397
8774035
8776055
8777742
8782146
8782839
8790673
8791222
8791246
8792258
8793655
8794275
8798070
8798362
8799386
8799944
8800483
8800974
8801829
8802638
8804326
8808232
8817722
8818260
8821720
8831197
8841481
8842628
8843474
8843961
8844597
8845049
8845621
8846027
8846491
8855742
8861280
8861830
8863141
8863916
8864200
8864601
8865050
8865462
8865840
8866165
8866524
8866977
8868139
8868817
8869404
8869957
8870676
8870843
8880018
8895711
8906708
8907487
8908766
8913182
8917412
8918602
8919512
8922678
8931978
8933625
8938204
8943048
8944066
8944865
8945976
8947051
8948506
8949265
8954812
8954948
8955610
8956262
8956808
9003211
9003712
9004159
9018182
9018730
9019510
9024673
9037744
9038573
9039568
9040375
9040668
9047446
9048525
9049480
9051015
9055147
9060633
9061803
9062584
9066066
9066749
9069632
9072534
9073344
9074136
9074986
9075909
9078483
9079174
9080454
9081084
9081875
9082224
9088986
9090488
9092414
9093117
9094147
9094620
9095182
9095653
9096250
9100908
9117832
9119024
9120264
9121137
9121298
9121578
9122056
9123882
9130134
9131937
9149969
9151509
9152461
9168401
9169164
9174082
9174635
9176477
9177686
9185870
9202200
9203169
9203549
9213255
9231432
9232156
9232887
9233488
9234419
9236909
9237730
9237753
9238216
9238643
9239100
9244454
9252400
9254851
9272532
9273976
9280382
9288014
9288796
9293801
9296030
9298241
9298933
9299437
9299859
9301010
9301589
9303904
9308953
9323969
9324999
9325684
9348821
9349535
9352449
9353535
9354385
9379530
9398492
9399873
9401963
9404094
9405414
9406233
9407128
9407875
9424112
9451194
9452627
9456509
9457247
9458310
9458857
9468440
9470426
9472239
9473085
9474731
9478601
9479141
9479666
9480138
9482208
9483087
9483853
9485055
9485853
9491839
9492272
9492890
9521518
9522958
9539738
9540237
9540686
9541173
9541668
9542681
9545916
9546529
9546555
9557153
9557805
9558781
9559593
9565216
9580131
9584159
9584887
9591448
9592140
9592834
9593480
9594875
9598190
9602137
9602908
9608922
9609923
9610659
9612947
9614919
9626374
9635274
9642760
9643679
9644178
9644638
9646566
9647191
9647919
9648355
9649582
9687703
9688241
9688867
9689414
9690061
9690971
9696776
9703625
9723232
9723738
9725197
9725632
9726775
9729626
9730489
9730880
9731415
9732172
9732942
9735490
9736282
9737258
9738539
9760967
9776472
9777505
9783049
9789371
9791048
9792063
9803587
9804904
9805876
9807628
9808173
9811068
9824352
9825343
9825895
9832384
9833185
9833971
9834830
9835409
9836063
9837024
9848580
9849207
9849595
9850296
9850933
9851620
9852562
9853250
9864950
9867942
9878670
11253160
11266056
11267255
11267650
11268784
11269574
11270284
11272208
11279306
11280127
11280949
11281565
11282615
11285358
11326457
11327260
11334151
11335456
11335905
11339275
11340082
11343133
11343735
11344777
11354601
11355426
11355863
11356273
11357151
11357550
11358087
11358469
11359266
11360432
11362564
11363099
11367816
11368535
11379336
11381552
11382255
11392661
11397020
11399674
11410373
11411224
11415530
11416037
11416750
11416911
11417227
11418184
11418980
11419441
11419493
11420203
11434854
11436200
11446465
11447382
11451226
11455768
11456522
11469050
11469808
11470478
11471723
11473936
11474532
11475242
11476065
11476864
11477485
11483828
11484361
11485008
11498445
11499029
11499849
11509255
11513749
11514583
11516057
11517630
11521018
11522189
11528387
11529268
11529959
11533956
11543867
11551458
11559481
11559970
11560470
11561087
11561826
11562498
11564785
11567768
11568375
11569011
11572555
11573586
11576166
11581259
11581815
11582487
11583378
11583943
11584516
11585289
11586091
11586941
11588030
11591626
11592208
11592644
11593117
11593896
11594443
11595063
11595603
11597143
11597911
11598602
11602939
11603676
11607367
11624621
11626469
11627071
11627564
11628096
11632579
11633047
11633684
11645460
11648517
11649287
11650648
11661718
11662305
11662699
11663588
11665541
11667629
11669572
11671675
11672643
11673247
11673672
11674122
11674803
11677299
11677986
11678638
11679665
11679985
11680356
11704023
11704967
11707736
11708865
11709441
11709787
11710141
11710814
11723662
11724175
11725160
11728428
11729325
11743585
11744792
11751315
11753169
11754225
11764810
11765350
11766069
11768464
11775921
11776727
11779851
11796166
11797114
11803040
11803989
11804724
11806642
11807641
11811091
11811729
11812375
11812822
11813489
11814087
11814765
11815343
11816267
11817050
11818113
11822648
11826570
11827719
11828580
11829732
11831068
11831772
11832331
11834017
11835025
11836100
11837150
11837730
11838222
11838643
11839052
11841898
11849498
11850289
11850774
11851161
11851524
11851866
11852417
11852810
11853280
11854184
11854878
11855514
11898178
11901413
11905474
11906123
11906696
11907176
11911874
11912600
11913226
11913633
11913967
11914250
11914648
11915012
11915895
11917005
11918460
11919163
11920022
11921792
11942939
11945070
11945667
11946672
11956590
11961719
11962362
11963279
11963752
11964638
11973060
11996399
11996800
11997338
11997926
11998540
11999950
12018351
12021247
12022485
12035223
12049282
12050192
12051687
12052371
12052871
12053469
12066883
12067373
12068027
12068821
12069618
12091219
12093562
12099696
12102862
12104808
12112627
12113390
12113905
12114462
12115953
12117810
12121541
12122103
12122564
12122949
12123699
12127366
12127787
12128115
12128502
12129192
12130614
12151662
12152521
12152915
12165332
12170009
12172906
12176375
12180444
12192313
12192998
12205280
12205860
12210336
12211032
12211569
12212258
12213078
12214558
12219358
12220364
12221067
12221822
12222722
12223271
12224259
12225802
12231595
12242364
12243060
12256896
12257574
12258189
12258745
12260197
12264556
12265365
12270966
12283450
12284694
12285800
12289286
12290288
12291332
12292379
12295320
12306936
12330848
12335479
12336628
12339611
12340710
12341412
12343729
12344134
12344776
12354793
12355699
12356280
12357912
12370492
12370892
12371860
12372367
12373146
12373684
12374226
12374730
12378979
12380076
12384982
12386372
12390677
12391716
12401355
12408177
12408782
12409710
12421724
12423497
12425276
12425909
12426671
12427215
12427831
12428285
12430718
12437068
12442284
12442860
12443419
12444089
12444723
12445406
12456587
12473989
12476664
12478080
12478965
12479445
12480451
12481452
12486353
12486923
12487873
12489368
12496714
12497313
12511905
12512632
12518535
12519707
12520744
12537040
12537953
12538407
12538989
12539848
12540673
12557305
12560422
12560913
12561353
12561951
12563173
12564028
12564728
12565218
12566192
12567004
12568223
12572936
12576069
12576658
12578178
12579118
12580021
12580813
12600555
12601040
12601552
12602056
12602750
12603261
12604042
12604955
12609633
12622460
12623023
12624723
12630291
12631088
12631693
12632503
12651287
12653275
12654828
12655868
12656814
12659752
12660460
12672410
12673141
12673625
12674103
12675508
12676375
12684889
12686865
12687693
12692091
12718112
12719222
12719792
12720593
12721708
12724212
12724615
12730466
12732420
12736980
12739628
12740891
12746818
12747905
12748399
12749068
12759774
12762090
12770387
12771148
12771617
12772177
12775277
12776402
12782653
12784415
12785086
12785818
12786590
12791827
12793913
12795363
12796432
12802291
12808807
12810822
12834179
12834706
12836331
12837309
12837913
12838503
12839069
12840930
12841747
12842625
12845418
12847162
12847686
12850532
12851257
12852086
12852897
12854324
12855535
12856013
12856149
12856604
12857966
12860034
12860584
12863384
12878218
12880083
12881593
12888837
12889625
12890070
12891253
12892124
12903790
12904434
12909566
12913827
12914563
12915135
12915936
12917241
12932887
12937143
12938863
12940347
12948321
12967590
12968335
12969628
12970303
12971197
12971998
12972737
12973372
12974004
12976127
12981797
12982470
12983047
12984045
12984984
12995510
12996465
12997004
12997397
12998220
12998682
12999510
13000282
13003267
13011206
13011646
13012097
13012603
13015843
13016292
13016910
13017548
13018609
13019495
13023610
13025187
13026296
13027090
13060139
13061980
13063783
13064721
13066435
13067820
13068356
13069363
13069854
13070306
13074160
13075838
13077667
13086058
13087218
13088636
13089464
13090140
13091695
13095283
13099369
13103092
13103928
13106361
13109137
13110057
13112964
13113566
13115726
13116358
13124184
13128914
13144778
13151166
13153614
13154254
13154763
13155557
13156162
13156809
13157415
13160004
13162425
13164226
13172951
13174354
13181131
13184879
13194418
13212284
13222377
13223198
13224202
13224679
13225111
13225899
13227343
13236452
13237712
13239781
13240521
13241138
13241517
13241901
13242320
13243057
13245388
13267490
13268544
13277756
13286618
13293278
13294073
13304178
13305079
13315666
13316162
13316602
13317127
13317631
13318566
13323055
13337643
13339175
13340240
13341871
13343281
13343914
13344687
13345893
13346553
13346653
13349019
13349664
13363098
13363879
13376070
13376568
13377953
13378572
13384056
13386263
13387630
13389321
13390072
13390586
13391045
13391681
13396635
13397164
13397804
13398592
13399560
13401096
13401984
13402511
13403088
13404194
13405672
13408241
13409057
13409691
13410576
13427782
13428326
13429092
13430502
13459594
13466198
13466878
