9804.768
22939.41
23293.21
23932.95
24931.75
26587.22
60769
62356.34
63484.43
71920.45
72456.12
72888.13
73249.35
73530.61
73932.98
74369.32
75075.87
82310.65
91579.3
92169.18
92805.99
93566.5
94216.19
94597.23
95174.86
95711.45
96012.39
96396.97
97023.13
98066.19
101384.5
114977.6
117385
132732.2
133943.9
135346.1
136211
137376.9
143306
143851.1
144266.3
144865.8
145271.9
148934.3
149354.5
149738.8
150077.9
150454.4
150765.5
151440.6
152175
163090.1
163549.3
163910.9
164223.7
164625.2
165067.8
165368.2
165743.7
166149
166761.7
167170.6
168059.1
168467
168885.4
171973
172594.6
173030.9
173602.2
175328.5
223730.9
244080
244705.7
245223
245876.6
246652.2
277343.6
293525.1
293965.2
294309.4
294739.3
295635.7
319962.6
320464
324921
325266.9
334971.2
335899.7
337041.3
337597.9
338304
339069.2
340176.9
340696.3
341124.7
341848.1
344727.1
346241.6
361659.6
362520.3
362950.8
363477.5
363803.4
364263.6
381393.5
384276.4
385257.9
385791.4
400583.5
401742.3
407055.3
414987.8
415288.9
415572.1
415871.7
475190.6
476006.3
476713.1
477240
483902.3
487880.3
488718.7
489082.5
489672.3
490239.2
490863.1
492538.5
493852
496074.5
499584.4
500231.6
501803.9
504190.2
504905.4
512576.3
513322.7
513667.9
514012.2
514731
515285.3
527478.9
528168.7
529042.6
532093.6
534261.1
544578.6
551511.8
552826.6
575216.6
576766.2
577285.6
578045
578500.3
579148.6
604008.9
605372.7
606055.2
606684.9
607314.8
607590.7
608192.4
608466.1
608787.5
609406.8
609774.6
610148.2
610553.3
610902.3
611389.7
612002.1
612697.6
613531.8
614840.4
615341
615797.7
616994.9
617478.5
617833.1
618210.9
618643.5
619197.8
620214.7
645157.8
662093.7
663460.5
663910.7
670681.6
671898
672563.4
673101
673686.8
679802.5
680623.1
681590.8
682675.5
683245.2
683649.6
684322.4
684798.3
685451.7
687172
690513.5
693328.7
695278.4
703347
721718.5
722980.3
723443
724079.1
724827.7
733171.6
733818.2
744780.6
745951.6
747101.8
747851.1
748498.8
765728.1
767523.1
769027.9
783499.2
791398.5
803069.5
803622.1
811483.6
811957.9
812461.3
821804.6
822439.5
823603.5
825448.8
829906.3
844040.8
844670.1
845380.3
857723.4
864565.6
866465.2
876306
907189.5
908695.1
927511.8
928552.2
938401.2
938981.1
940119.3
940682.2
941423.1
942576.1
945499.7
946692.5
962826.2
963691.5
964336.5
969745.2
988493.6
990960.1
993704.1
994361.1
994906.2
997750.5
998183.2
998716.9
999561.6
1000262
1000784
1001235
1002440
1009360
1011383
1012019
1013836
1014745
1015390
1016300
1017144
1017870
1020938
1031916
1032423
1033141
1034017
1034638
1035013
1036069
1043554
1055462
1055911
1056272
1056529
1056782
1057082
1057430
1057714
1058081
1058293
1058634
1058904
1059182
1059456
1059738
1060111
1060485
1061112
1061606
1062086
1062642
1063118
1063758
1064501
1065294
1066177
1066996
1068641
1069208
1094941
1110676
1111536
1112689
1113828
1114541
1115114
1116924
1117394
1118332
1145593
1147460
1148081
1149179
1150873
1160058
1165271
1166385
1167165
1167939
1172234
1172979
1173421
1174866
1185670
1189964
1190504
1191307
1191981
1192742
1193338
1194267
1194844
1195877
1197159
1197888
1198989
1200647
1204113
1209679
1210605
1211189
1211967
1214052
1215165
1216086
1230069
1234365
1234847
1235464
1237409
1238153
1239350
1246958
1265612
1268556
1280642
1283514
1284117
1284620
1287733
1288242
1289235
1290198
1295662
1296410
1297104
1297836
1319664
1320518
1324495
1325655
1328030
1355535
1356717
1367960
1368524
1368889
1369238
1369570
1370019
1370444
1385270
1386144
1386912
1387388
1388100
1388460
1390432
1401119
1401419
1401783
1402296
1403071
1403711
1407382
1408012
1414339
1415022
1415695
1416603
1417141
1417670
1418088
1418997
1420051
1436289
1450614
1451310
1452176
1452807
1454123
1454642
1461623
1469977
1472230
1483409
1486702
1487689
1492427
1499006
1500850
1504559
1504939
1505158
1505439
1505986
1506493
1507110
1507434
1507882
1508179
1508454
1508746
1509000
1509315
1509822
1510210
1510849
1511601
1517980
1518498
1519225
1519922
1520483
1520935
1573246
1578692
1590823
1593150
1594136
1594571
1594963
1595582
1595961
1596887
1597486
1598587
1608639
1615748
1616422
1616908
1617418
1617779
1618156
1618522
1623954
1630132
1633213
1633561
1634517
1652202
1670488
1673062
1677558
1677933
1692968
1693234
1693654
1694104
1707385
1707749
1708146
1708816
1709745
1711222
1720414
1744254
1744499
1744933
1745420
1746021
1765961
1772111
1772796
1773785
1776311
1779081
1779499
1779992
1780558
1781237
1800357
1801179
1809464
1809904
1810181
1810535
1810790
1811239
1817709
1819837
1834352
1835185
1835799
1853903
1854459
1854873
1855332
1877111
1877761
1886097
1889228
1890268
1891727
1897248
1898001
1899879
1900681
1902888
1903998
1910834
1913357
1917425
1920193
1926691
1954852
1955651
1956174
1956596
1956892
1957321
1957627
1957891
1958162
1958653
1958948
1959246
1959591
1960078
1960738
1961179
1962081
1964608
1968065
1991404
2001079
2034803
2035294
2037003
2053113
2054166
2059268
2059742
2060370
2061927
2073169
2073715
2074269
2074728
2075134
2077816
2079119
2088809
2089364
2089919
2090645
2098112
2107202
2117892
2156335
2166768
2167353
2169752
2170874
2171338
2174525
2174893
2175274
2175700
2176169
2176941
2179518
2179879
2180434
2180832
2181218
2182382
2183757
2184704
2196325
2197145
2198304
2199117
2200022
2201541
2205758
2207672
2212304
2219514
2219950
2220397
2226068
2263749
2282121
2297373
2298173
2298866
2299422
2300007
2302035
2303319
2303977
2304795
2307664
2313335
2314669
2315987
2316412
2317500
2318295
2318910
2319467
2331176
2331667
2332373
2332815
2334017
2352932
2360140
2360859
2361511
2362178
2362768
2364474
2365327
2365944
2366877
2367703
2368155
2369286
2370153
2371530
2372265
2373002
2376977
2377449
2378270
2379879
2381883
2382829
2405580
2406045
2406297
2406708
2407345
2407616
2408026
2408441
2408769
2409141
2409646
2409942
2410366
2411092
2413246
2416283
2417470
2456579
2469319
2475463
2475829
2476216
2477264
2479983
2481395
2493725
2494322
2495745
2501818
2502258
2503049
2503824
2504677
2512114
2512947
2513581
2532016
2532861
2538214
2538724
2539380
2540736
2541446
2542289
2542969
2543470
2571012
2572026
2572593
2572995
2573472
2574311
2575791
2577161
2578585
2579450
2580262
2581052
2581767
2582481
2592197
2599927
2600714
2601575
2601998
2603856
2619384
2636568
2642302
2659915
2662479
2662822
2664780
2701417
2701991
2702385
2702864
2703320
2703775
2704531
2708363
2710151
2715684
2721223
2723757
2726495
2727583
2728213
2729399
2730236
2730845
2731988
2732570
2733114
2733765
2734591
2735598
2738512
2739026
2739299
2739862
2743905
2744769
2752750
2777877
2778715
2779334
2780534
2781312
2782858
2786395
2787324
2788472
2790046
2806985
2811860
2812710
2813464
2839296
2840165
2840558
2841242
2843116
2843630
2843919
2844349
2845720
2846196
2846717
2847305
2855388
2855809
2856291
2856521
2856931
2857232
2857575
2858245
2858572
2858916
2859394
2859779
2860131
2860692
2861144
2861769
2862571
2863333
2863850
2875534
2915618
2916446
2916912
2917435
2917804
2918248
2919082
2919622
2920334
2926661
2927396
2928162
2928868
2929824
2930404
2931267
2932012
2932660
2937038
2937824
2938260
2938902
2939716
2950140
2950968
2962042
2973167
2981813
2983308
2983802
2984057
2984389
2985571
2994381
2995101
2995971
2997651
3017963
3019755
3020704
3034657
3035152
3046209
3047109
3057660
3065605
3070130
3071908
3072389
3073039
3103716
3104263
3104943
3105376
3106626
3108357
3110270
3110779
3117720
3118421
3161558
3162673
3163878
3164344
3165014
3168012
3170089
3170968
3180814
3181523
3183063
3184588
3185422
3193724
3201099
3201135
3202500
3202990
3226721
3233461
3234126
3235111
3237058
3237645
3238094
3239004
3240461
3241239
3251986
3252790
3264827
3265472
3267826
3269156
3270014
3270506
3271235
3271583
3276329
3280513
3281881
3304905
3305434
3305749
3305986
3306354
3306571
3307019
3307232
3307526
3307756
3308312
3309352
3310402
3313853
3317806
3319297
3320050
3320835
3321472
3322291
3369809
3370237
3370695
3371284
3371963
3372645
3401386
3408773
3410666
3412742
3413232
3418737
3419493
3420629
3426904
3428237
3429250
3431309
3443167
3443817
3453778
3456111
3457672
3473290
3473953
3474676
3482216
3482720
3483279
3483671
3484067
3484564
3485218
3489963
3491270
3508478
3509097
3512572
3512943
3513598
3516973
3518002
3520235
3521156
3521610
3532483
3533639
3534261
3535220
3535598
3536052
3536658
3538505
3569669
3572535
3574006
3574771
3575598
3576488
3580325
3580794
3581176
3604559
3605438
3605928
3616693
3617329
3618058
3618507
3619382
3619835
3620202
3620584
3620948
3624492
3624924
3625668
3626560
3627039
3627761
3628088
3628605
3631633
3634167
3640779
3642742
3643338
3644843
3646937
3647956
3648979
3653356
3653930
3654390
3654957
3655370
3655998
3659575
3682948
3683508
3684006
3684362
3684655
3685170
3685788
3686382
3686748
3687224
3687674
3688255
3688731
3692379
3693343
3693888
3694596
3698248
3700627
3701451
3706455
3707430
3708230
3709068
3709639
3710032
3710742
3721544
3736668
3737311
3753340
3753673
3754158
3754462
3754907
3755363
3755827
3756436
3757170
3757543
3757896
3758531
3758970
3759803
3760728
3761206
3761628
3762262
3764157
3765558
3766110
3766552
3767092
3767494
3768152
3796471
3797108
3797628
3798032
3798435
3799131
3799643
3801440
3801895
3802444
3802972
3815717
3816411
3816993
3817838
3818445
3821446
3822224
3822892
3824657
3825589
3856078
3856696
3861949
3866475
3872007
3872560
3872869
3873220
3873856
3874389
3874963
3883478
3884180
3884671
3885095
3885409
3885722
3886451
3887168
3894522
3894905
3896594
3902260
3940790
3941443
3942206
3942674
3943064
3943707
3944180
3944925
3945883
3947311
3953171
3953797
3954637
3956901
3957698
3958452
3961420
3964745
3967081
3967627
3982484
3983084
3983760
3984293
3985366
3986588
3993393
3994498
3995537
3996243
3996914
3997840
3998733
3999976
4001113
4001485
4001905
4002418
4003406
4017672
4024866
4051510
4052552
4053245
4061339
4061962
4065258
4066120
4067620
4070165
4073490
4076030
4077509
4078213
4079452
4080301
4084117
4084780
4085625
4087469
4088124
4088583
4088929
4089283
4089616
4089965
4090540
4090948
4091372
4091779
4092373
4095842
4096489
4097382
4107864
4109061
4109462
4115089
4117476
4123119
4124466
4127372
4147260
4149122
4150006
4179902
4181047
4184885
4185258
4185584
4185912
4186175
4204694
4205035
4205400
4205856
4206324
4206969
4207421
4207694
4208272
4208496
4208831
4209058
4209404
4209784
4210064
4210710
4253240
4254806
4257399
4258037
4261269
4269504
4273826
4278660
4279105
4279733
4280319
4281575
4302325
4304780
4305252
4309548
4316147
4317428
4317952
4318338
4319265
4319770
4320108
4320866
4321808
4322699
4323429
4329017
4329715
4330824
4331555
4332117
4353159
4353732
4360371
4392270
4399745
4406712
4407779
4408509
4421880
4434358
4435242
4436024
4460248
4461273
4461737
4462508
4465230
4465905
4469365
4500315
4502536
4505676
4506249
4506846
4507488
4507933
4508390
4508918
4510211
4511170
4541999
4542833
4543350
4543748
4544286
4544915
4547008
4548297
4559841
4560551
4569460
4571396
4571899
4572261
4572964
4574169
4575169
4578030
4580609
4585787
4586667
4587364
4595436
4596109
4597005
4597628
4598314
4609536
4610438
4617583
4618089
4618891
4619633
4620831
4625646
4629086
4630318
4630805
4631591
4632315
4644754
4645148
4645565
4646377
4646813
4647311
4647822
4650214
4651193
4652047
4652414
4653047
4653541
4654006
4654338
4654883
4655649
4656819
4657253
4657833
4658335
4659030
4660004
4660717
4661280
4662846
4663769
4665016
4668965
4670631
4671397
4702087
4704069
4704908
4722523
4722869
4723162
4723440
4723761
4724236
4724696
4725342
4725888
4726427
4727403
4735168
4736274
4744611
4750090
4753462
4754071
4760867
4761349
4761845
4762127
4762615
4763086
4763599
4764025
4764380
4764987
4765728
4773861
4774541
4775948
4776985
4777714
4778081
4778582
4780681
4782220
4785825
4788501
4788946
4790032
4809948
4810490
4811052
4812360
4817702
4829249
4830191
4831525
4834036
4834334
4834826
4835206
4835662
4836336
4847756
4849866
4850430
4851137
4851613
4852238
4858928
4859394
4860132
4860795
4861454
4862291
4863021
4865231
4868413
4869303
4877538
4893384
4894002
4894454
4896680
4897293
4897700
4898646
4899580
4915221
4959143
4959825
4960570
4961236
4977143
4977618
4977953
4978289
4978857
4979324
4979791
4980192
4980675
4981039
4982299
4993336
5001442
5002109
5002868
5009199
5009724
5010333
5010713
5011092
5011483
5012028
5012421
5012803
5013181
5013891
5019224
5020030
5021097
5021682
5022524
5023080
5027310
5034269
5034984
5035352
5035824
5036285
5036776
5037174
5044697
5046868
5052250
5053031
5054428
5055325
5067573
5067884
5068239
5068756
5069326
5077495
5080502
5081256
5082077
5083971
5084809
5087425
5088331
5088939
5089563
5090215
5105360
5106072
5106324
5106732
5107147
5107351
5107689
5107896
5108171
5108663
5108940
5109169
5109615
5109868
5110128
5110598
5111533
5112242
5112774
5118029
5133941
5134399
5139600
5140078
5143707
5147693
5155761
5158927
5159645
5160053
5161388
5163909
5164645
5165335
5166731
5167257
5168285
5168940
5188682
5197451
5206513
5216857
5217542
5229851
5230316
5230851
5231164
5231490
5231835
5232297
5232744
5233217
5234355
5235249
5235717
5236337
5237185
5246042
5246530
5248098
5254756
5259188
5259787
5261824
5265076
5266897
5269221
5271864
5272457
5273110
5276172
5279803
5283770
5287071
5287969
5288530
5290357
5295995
5297099
5297515
5297849
5298564
5299218
5299715
5300199
5300719
5301280
5301912
5305984
5307354
5307942
5308566
5309112
5309858
5310383
5311296
5311746
5312168
5321479
5322509
5324027
5324508
5324977
5325379
5325769
5335689
5336563
5342064
5343276
5344080
5348275
5348749
5349192
5349572
5349848
5350265
5350581
5350988
5351388
5351752
5352310
5352844
5353626
5356737
5357491
5358022
5358617
5359055
5359621
5360268
5360984
5362710
5368486
5369063
5375802
5376639
5378042
5379378
5411187
5412080
5412875
5414425
5416144
5416919
5417289
5417816
5418228
5418711
5425147
5425699
5426821
5427909
5429895
5432549
5444743
5446062
5446538
5447485
5449445
5450276
5452149
5453321
5461737
5462320
5462881
5464522
5467682
5469066
5469820
5476066
5477733
5479660
5480328
5480699
5481084
5481420
5481813
5482226
5482679
5483093
5483616
5484165
5484619
5484937
5485239
5485595
5485901
5486225
5486876
5487267
5487645
5487996
5488638
5489376
5495653
5496900
5498064
5509432
5511034
5511580
5512267
5524786
5525882
5526469
5526895
5527327
5527623
5528079
5528597
5529080
5529489
5530033
5530714
5531378
5532375
5533547
5535050
5536161
5537726
5538073
5538804
5552187
5552601
5553117
5553359
5553903
5554317
5554892
5555240
5555670
5556019
5556628
5557166
5557597
5559256
5559825
5560717
5561099
5561586
5562189
5562577
5563136
5565226
5567317
5567985
5568382
5569013
5569439
5570427
5585630
5591492
5598772
5607261
5608269
5609694
5610619
5611083
5612026
5614717
5615307
5617053
5617661
5618319
5620090
5626899
5627775
5629384
5630502
5635277
5636328
5636945
5650086
5650420
5650846
5651392
5651817
5652440
5653562
5654072
5654682
5655098
5662866
5663474
5666651
5668470
5673985
5674562
5675217
5675782
5676088
5676572
5677423
5693763
5700135
5701251
5726463
5731049
5732793
5751897
5752446
5753507
5769387
5770035
5786097
5787124
5797750
5819527
5819987
5821403
5874377
5874970
5875715
5876871
5877331
5877755
5878087
5878583
5878877
5879434
5880152
5880912
5898094
5898555
5899914
5911709
5916903
5917491
5918117
5918586
5919883
5931911
5934873
5951565
5952098
5957481
5959992
5967846
5968364
5969214
5970962
5975056
5982442
5984393
5985337
5985933
5987471
5988472
5993581
5994006
5994999
5996010
5996512
5997028
6005339
6005829
6006436
6006908
6007227
6007509
6007864
6008243
6008516
6008848
6009393
6009827
6010221
6011137
6011626
6012342
6015554
6017828
6018919
6019685
6020508
6045431
6065855
6070644
6074973
6085938
6087469
6089114
6089581
6090069
6090517
6091068
6096585
6097053
6097441
6098473
6102261
6103809
6131544
6135632
6136311
6137082
6138211
6139072
6140377
6142410
6143579
6144524
6149407
6149933
6173627
6183366
6184124
6184550
6184897
6185414
6185878
6186303
6187141
6188827
6191327
6207665
6208453
6210236
6211109
6221501
6223000
6228118
6228899
6229440
6229966
6234458
6235482
6236151
6237824
6238425
6238911
6239875
6240448
6241164
6242964
6258284
6259291
6259873
6260169
6260568
6261665
6262435
6264878
6266444
6269232
6269595
6270069
6270504
6270941
6271526
6272503
6272982
6273682
6274288
6300139
6300791
6302918
6304129
6305017
6305733
6310936
6312017
6313473
6325361
6325776
6326349
6326814
6328168
6328811
6329705
6330731
6341644
6342856
6343748
6344409
6353009
6379166
6379790
6380443
6380972
6382594
6385485
6403049
6403379
6403777
6406437
6408924
6409436
6409861
6410205
6410591
6410887
6411267
6411549
6411894
6412838
6424767
6437120
6438085
6438913
6439481
6440346
6441030
6441563
6446071
6446543
6447084
6448205
6455548
6456049
6456576
6456867
6457198
6457719
6458188
6458427
6458840
6459062
6459542
6459896
6460539
6460833
6461167
6461970
6462906
6467301
6467739
6468555
6469283
6470387
6471910
6497150
6506383
6506834
6507360
6507960
6509465
6521222
6524256
6524793
6525256
6525955
6526265
6526575
6526991
6528250
6534359
6540899
6541868
6552332
6556737
6563926
6567163
6570038
6570813
6571528
6572060
6572452
6572792
6573140
6573983
6587485
6587870
6588522
6589473
6590870
6591361
6591879
6592769
6593705
6600986
6601954
6603447
6604672
6605201
6606882
6612393
6614481
6615849
6621199
6622307
6623817
6624272
6625385
6633095
6633631
6634289
6634899
6635303
6635826
6636204
6636764
6637442
6638000
6645753
6648227
6657254
6658836
6660426
6674351
6675282
6690101
6690860
6698952
6700176
6700986
6701509
6702074
6715797
6716744
6717491
6750708
6761430
6761998
6762663
6763178
6763753
6764367
6764964
6765716
6775115
6777561
6785352
6785816
6787098
6791312
6797738
6798594
6799029
6799644
6800091
6800488
6801640
6803192
6808758
6809207
6809704
6810332
6810950
6819115
6833392
6834612
6836442
6837768
6839278
6840400
6841203
6846238
6856903
6859918
6861140
6867160
6867877
6868749
6870637
6871472
6872007
6872654
6873048
6873556
6873925
6874388
6875074
6882035
6882616
6888648
6895473
6903991
6904976
6905436
6905841
6906382
6906940
6907548
6907996
6908630
6909101
6909878
6910486
6911162
6911606
6912277
6912802
6913142
6913889
6914541
6936227
6941556
6943655
6944685
6946470
6947844
6948584
6949184
6949704
6950221
6950704
6951280
6952190
6953885
6955228
6971216
6981280
6982015
6982463
6983398
6986168
6998126
7001135
7001643
7002414
7004777
7005812
7006376
7007515
7020666
7021028
7021591
7024572
7036822
7037433
7038285
7038816
7041217
7042085
7050290
7060395
7062901
7063386
7064201
7065488
7069471
7070018
7071511
7076982
7078075
7079062
7081714
7103172
7103978
7104550
7117944
7118996
7119518
7119816
7120162
7120467
7120821
7121111
7121477
7121858
7122215
7123136
7124059
7124600
7125385
7126720
7137095
7145243
7145866
7146397
7146940
7147422
7147820
7148363
7149138
7149807
7150658
7151804
7152874
7153444
7153891
7154372
7154752
7155201
7155571
7164027
7164801
7165771
7170094
7171240
7172227
7176755
7179116
7179598
7180502
7201011
7201568
7202162
7215124
7215733
7216849
7226248
7226718
7227432
7228820
7232694
7238507
7258073
7285227
7285802
7286205
7286952
7300545
7303041
7303538
7309351
7309770
7310915
7311647
7318594
7319007
7319445
7319916
7320894
7322180
7323194
7323664
7324543
7326291
7330427
7331286
7332311
7333149
7341552
7342249
7342748
7343483
7344137
7346386
7353075
7353805
7354575
7355281
7355870
7356493
7357062
7357475
7357978
7358357
7358608
7359086
7359761
7360694
7361489
7362032
7362572
7363389
7392817
7393555
7399106
7399622
7406016
7414539
7416381
7417071
7417719
7418723
7420048
7448068
7449236
7458172
7467612
7475347
7475881
7476401
7476862
7489224
7490697
7491293
7491606
7492280
7493331
7494070
7500575
7501318
7511689
7513795
7514456
7514839
7515731
7516287
7523770
7524521
7525349
7526393
7541551
7542060
7542539
7543032
7544245
7546379
7546769
7547862
7552260
7553304
7553799
7554420
7555197
7556583
7558669
7564345
7565486
7566548
7575777
7576637
7577229
7577949
7584542
7588605
7605652
7609200
7620299
7621662
7622950
7665931
7667355
7668060
7681855
7683326
7724472
7725049
7736065
7753770
7754605
7755196
7756664
7757242
7757739
7758462
7759220
7760239
7761243
7761920
7763534
7773434
7777859
7779032
7784073
7785144
7785649
7786994
7790003
7796862
7797457
7804757
7805109
7805633
7805936
7806289
7806664
7807257
7807839
7808720
7809199
7810565
7813840
7816867
7817606
7852532
7855881
7856474
7857104
7876548
7878910
7879584
7879971
7880651
7881108
7882494
7885410
7886539
7895155
7895788
7896662
7897713
7898643
7899101
7900485
7909242
7909558
7909893
7910430
7910980
7912264
7912844
7913873
7915173
7927994
7928999
7932620
7934454
7935735
7953997
7964845
7973354
7974989
7975825
7977155
7979900
7980681
7981237
7982249
7988290
7988738
7997950
7998639
7999135
7999851
8000338
8001051
8001471
8001910
8002775
8011990
8014739
8030795
8032359
8033094
8033875
8036134
8036806
8037466
8038156
8038840
8041193
8041998
8042534
8052933
8062553
8063180
8064060
8080146
8080588
8080891
8104329
8104623
8105117
8106366
8127213
8128096
8129012
8129597
8130090
8130687
8131328
8139435
8140225
8140730
8141376
8141829
8142225
8143142
8144880
8145404
8145743
8146267
8146920
8147459
8151950
8155481
8163336
8170741
8171198
8171651
8172053
8172372
8172684
8172956
8173192
8173488
8173706
8173964
8174245
8174501
8174844
8175205
8175896
8187246
8188232
8197792
8206175
8208031
8208801
8209385
8211072
8215000
8216144
8216829
8217645
8218194
8218624
8218951
8219534
8231347
8231936
8233252
8235182
8243523
8245532
8251787
8252933
8254945
8255501
8256019
8256572
8257070
8257524
8257805
8258490
8258921
8259569
8260215
8260867
8261500
8262142
8264282
8265273
8265701
8266543
8266977
8267648
8268196
8268742
8269698
8284218
8288835
8289468
8290534
8300942
8306166
8311286
8312351
8313230
8314270
8314830
8337342
8351706
8352558
8353926
8354506
8355438
8371473
8375428
8376143
8377063
8382977
8399930
8400336
8400919
8408663
8409207
8416774
8421873
8422211
8422989
8424832
8425543
8426457
8427026
8427483
8427920
8432545
8433034
8433487
8433853
8434368
8434790
8435240
8438187
8460342
8462029
8462426
8462864
8463853
8464620
8464993
8465588
8470895
8471304
8471672
8472086
8472578
8473002
8473645
8474090
8474726
8475135
8475624
8476032
8476578
8477050
8477384
8481861
8484563
8485276
8500019
8500675
8501189
8501676
8503076
8512898
8518389
8520420
8521017
8521538
8521883
8522494
8523073
8523471
8523904
8524356
8524890
8526044
8526578
8527175
8528897
8529530
8555653
8558889
8560683
8561423
8565955
8567181
8567889
8568330
8569356
8577394
8578819
8579886
8580511
8581356
8582016
8582652
8583396
8583959
8584341
8584763
8585367
8586178
8586545
8586985
8587471
8588176
8589636
8606546
8607529
8607960
8608686
8620965
8621576
8622365
8635297
8642202
8642909
8670428
8679761
8680440
8681016
8703944
8704485
8705057
8705783
8706356
8706742
8707231
8707804
8708179
8708551
8708855
8709258
8710065
8710476
8716006
8717126
8718644
8719676
8720784
8754602
8775312
8775736
8780398
8781126
8783722
8791464
8792476
8793013
8793973
8795757
8796377
8796822
8797325
8797777
8798303
8809257
8810166
8812837
8841332
8842076
8842572
8843168
8844503
8846384
8853006
8853766
8854416
8876536
8877171
8878143
8880479
8881221
8882247
8886480
8888176
8900585
8901817
8902656
8904809
8905613
8906181
8907212
8914794
8923507
8929676
8940506
8964514
8975051
8975896
8976945
8977477
8978620
8979880
8980616
9006004
9006791
9007291
9008931
9009746
9013672
9017302
9026470
9041565
9042113
9043401
9044463
9095905
9097131
9128359
9129195
9142972
9143725
9144692
9145083
9145796
9146807
9147627
9149858
9155062
9155554
9156192
9156689
9157296
9157906
9158224
9158546
9159129
9159651
9160138
9164194
9165214
9165664
9166522
9166956
9167461
9167814
9168633
9169333
9169838
9212946
9215194
9215635
9216341
9216792
9217473
9217952
9218736
9220157
9220829
9221476
9221797
9222140
9223031
9226434
9228691
9236082
9238167
9242104
9243775
9250925
9252361
9253703
9254756
9256712
9258083
9258744
9259190
9260057
9261350
9266521
9268296
9268694
9269018
9269315
9269645
9270350
9277268
9278890
9279925
9295399
9297208
9297999
9301651
9302208
9303065
9303860
9304598
9305001
9305473
9306062
9307338
9317235
9318567
9319926
9320525
9321844
9322526
9323981
9326569
9327841
9330732
9332817
9333804
9337000
9337967
9343789
9345981
9347025
9347922
9348594
9362516
9363406
9364151
9364935
9365893
9372385
9373241
9374562
9376332
9388965
9389346
9389998
9390550
9399860
9400381
9400883
9401424
9402025
9406379
9407814
9430406
9430871
9484953
9490469
9491150
9491733
9492896
9517409
9518717
9519428
9520980
9541183
9544721
9545407
9546111
9548015
9548493
9549155
9549759
9550350
9550676
9551118
9551561
9551973
9552846
9553640
9555097
9557300
9559987
9578409
9582003
9584231
9584631
9587447
9590716
9591476
9594893
9596033
9599490
9600137
9600807
9605714
9606127
9606738
9607272
9607685
9608001
9608505
9608831
9609206
9609537
9609943
9610444
9610848
9611280
9611574
9612451
9613179
9613604
9614429
9615619
9617171
9618371
9654691
9668258
9668961
9669783
9671272
9681270
9682208
9698584
9700275
9711240
9712555
9714560
9723120
9723819
9724605
9725416
9728228
9733619
9734334
9735268
9738247
9759121
9764900
9765849
9767367
9768513
9787429
9800423
9802431
9803064
9803764
9804668
9806500
9807020
9807456
9807922
9808563
9809458
9816758
9817370
9818072
9818852
9822329
9835469
9837638
9858265
9860669
9872122
9924014
9924981
9926103
9935561
9937121
9937509
9937955
9938662
9942187
9942733
9943453
9943782
9944384
9945080
9949308
9950147
9951010
9952382
9953556
9954142
9955214
9958711
9964333
9979885
9985591
9986748
9987761
9990817
9991672
9993289
10002097
10002765
10010623
10011164
10012417
10023919
10024657
10025424
10026363
10027985
10039185
10039626
10040451
10041283
10042570
10043207
10050103
10050677
10051455
10056339
10057134
10057700
10058263
10058618
10059086
10059409
10059836
10060739
10061178
10061669
10062278
10062653
10063102
10063754
10064767
10065385
10067077
10100842
10101431
10101946
10103227
10106115
10115058
10115905
10121963
10122814
10125622
10126721
10127558
10128691
10129841
10145962
10148270
10148854
10149459
10150108
10150926
10155800
10156567
10158767
10159225
10159517
10159839
10161086
10161647
10187936
10189067
10189710
10192240
10223733
10224292
10230602
10261941
10262537
10263889
10264601
10278135
10279461
10281715
10282638
10288600
10289721
10293410
10293839
10295882
10314547
10315302
10315919
10316802
10319992
10320994
10329104
10330314
10351402
10369015
10369630
10371478
10372607
10380708
10380997
10381338
10382715
10383256
10383919
10399194
10400087
10400714
10401293
10402302
10408211
10416953
10417614
10423980
10424960
10425635
10426098
10426831
10427273
10427638
10428272
10429441
10429943
10438061
10439188
10439903
10440851
10441444
10441972
10447882
10448626
10452792
10453738
10454443
10455454
10455901
10456501
10458028
10467033
10468626
10469623
10470165
10470841
10471386
10472982
10473711
10474286
10475915
10479306
10481537
10482325
10482795
10483605
10484333
10487375
10487958
10492356
10492737
10493065
10493876
10494265
10495528
10498521
10499441
10500352
10500816
10501405
10505904
10506526
10507095
10507575
10508096
10508480
10508884
10509383
10510559
10510906
10511751
10512236
10512834
10513547
10513939
10514799
10516004
10518535
10539797
10566529
10568462
10576237
10579214
10580007
10584279
10584773
10585500
10591815
10592914
10593966
10594908
10596469
10596848
10606939
10616001
10637366
10637884
10638637
10639660
10652691
10653138
10653406
10653719
10654238
10654821
10655300
10656051
10657281
10657827
10658421
10659257
10660114
10677620
10678517
10678830
10679269
10680657
10681933
10685990
10686859
10687748
10694922
10695445
10696228
10697309
10733147
10734114
10734700
10735298
10743919
10764380
10766866
10767526
10768239
10768786
10769601
10770245
10771020
10771799
10772387
10772806
10773697
10776115
10776646
10778241
10779041
10780470
10800549
10801444
10823653
10824622
10825539
10826104
10826802
10827233
10839202
10840411
10848775
10857307
10860929
10861785
10862423
10863012
10863832
10875037
10875359
10875708
10876112
10876681
10877169
10877785
10878371
10882188
10882650
10883200
10884017
10884411
10885097
10885868
10886578
10887241
10896323
10897801
10912105
10912584
10913239
10913844
10914410
10916725
10920400
10930625
10931812
10941621
10942617
10943193
10945590
10951135
10952220
10954611
10955159
10955546
10955804
10956009
10956204
10956529
10956730
10957255
10957943
10958462
10958906
10961666
10962081
10962968
10963554
10964846
10991234
11010447
11011239
11022794
11024466
11034256
11036284
11037002
11037721
11041774
11048944
11049309
11049730
11050275
11051192
11060446
11061527
11062146
11062810
11063131
11063680
11064055
11064141
11064476
11064824
11066493
11076855
11093037
11093846
11094630
11095631
11102867
11104962
11105533
11105931
11106423
11108524
11109739
11112566
11113407
11113955
11119601
11120138
11120793
11121216
11127521
11129804
11135070
11137422
11138074
11138414
11138745
11139148
11139614
11172704
11173202
11173733
11174524
11175593
11176213
11176754
11178598
11201566
11202442
11203127
11203648
11204158
11205955
11206498
11206931
11207454
11209195
11215839
11226198
