3928.201
27999.15
37020.84
58186.77
95696.41
98122.16
98687
159781.4
169090.7
190489.8
259558
260562.6
261473.8
286156.8
307101
308543.9
310819.5
319867.2
320343.8
332115
345317.6
352769.7
353733.2
409211.5
413712.3
425336.1
428807.9
429345.9
430313.7
450814.4
459191.5
460424.5
461684.6
462805.2
465456.5
475379.2
478343.5
480127.3
481194.9
487435.3
490682
525161.8
527286.9
570496.2
578465.5
585846.6
598867
599170.7
600075.6
600376.2
600732.8
601127.8
605585.5
605983.2
606704.5
607122.1
608633.4
618341.7
621709.9
652485.4
653242.1
655466.1
656596.6
658139.6
678190.6
678859.1
680081.1
683346.9
696674.7
697346.5
697730.5
698742.5
699157.7
699567.7
699960.3
700440.4
702867.8
721392.5
736043.3
738194.5
765851.9
767395.7
767844.6
768327
770894.8
771332
802375.9
803243.4
804582
806558.4
806952.6
818992.8
826997.8
827413
827728.9
828321.7
831281.9
902582.5
902896.2
903876.6
907369.7
907685.8
908113.4
911662.4
912131.2
912478.1
913362.7
933748.3
946670.5
961845.5
963546
964421.8
966162.4
966898.6
967633.8
968065.5
977561.1
980627.6
981491.6
981720.4
982204.6
982796.6
984827.1
985430.5
985964.6
986508.5
987208.7
988371.3
995648.3
995942.6
996895.6
997762.1
998074.8
998372.2
1003069
1004589
1033856
1045796
1048206
1052677
1053067
1053549
1055555
1055830
1056133
1056595
1081590
1087586
1087862
1090124
1090719
1091947
1093042
1093532
1094013
1095316
1096021
1097596
1099763
1110563
1174883
1176599
1180103
1191901
1216605
1222249
1256877
1260242
1260831
1261351
1261825
1262540
1263112
1291316
1305311
1308158
1312799
1316879
1360696
1362387
1362431
1372189
1401893
1440295
1445000
1475578
1477213
1506873
1515105
1515702
1558089
1559394
1560306
1561563
1587769
1588274
1589276
1591224
1630649
1639648
1641807
1655435
1685649
1694085
1694822
1695535
1715609
1717320
1718938
1718968
1731718
1761319
1764972
1824234
1835933
1839257
1857660
1858031
1858776
1865583
1865745
1883303
1883726
1884309
1884688
1885457
1916351
1920103
1923080
1949173
1951503
1952479
1952880
1956460
1958744
1985239
1987066
1988056
2008092
2012774
2054419
2058466
2058999
2083299
2104961
2110479
2192627
2194725
2195200
2199739
2200111
2200495
2200993
2201768
2213130
2266719
2267991
2300724
2331882
2343888
2351711
2379517
2380895
2385058
2387467
2387828
2388183
2389407
2409478
2409599
2411578
2412555
2417526
2417933
2432095
2433681
2434770
2446191
2450383
2451777
2456185
2468456
2479343
2479772
2480596
2481121
2486666
2488236
2491196
2493542
2494230
2497431
2501947
2513768
2515108
2523834
2535117
2539832
2540284
2554092
2557457
2561973
2568496
2569244
2576638
2577945
2587159
2588038
2588545
2595220
2596017
2596682
2598202
2604860
2623943
2626917
2635521
2635805
2637118
2637497
2641505
2643423
2655679
2656482
2657206
2657955
2658503
2700107
2700875
2715713
2716114
2718348
2720339
2727663
2729643
2736380
2754204
2757467
2763840
2783902
2784594
2785909
2786400
2792843
2793251
2793907
2794259
2795385
2815927
2818028
2826193
2831329
2834511
2835101
2838333
2848525
2849624
2852614
2855678
2856326
2857186
2858278
2884312
2885692
2887401
2895760
2901202
2932084
2933337
2934188
2934840
2935197
2935973
2936389
2938027
2938447
2939107
2961290
2963656
2995998
2996967
2998426
3010116
3017750
3020417
3021637
3060139
3170723
3171397
3172501
3173712
3183002
3183317
3183785
3184420
3185587
3186047
3187686
3188483
3189242
3190554
3209951
3215867
3218291
3219866
3220159
3220904
3221573
3223138
3225507
3226823
3228388
3229197
3235663
3236951
3241815
3242215
3244055
3251983
3252793
3254532
3255393
3262565
3292221
3292891
3299095
3349342
3349778
3350210
3350564
3350990
3351623
3352153
3352633
3353799
3354209
3355055
3357847
3362796
3368204
3368642
3369358
3369833
3378659
3387843
3388750
3389125
3390377
3390844
3391473
3392384
3392767
3401312
3402388
3421904
3438753
3445620
3465084
3465926
3466432
3467693
3472720
3479395
3508297
3508779
3511790
3542453
3542965
3543684
3601498
3605547
3607672
3608327
3608708
3624666
3635658
3636895
3637776
3657851
3683012
3731553
3748529
3749176
3749418
3749761
3832127
3832659
3857103
3868729
3869742
3876348
3912031
3925201
3944330
3963979
4008003
4008740
4070789
4073013
4098157
4172401
4193542
4196083
4206739
4207662
4216651
4257375
4258060
4258438
4259783
4265730
4271217
4284619
4286526
4337143
4339840
4344138
4344602
4345351
4347228
4351951
4365978
4369208
4373520
4394072
4395689
4396012
4397802
4400263
4400554
4400989
4416280
4429019
4432985
4433827
4435500
4447784
4449097
4460931
4461826
4462690
4464230
4473450
4476998
4477682
4517861
4518503
4546755
4552708
4557709
4558356
4562286
4573232
4593460
4612396
4643057
4659580
4661915
4662660
4668901
4701287
4744358
4744793
4767222
4767638
4775261
4776919
4777610
4780906
4814818
4820634
4822675
4842802
4843370
4898794
4899846
4900389
4901871
4953198
4967424
4977899
4978498
4995603
4996158
4997209
5000026
5000605
5014911
5046196
5046749
5071960
5080784
5105317
5118069
5197353
5203639
5204057
5204374
5204708
5227664
5286541
5288615
5290058
5290774
5291125
5301496
5312799
5326743
5331913
5332471
5333409
5334633
5335023
5336940
5342938
5362136
5363661
5373865
5377913
5379713
5381065
5406981
5407683
5408346
5409138
5435532
5435905
5436606
5436863
5437439
5447080
5449439
5467408
5486230
5494372
5494974
5495324
5496012
5512348
5513138
5513724
5556742
5557987
5558312
5562730
5564807
5577917
5596058
5596388
5597660
5601008
5620022
5627124
5643832
5678636
5686760
5698561
5698970
5699705
5767473
5768331
5769381
5779959
5781241
5795105
5795716
5808088
5825549
5901936
5902595
5903127
5905043
5907082
5923157
5924560
5925262
5933979
5934534
5937030
5956576
5974354
5982037
5982533
5983137
6002558
6003029
6004405
6008963
6016877
6028242
6029826
6035215
6036673
6043245
6044525
6103932
6132879
6140695
6141069
6141586
6142326
6157862
6165663
6195264
6203219
6222168
6227206
6230885
6231338
6241431
6242447
6243030
6244018
6244638
6249786
6251707
6309714
6310827
6321044
6332962
6333359
6333687
6334114
6334732
6366027
6382162
6385997
6387206
6411201
6425285
6425820
6455118
6456104
6464500
6468071
6487656
6491543
6512297
6540900
6543457
6544038
6554162
6554653
6574769
6580106
6582568
6585007
6586154
6601063
6601986
6604563
6605344
6605958
6628253
6658606
6659664
6709847
6711358
6777191
6777638
6778567
6810086
6811486
6813627
6814505
6815539
6816040
6816679
6818377
6823739
6900841
6901360
6902221
6902723
6903855
6908614
6911134
6915036
6932939
6936265
6940396
6941325
6942114
6942753
6945579
6945994
6946375
6946680
6947523
6950164
7011991
7012740
7027671
7039513
7040547
7042252
7088286
7088698
7089042
7115567
7132287
7156362
7158122
7160066
7163038
7201824
7212356
7228931
7229718
7233479
7239842
7241624
7242184
7246594
7249029
7253142
7268243
7273583
7285387
7347548
7350962
7357012
7357377
7398271
7405350
7408704
7431292
7449202
7468262
7478866
7481327
7482315
7492711
7493378
7495892
7508057
7508432
7512092
7512391
7512830
7514233
7515085
7515729
7518524
7519666
7520110
7521249
7521706
7534779
7539599
7543419
7544845
7546126
7547559
7550872
7551944
7558550
7560095
7560449
7560975
7562026
7564302
7565423
7565989
7567094
7567989
7568349
7573542
7576633
7580924
7589293
7589902
7590620
7591609
7592878
7593372
7594382
7595016
7620562
7630884
7669001
7671276
7672077
7673447
7674158
7675496
7718052
7718694
7719432
7722024
7724122
7726073
7731318
7734367
7734990
7735725
7742759
7770028
7771332
7795300
7796887
7798080
7798560
7798955
7799346
7800243
7800796
7807977
7811740
7814920
7850495
7858662
7862421
7863048
7864736
7866712
7873304
7876535
7877771
7878786
7888442
7891214
7893187
7897644
7898909
7901445
7903574
7948534
7950582
7954621
7956325
7956651
7957452
7961504
7974061
7974383
7981292
7982015
7982653
7983374
7984036
8005070
8030381
8076063
8076560
8077857
8113932
8115945
8121001
8122330
8123325
8124267
8129807
8147082
8148553
8149044
8150346
8151009
8151816
8152696
8165574
8174311
8205168
8222486
8241724
8242292
8242714
8243076
8243543
8243952
8245357
8245810
8247602
8247897
8248946
8250576
8251720
8257316
8258476
8259213
8278389
8284304
8285033
8285760
8286837
8290556
8298803
8300847
8301840
8302290
8335955
8337748
8338352
8355113
8380483
8385457
8396147
8396743
8397765
8398536
8400340
8401396
8405947
8407987
8408378
8408969
8409369
8410305
8410682
8411240
8411874
8412225
8412805
8419697
8420158
8421149
8421479
8421818
8422723
8423623
8430743
8432817
8434195
8435670
8436708
8437159
8437616
8439436
8440255
8441138
8441803
8443004
8443472
8452552
8453378
8453998
8464575
8465255
8465761
8475040
8484194
8484606
8484927
8485590
8485863
8486188
8486877
8492000
8527589
8565730
8566386
8566706
8567036
8567282
8568753
8570573
8571143
8572620
8574139
8576568
8577500
8580838
8583404
8587167
8588420
8589774
8616627
8617267
8619215
8619678
8621001
8641435
8643391
8643784
8644707
8666500
8668114
8670181
8690470
8691012
8691990
8692243
8692527
8693191
8694323
8703113
8703751
8704938
8705529
8757673
8758035
8758559
8759156
8759515
8760343
8776714
8778219
8778672
8779656
8788315
8789098
8790979
8792213
8792573
8792902
8793293
8806569
8806979
8807405
8808282
8812925
8814227
8818093
8818707
8827891
8828533
8859744
8898950
8900899
8908724
8909438
8910462
8911570
8913708
8914019
8914890
8916054
8929981
8932219
8933213
8934459
8935161
8935601
8937808
8939555
8940448
8948210
8949007
8952183
8957660
8971659
9011759
9013185
9015300
9018972
9024989
9025325
9026765
9028098
9028690
9029264
9029780
9030101
9030574
9030766
9031545
9032194
9032468
9032832
9033395
9035820
9036337
9037189
9037946
9043072
9053685
9054639
9060213
9060683
9061067
9061423
9061802
9062309
9063109
9063759
9064327
9065365
9065773
9066632
9068623
9070865
9073597
9074040
9074601
9075170
9076180
9076624
9077140
9078197
9078643
9079184
9079927
9081711
9082181
9082785
9083974
9084643
9085515
9086363
9086948
9088201
9089187
9089884
9092513
9093609
9094242
9095006
9097152
9098930
9099807
9103960
9105162
9105874
9106538
9109302
9110826
9116810
9118333
9119439
9121737
9122629
9124786
9134638
9145802
9146435
9147112
9147886
9148557
9160165
9163649
9174234
9192006
9193107
9196064
9198367
9199985
9209408
9213101
9224009
9225105
9226050
9230499
9232156
9232901
9234103
9235238
9236555
9246902
9251001
9251877
9253154
9257325
9259963
9261610
9264542
9265253
9266264
9269811
9270431
9270926
9271462
9272099
9272927
9297002
9302440
9313542
9314231
9314585
9317857
9332482
9332951
9336121
9354574
9355805
9370499
9374892
9376422
9382836
9383268
9384102
9384630
9386151
9388424
9457929
9458767
9459912
9461971
9463538
9475280
9484987
9500505
9504727
9505166
9505891
9506447
9506762
9507666
9508598
9509297
9510163
9512070
9513371
9513954
9514820
9515601
9516280
9519235
9520389
9521278
9522266
9523529
9528155
9529188
9529914
9531094
9533259
9533709
9534117
9545822
9547327
9548901
9549304
9549873
9551093
9552365
9556750
9591486
9595166
9595973
9599055
9599768
9601711
9604408
9604834
9605600
9606343
9615699
9617125
9617992
9637263
9637661
9642178
9642947
9654227
9654794
9691568
9692314
9692681
9693339
9712735
9713195
9713896
9714592
9754376
9767033
9799135
9804171
9820115
9823449
9823861
9828447
9851858
9864525
9867924
9868364
9869769
9880718
9904482
9905183
9907651
9926380
9937000
9937362
9937830
9938476
9939383
9948392
9959990
9960424
9964917
9968335
9995115
10014155
10014570
10014993
10016921
10019614
10025829
10026544
10030282
10031166
10032406
10033302
10038450
10039329
10040157
10042621
10058234
10058887
10059339
10060625
10061146
10068117
10099313
10101208
10108767
10116574
10144711
10145592
10151834
10152940
10154286
10154818
10155226
10155684
10156593
10175383
10194876
10195208
10195766
10196284
10196936
10197416
10198046
10215236
10219772
10221906
10223473
10233334
10233648
10234671
10272531
10279166
10279639
10282360
10283087
10292278
10292679
10293488
10298665
10300092
10311435
10329509
10392069
10392820
10393518
10394136
10404670
10407490
10407906
10428609
10437775
10460729
10500121
10508284
10509745
10510413
10514147
10514891
10535320
10547018
10549570
10550078
10557170
10561459
10573723
10574846
10583890
10585102
10586338
10586885
10587328
10587782
10591950
10592358
10594191
10600196
10602546
10620880
10622395
10623986
10637441
10638239
10639080
10640841
10684135
10684766
10685031
10685469
10686133
10686617
10697026
10731661
10761062
10763116
10769373
10770084
10771445
10801641
10802525
10803246
10814791
10825733
10826873
10827391
10901206
10902936
10903433
10904062
10904406
10905858
10907127
10908600
10934286
10941360
10953120
10955495
10956990
10957726
10991768
10993961
10995509
10998304
11004220
11004783
11005517
11008090
11009575
11020228
11022142
11022868
11024048
11040254
11042840
11082325
11082845
11083983
11084535
11085001
11085646
11087782
11125552
11135343
11147033
11147517
11147927
11148568
11149540
11150928
11183940
11220530
