7123.286
12432.94
13427.42
13978.48
14525.36
15450.29
19146.99
25216.4
25982.02
26374.4
26719.84
27127.6
27896.86
29097.85
35713.5
36486.66
36874.82
37141.63
37402.45
38013.51
38282.45
38603.3
38905.82
39272.15
39744.7
41923.85
53713.29
59405.1
61454.14
62278.51
85972.31
86467.02
87520.4
88695.63
94483.98
97280.05
103653.4
104490.2
104990.4
110456.4
111434.1
111981.8
112517.9
113201.3
122331.2
126096.8
130337.7
130899.7
132028.3
141626.7
142300.7
142909.7
143612.3
144341.4
148091.3
148927.5
149741.2
150658.5
171201.8
172536.6
172912.2
173585.1
181692.2
183707.7
192026.7
192573.2
193070.3
193333.9
193769.2
194539.5
196599.7
197708
202538.7
208917.1
227117
251062
251988.2
252504.2
254035.6
255355.3
259714.5
273386.9
273914.3
300109.5
307621.7
308477.2
309185.9
319262.8
321018.3
322042.9
329325.1
330177.2
331414.1
337728.5
338201.9
339037.4
363556.3
364415.1
365591.8
367407.5
378580.1
380972.8
387473.4
387858.2
388118.8
388598.6
389316.9
389907.4
397423.5
397861
398263.4
398847.1
400211.7
401192.8
402402.5
413050.1
413534.5
413995
415679.3
416481.5
417091.4
420525.8
422036.3
424149.6
425708.1
426267.4
430107
430819.3
450894.3
451681.7
452310.9
456126.2
456797.8
457363.6
457889.1
458617.7
459100.8
472077
480935.2
482719.5
489068.3
499446.5
500328.8
501128.8
502387.3
507040.3
507637.9
508235.8
509365.9
510339
512214.9
539425.3
539934.8
540917.9
542789.3
543588.7
547798.5
548683.6
550026.3
550695.1
551755.5
553366.1
555108.3
572897.8
573901.5
589267.4
589949.8
593567.2
594019.6
594876.7
595441.4
595813
621257.1
621904.2
622747.7
625611
626304.2
627082.7
633229.7
633944.5
634312.4
635032.2
635603.1
636567.1
638429.9
639932.3
640886.4
641545.1
659099.4
660021.5
661922.9
662569.8
663322.5
663872.2
665401.2
666005.1
666796
671053.6
672852.7
674741.9
677371.8
678499.2
681529.2
690582.1
691004.5
691573.5
692532.1
696401.6
697314.3
701017.1
705060.5
717969.9
719186.1
732266.6
751063.3
752354.4
752939.9
756911
757637.8
758320.4
758652.6
758993.1
759527.9
778034.4
780277
781849.2
800162.7
800557.7
800982
801483.6
802012.6
802393.9
805909.5
813949
814508
818661.8
819717.2
820449.2
821106.7
826502.5
827137.4
830395.5
831142.1
831682.5
838705.7
843320.6
843800.5
850716.3
851140.1
851790.2
852212
852886.1
857042
857747.6
858390.3
858642
858914
860404.7
861787.8
877808.8
880224
923176.5
923964.3
924484
924966.7
925673.9
926754.9
934321.1
936882.8
939012.8
939490.6
940316.7
941015.6
941535.8
942095.7
943229.5
944227.3
955603.6
958680.8
961531.7
961891.5
962352.8
962741
963327.1
964302.4
964754
965126
965460.7
966088.3
967207.9
967944.6
968353.8
968839.5
969337.8
971197.7
981094.1
985021.9
986999.2
988257.9
988777.8
990234.8
991572.1
995248.1
1016226
1018916
1023512
1024053
1024876
1025283
1025927
1037514
1070010
1075806
1076227
1076276
1094590
1095093
1095702
1096096
1096705
1097420
1108725
1109483
1110018
1111510
1113134
1114424
1116023
1117332
1123363
1124123
1124920
1125503
1126499
1126759
1132219
1137239
1137794
1138393
1138800
1140388
1142750
1147041
1147621
1148522
1151373
1163256
1164483
1164923
1166308
1167224
1167794
1170010
1177295
1182320
1182853
1192640
1193328
1193666
1194015
1195805
1196829
1201602
1202757
1205478
1206737
1207668
1209015
1232574
1237319
1238615
1239596
1240243
1240753
1241345
1242039
1242829
1245756
1246237
1268507
1269725
1271409
1272544
1275011
1275686
1276375
1277105
1283187
1286145
1286977
1288716
1298853
1301333
1302533
1311690
1312137
1313188
1313632
1314307
1314721
1315376
1316153
1316983
1317702
1318724
1322523
1330052
1330739
1331396
1351944
1354276
1354800
1355462
1358267
1363074
1363767
1364061
1364386
1364959
1365276
1365756
1366510
1369568
1375293
1376160
1384932
1385669
1397689
1401303
1403484
1406626
1407133
1407638
1409123
1443429
1444329
1448967
1449779
1450624
1451615
1452477
1454813
1464322
1465288
1480236
1480615
1487778
1496967
1498291
1498895
1527894
1528468
1533143
1534390
1535315
1535661
1541061
1546779
1547555
1566830
1573632
1574680
1580091
1580625
1581459
1582045
1582602
1583397
1592642
1595275
1602092
1603012
1603530
1604531
1608407
1611368
1614103
1614819
1615658
1616674
1619415
1620331
1620758
1621486
1644486
1644985
1645315
1645559
1646020
1651292
1653501
1675321
1677812
1678370
1694030
1699524
1700460
1701081
1702102
1702514
1702918
1703233
1703614
1704021
1704807
1706940
1709172
1709533
1710100
1710612
1721217
1721877
1722602
1723933
1724921
1725670
1726303
1726981
1728319
1728886
1730476
1731875
1732840
1733862
1739111
1740266
1742116
1749038
1750455
1751039
1756305
1769409
1770023
1771533
1778205
1801095
1801787
1803142
1807315
1825573
1826508
1827967
1829972
1830325
1830942
1832938
1834335
1840507
1843658
1844619
1845271
1846020
1847138
1848222
1851704
1852379
1870467
1871439
1871894
1872469
1873079
1893089
1897945
1898870
1899520
1900103
1903715
1904735
1905626
1911122
1911744
1912653
1913938
1915415
1916585
1917055
1917480
1917960
1918694
1928763
1930107
1930626
1946490
1948754
1948862
1972401
1972964
1973336
1973926
1979799
1981228
1981941
1982600
1991489
2015522
2017396
2021156
2021794
2023564
2028815
2036512
2037277
2040559
2041584
2056981
2058218
2059095
2076400
2076828
2077494
2079294
2079741
2087623
2088840
2089452
2090455
2101833
2114408
2124620
2125156
2126094
2126780
2127342
2128321
2151954
2152465
2153519
2155076
2156585
2162532
2169342
2174052
2175200
2175879
2187371
2189062
2189539
2190078
2190500
2190802
2191193
2191554
2192059
2192429
2192829
2193694
2217890
2218359
2219061
2219495
2220231
2220792
2222202
2224071
2226704
2227044
2227332
2227715
2228177
2250576
2250969
2251861
2252308
2253926
2256345
2257299
2270044
2270479
2271446
2273267
2280286
2281259
2282125
2282668
2283244
2292799
2293452
2295140
2303882
2317290
2317812
2318311
2341087
2341542
2341966
2342484
2344219
2344809
2351996
2356306
2358432
2359087
2359576
2360064
2360915
2362861
2364025
2395043
2418508
2419430
2420261
2422819
2423913
2427168
2427792
2437237
2441060
2441638
2442001
2442321
2442610
2443129
2443499
2443932
2444365
2463024
2463471
2464653
2465135
2479016
2485821
2487400
2488793
2489582
2492890
2506877
2508248
2508694
2519322
2519954
2526830
2531252
2534336
2536379
2537157
2537470
2538344
2539038
2549308
2549912
2550382
2550811
2551378
2551915
2552987
2553739
2554387
2558260
2558821
2559395
2560531
2570213
2570908
2596417
2614985
2623692
2625246
2632278
2634454
2638243
2642806
2643536
2644156
2651300
2651475
2652086
2665292
2669479
2671341
2705117
2716701
2718183
2721891
2722468
2725732
2726370
2726998
2727361
2731030
2731773
2732512
2733237
2738074
2748933
2750605
2753618
2755625
2772434
2774327
2775299
2796309
2803484
2804217
2812537
2817603
2825210
2825844
2826242
2827783
2845732
2883764
2885979
2886893
2888812
2889843
2902216
2909864
2921910
2926167
2927310
2927796
2928356
2929136
2948383
2948515
2949522
2950627
2954324
2956180
2957735
2958533
2959105
2959770
2962492
2962945
2963343
2963724
2965100
2968619
2970996
2971537
2972102
2972690
2977133
2981605
2984868
2985547
2988651
2990620
2991738
2992272
2992815
2996316
3003519
3004171
3004761
3007177
3009707
3010457
3010975
3011838
3012347
3018293
3018962
3019393
3020627
3022288
3027386
3027991
3028395
3028748
3029241
3033709
3034447
3034966
3042786
3043425
3044187
3044729
3045218
3047919
3048575
3049357
3050215
3056427
3056475
3057599
3058403
3064448
3065033
3072582
3073353
3074681
3075347
3076460
3076981
3077341
3077781
3078933
3079768
3081285
3081992
3082520
3083161
3084161
3085045
3085679
3086718
3104679
3106205
3110805
3128529
3130841
3167075
3167767
3168823
3171382
3171596
3172886
3173495
3174424
3175263
3183532
3183862
3184328
3184763
3185567
3186177
3186794
3192709
3200470
3201181
3202516
3204479
3204859
3219037
3219480
3219857
3235458
3238674
3239327
3244769
3251793
3252674
3274294
3275173
3284516
3285429
3286427
3287167
3288772
3293019
3293649
3294845
3299238
3299830
3300285
3301768
3326097
3326535
3327031
3327652
3328224
3328681
3335569
3336272
3338110
3346272
3349950
3359817
3362300
3363098
3363561
3368142
3368436
3369078
3371638
3372074
3372740
3373225
3375488
3376065
3376731
3377173
3390851
3412644
3413351
3414520
3414891
3432769
3433638
3437547
3442684
3443909
3444438
3458148
3458858
3459634
3460078
3468115
3473065
3480216
3480888
3483407
3484171
3484615
3485008
3485481
3486121
3486625
3487689
3498435
3498835
3500038
3510182
3510738
3511423
3511942
3512789
3524491
3525356
3525687
3526643
3527390
3541024
3541993
3542602
3546679
3547011
3547660
3548051
3550570
3551721
3552264
3552641
3552953
3553566
3554486
3555066
3555555
3556100
3557460
3558147
3558726
3559640
3560653
3561211
3562794
3564773
3565879
3574097
3575315
3576640
3579380
3580180
3580720
3617783
3621402
3643253
3652072
3657159
3657695
3658356
3658863
3659693
3660075
3660857
3670204
3670750
3671136
3671776
3674866
3674905
3675865
3681843
3683995
3703627
3710791
3711701
3723468
3724212
3724838
3729242
3730111
3731120
3732822
3737832
3738846
3739322
3739729
3740281
3751356
3752163
3768361
3769186
3770702
3771504
3771948
3772379
3772878
3773422
3775462
3794893
3795716
3796417
3796772
3801949
3810133
3821112
3832145
3832718
3833386
3834126
3846087
3848338
3848881
3849274
3849724
3850330
3851029
3852024
3852650
3858895
3860502
3862387
3863253
3864543
3865894
3866449
3869822
3870501
3871174
3871581
3871681
3872711
3875200
3876046
3876595
3877106
3881576
3882204
3883095
3883466
3884052
3884884
3888777
3889601
3893716
3895285
3898230
3899205
3899891
3900628
3901381
3902107
3902466
3902948
3903376
3904757
3905513
3906534
3919662
3920252
3921243
3929206
3929701
3935819
3936865
3938464
3938843
3939251
3939714
3940096
3940554
3941541
3942145
3960947
3961197
3961590
3962200
3963610
3964581
3968019
3968521
3968988
3970165
3974081
3982678
3985737
3986355
3986730
3987194
3987939
3988561
3989357
4005076
4014888
4015358
4016884
4018267
4019633
4023002
4023737
4024221
4031030
4055712
4056929
4057431
4059708
4078515
4079015
4079334
4079853
4080588
4081851
4083810
4084552
4085452
4086393
4101081
4105269
4106809
4107672
4108979
4110188
4110617
4110728
4111165
4112145
4115026
4143289
4143970
4144407
4145505
4157162
4158204
4166893
4168862
4187021
4188417
4189721
4198375
4199076
4223687
4274797
4277127
4278061
4285937
4287566
4288125
4288803
4290029
4290366
4290834
4291587
4292605
4294441
4295357
4295730
4296157
4299719
4307443
4308041
4309412
4310323
4310811
4311472
4313396
4314890
4315882
4316526
4323270
4324236
4324753
4326825
4334048
4335473
4340338
4341013
4341436
4341890
4342412
4343006
4343392
4351850
4358378
4360273
4361798
4362468
4363012
4363556
4364002
4364654
4371347
4371888
4373372
4375073
4386217
4386755
4387256
4387627
4388118
4389459
4401146
4401575
4401912
4402228
4406023
4407215
4408991
4409442
4410031
4410824
4413522
4414549
4415346
4415766
4416461
4418486
4419542
4420257
4420730
4422408
4423279
4425175
4426257
4427106
4429267
4430027
4444504
4447013
4448121
4449944
4459886
4460234
4464627
4465409
4465946
4466640
4467261
4467911
4468564
4470898
4472405
4472920
4473561
4480227
4500392
4501014
4501510
4502127
4502730
4503232
4503573
4503842
4504211
4504536
4505022
4505625
4505663
4508457
4510063
4517212
4522198
4522702
4525765
4535507
4536542
4537106
4545580
4546002
4546343
4546654
4547127
4547499
4548051
4548773
4550270
4561878
4565981
4572869
4573548
4573984
4574353
4574847
4575520
4576140
4577211
4578087
4579830
4580501
4580929
4581375
4581948
4582859
4586325
4586486
4595981
4596363
4596764
4597163
4597506
4597908
4611019
4611463
4612036
4612466
4612996
4613692
4617324
4618198
4618736
4619161
4619581
4619868
4620286
4620578
4620959
4621286
4621623
4622065
4622325
4623821
4625885
4626713
4635981
4647224
4652383
4674997
4675629
4677006
4689419
4692577
4693029
4694165
4694455
4709676
4710006
4710072
4710358
4711478
4713376
4713412
4714587
4715232
4724250
4724960
4725863
4737900
4742776
4747366
4748114
4748672
4749628
4750193
4750611
4751155
4751905
4752831
4756571
4757517
4758029
4758985
4760121
4762736
4763081
4763781
4764760
4765363
4766022
4766660
4770203
4782022
4784411
4788878
4789310
4789607
4790177
4795993
4796807
4798000
4798534
4798874
4799280
4799933
4802398
4803105
4804924
4805877
4806347
4807060
4807453
4808062
4812137
4812817
4814065
4814708
4815311
4817675
4818479
4819641
4821594
4822380
4822738
4823349
4823742
4824367
4824912
4825281
4837767
4838689
4839855
4848113
4849723
4853856
4854486
4854929
4855279
4855693
4856091
4856555
4857145
4863495
4866639
4868990
4869801
4877884
4878819
4879722
4880377
4881486
4882337
4883707
4884740
4885787
4895552
4899579
4900018
4900464
4901160
4901721
4902381
4905307
4906171
4906949
4907642
4908299
4909200
4909945
4912362
4923653
4924229
4925031
4926781
4930792
4931384
4962057
4994477
4995166
4996089
4999263
5000045
5006320
5017366
5017797
5019110
5019820
5031974
5035572
5036334
5036599
5036922
5037486
5037940
5038570
5039108
5039501
5040225
5042428
5046921
5051248
5066178
5069067
5079063
5079473
5079897
5080321
5081232
5082039
5084459
5085431
5088811
5089493
5090233
5090776
5091495
5095595
5098553
5098943
5099249
5101303
5103393
5103717
5126989
5127454
5134276
5137838
5140765
5144481
5160618
5168324
5172515
5175092
5178370
5203817
5206394
5207472
5209067
5212409
5213219
5221429
5227042
5228117
5232333
5233613
5234048
5234555
5236972
5240844
5241222
5241598
5243118
5243855
5244758
5246765
5247339
5256204
5256617
5257543
5258530
5259892
5262282
5266827
5289892
5290459
5290837
5291272
5291815
5294296
5294845
5298262
5300202
5314240
5314722
5315344
5316075
5316744
5317513
5318730
5319331
5320327
5325784
5327215
5342500
5363093
5363926
5364724
5365358
5365814
5366244
5366976
5368280
5370082
5401490
5402350
5426657
5430279
5431068
5431566
5432325
5432995
5434441
5446943
5447527
5455364
5459063
5460751
5461262
5461921
5467348
5482608
5483067
5483715
5484808
5497778
5499629
5500484
5508395
5508892
5519626
5521015
5521565
5522254
5523080
5524151
5525106
5534652
5535333
5541564
5542266
5570308
5571374
5572156
5572779
5573531
5573924
5574451
5574993
5575273
5575573
5575867
5576168
5576652
5577147
5577557
5591282
5592370
5598034
5598838
5600770
5601477
5602234
5603266
5605715
5608087
5609100
5622049
5623347
5623931
5624992
5629079
5631000
5632066
5642124
5655398
5655916
5656501
5657325
5669460
5673911
5676483
5688664
5694026
5694865
5697593
5701435
5702140
5702840
5708469
5710043
5710469
5711195
5712326
5713182
5720221
5722403
5723114
5724059
5724637
5725509
5726678
5728920
5731218
5738447
5740054
5748314
5749073
5750168
5770787
5772526
5773612
5775492
5776778
5777370
5778364
5780458
5786056
5786798
5787770
5801475
5802037
5802601
5804074
5804873
5805547
5806334
5809171
5809592
5811935
5818780
5824571
5827039
5827870
5828460
5829547
5872787
5881771
5882501
5883263
5884810
5889849
5890512
5891614
5892657
5893069
5893603
5893975
5895290
5913385
5913860
5915509
5916718
5917389
5918209
5918907
5942853
5943675
5946313
5947071
5947949
5949624
5950180
5950969
5957972
5958550
5959211
5963519
5965601
5967054
5968490
5969095
5983401
5984686
5987319
5988587
5989268
6022744
6024012
6024818
6032413
6033578
6034466
6034948
6038042
6038713
6039510
6040066
6050465
6071373
6077839
6087101
6087984
6093408
6093784
6094367
6101021
6107252
6113338
6142204
6143595
6156475
6159223
6161085
6196970
6197346
6197649
6198031
6198365
6205833
6211735
6224050
6224730
6225879
6226312
6226828
6229257
6229730
6230416
6231313
6239780
6241431
6242729
6246402
6249374
6250284
6255718
6277779
6280381
6300476
6301593
6301996
6302652
6303236
6303670
6304190
6304284
6305385
6308116
6310101
6310496
6310999
6311591
6312413
6317245
6317821
6331944
6332577
6338609
6339351
6353639
6354837
6355502
6355977
6364260
6367589
6370812
6387114
6388726
6395198
6395845
6400882
6401477
6408815
6420020
6421131
6425798
6426581
6431348
6432954
6434411
6435415
6436344
6444045
6448697
6449221
6475211
6476304
6476530
6476836
6477132
6477469
6477771
6478104
6479047
6480056
6481426
6481922
6493808
6494491
6495352
6497303
6499185
6502503
6502986
6508016
6510693
6511307
6518662
6521383
6558296
6558941
6568276
6573991
6575068
6575486
6576111
6580255
6581117
6582987
6587166
6590997
6591504
6593250
6595110
6597029
6615601
6617501
6621598
6624210
6625435
6636656
6637353
6638312
6639776
6640299
6640675
6641143
6642450
6649062
6654866
6655675
6656821
6663236
6664285
6666550
6667511
6667994
6677392
6687153
6687898
6688359
6688890
6689247
6689504
6698189
6699278
6699875
6701094
6701694
6702512
6703209
6705165
6708604
6709496
6712019
6714412
6715340
6716252
6716887
6718011
6719227
6720297
6727322
6750251
6753968
6754033
6756019
6765595
6766079
6766746
6769071
6771007
6774236
6774767
6775755
6814023
6815243
6839455
6840715
6852732
6859864
6868432
6870561
6871188
6871807
6873743
6876679
6877333
6880860
6881491
6882117
6883052
6883766
6884709
6889525
6897838
6903676
6910990
6912185
6913140
6925169
6925618
6925981
6926624
6927111
6927595
6928554
6930597
6932048
6934297
6945723
6946152
6947180
6948066
6961286
6964347
6965518
6979666
6980349
6986585
6987115
6987860
6988888
6989670
6993446
7007097
7007925
7008632
7015068
7016582
7026693
7027526
7034447
7036436
7036946
7037382
7037929
7038346
7038757
7039318
7040017
7040752
7042499
7049410
7049772
7050228
7053894
7055940
7061020
7061408
7061901
7068428
7078516
7079274
7079690
7080170
7087267
7088299
7089310
7092390
7092766
7094204
7109346
7111071
7111638
7112153
7114561
7128464
7129037
7130814
7132478
7133751
7134603
7136777
7137346
7137892
7138323
7153590
7154038
7154568
7155100
7155905
7157122
7158268
7159194
7175367
7200332
7202352
7208007
7208597
7208956
7209425
7209915
7210397
7210932
7211207
7212735
7213839
7214414
7215788
7223858
7247857
7248437
7249204
7256653
7258023
7258645
7259465
7260888
7261308
7261686
7262247
7266846
7268948
7269517
7270227
7279403
7283474
7284001
7284575
7285008
7285695
7286480
7295083
7296310
7297795
7303097
7305203
7306321
7307164
7307862
7310922
7311872
7312607
7313075
7313652
7314240
7316443
7319070
7319888
7320562
7333305
7334546
7335242
7336445
7375705
7376245
7376629
7397703
7398035
7403901
7410053
7411789
7413479
7414198
7414913
7430483
7431032
7431589
7432475
7433395
7435445
7437033
7437964
7445769
7446418
7446859
7470561
7471524
7471856
7472139
7472506
7475632
7482200
7482740
7483165
7483695
7484217
7485082
7488669
7500497
7500956
7501526
7502239
7502661
7503029
7503451
7504007
7504878
7506406
7521573
7522021
7524720
7538364
7539238
7539937
7540617
7541606
7541890
7556472
7558965
7559495
7559928
7560324
7560753
7561504
7562792
7564695
7565228
7565866
7566357
7566854
7569700
7573954
7575238
7576230
7578994
7580129
7581201
7585790
7585815
7586534
7587566
7590239
7593121
7599179
7599867
7608292
7608859
7609236
7609648
7610089
7619511
7628664
7629246
7630063
7630750
7631386
7653106
7654085
7661737
7662405
7671283
7671866
7672813
7673113
7673690
7675871
7695310
7696249
7698159
7700096
7700562
7700999
7702106
7702877
7703461
7707378
7717636
7720118
7720960
7722165
7724423
7728613
7730336
7731456
7734547
7735238
7740525
7741005
7741915
7744045
7744627
7748331
7749633
7750024
7750557
7751412
7752853
7755075
7755796
7756208
7756855
7757569
7774126
7778282
7779190
7780136
7783536
7790144
7790746
7796353
7797572
7800262
7801421
7827074
7831653
7832807
7835271
7836294
7836725
7858536
7859407
7860026
7860650
7861638
7862781
7863350
7863785
7865170
7866183
7868862
7869446
7870680
7871670
7874930
7876798
7877983
7878770
7879543
7880099
7880800
7884021
7884416
7885056
7885696
7887012
7888021
7888899
7889393
7889923
7892224
7898175
7901416
7907114
7907800
7908773
7909662
7912631
7913230
7914178
7915393
7928277
7928660
7929231
7930127
7930702
7932414
7943129
7951160
7951854
7952941
7954423
7955248
7956524
7957153
7958151
7960922
7962331
7965146
7966739
7967399
7976495
7977557
7978056
7979105
7982783
7983583
7984544
7985192
7985877
7986274
7986747
8000242
8004277
8014305
8015207
8016266
8016908
8017456
8018204
8021268
8021810
8026064
8046548
8048622
8056397
8059774
8069641
8080780
8100538
8104152
8105058
8106214
8106553
8106930
8107521
8110194
8110801
8123988
8135140
8135784
8136322
8142015
8143103
8143826
8151204
8153475
8155128
8156917
8157363
8157776
8158336
8158651
8159099
8159506
8173742
8174165
8174811
8175783
8176567
8177192
8178347
8179173
8179553
8180161
8180600
8188908
8200977
8201523
8212575
8217057
8218197
8218818
8219362
8220050
8227016
8232703
8236385
8239283
8240618
8245929
8246399
8247031
8256962
8275747
8276318
8276677
8277016
8277285
8277634
8278043
8279353
8279835
8280491
8284450
8285323
8301791
8302390
8303315
8303861
8304311
8304810
8306153
8307123
8308152
8309209
8320998
8321674
8338997
8340187
8354852
8355589
8356569
8365796
8366334
8367120
8368299
8375320
8376587
8377589
8379679
8380229
8380800
8380894
8381755
8383717
8395550
8396331
8396716
8397095
8397560
8399843
8418115
8418963
8432910
8433615
8434158
8434697
8435082
8435497
8435813
8436189
8447143
8449265
8451262
8453500
8457484
8458987
8460161
8466764
8467190
8468182
8469940
8470630
8471155
8471590
8473112
8474210
8482876
8487677
8488165
8488938
8491547
8499367
8500132
8500826
8502051
8502716
8504197
8507567
8507750
8512180
8513755
8554288
8573323
8576471
8577074
8578002
8579180
8579730
8580708
8582664
8586399
8589878
8596698
8597254
8600422
8604036
8608074
8609368
8610320
8610994
8612639
8613140
8613743
8615663
8616809
8617914
8622432
8622939
8623366
8623820
8625690
8631827
8633113
8633646
8634612
8635422
8637657
8641641
8642508
8652443
8653540
8654795
8655452
8655899
8656343
8656804
8657364
8658000
8658517
8659175
8664111
8665266
8671626
8686702
8687103
8687786
8689950
8690904
8697991
8701461
8702018
8702361
8703012
8722637
8723485
8726702
8727233
8727683
8739157
8739695
8740597
8741266
8741740
8754371
8754995
8755609
8756874
8757504
8761362
8766614
8777931
8778800
8779594
8780482
8780935
8783468
8787589
8796144
8797332
8810123
8815467
8815882
8816495
8816981
8826518
8829309
8833415
8834611
8839205
8844368
8844961
8846229
8847243
8847638
8849085
8862311
8862658
8862992
8863348
8863789
8864430
8865233
8866112
8867625
8869133
8879251
8893028
8898044
8905067
8912737
8918328
8918731
8919272
8920200
8920980
8928989
8930076
8935820
8938783
8941304
8950173
8954727
8955583
8977587
8979611
9002364
9014845
9018527
9028307
9036170
9036951
9037531
9038218
9038780
9039762
9042008
9042374
9050142
9050720
9051386
9059337
9059677
9059972
9060355
9060891
9061550
9070440
9076488
9079750
9080184
9080610
9081014
9081471
9081806
9082388
9083111
9083797
9096688
9097496
9117953
9122568
9123030
9123747
9124303
9125325
9125906
9126832
9127242
9128513
9129028
9129943
9130669
9139532
9141252
9150254
9150868
9151462
9172750
9173782
9174554
9175775
9176371
9187002
9187586
9190461
9191209
9191794
9192528
9199858
9200512
9201520
9201911
9206235
9206803
9209267
9210648
9213350
9213729
9214047
9214468
9222464
9223307
9224225
9224774
9231912
9247917
9248209
9253425
9255902
9256793
9257274
9259813
9262183
9262769
9263270
9263710
9264589
9265772
9288711
9292770
9293612
9294233
9297984
9298910
9299412
9300134
9300709
9304120
9304532
9304948
9305185
9305336
9305848
9312319
9316952
9317651
9318335
9319587
9328694
9331176
9331742
9332642
9339609
9341717
9343473
9343978
9344593
9345241
9346418
9350264
9359537
9362017
9363876
9364539
9365254
9365997
9368161
9374845
9375558
9376190
9376844
9377550
9377947
9379566
9382648
9383292
9385751
9386820
9389500
9390372
9396285
9396722
9397561
9400111
9400871
9415676
9424834
9451040
9451709
9453245
9464716
9471044
9471599
9471959
9472414
9473133
9473894
9474320
9475006
9497776
9499557
9500031
9500397
9500858
9501743
9504597
9505788
9517412
9518070
9521462
9525127
9525743
9526242
9526906
9532955
9533381
9535527
9536714
9537396
9538455
9539146
9539782
9541750
9548642
9549132
9558528
9559347
9572922
9573755
9574870
9579244
9587289
9587882
9589638
9590358
9622577
9624179
9630256
9633765
9634770
9636339
9637325
9639928
9641237
9642140
9647233
9648346
9653549
9663431
9664322
9673558
9675156
9676712
9678420
9679305
9680129
9681088
9681838
9684616
9687553
9688955
9689788
9690453
9691830
9692813
9694276
9701239
9709426
9714758
9727087
9728831
9730294
9730716
9731397
9731465
9732244
9734139
9735639
9736400
9737383
9738595
9740318
9753905
9754953
9756416
9761722
9763099
9764532
9765376
9766445
9767174
9777553
9782257
9783184
9784271
9784812
9785258
9785963
9786554
9789598
9793165
9793939
9794417
9795002
9803102
9805504
9806256
9811154
9820422
9822394
9823983
9833249
9834228
9835090
9839034
9839377
9840081
9859035
9859649
9860152
9860841
9861476
9862167
9863438
9864012
9864792
9865587
9866453
9870225
9873905
9874629
9875027
9875649
9876777
9912222
9912854
9914137
9931055
9931615
9950394
9950925
9953952
9954696
9955660
9960836
9962069
9963131
9977751
9978307
9980169
9988486
9989501
9998388
9998564
9999251
10001279
10004212
10009624
10011240
10011758
10012136
10012605
10014197
10020739
10026867
10029691
10030346
10031038
10031682
10032379
10032860
10033456
10034380
10036742
10037347
10040192
10040267
10041951
10046202
10046883
10047689
10051519
10070819
10071305
10072542
10073322
10073896
10074475
10075978
10076570
10077436
10078195
10089593
10090209
10090737
10092153
10094365
10096009
10097698
10100998
10101764
10104485
10106873
10113428
10121135
10122220
10122905
10124760
10127535
10128531
10129029
10130522
10132803
10134287
10134757
10135333
10136032
10157669
10158808
10159683
10160199
10164947
10171565
10173086
10176073
10177327
10185995
10190339
10190815
10191906
10192319
10192868
10194867
10197941
10217365
10221036
10221958
10225649
10238661
10239523
10241706
10243349
10243838
10244434
10245124
10245663
10246534
10247320
10250654
10251252
10253737
10255543
10257792
10258598
10263354
10287072
10293601
10303967
10305985
10310872
10311915
10312743
10330104
10330663
10357000
10364818
10367347
10368396
10372054
10374454
10375080
10375838
10376441
10376972
10377566
10378398
10378946
10384735
10385063
10385455
10398149
10398881
10414686
10415901
10419214
10419682
10420112
10420536
10429742
10431787
10432403
10433392
10433929
10434344
10435000
10442004
10442797
10443656
10447389
10448574
10449532
10450259
10451053
10453663
10455067
10455746
10482236
10483139
10484332
10485600
10496527
10500040
10501106
10501413
10502166
10511941
10512935
10514593
10526906
10527406
10528594
10534080
10547438
10548463
10552400
10554971
10556564
10557646
10558719
10560500
10561105
10577922
10589436
10591252
10592009
10592537
10593340
10593776
10594298
10594993
10595566
10596144
10601983
10602409
10605341
10624253
10626876
10636201
10637986
10638449
10638922
10639552
10640916
10641586
10642388
10643161
10644479
10645022
10645769
10646772
10661270
10667112
10667767
10668932
10669661
10670085
10670479
10671226
10671594
10672084
10672577
10673129
10673566
10680680
10681299
10683794
10684538
10685093
10685680
10686016
10687149
10687856
10688625
10704903
10708795
10712091
10712603
10715181
10728589
10729231
10730200
10736378
10738056
10738606
10739732
10744284
10745495
10756077
10756837
10757904
10768034
10769653
10771878
10772839
10773351
10774503
10775160
10776783
10778353
10779020
10781187
10804223
10811144
10818081
10820242
10820711
10825702
10827629
10828417
10828790
10829528
10831772
10833669
10834825
10839330
10839823
10840339
10842476
10843023
10843797
10854720
10864889
10866270
10867607
10876290
10876380
10877155
10877559
10878052
10878525
10879173
10880912
10881668
10882145
10882470
10883087
10903021
10903674
10904150
10904944
10906259
10909441
10909910
10910662
10926636
10931186
10940636
10945729
10946891
10951114
10961765
10962616
10963280
10963898
10966609
10967745
10968183
10972256
10973253
10988367
10992659
10993686
10994032
10996408
11003994
11007582
11016695
11019199
11025102
11026367
11029353
11030177
11030957
11031449
11031844
11032347
11032818
11033677
11036986
11037492
11037864
11038368
11039164
11042494
11045049
11046190
11046844
11047264
11047704
11048386
11048871
11052712
11061779
11087236
11087848
11089137
11091570
11092867
11096766
11097739
11098100
11099094
11099481
11100084
11100689
11101185
11101655
11102885
11103567
11105503
11105974
11106874
11109555
11112770
11113417
11113955
11116320
11117454
11117904
11118308
11118578
11121946
11125343
11129627
11130866
11138838
11143701
11144440
11145332
11146144
11147120
11147659
11148458
11149528
11150214
11153988
11155165
11158012
11159205
11160621
11161102
11161511
11162054
11173628
11174239
11174709
11178130
11180535
11181423
11181951
11182291
11182914
11183475
11184303
11185627
11194746
11195427
11195751
11196062
11196447
11196899
11205587
11212894
11213752
11215102
11227367
11227867
11228408
11228925
11229259
11229601
11230047
11230855
11231329
