8143.733
10264.05
10866.62
11256.99
11684.78
12738.93
13469.56
24717.96
34685.26
44547.45
44745.51
45803.98
46818.93
49305.98
52059.83
82544.2
92861.55
98293.06
99592.36
100254.3
100795.4
101460.5
106056.1
110562.1
112143.6
113049.7
117365.2
118946.5
119782.3
120430.5
121002.2
122360.6
124588.9
136838.8
148310.9
157487
161868.9
166234.2
167656.5
168211.8
168742.1
169645.4
174996.7
180321.5
185807.5
188900.2
196754.7
201649.3
209582.1
211504.1
214270.1
217897
224187.2
251740.4
252508.5
253190.9
256048
259928.1
268624.5
271045.9
278047.3
303762.1
331924.1
332562.8
334035.7
336233.2
363565.3
373082.7
373924.5
384064.7
386460.9
396792.3
405638.4
452530.4
456772.6
471377.4
476316.9
488153.6
509848.9
531362
537022.8
539006.2
541109.9
542870
543621
544892.1
548589.6
549241.9
550331.7
557132.1
563615
573234.5
581034.5
583866.2
586649.7
595549.9
596390.8
602457.6
607957.2
614962.8
615156.3
617179.1
645479.8
656647
670773.4
675629.2
677269.6
681403.3
682519
683332
692740
709519.1
709744
710639
713205.7
717714.7
719112.4
719921.1
737394.2
739891.3
742242.7
743773.1
760205.4
774835.2
776771.5
776871.5
779006.4
779329
800198.4
802668
824859.7
825773.5
828612
830377.4
838254.8
840524.7
847820.5
867040.7
867765.4
868451.2
871495.3
880526.8
903456.8
907756.3
917798.2
923677.7
924373.2
936523
938388.5
940399.5
959419.4
969967.7
990971.3
994000.5
1002626
1011293
1016673
1024205
1040985
1045373
1055034
1060224
1061461
1064048
1064082
1066626
1067308
1068759
1070895
1071688
1084528
1091798
1093252
1103613
1103723
1111309
1111760
1112689
1122864
1130126
1151472
1151550
1152086
1155018
1160758
1165340
1184710
1202428
1216867
1232884
1238059
1271188
1272394
1281126
1282910
1302810
1323478
1325436
1351085
1352272
1361088
1362518
1368999
1370472
1379918
1389918
1397556
1411687
1413664
1414314
1421344
1448859
1449464
1450186
1486468
1488323
1492485
1510907
1511164
1511273
1512244
1513505
1517524
1557800
1575242
1583232
1595437
1597058
1599193
1601338
1604299
1616837
1621262
1621565
1622245
1624445
1629345
1632433
1633302
1633949
1635918
1637042
1637553
1638078
1638574
1639083
1650731
1651365
1667059
1669690
1682015
1685041
1687904
1699117
1699658
1703091
1703815
1704511
1705926
1706697
1715872
1729935
1742849
1751124
1762067
1766682
1777485
1807398
1809761
1816286
1817470
1818418
1820130
1821265
1826233
1830749
1837092
1848807
1852089
1853285
1861090
1861851
1863855
1876002
1876860
1877780
1880296
1886252
1890958
1893852
1910649
1915228
1916773
1918831
1943596
1944702
1952838
1958346
1959258
1961024
1961576
1962162
1962222
1963548
1964034
1965088
1969659
1971221
1972338
1974441
1975369
1976818
1977462
1977906
1986433
1989957
1993685
1994872
1996173
2000388
2010311
2012975
2020423
2028426
2031529
2038638
2039808
2051393
2052271
2053258
2053559
2082044
2083134
2084602
2086231
2092108
2103958
2107307
2144172
2172266
2173820
2175798
2177183
2177621
2182060
2203685
2207572
2221672
2254861
2259854
2265129
2275327
2276102
2277616
2278574
2280856
2298365
2300090
2301613
2302279
2303371
2305104
2319641
2386550
2395653
2414996
2415435
2426009
2429539
2460045
2462999
2464216
2467190
2474246
2478674
2499704
2502421
2509356
2532522
2534787
2536013
2537827
2554222
2562302
2568446
2572879
2592363
2605112
2605653
2607279
2618893
2621241
2625900
2642313
2660684
2701450
2702994
2716700
2721749
2734046
2751177
2772042
2779609
2786719
2797568
2801801
2826530
2827156
2827656
2829021
2851070
2854265
2856135
2859971
2861699
2862837
2865217
2873404
2886740
2888117
2895585
2896952
2897932
2898610
2902514
2904637
2911487
2916040
2919239
2921159
2922140
2923184
2924206
2925382
2927466
2939580
2945725
2947066
2948043
2948677
2950365
2966698
2968188
2971525
2972076
2972545
2977436
2991494
2995724
3007788
3013604
3014765
3016221
3019111
3021207
3023144
3030879
3031886
3037734
3038930
3055367
3056645
3064167
3071047
3071832
3082007
3100386
3104960
3106822
3117689
3118922
3130550
3159321
3160060
3160724
3161767
3163410
3163499
3164707
3196784
3197911
3198474
3208430
3210360
3229482
3232746
3234560
3246089
3255782
3260412
3264573
3264901
3265991
3276278
3277692
3295630
3309243
3315797
3316723
3330063
3330844
3333018
3333785
3341710
3346357
3348596
3362181
3362262
3363114
3367288
3375749
3376949
3386799
3394655
3402017
3404653
3412133
3420277
3421145
3421284
3422439
3433835
3441441
3448478
3450657
3451948
3486265
3487973
3491275
3492836
3493909
3495359
3496458
3500263
3514509
3525691
3531906
3557161
3558204
3559926
3561201
3561781
3562996
3563968
3566576
3567675
3569586
3570397
3574866
3577124
3577868
3601080
3603020
3603570
3618343
3619407
3620550
3623648
3638476
3645040
3649350
3650277
3651418
3653111
3657200
3673265
3675743
3677646
3678841
3679355
3680050
3686499
3688437
3690139
3710247
3722923
3724851
3729042
3740021
3742765
3754777
3755605
3755692
3756805
3760302
3763388
3767954
3769540
3818147
3831207
3832285
3857218
3859881
3861222
3891557
3892316
3893256
3894210
3904474
3918811
3922509
3924146
3953967
3966252
3969036
3969375
3971989
3992672
4019219
4020203
4021074
4052658
4053794
4055967
4057216
4058301
4060570
4061825
4068689
4079619
4081732
4083009
4083337
4084539
4085174
4085730
4091541
4096443
4098116
4102585
4113259
4122167
4130177
4131673
4145446
4155229
4156591
4158180
4175075
4179257
4180825
4183949
4184934
4185998
4192404
4203536
4204231
4207776
4210323
4211235
4213109
4213469
4214296
4216607
4217035
4217978
4220605
4224669
4225439
4240873
4242269
4246766
4247672
4248402
4249089
4250953
4258410
4263491
4265641
4268560
4272639
4275139
4280754
4283248
4284523
4290407
4293703
4310954
4311962
4312254
4312593
4315600
4320156
4338338
4339480
4340670
4343159
4343381
4349089
4352557
4361963
4362608
4363463
4364757
4365612
4370833
4371824
4372879
4373614
4374381
4378870
4381340
4389283
4398690
4418129
4420174
4423832
4429441
4430008
4442085
4443088
4443982
4445438
4446161
4452676
4453459
4456706
4466213
4475605
4476096
4476839
4477572
4505262
4509698
4510726
4511910
4514059
4515518
4516563
4518529
4522949
4523432
4523815
4527732
4528637
4529669
4530584
4530821
4533094
4533221
4533638
4534408
4535352
4536230
4537098
4537823
4539078
4544614
4546120
4549251
4555131
4556795
4563210
4564107
4565076
4572433
4582379
4600703
4603704
4604552
4605613
4607699
4608935
4610337
4611285
4612447
4630035
4631491
4633055
4646102
4652016
4654620
4656101
4656328
4663543
4665370
4665856
4684662
4685574
4689662
4695454
4714382
4724695
4727080
4730730
4732297
4739265
4741526
4755726
4760590
4770588
4791328
4794426
4802586
4805382
4806686
4816700
4817237
4836450
4842105
4844229
4845090
4847480
4860362
4864135
4864665
4865245
4866869
4876520
4881619
4881935
4890093
4892642
4895338
4895975
4899400
4909597
4912249
4913645
4916074
4922778
4925591
4925947
4928085
4955057
4955635
4956046
4956749
4957399
4958435
4967005
4982357
4984754
4986738
4987179
4987562
4990255
4992751
4994491
4998403
5002990
5011226
5016110
5017801
5024121
5034162
5038049
5039406
5041320
5051297
5053642
5058325
5066784
5077423
5079575
5082541
5083076
5085470
5092444
5097830
5101745
5102225
5105079
5106007
5107090
5110297
5111609
5112498
5113988
5114026
5114435
5118491
5120022
5125635
5127408
5128141
5128989
5130032
5131563
5135662
5152908
5157578
5158579
5159421
5160089
5161330
5163888
5166957
5168169
5170909
5176312
5182181
5185047
5186203
5192784
5192858
5194312
5199065
5206149
5209324
5211679
5221153
5224277
5236809
5305810
5318859
5319599
5320633
5340038
5341208
5343470
5347569
5351954
5352837
5358971
5363282
5374967
5376385
5401348
5402411
5404407
5407594
5408874
5409723
5425755
5427894
5430972
5455474
5465667
5466525
5485985
5492187
5499745
5501023
5502278
5504944
5515620
5535754
5536512
5537678
5538106
5538329
5541861
5553080
5556764
5559358
5560743
5561477
5563865
5566997
5567549
5568225
5569242
5573431
5588866
5589816
5602757
5604868
5608904
5612235
5612741
5613774
5614317
5615392
5617595
5625004
5625196
5635678
5636217
5638840
5644335
5655175
5659654
5660165
5664293
5670238
5671899
5672220
5672916
5673825
5674465
5677230
5681242
5681327
5682070
5682776
5683973
5684946
5690736
5691525
5693060
5693884
5693967
5694879
5696321
5696435
5697571
5698990
5705916
5717584
5717866
5726416
5728149
5734985
5738340
5739534
5754318
5767394
5770470
5771204
5771955
5773093
5776888
5777952
5780364
5781221
5786600
5789349
5798589
5807524
5808822
5809707
5813157
5815790
5821774
5850407
5857375
5858422
5859248
5859341
5859750
5866481
5869121
5870136
5871392
5875969
5882709
5883601
5883812
5884086
5887581
5890750
5895792
5904662
5913406
5928396
5928938
5937216
5939933
5940658
5941651
5942380
5942788
5963164
5973478
5981157
5986369
5991786
5993842
5995768
5996515
6001470
6003096
6006967
6007713
6008763
6009531
6013903
6014289
6016071
6016931
6018708
6019060
6047918
6058242
6062744
6092053
6095648
6096444
6106542
6120443
6123781
6131967
6137881
6141721
6152533
6163284
6163620
6168993
6177917
6216540
6219949
6230344
6233292
6246823
6274472
6314834
6327189
6328269
6330779
6339804
6341840
6352236
6352810
6353705
6354315
6354662
6355563
6355818
6368692
6395151
6400036
6437114
6446790
6455604
6457450
6458107
6461630
6462058
6462910
6464019
6464248
6465134
6472693
6473839
6474674
6483440
6512984
6521370
6522008
6522056
6523092
6527461
6528588
6529903
6531247
6538524
6544318
6548333
6549067
6553643
6554154
6557028
6560165
6561580
6562238
6586366
6589941
6592853
6593453
6595598
6597418
6615035
6615678
6617187
6619606
6621408
6621947
6626342
6633012
6635925
6637222
6637738
6640259
6650451
6651152
6655545
6656752
6657566
6661807
6670930
6693741
6695545
6696872
6699042
6751343
6751828
6752102
6752265
6753093
6753544
6754119
6754221
6754647
6755429
6756064
6757367
6771019
6773288
6776014
6777140
6778535
6780691
6798299
6807048
6807430
6808094
6808619
6810084
6818506
6820183
6830448
6836831
6837568
6838088
6853102
6857410
6905028
6909889
6911269
6912118
6913215
6915102
6915352
6916962
6918223
6920466
6927775
6934477
6935372
6942294
6942851
6943312
6944309
6951783
6970448
6975407
6978005
6996720
7007520
7020232
7026800
7039423
7044116
7045700
7052628
7059572
7064997
7076284
7076795
7078233
7080484
7081194
7087110
7091305
7092567
7093698
7094290
7096851
7107569
7108593
7112163
7113771
7114608
7114988
7117033
7119262
7125301
7126446
7127494
7139084
7144053
7151555
7151842
7158972
7160717
7161983
7162669
7163555
7178983
7179694
7209202
7211039
7216636
7220088
7230696
7241955
7245998
7247524
7251091
7254173
7258894
7269095
7282074
7283077
7283909
7290543
7292216
7292647
7292820
7293904
7304203
7308642
7312820
7330449
7330863
7331602
7331996
7332421
7339808
7341748
7352531
7354123
7355780
7359446
7365260
7367080
7367303
7368579
7369401
7371665
7372876
7373958
7375841
7386343
7397560
7415054
7416380
7417726
7422070
7430819
7457795
7463234
7463414
7465011
7471226
7471628
7473940
7477016
7477272
7489188
7491447
7498380
7500424
7508024
7512246
7523131
7529256
7530019
7543495
7546455
7551747
7553418
7557059
7562414
7574377
7579554
7587034
7587680
7587714
7588303
7590271
7601173
7605144
7605582
7606683
7607113
7608049
7610090
7619591
7620611
7621520
7622016
7627219
7650209
7651804
7653521
7657592
7658070
7658445
7661273
7667007
7678867
7682279
7686758
7689352
7710315
7714818
7716393
7720020
7725487
7726384
7728120
7731427
7751273
7752223
7760044
7762721
7763197
7763909
7765616
7766134
7766357
7773299
7801151
7809082
7812292
7822638
7823221
7824885
7838814
7839911
7854189
7856327
7867938
7870188
7875431
7893380
7899528
7901107
7901620
7902230
7902984
7908058
7914979
7916092
7920055
7920950
7926748
7927987
7941289
7944006
7950082
7951146
7951938
7952706
7976607
7986503
7988888
8008245
8018560
8031206
8034097
8043470
8046247
8051734
8060869
8066003
8080290
8110908
8112207
8112685
8132158
8145660
8174584
8200132
8202990
8208089
8208775
8210519
8211151
8229343
8246433
8248220
8253001
8254742
8259067
8260171
8262739
8265467
8265718
8265757
8267139
8269407
8282769
8290622
8305638
8315378
8330343
8342843
8347556
8352649
8356508
8361792
8364463
8371158
8373302
8408582
8409300
8409497
8416984
8417690
8433178
8436148
8438426
8481589
8482954
8483352
8484683
8516465
8517491
8552767
8574920
8589037
8593991
8595202
8598835
8627021
8627967
8628196
8653743
8667875
8681313
8704123
8704841
8705022
8718018
8719525
8724247
8752248
8763040
8774792
8782229
8786745
8793633
8803583
8805266
8828069
8839714
8854748
8865087
8870585
8881130
8881941
8891606
8903127
8904115
8905140
8918656
8920927
8922855
8923976
8929813
8931330
8949267
8950616
8971818
8976323
9003934
9006204
9008098
9017007
9019911
9020615
9021758
9036039
9038956
9058149
9063588
9077728
9081260
9085375
9098884
9107666
9127402
9135762
9136444
9146464
9146978
9153321
9155960
9157434
9160891
9161996
9162220
9164688
9165375
9166437
9166888
9167203
9167242
9186145
9190827
9194857
9195917
9204074
9226358
9229172
9230274
9241301
9251158
9251590
9257568
9259981
9261231
9263194
9285336
9300122
9300250
9317184
9327163
9328575
9333020
9334797
9337976
9339956
9342056
9342242
9342682
9343600
9347101
9349287
9354059
9362870
9381223
9382798
9391428
9399725
9411307
9422307
9464342
9473686
9477868
9482099
9492084
9509199
9535806
9537419
9544473
9550784
9552688
9553938
9556200
9560447
9564968
9568717
9570786
9572440
9584126
9604467
9605405
9607854
9608660
9611629
9613291
9650542
9686411
9691582
9701494
9702492
9704022
9709299
9709862
9710417
9714016
9730109
9730825
9733601
9735900
9746083
9748963
9751587
9760819
9763783
9764497
9767922
9768683
9768726
9773615
9788268
9813972
9814787
9824886
9833452
9834897
9839520
9844497
9853001
9860484
9880262
9906102
9928677
9929869
9933420
9934795
9935870
9942971
9943549
9944754
9946226
9949051
9952571
9954446
9955189
9968622
9998407
10010457
10014072
10015578
10023621
10032049
10035391
10036368
10044987
10049386
10049837
10051998
10053132
10054792
10063984
10064150
10064774
10065096
10065519
10066312
10089974
10103634
10113669
10114581
10119596
10120795
10137901
10144375
10163637
10174756
10179622
10187333
10191220
10195036
10195859
10197468
10210843
10217972
10219414
10224486
10225912
10227274
10228053
10228541
10237339
10238125
10238899
10239720
10249944
10252009
10252703
10253876
10256423
10267284
10275319
10293814
10295614
10298138
10298334
10302433
10304797
10320184
10362369
10386140
10386974
10403723
10407116
10407700
10414865
10418379
10419412
10432541
10433052
10434551
10439612
10445303
10447458
10450332
10466018
10477657
10483459
10486218
10487909
10503009
10503190
10504354
10504900
10505854
10512145
10512687
10516333
10520647
10521517
10539690
10540343
10547005
10557949
10559860
10560277
10561054
10565314
10566987
10577151
10578648
10585770
10587083
10589047
10596686
10604332
10610729
10614059
10617658
10620720
10621198
10621689
10653845
10655126
10660819
10670169
10670373
10672017
10678904
10680029
10686718
10699369
10712197
10721997
10723793
10726402
10729972
10730987
10732406
10732472
10761591
10770988
10776223
10776766
10778643
10803005
10803933
10804877
10805468
10820697
10824505
10825806
10827167
10834528
10838202
10842042
10848022
10853747
10859252
10860794
10861280
10862603
10869527
10870141
10877893
10881428
10882256
10883700
10884362
10884708
10886936
10888143
10888563
10889307
10892192
10895409
10896349
10897593
10900567
10907618
10908854
10910107
10917527
10918691
10919240
10919816
10927101
10928203
10929738
10935808
10944014
10945269
10946707
10950835
10953050
10954832
10960578
10961060
10962016
10963015
10965275
10966122
10969259
10970908
10972565
10974694
10978125
10979180
10988252
10990595
10994168
10998174
10998846
10999554
11000091
11000580
11000984
11001634
11002164
11002797
11006487
11007497
11012447
11013053
11016437
11017698
11020048
11020536
11023839
11025030
11034998
11043152
11044617
11045735
11046250
11051239
11054541
11060886
11061520
11062746
11069083
11069767
11073728
11075818
11078284
11079055
11079873
11083584
11097048
11106928
11119808
11120789
11131125
11134898
11140069
11148949
11154629
11164512
11166042
11177172
11185777
11187881
11197788
11207065
11209319
11210141
11212209
11220137
11223895
