13631.87
61169.2
109505.1
110489.3
111333.6
114020
136876.3
141000.4
160794.8
162008.2
162659.2
163296.1
166013.5
168866.2
169501.2
170079.8
170933.6
178511.8
221373.1
224448.3
225370.4
261140.7
261496.4
266857.5
268686.7
270347.4
301468.9
346127.9
352840
355088.1
356576.1
380191.8
382572
383063.6
393913
398085.6
401664.8
403099.7
409572.6
461344.4
462246.4
466604.5
537037.9
583352.3
594075.3
595850.1
599381.6
615358.6
616568.2
619021.7
636725
642749.7
661334.1
674658.8
705149.2
740703.6
751163.3
802838.8
806045.9
818614.7
819402.5
820862.3
825766.9
827779.4
828827
830078.8
860953.7
871111.9
871863
903513.5
920018.5
942339.1
949904.8
951657.1
952301.5
962029.2
965837.9
973237.3
1072166
1072841
1073810
1076458
1078018
1089600
1090564
1105457
1146372
1147182
1147829
1148298
1148967
1167556
1232385
1232825
1233675
1237209
1238225
1238913
1239474
1239983
1240919
1284271
1313189
1319506
1329398
1330010
1330782
1367847
1416119
1421825
1422542
1423619
1447398
1455325
1458781
1460191
1462609
1465382
1466602
1468289
1470149
1470747
1471616
1472663
1474076
1499092
1514831
1518945
1519566
1529914
1558307
1580266
1581846
1604277
1605405
1618996
1620110
1656154
1678716
1692635
1693469
1694767
1711118
1712805
1750796
1752339
1753373
1781066
1823795
1824752
1825891
1856821
1869419
1869761
1871223
1878068
1901316
1927305
1930919
1955626
1956543
1962448
1963809
1972286
1973787
1974592
1975778
1982995
2009558
2012521
2013519
2014548
2015548
2016847
2018474
2019626
2039807
2042415
2063381
2064794
2083062
2113780
2115678
2117173
2126734
2140269
2141812
2145418
2150517
2184690
2208018
2274678
2290559
2292641
2296052
2296896
2320708
2321796
2324524
2352520
2354856
2389220
2392121
2393148
2393859
2449605
2461207
2514638
2516005
2525359
2526929
2552248
2569445
2570617
2572540
2575714
2590715
2591205
2592110
2595031
2596445
2608772
2610235
2611754
2614003
2622348
2637097
2647531
2649552
2650437
2652325
2657402
2659432
2760690
2765894
2808800
2810063
2810875
2819379
2821251
2828708
2829690
2830365
2833755
2841631
2843089
2867768
2870885
2871873
2873533
2882291
2883922
2885090
2886495
2897410
2899613
2907506
2944391
2946369
2961116
2964846
2966035
2967420
2990477
3018333
3046061
3051134
3068497
3069694
3070251
3072482
3099514
3118730
3120137
3124571
3127223
3185766
3201126
3209640
3210755
3312550
3314272
3317416
3345442
3347342
3382049
3386813
3413874
3415954
3418844
3421943
3433698
3487850
3500603
3508080
3512560
3513447
3541667
3544876
3546557
3550167
3600385
3622066
3627884
3631424
3637478
3640407
3641583
3644258
3646268
3677759
3678890
3702798
3717740
3724256
3758433
3762558
3763599
3764654
3766277
3767125
3768642
3774117
3774557
3775901
3794267
3812278
3861068
3887830
3901410
3903804
3905653
3933026
3933730
3939728
3940407
3940844
3941560
3946658
3948343
3949312
3977296
4057184
4065148
4072159
4073561
4074528
4075939
4093447
4094125
4094581
4095112
4097262
4098122
4105103
4106608
4135536
4191973
4193929
4204913
4205993
4206981
4210984
4211752
4217036
4218085
4255106
4256575
4267284
4269321
4270628
4285841
4327059
4337285
4341249
4351433
4375634
4390818
4401202
4434850
4452351
4479598
4480134
4480906
4503584
4537103
4663191
4665404
4671737
4680326
4722540
4727957
4732110
4754708
4799288
4819490
4822621
4829843
4831022
4836588
4842144
4845682
4861213
4874952
4885996
4886808
4895977
4897911
4902789
4915383
4916346
4918180
4919245
4926281
4927644
4960393
5000598
5006948
5008000
5011241
5012235
5015125
5036044
5053265
5060781
5115516
5118867
5121690
5122854
5125388
5126264
5126931
5127922
5131075
5135968
5145288
5147657
5148352
5149533
5151022
5193155
5215240
5216074
5216911
5217758
5218472
5219837
5248180
5328805
5357545
5408616
5410465
5437816
5438725
5445030
5453157
5454845
5456236
5458623
5459614
5470441
5472921
5487476
5490256
5493193
5496592
5504791
5511263
5520416
5521406
5567639
5574444
5575135
5581153
5586027
5623528
5623941
5624573
5625286
5627101
5649230
5649992
5651151
5652613
5653973
5655167
5708539
5731221
5758217
5764191
5764665
5765587
5766748
5767972
5853551
5886136
5887524
5904968
5930775
5931615
5932281
5959006
5959556
5960183
5968453
5987701
5989438
5990480
5992227
5995272
6005624
6007769
6018107
6045340
6051264
6095203
6155377
6187674
6189816
6193136
6193894
6215585
6249100
6271086
6301302
6302226
6319559
6354538
6380858
6399255
6400402
6400909
6413311
6414888
6416006
6430455
6431650
6435227
6436713
6443829
6452759
6455345
6456163
6456781
6458419
6459789
6466329
6472839
6477122
6478398
6481060
6482574
6504032
6505498
6551789
6584146
6594451
6662453
6672012
6672722
6677427
6708341
6831134
6833498
6873709
6897735
6899146
6912338
6929012
6969870
6978078
6981436
7074911
7075626
7076133
7077106
7078592
7081770
7083456
7119157
7122917
7172814
7173835
7175273
7181226
7238474
7239228
7241111
7243995
7251036
7255167
7271818
7282198
7284842
7293403
7323559
7323674
7332125
7334205
7345424
7356389
7363932
7385526
7396185
7515918
7524839
7525733
7526734
7529557
7530183
7531239
7532732
7539757
7541646
7546775
7549189
7552469
7553254
7553727
7554424
7555239
7557299
7558240
7581728
7585869
7593196
7607863
7663671
7664809
7666016
7696426
7710261
7720897
7740196
7740873
7745579
7755500
7756170
7758132
7762091
7779685
7782950
7806365
7807028
7807574
7808171
7808816
7812625
7825732
7830420
7838765
7839803
7960497
7961337
7962473
7971359
7977780
7978297
7978838
7979412
7980619
7997419
8042671
8043422
8045754
8052429
8068482
8101452
8104022
8105186
8115567
8131078
8155375
8177294
8184921
8186168
8187972
8198982
8210007
8213451
8247877
8249821
8250528
8251850
8254387
8255278
8266558
8267142
8267723
8268718
8301058
8309055
8309995
8314383
8328050
8351580
8374908
8375066
8394594
8412231
8413034
8414221
8418823
8424986
8425600
8427339
8429961
8431855
8455049
8459615
8478391
8484340
8511362
8592392
8592893
8594184
8594825
8600151
8660187
8676299
8687257
8696778
8705149
8708142
8710326
8711290
8713183
8725745
8747396
8748789
8760612
8764827
8783115
8786977
8792840
8824557
8847818
8864039
8864668
8865440
8875743
8930686
8931593
8942265
8945558
8956057
8958601
8959502
8969613
8970710
8981019
9044612
9051826
9055071
9055708
9056266
9056581
9056974
9057607
9062748
9063900
9065861
9068170
9069899
9075340
9096806
9102954
9104411
9113363
9114825
9133213
9133969
9134624
9135501
9138078
9145470
9149351
9150666
9157331
9170457
9187026
9192147
9261924
9263083
9268158
9355279
9426464
9430537
9467131
9484707
9486632
9496252
9525302
9538673
9539644
9550259
9556525
9562165
9600380
9601554
9609012
9609641
9610515
9611455
9620326
9640582
9641396
9646396
9646808
9652618
9675980
9717302
9717335
9738935
9741749
9747228
9755141
9756994
9764960
9765988
9768693
9769494
9782106
9804119
9823463
9824066
9830430
9849769
9852263
9853211
9856537
9874463
9902463
9928455
9928962
9931695
9932444
9946904
9952791
9954316
9966587
9967864
9972311
9983618
9993107
10000202
10001482
10007186
10019168
10024021
10026610
10028514
10029177
10030567
10043814
10046604
10047211
10047942
10048716
10049580
10058874
10060355
10060883
10061364
10061905
10062722
10062813
10063457
10064197
10065131
10069929
10070546
10071478
10073615
10083177
10093159
10093925
10094818
10095521
10096223
10097041
10097731
10098686
10115416
10135207
10159632
10171023
10187897
10190433
10191509
10192086
10194280
10200838
10205733
10212228
10214691
10229486
10241203
10254564
10260532
10261710
10263733
10270707
10271501
10285873
10288526
10300575
10301229
10301912
10319397
10327835
10328772
10355192
10424699
10503938
10513510
10514636
10517940
10518671
10519501
10533372
10534557
10535617
10538472
10544111
10545965
10550316
10551259
10552349
10555581
10556444
10559246
10564228
10565030
10566207
10576355
10577624
10578592
10580241
10582336
10596275
10627939
10629155
10630681
10632169
10632784
10634017
10635476
10635943
10636514
10639397
10641441
10650007
10665779
10666391
10676980
10703772
10730903
10735932
10738702
10749049
10750112
10766188
10777524
10815618
10819779
10837266
10837732
10838718
10839354
10887076
10893520
10895725
10897362
10901471
10904798
10916122
10917548
10935405
10941496
10943438
10944658
10962013
10964185
10984949
10986502
11004820
11008656
11011899
11033541
11034581
11035679
11036568
11037339
11038127
11041499
11057121
11064441
11065944
11097650
11101991
11104929
11108310
11109168
11110281
11111000
11112022
11119467
11122963
11124442
11125637
11138643
11174962
11176826
11200850
11206574
11220237
11220977
11223706
11229577
11230961
11231175
