3306.94
4776.027
4844.581
5984.677
7744.591
7799.176
8722.87
9280.854
10239.53
10556.62
13499.46
14092.83
14745.45
15555.62
16211.72
18557.74
19662.54
24689.81
26942.35
27789.68
28819.74
29500.32
30995.94
35373.36
36934.95
38327.69
40782.44
41467.04
42250.18
43479.16
45408.57
47181.59
47812.04
48528.71
49970.99
54526.88
64956.87
65729.22
66432.39
68529.27
69799.86
70499.28
74946.55
75958.01
76869.95
77981.65
79015.38
82704.89
84983.61
90092.05
90948.54
91568.21
92430.74
95416.46
96708.44
101920.6
103533.6
106997.6
107803.1
110032.8
110925.2
112236.6
116023.7
116773.6
122687
123118.1
124152
126233.4
126912.7
127508.7
128323.7
128883.3
129696
131177.4
133233
134115.4
142302.9
143193.5
148582.2
149755.6
150675
170525.4
174973
175626.5
176217.3
177030.5
182126.2
184307
185163.8
192555.4
193316.8
195560.4
196287.6
196960.1
197582.7
198386.6
199476.6
202732.2
203828.5
204688.8
207417.5
208081.7
208554.2
209294.5
210178.6
211534.6
213018.2
214061.7
215262.1
221260.9
221778.1
222389.1
223594.6
226581.5
227662.6
228903.4
229617.1
230539
231646.2
233553.8
234748.8
236315
237526.8
238030.5
238507
238959.8
239677.1
240437.6
241617.3
242836.2
244353.1
245106.9
246005.1
247532.4
247995.4
248434.6
248916.7
249585.6
250107.6
251006.1
252391
254774
256777.3
257406.6
268850.4
269893
271346.2
272142.9
272699.4
273776.6
274675.7
275796.6
276611.2
277200.5
283351
284196.4
290982.1
291644.7
295388.5
297334.8
298569.2
299299.2
300169.8
305470.4
315732.4
316245.9
317246.4
319124.2
320401.9
321829.3
322832.7
324931.7
325754.5
326866.2
333703.4
337133.6
338171.5
339200.1
340095.1
342757
344107.5
344831.7
345866.3
347259.4
348915.9
351306.4
353564.4
358520.4
361660.5
362357.9
363038.6
363657.4
364401.4
364951.8
364985.8
365502.2
366009.3
372850.3
373888.9
374843.3
375621.6
376319.7
377195.3
377831
378365.3
378829.8
379312.7
379934.3
380462.8
381102.7
381677.8
382343.3
382838.3
383393.8
384247.5
385218.7
387936.1
388949.1
389464.6
390598
391109.3
391681.3
392079.9
392581.7
392998.7
393321.5
393736.9
394179.1
395108.1
395718
396376.4
398460.4
399231.9
400533.9
402893.7
404658.4
410113.8
425380.5
425382.9
429987.1
454186
455579.8
456548.6
457139.8
459879.7
465406.7
467162.1
468366.3
469154.5
479584.6
482613.8
484459.5
485187.6
485863
486002.1
487604.1
497192.1
497744.8
498478.6
499214.7
499804.4
501311.7
501941.7
502393.9
503074.8
503538.6
504093.5
504614.4
505193.1
507523
509633.9
511041.4
512326.9
513547.6
515496.1
527883.3
528555.2
529297.1
529785.9
530311.3
531049.9
531645.9
532230.7
533197.3
533830.7
534402.3
535291.3
536949.3
539339.9
540194.2
541207.5
543782.9
546348
549935.5
550895.9
552137.6
561596.3
562219.5
563414
565178.4
567415
576169.1
588623.7
589904.9
590756.5
591424.9
592403.6
594686.9
596861.4
622782.2
625096.4
625963.3
626792.8
627567.5
628369.5
630188.7
630979.8
631642
632324.1
641431.4
642581
644377.9
649178
651924.7
652923.6
662393.1
663574.8
664512.2
665868.9
666551
668717.1
669599.7
670693.9
671759.2
673577.7
674060.4
675045.5
675660.9
676226.3
676984.4
677482
678045
678573.5
679320.6
680805.2
681680.8
682727.9
683374.2
684000.6
684026.4
684612
685550.8
686019.9
686797.8
687940.7
689174.8
689970.1
690672.5
691740.9
692428.8
693914.3
695048.6
696184.8
719762.5
723001.3
734781.7
735329.5
736006.6
736463.1
737158.5
737678.4
738225.5
739410.5
744100.6
744715.9
745632.5
746748.1
747831.4
748313.3
748986.1
749967.5
751105.1
752281.3
754418
755790.1
760056.4
760161.4
760880.7
762225.4
763490.2
764247.1
765293.7
766820.6
772489.7
773584.1
774255.2
774933.5
775637.2
777299.6
780742.7
786383.5
788672
791233.7
792003
792597.7
793457
795621
797558.9
798399.4
798811.3
800408.4
800892.2
801579.2
803143
804209.7
805265.1
806816.6
807728.2
812328
814105
815148.9
816965.7
818455.1
819218.3
819805.5
820625
822780.6
823370.1
824097.5
824495.6
825280.6
825778.8
826358.2
827151.4
827818.1
828446.9
829032
829666.1
830739.2
831369.4
832943.4
833439.6
834140.2
835811.9
836464.1
837005.6
837580.3
838079.6
838646
844450.6
846880.8
848249.3
849430.9
850772.5
851607.2
852208.2
858560.6
859469.2
860013.3
860789.6
861744.4
863939.5
864955.8
865735.2
870444
872278.8
872962
902475.6
903362.3
904774.7
905820
912731.8
921459.7
922322.8
925813
926556.7
927139.2
927750.9
931077.6
931996.3
933629.5
934958.9
936351.8
937002.4
937442.3
938318
938783.7
939252.7
939954.8
940454.1
941229.6
941872.2
947283.4
948570.9
949532.8
950509.2
952555.3
953529.3
954260.2
955373.6
956138.1
956906.4
957420.2
958090.3
958705
960675.1
974620.9
982145.1
982772.5
984612.9
986008.1
986841.5
988084.9
989423.1
989991.9
990978.2
992312.6
1021367
1023085
1024550
1026214
1027664
1030007
1039252
1039985
1040975
1041736
1042668
1045826
1051917
1052408
1057389
1074385
1075367
1076468
1079049
1079685
1080146
1081221
1082970
1083615
1084310
1085175
1086014
1088235
1088938
1089621
1104074
1104111
1106612
1117850
1123423
1124661
1125841
1126755
1130810
1132332
1133137
1133645
1134110
1148835
1149867
1157186
1157840
1158401
1159082
1159807
1166244
1166822
1167699
1168277
1170667
1173811
1175558
1176189
1177213
1178080
1179439
1180314
1181221
1183071
1184085
1186035
1190589
1207896
1211027
1212014
1212479
1213067
1213680
1214457
1215980
1220354
1225011
1225936
1227822
1241038
1243185
1255778
1268630
1273139
1286261
1287931
1292558
1293669
1294777
1300832
1301408
1302672
1303845
1307899
1308845
1313916
1314831
1315400
1316003
1316585
1317078
1317698
1318262
1318858
1319674
1320735
1328572
1329541
1330234
1330295
1330898
1350795
1352032
1352580
1353128
1354416
1355215
1361854
1363123
1363840
1364807
1366196
1366746
1367181
1367945
1368477
1369058
1369553
1370114
1370869
1371448
1372938
1373581
1374098
1374655
1375301
1375901
1376458
1376972
1378268
1378809
1379541
1382869
1384518
1386493
1387569
1388157
1388930
1390346
1394375
1401014
1402529
1402948
1403426
1404033
1404641
1406133
1407956
1417533
1425527
1426435
1428928
1439507
1442868
1465709
1466219
1466889
1485386
1486136
1486925
1488659
1495788
1525524
1526027
1526644
1527223
1527801
1528330
1528950
1533686
1538867
1539473
1540228
1542061
1542610
1543783
1544686
1545383
1546239
1549792
1560211
1561401
1573412
1578065
1579634
1580930
1581719
1582387
1587160
1590293
1591399
1592198
1592812
1593285
1593399
1593914
1594567
1595585
1597769
1597993
1604568
1605848
1606541
1608384
1609426
1609845
1610777
1611893
1615496
1616093
1626316
1626957
1628294
1629142
1629673
1630354
1632538
1633332
1633863
1634357
1635263
1636474
1637826
1653338
1669925
1672114
1672747
1673036
1677801
1678999
1679038
1679289
1680097
1680789
1682336
1686635
1687496
1688783
1689352
1689922
1690539
1691139
1693038
1693703
1694401
1706973
1710245
1711077
1717087
1717707
1717740
1718380
1719458
1719878
1719968
1720573
1721299
1722240
1723525
1724985
1726617
1729526
1730079
1731489
1732907
1733879
1736036
1737561
1739308
1742216
1742890
1744906
1746335
1747017
1747630
1748207
1748794
1749568
1751211
1751971
1752435
1752934
1753508
1754293
1754756
1755161
1755681
1756654
1758060
1758443
1758798
1759734
1760186
1761263
1761751
1762230
1762779
1763205
1763660
1764091
1764560
1765109
1765816
1766584
1767167
1768085
1769383
1770527
1771394
1772242
1801042
1802322
1803795
1808457
1809284
1810733
1811784
1812552
1814291
1815682
1816593
1818264
1818844
1833151
1834235
1837488
1838305
1839823
1840520
1841244
1844347
1855729
1856581
1861408
1862095
1862947
1865366
1867139
1868986
1870040
1872262
1876925
1880676
1882879
1885430
1886826
1887676
1888738
1889547
1894405
1895504
1896222
1896776
1897240
1897901
1898772
1906184
1907637
1909686
1910967
1911335
1911954
1919142
1919935
1921137
1921742
1922249
1922835
1923631
1924272
1924943
1925673
1927702
1928675
1929284
1930377
1931798
1932512
1933125
1933686
1934331
1934846
1935250
1935662
1936342
1937047
1937656
1937717
1938279
1939387
1941524
1942836
1943969
1949118
1949686
1950394
1951064
1952702
1972471
1973604
1974622
1978114
1984199
1985020
1986056
1986610
1987342
1988084
1988844
1989595
1990101
1990638
1991137
1991538
1992082
1992706
1993273
1993808
1994357
1994923
1995539
1996027
1996427
1996929
1997301
1997753
1998131
1998519
1998943
1999325
1999788
2000224
2000776
2001860
2002525
2003081
2004275
2005590
2006261
2006880
2007498
2008152
2009378
2010175
2010956
2013860
2014481
2015589
2016251
2016733
2017174
2017629
2018287
2018658
2019218
2019897
2020683
2021600
2022307
2023084
2023745
2024481
2025958
2026611
2027515
2028003
2028840
2029271
2029625
2030053
2030486
2030920
2031378
2031966
2032699
2033277
2033977
2034594
2035099
2035621
2037027
2038162
2044548
2046165
2070135
2071786
2071825
2079006
2079869
2079964
2084141
2086507
2086712
2087281
2087604
2088950
2091015
2096087
2096631
2097411
2098017
2098635
2099574
2100194
2106669
2109965
2111588
2112251
2112760
2114294
2119523
2120234
2121134
2122345
2123208
2131724
2133359
2143630
2146403
2161049
2163927
2164760
2175185
2176364
2202183
2203672
2204727
2210046
2213539
2214102
2214930
2224073
2250773
2252696
2253275
2253336
2254281
2255867
2270705
2309743
2310721
2313048
2316097
2317714
2319622
2320410
2321387
2322101
2356904
2358173
2359305
2359972
2361772
2363272
2364096
2365493
2369469
2370434
2371241
2371726
2372894
2378264
2392108
2393629
2394341
2395058
2400789
2401590
2402493
2432285
2433965
2437597
2438330
2439092
2446422
2446795
2447172
2448461
2449249
2452427
2453110
2453722
2454622
2455213
2456054
2458641
2459936
2461312
2461829
2462741
2464220
2464945
2465577
2472871
2473357
2473893
2474487
2475280
2478527
2479240
2479961
2481876
2482791
2482875
2484457
2485407
2486224
2489378
2497016
2497742
2498283
2499031
2499572
2500235
2500830
2502026
2503382
2504967
2506240
2506540
2507077
2508054
2508702
2510257
2513374
2514868
2519564
2520224
2520987
2521410
2523040
2524412
2526124
2526672
2527411
2528081
2528788
2529426
2530325
2535677
2536621
2537876
2538786
2538819
2539429
2540601
2541135
2541781
2542337
2543017
2544855
2545131
2545719
2546024
2546751
2548411
2554556
2556610
2556994
2563324
2564866
2565778
2567417
2568093
2568770
2569385
2572364
2573095
2573788
2574559
2575777
2577004
2588913
2591555
2592247
2592872
2593478
2595183
2605383
2606153
2606784
2607693
2608396
2609562
2615139
2616647
2617235
2617808
2620042
2620906
2621996
2622743
2624464
2625619
2626383
2626992
2627528
2628069
2628735
2629650
2633937
2635310
2636273
2640260
2641122
2641981
2643876
2645224
2647058
2653928
2654609
2655155
2656079
2657984
2658719
2663398
2663899
2665376
2667339
2669514
2669659
2670621
2671256
2671775
2673390
2674344
2675441
2676095
2676716
2677458
2678008
2678555
2679263
2680282
2681003
2700736
2702081
2703240
2704333
2705139
2705598
2706213
2706937
2708848
2710068
2711052
2711428
2711975
2721939
2724608
2725990
2730255
2730990
2731458
2732002
2732698
2733123
2735349
2735967
2736817
2737620
2738060
2738407
2740177
2740847
2744443
2745140
2745872
2746878
2750256
2750523
2752511
2757838
2758872
2759862
2760135
2760676
2761286
2761902
2762480
2769947
2770860
2775319
2776586
2778420
2779650
2781063
2784779
2787050
2787484
2787957
2788556
2789232
2791208
2791817
2792466
2793010
2793808
2795727
2796744
2802234
2803150
2805829
2807070
2808202
2808810
2809527
2810174
2810772
2811583
2812168
2812655
2813260
2814318
2815495
2816833
2817581
2818742
2819436
2820164
2821890
2822581
2823218
2823838
2824397
2824969
2825641
2826133
2826676
2827368
2827620
2828301
2828851
2830197
2835455
2836047
2836430
2836834
2837366
2837815
2838409
2839516
2840776
2846506
2851017
2862144
2872644
2873974
2878156
2884006
2884660
2885460
2886751
2888144
2888970
2889731
2890950
2891489
2893266
2897938
2904513
2905509
2906450
2907187
2911311
2913562
2918723
2921078
2921819
2922483
2924230
2932039
2933121
2934350
2937000
2937614
2950649
2951745
2952924
2953007
2954323
2956145
2956682
2957288
2957878
2958416
2959183
2960187
2960364
2960851
2962075
2963427
2963955
2964475
2966331
2969721
2970365
2970934
2971793
2972494
2982113
2982658
2983238
2983823
2984286
2985309
2986262
2987634
2989558
2990035
2990136
2990712
2992140
2994166
2997054
2998460
2998583
3001509
3002655
3003495
3004585
3005300
3005800
3006370
3007616
3009011
3010595
3012306
3013479
3016547
3018371
3020318
3023873
3025674
3027508
3045117
3048553
3049939
3052620
3058052
3059538
3064240
3065731
3068664
3069140
3069761
3070623
3072297
3073254
3075052
3076473
3077738
3078207
3078624
3079597
3082351
3083400
3084895
3085995
3088380
3095616
3097246
3099513
3111840
3116871
3122008
3123484
3123913
3124589
3125105
3125736
3129335
3130511
3131371
3150156
3150910
3151780
3155790
3156296
3156738
3157319
3157754
3158656
3160291
3160816
3161432
3162123
3163643
3169569
3171159
3171466
3172204
3173367
3174836
3175667
3176219
3176792
3177360
3177917
3178429
3178924
3179464
3179948
3180486
3180879
3181358
3181821
3182630
3183250
3183923
3184877
3185747
3186568
3188033
3198712
3205396
3213182
3214878
3216314
3221479
3222793
3223486
3224050
3225202
3226432
3232972
3233258
3233786
3234480
3238755
3241758
3242810
3244462
3245854
3247908
3251635
3253289
3260387
3261458
3264573
3265350
3266035
3266669
3267315
3268036
3270520
3272142
3273682
3275923
3280731
3282967
3283717
3284747
3285368
3286965
3288646
3294141
3295019
3295764
3295872
3296815
3299524
3300490
3301462
3324066
3324546
3325014
3325997
3327656
3328615
3329194
3329982
3330550
3331128
3331796
3332144
3337557
3338126
3338898
3339594
3340236
3341332
3343111
3343758
3344278
3344821
3345528
3347015
3348641
3349983
3353310
3355514
3357467
3358250
3358901
3359759
3360483
3360829
3361913
3362738
3363404
3364134
3364936
3366586
3367216
3368000
3369278
3371351
3372175
3374256
3375088
3375930
3377931
3378873
3379892
3380590
3381193
3382055
3383154
3385037
3386047
3387402
3389753
3390683
3391412
3391506
3400069
3402056
3406224
3409042
3410442
3415067
3416884
3418332
3420694
3421295
3422241
3423552
3427599
3429657
3430377
3431057
3431828
3432616
3433992
3434379
3437595
3438233
3438825
3439406
3440005
3440585
3441075
3442226
3442385
3443117
3443906
3444757
3445762
3446757
3449248
3449889
3450529
3451771
3452641
3453522
3453610
3456127
3456851
3458006
3458770
3459399
3459911
3460749
3461370
3462486
3463935
3465983
3470644
3479425
3482934
3484123
3486971
3491952
3493649
3494296
3494920
3495636
3496388
3497099
3497777
3498568
3499220
3501623
3504087
3504802
3505488
3506440
3507098
3507925
3509036
3521557
3522728
3530749
3531887
3534088
3538649
3539450
3544702
3545155
3545721
3547766
3549111
3554515
3556308
3557070
3557812
3567123
3567995
3568527
3569085
3569673
3570292
3571049
3572825
3573889
3574972
3575987
3576988
3577635
3578949
3580004
3602480
3609576
3611303
3613453
3619845
3621253
3622416
3624284
3627508
3628435
3629182
3629915
3630896
3632151
3633534
3636929
3637903
3639090
3641112
3642071
3643317
3644696
3645794
3647343
3647909
3648718
3649236
3650277
3651327
3655562
3660298
3661105
3670243
3674500
3675483
3676588
3677421
3678055
3678584
3679159
3682644
3685628
3686392
3687163
3687931
3693068
3694379
3695063
3696015
3697130
3697686
3698239
3699548
3700776
3703727
3704454
3705661
3706657
3707521
3715716
3719794
3720506
3722216
3722678
3723206
3723912
3723948
3725438
3726351
3728216
3729498
3730061
3730437
3732104
3732807
3733372
3733909
3734892
3736430
3737267
3737984
3738777
3739791
3741067
3742621
3743301
3744043
3744489
3745331
3745882
3746800
3746953
3750855
3752483
3774490
3779686
3780713
3781572
3782839
3783991
3785635
3794455
3795531
3803411
3804009
3804886
3805809
3807358
3813501
3814556
3815237
3815815
3816686
3817368
3819975
3820670
3821048
3821989
3822805
3823451
3824850
3825394
3825985
3828386
3830508
3831896
3833104
3833893
3834999
3839869
3840816
3842401
3843619
3849144
3852438
3856937
3858226
3864849
3873514
3875248
3876184
3876926
3877513
3878964
3881127
3881851
3882344
3882878
3885141
3893065
3893808
3895577
3897793
3898762
3899877
3901541
3903202
3904266
3904982
3905539
3906051
3907576
3909637
3914403
3915306
3917719
3919066
3921843
3924387
3929681
3935533
3936347
3937113
3938194
3939173
3942784
3944714
3945673
3947420
3948751
3950383
3952081
3953226
3954782
3954817
3955425
3956561
3957311
3958420
3959727
3960408
3961412
3962616
3964356
3965021
3965798
3966860
3969501
3970693
3972880
3991243
3994406
3995840
3996893
4000960
4015258
4015881
4016682
4018173
4018828
4019687
4025949
4026898
4027835
4028418
4029575
4052183
4058044
4058186
4059902
4060019
4072024
4075952
4077720
4078331
4089867
4091184
4098758
4099440
4100415
4100971
4101629
4102009
4102055
4102741
4102741
4103526
4104574
4104619
4106109
4107721
4108679
4109935
4111012
4111937
4116917
4118336
4119405
4120298
4121208
4130561
4132795
4133390
4133846
4134403
4134989
4135679
4136195
4136739
4137447
4141440
4142731
4144555
4145241
4146318
4147148
4148900
4152497
4153350
4157838
4158952
4161527
4162515
4163270
4163944
4164652
4166209
4168467
4169149
4169628
4170592
4174353
4174886
4175640
4176502
4178456
4179383
4181705
4186696
4187392
4188175
4188496
4188844
4190023
4190633
4191445
4192052
4192607
4193820
4194807
4200295
4200808
4201252
4202615
4202650
4224360
4225193
4226917
4229071
4230508
4231212
4232131
4232840
4233763
4234822
4234861
4239589
4241224
4241913
4256222
4256928
4257716
4258141
4258588
4258932
4259733
4261775
4264727
4265809
4266643
4271288
4272120
4272983
4273765
4274861
4282294
4284024
4284966
4285723
4286757
4293008
4293661
4294316
4294985
4295636
4296319
4296982
4297409
4297893
4298417
4298946
4299515
4303639
4304784
4306445
4306498
4307419
4308858
4314021
4315786
4316422
4316958
4319535
4320619
4321936
4322402
4323159
4323937
4324440
4325071
4325797
4326621
4327626
4328554
4329169
4330785
4331680
4332422
4333194
4333830
4334475
4335325
4341712
4342702
4343181
4343762
4344364
4346140
4348457
4349424
4351249
4351998
4352809
4353805
4354307
4354913
4355372
4355882
4356393
4356989
4357863
4362093
4362554
4363038
4363810
4364278
4364729
4365279
4366281
4366927
4367818
4368524
4369095
4369386
4369704
4370338
4371041
4371934
4372479
4373705
4374596
4374627
4375232
4375831
4376918
4381408
4383152
4383763
4384477
4385360
4386016
4386553
4387170
4388343
4388972
4389519
4390069
4390383
4394850
4394930
4394931
4397562
4398365
4398938
4399503
4400078
4400752
4401668
4402199
4402910
4403608
4404167
4404247
4404874
4405439
4405900
4406304
4406698
4407667
4407697
4408213
4408706
4409206
4409653
4410218
4410822
4411608
4411974
4413275
4414231
4414929
4416023
4416627
4417187
4417746
4418775
4419183
4419361
4419939
4420531
4421460
4423372
4424058
4424961
4425431
4426238
4426999
4428771
4429712
4432244
4432273
4441180
4441799
4447411
4448178
4456433
4462393
4468232
4468893
4470184
4473749
4474457
4475011
4506687
4508546
4509276
4518029
4519166
4522878
4523602
4524352
4525044
4525944
4530396
4532790
4533513
4534309
4534850
4535866
4535942
4536857
4539245
4539825
4540960
4542296
4547348
4551493
4552402
4553378
4556803
4557503
4558048
4558538
4558997
4559715
4560326
4561382
4569274
4570396
4574092
4574791
4575260
4575597
4577243
4578076
4578923
4586762
4598150
4601108
4603067
4603926
4604942
4605743
4607285
4607325
4610424
4611048
4611896
4612951
4619666
4638628
4646160
4679203
4681602
4689026
4692140
4693358
4705233
4706045
4706777
4707805
4708907
4714429
4715624
4716773
4717970
4718706
4719284
4719979
4720587
4721213
4721869
4722359
4723436
4723871
4724336
4724986
4729385
4730136
4730742
4732191
4733278
4733811
4734309
4734861
4735371
4737777
4745445
4746422
4748748
4749850
4750632
4751420
4752062
4752714
4753373
4754857
4755567
4755717
4756952
4757720
4758320
4759048
4759608
4760076
4760858
4761460
4762016
4762758
4762855
4763615
4764313
4764697
4765051
4765547
4766178
4766293
4766725
4767367
4768890
4769611
4770094
4770667
4771170
4771918
4776016
4776565
4777075
4777656
4778537
4779838
4780433
4783824
4784471
4785057
4786002
4788545
4789293
4790185
4790926
4791646
4792711
4795556
4799144
4801006
4801687
4802490
4803056
4803988
4805956
4807165
4808870
4819488
4820238
4820751
4821328
4821938
4823251
4824133
4825335
4828857
4829561
4830659
4831336
4831751
4832181
4832760
4834531
4836676
4838617
4840900
4853129
4864940
4867639
4867666
4868851
4873497
4874906
4876539
4878301
4879569
4884028
4884899
4886230
4894410
4895071
4899891
4900654
4901246
4901839
4902614
4904091
4904980
4905676
4905739
4906211
4906803
4906850
4907550
4908436
4909307
4909959
4910778
4911383
4912501
4913277
4913855
4914798
4915290
4915700
4916788
4917753
4919317
4919863
4920280
4920814
4921315
4921868
4922346
4922821
4923758
4924827
4926995
4927832
4930248
4953772
4955055
4956835
4959348
4960933
4962242
4963383
4964336
4965554
4972100
4973376
4981216
4984872
4991183
4995755
4996548
4996946
4997419
4997888
4998640
4999170
4999717
4999865
5010787
5012749
5014387
5016545
5017119
5018092
5019254
5020140
5020174
5020674
5021214
5021893
5022857
5024323
5029129
5029979
5030665
5031393
5032115
5032785
5033233
5033897
5034622
5038104
5038937
5040078
5041758
5043633
5044425
5045581
5045692
5046442
5047349
5047901
5047984
5048541
5049442
5050292
5051562
5051920
5052496
5054267
5054702
5055268
5055884
5056664
5057574
5058264
5059039
5060369
5061114
5067770
5068441
5068986
5069668
5070278
5075101
5076857
5081127
5082341
5084379
5085195
5085875
5086816
5088170
5088745
5089750
5090825
5091587
5092644
5093585
5094386
5095438
5096021
5097448
5098304
5099206
5099809
5100340
5100809
5101192
5101638
5102260
5112723
5117099
5123564
5124249
5125092
5126240
5127233
5128179
5128746
5129366
5129914
5130435
5131156
5131627
5132202
5132771
5133606
5134553
5135869
5137280
5137855
5138586
5140565
5141591
5142339
5143220
5144112
5144827
5145061
5145566
5146180
5147412
5148412
5149963
5150230
5150643
5151284
5152528
5154340
5158089
5166879
5167702
5169193
5169630
5170573
5174624
5175431
5175960
5176636
5179622
5180461
5181529
5182263
5183277
5186781
5193848
5194745
5195557
5196517
5197864
5198397
5199406
5199809
5200197
5200811
5201615
5202956
5204101
5204628
5205376
5206595
5207752
5208610
5209185
5210986
5211760
5212579
5213143
5220398
5221659
5222666
5223172
5223760
5225028
5225750
5226086
5226852
5227269
5227821
5228234
5228646
5229206
5229797
5230352
5230942
5231590
5232136
5232880
5233393
5233909
5234279
5234741
5235152
5235573
5236429
5236959
5237527
5238493
5239228
5241759
5242236
5242800
5243310
5243883
5244403
5245240
5246369
5246864
5248235
5248984
5249425
5249936
5250366
5250807
5251182
5251310
5251554
5251909
5252403
5254299
5255025
5255750
5258851
5262151
5262747
5263353
5264023
5266187
5266937
5267642
5268281
5268772
5269554
5270202
5270639
5271266
5271991
5272901
5274015
5275052
5275641
5276432
5277259
5278054
5278466
5278968
5279532
5280132
5280780
5282663
5283422
5284073
5284712
5288587
5289364
5290678
5291634
5293173
5293954
5294925
5295918
5297498
5298634
5299006
5299503
5299944
5300736
5301315
5302519
5305664
5308332
5308818
5312933
5313640
5318255
5320596
5322201
5329040
5331035
5333022
5339664
5341258
5342363
5343396
5344609
5346872
5347876
5348699
5349297
5350065
5350552
5351362
5351894
5352641
5368108
5369019
5371321
5372108
5372584
5373797
5374751
5376568
5379894
5403717
5404404
5404917
5405400
5406913
5407641
5408415
5409805
5410640
5411974
5414464
5417711
5418085
5418598
5419147
5419622
5423009
5423822
5424512
5448218
5451846
5452369
5453074
5455432
5456361
5457093
5458646
5459404
5461216
5462111
5463749
5465878
5467260
5467752
5467960
5468467
5469670
5471486
5472679
5474273
5474782
5474992
5475451
5475910
5476246
5476628
5477039
5477585
5477805
5477953
5478482
5479091
5480054
5482505
5484415
5485319
5485993
5487603
5489749
5490557
5491310
5492010
5496610
5499023
5499656
5500022
5500295
5500537
5500996
5501881
5506680
5509216
5515690
5517485
5518746
5519452
5520039
5520527
5522666
5523604
5524239
5524969
5525431
5527218
5531486
5532774
5533498
5535154
5537167
5537648
5545175
5545865
5547195
5550067
5579721
5581054
5582214
5582870
5583578
5588204
5588771
5589328
5592287
5593718
5596011
5596863
5602263
5602929
5603720
5604844
5620442
5620664
5621865
5622036
5623739
5624687
5625401
5626083
5629521
5637706
5638733
5643425
5645057
5646113
5648153
5653954
5654567
5655247
5655864
5656458
5657474
5660880
5665276
5666331
5666758
5667479
5668231
5669421
5670082
5670764
5671585
5672406
5673131
5674609
5676549
5677636
5680524
5684032
5698425
5699287
5706514
5720550
5722353
5723309
5725627
5731292
5731531
5732127
5732385
5734301
5736377
5736979
5738285
5750606
5751222
5752117
5755520
5756640
5757392
5758031
5758595
5759300
5760086
5761190
5762122
5762598
5763008
5763476
5763885
5764289
5764717
5765106
5765598
5766073
5766782
5767253
5767869
5768514
5769765
5774157
5782221
5783795
5785336
5786122
5786760
5788015
5788604
5791835
5792706
5793257
5794129
5799193
5799891
5800587
5801188
5802451
5809512
5810513
5816972
5817884
5818739
5819544
5821218
5826712
5829818
5830447
5858005
5858712
5861072
5862235
5864392
5871896
5873898
5876089
5876803
5877769
5879468
5880155
5881133
5881812
5882749
5883639
5886254
5891997
5892859
5898248
5925750
5926516
5927884
5928965
5930542
5931915
5936438
5937113
5938827
5940648
5941320
5941819
5942459
5943276
5944044
5945570
5945572
5947324
5954595
5955566
5957437
5959424
5959971
5960580
5961578
5966671
5967550
5968463
5975459
5975989
5977601
5978805
5980005
5985144
5986360
6002399
6024453
6025882
6026913
6027510
6027786
6027828
6028696
6029902
6030806
6036097
6037366
6061233
6064723
6069754
6074081
6074121
6076173
6078329
6084287
6085453
6086314
6086832
6087090
6087909
6089391
6090395
6091088
6091780
6092404
6093437
6094165
6105261
6106680
6107309
6108048
6109202
6110560
6118845
6128167
6128887
6129404
6130144
6131496
6132125
6133142
6134182
6135240
6136171
6137208
6138218
6138871
6139707
6140310
6140800
6141456
6142024
6142644
6143207
6145008
6161694
6162503
6163332
6164565
6165364
6166084
6168333
6170103
6170990
6172007
6173037
6173579
6174196
6174385
6175467
6180125
6180998
6181816
6182343
6183643
6185646
6187343
6188444
6191031
6191994
6197282
6199011
6200686
6229059
6238158
6242514
6247345
6248266
6248866
6249873
6250009
6251157
6251839
6265591
6267218
6270647
6271296
6271834
6272806
6273352
6274158
6300180
6301257
6310509
6312541
6313741
6315372
6316290
6319413
6333804
6334493
6335656
6339298
6340086
6341055
6342169
6343082
6345369
6348568
6348933
6349103
6349804
6350930
6351516
6353521
6354484
6355019
6355753
6356483
6357053
6357678
6359528
6360223
6360781
6361351
6361857
6362370
6362943
6363265
6363603
6364192
6364496
6365014
6365687
6369282
6370083
6371389
6374229
6375488
6391013
6393098
6414744
6415187
6416051
6418865
6422170
6427982
6429063
6431777
6432464
6432897
6433975
6440764
6441692
6443183
6443814
6444772
6446976
6447648
6452428
6454016
6471450
6474558
6479169
6479933
6481222
6482253
6486715
6488880
6492786
6493726
6506637
6509350
6510680
6511242
6511951
6513197
6513913
6514491
6514975
6515868
6516646
6517438
6518183
6518741
6520074
6520619
6521094
6521671
6522150
6522567
6522937
6523414
6524258
6525171
6525861
6527058
6527802
6528581
6529139
6529789
6530301
6530728
6530922
6531209
6531821
6532448
6533162
6534402
6535445
6536290
6537449
6537830
6538319
6538859
6539208
6539778
6540484
6541157
6541776
6545351
6545351
6546464
6547117
6548107
6549286
6550557
6551897
6552519
6553342
6554077
6555383
6557647
6558717
6559595
6560457
6561062
6561684
6562363
6562777
6563305
6564325
6565156
6567117
6567867
6570154
6571061
6575971
6576870
6578060
6589525
6589925
6591463
6596288
6597055
6597797
6598790
6599727
6600741
6602360
6603448
6609968
6611175
6612201
6615826
6616537
6634921
6635619
6636399
6638962
6641448
6642317
6643087
6643875
6645165
6646597
6647350
6648425
6654023
6654826
6655573
6656412
6657118
6658019
6659150
6659627
6660427
6661008
6661827
6662408
6662933
6663608
6664267
6664882
6665660
6670165
6670746
6671314
6671982
6672557
6672771
6673721
6674251
6675258
6676043
6677309
6679396
6680319
6682513
6683199
6684003
6684632
6685110
6686584
6687380
6689047
6689594
6689997
6690395
6690885
6691348
6691828
6692251
6692680
6693365
6694852
6724739
6725447
6726404
6727535
6728349
6729111
6730137
6730739
6755383
6755514
6756379
6775094
6775859
6776366
6777290
6777805
6778434
6779803
6783291
6784091
6784719
6784755
6785536
6786172
6787569
6789986
6793511
6794139
6794771
6795356
6796306
6804501
6804653
6805107
6805641
6806252
6807503
6808215
6813011
6813464
6822501
6823217
6823872
6828977
6829837
6830465
6832728
6835978
6836788
6837456
6838066
6838933
6842816
6851157
6852211
6852862
6853604
6864441
6865184
6865813
6866395
6867343
6869195
6875171
6875996
6879729
6880384
6880918
6881436
6882396
6883106
6883482
6883753
6884140
6884786
6884959
6885583
6886386
6887238
6887904
6888491
6889318
6890126
6890787
6891565
6892269
6892769
6893410
6893981
6894529
6895027
6895479
6896122
6896707
6896775
6897495
6898043
6898837
6899433
6900091
6900658
6901224
6901753
6902455
6904830
6922232
6922657
6923062
6923378
6923771
6924360
6925763
6929944
6930724
6931234
6932914
6933779
6935190
6950058
6953229
6955391
6956131
6956701
6960024
6962326
6978513
6979161
6980343
6990481
6991839
6992803
6998570
7000333
7001485
7003320
7004506
7007197
7007848
7011628
7013007
7013910
7015372
7029256
7029813
7030452
7031319
7041085
7057410
7068543
7072994
7077436
7094174
7095671
7098373
7099092
7099936
7117125
7118240
7119032
7128170
7129417
7131209
7131752
7132080
7132807
7133402
7134100
7134811
7135805
7138086
7151529
7152142
7152770
7153664
7154625
7155547
7157481
7158662
7159220
7159944
7160821
7161048
7163072
7166159
7170855
7171350
7171889
7173358
7174809
7179063
7180304
7208483
7208611
7209361
7231136
7232278
7233200
7241734
7242473
7243745
7243843
7244740
7245851
7246739
7248537
7251470
7252229
7254630
7256945
7257465
7259064
7260070
7262940
7263990
7264516
7265149
7265732
7266114
7266494
7268605
7270088
7271518
7274581
7277318
7281843
7284209
7287009
7288263
7303468
7304144
7318940
7319926
7320781
7325760
7330221
7331723
7334157
7336954
7338225
7377004
7382578
7383145
7383670
7384193
7384668
7385180
7386266
7387378
7388950
7389664
7390400
7391591
7393292
7394259
7394774
7395989
7398596
7399593
7400562
7401642
7402254
7402882
7403492
7404112
7404628
7405307
7405993
7406509
7407145
7407855
7408310
7409614
7409935
7410382
7410855
7411454
7412130
7414371
7416306
7424158
7425040
7429015
7430896
7431499
7432108
7436225
7437542
7440133
7441713
7442387
7443335
7444810
7445997
7447712
7448968
7451541
7462114
7462497
7463405
7468809
7469917
7470905
7473168
7473894
7479945
7482888
7488938
7489680
7490285
7490803
7491952
7495941
7497998
7498709
7500088
7501251
7502185
7516475
7517565
7518465
7519061
7520027
7520785
7521592
7531742
7532330
7532648
7533083
7534655
7535474
7536079
7538867
7540198
7540418
7540864
7541404
7542144
7543161
7543891
7544970
7548497
7549075
7549165
7549466
7549566
7550203
7551495
7558726
7560658
7561372
7562163
7563244
7563739
7564355
7566483
7567715
7571497
7572806
7573512
7575470
7575530
7591524
7595135
7595784
7596733
7604362
7605692
7606567
7607484
7615197
7617422
7618132
7619026
7619960
7620431
7621074
7621500
7622299
7628376
7631453
7656844
7657370
7657872
7658406
7659010
7659540
7660452
7661061
7661767
7665065
7665604
7666250
7666685
7667161
7667756
7668817
7669614
7670902
7673936
7675090
7675615
7676124
7676695
7677177
7677683
7678136
7678632
7679142
7679868
7680492
7681811
7683084
7683592
7684533
7684990
7685481
7686568
7687280
7687795
7688375
7689287
7689729
7690433
7691104
7691787
7692515
7693178
7693691
7694262
7694679
7695171
7696216
7700278
7701603
7702611
7703400
7704147
7705789
7707328
7707410
7708888
7710008
7710557
7710863
7717591
7718218
7718384
7722055
7725200
7726119
7727476
7729636
7730411
7731708
7732707
7733390
7734199
7734925
7740929
7741530
7741978
7742428
7743813
7754045
7755155
7755923
7756882
7758742
7760777
7761261
7761807
7762436
7763084
7763894
7764631
7765907
7767527
7768048
7768722
7769617
7770286
7771444
7772136
7772826
7773465
7774028
7775540
7776900
7804949
7823342
7825197
7826039
7827615
7828945
7830243
7831368
7831911
7833498
7836321
7838078
7840056
7841439
7843663
7843787
7844826
7845509
7846443
7846966
7847722
7848799
7849378
7849875
7850462
7851860
7852295
7852701
7855059
7855188
7855680
7856552
7857474
7859297
7860466
7861971
7862639
7864100
7865149
7866066
7869222
7870190
7870868
7872374
7873160
7874047
7874900
7875631
7876251
7876987
7877642
7878982
7879642
7880282
7881253
7884878
7885258
7885713
7886294
7886518
7887734
7888493
7889216
7889958
7890752
7891658
7892536
7896690
7897485
7899758
7901018
7901866
7902518
7904779
7905919
7906657
7907801
7910591
7911347
7912119
7913654
7914387
7918061
7919157
7920209
7920975
7922493
7923682
7924300
7925655
7931064
7931655
7932254
7933721
7935694
7937410
7938112
7938774
7939948
7940865
7942628
7943338
7944230
7945178
7945792
7946552
7946752
7947345
7949337
7950104
7950384
7950807
7952010
7952812
7953474
7954100
7954716
7955429
7955902
7956431
7956871
7957512
7958045
7958585
7959078
7959604
7960106
7960727
7961291
7962680
7963242
7963772
7964229
7964750
7965273
7965689
7966224
7966739
7967279
7967655
7968149
7968936
7969558
7970259
7971082
7971571
7972382
7973186
7973924
7974520
7975924
7976858
7977419
7978060
7978750
7979318
7983031
7986984
7991655
7992228
7992816
7993363
7993927
7999038
8005205
8005686
8008776
8023404
8033186
8034381
8041179
8041772
8043264
8047641
8048791
8049938
8051270
8052951
8053951
8056636
8056983
8058319
8059078
8060488
8064043
8064953
8066112
8067202
8067889
8068612
8069132
8069696
8073250
8077022
8078228
8078706
8079296
8079333
8079389
8079998
8106101
8106685
8107436
8108945
8110617
8112490
8113723
8114638
8115828
8116577
8117524
8118244
8119540
8120218
8121148
8122110
8122935
8123523
8124055
8124504
8125231
8125986
8126962
8127225
8141773
8142423
8144167
8144660
8145038
8145348
8146706
8147237
8147747
8148058
8151629
8152259
8153067
8153666
8154479
8155339
8156295
8156931
8157874
8158953
8160240
8160515
8161587
8162586
8164087
8164902
8166199
8198071
8199116
8201201
8210155
8212679
8212799
8214956
8215962
8217181
8218558
8221643
8227342
8228499
8229050
8229603
8230214
8230896
8232249
8233947
8235252
8236452
8237093
8238070
8239065
8240317
8241143
8241696
8242075
8242927
8244027
8245031
8245892
8246824
8247557
8249442
8249666
8250217
8251566
8252440
8273000
8274843
8278678
8279476
8280577
8284867
8287991
8288562
8309767
8317052
8317810
8318737
8323064
8324177
8330209
8331086
8332268
8332922
8333433
8334068
8334690
8349352
8356941
8357952
8358591
8359233
8360657
8361670
8363859
8364854
8369832
8371231
8371899
8372996
8382076
8382171
8382843
8386137
8387822
8388662
8389479
8390519
8391722
8392700
8393488
8394335
8394952
8395643
8396470
8396681
8396822
8400792
8401948
8403103
8404308
8405529
8406432
8407028
8407692
8408171
8408793
8409675
8412622
8415134
8416603
8418362
8422032
8422605
8423191
8425023
8425729
8426059
8426337
8426939
8427722
8428741
8429647
8430220
8430908
8431381
8432537
8433089
8433621
8434278
8434898
8435476
8436095
8436796
8437892
8438843
8438974
8439850
8440387
8440971
8441744
8441859
8443428
8444561
8445327
8446271
8453546
8460042
8461036
8463015
8464800
8467383
8469857
8473422
8474180
8475176
8475874
8476825
8481036
8485550
8488046
8488899
8490426
8506650
8507571
8508842
8509547
8510205
8510205
8510819
8511901
8512592
8513327
8520496
8523654
8525754
8526871
8527374
8528025
8528685
8529875
8550412
8551006
8552043
8553216
8554358
8555133
8555868
8556383
8557171
8557825
8558499
8559130
8560377
8562921
8563717
8564426
8564894
8565509
8568892
8569564
8572315
8573695
8575279
8576102
8576859
8577665
8579041
8581782
8582902
8582956
8587910
8588527
8589673
8606702
8609843
8610618
8612811
8614068
8615219
8616148
8616949
8617759
8618439
8622013
8626375
8628269
8629858
8631414
8631449
8633947
8635364
8636212
8636935
8637473
8638021
8638782
8639521
8640227
8640959
8641326
8641925
8642519
8643049
8643416
8643854
8644347
8645006
8645573
8650308
8653577
8654051
8654738
8655314
8656564
8657874
8658477
8658533
8658928
8659681
8660976
8661579
8662154
8662826
8662853
8662854
8663325
8663811
8664300
8664820
8665388
8666226
8668295
8671055
8671764
8672879
8673702
8674625
8676031
8679421
8679988
8680443
8681127
8682671
8686370
8686895
8687494
8691619
8692741
8732012
8732385
8734925
8736678
8737369
8737616
8738180
8739218
8742631
8743431
8744365
8744883
8745626
8746201
8747040
8748027
8748773
8749379
8749575
8749808
8750133
8750435
8750821
8750933
8751471
8751830
8752300
8753002
8753565
8754241
8754906
8755780
8756643
8771508
8772043
8774264
8779761
8781514
8782621
8783362
8784196
8785710
8786879
8787980
8789408
8791443
8796685
8798126
8811141
8811736
8812652
8813711
8814668
8815899
8817128
8817839
8819229
8823496
8826460
8827337
8828256
8834585
8843443
8846611
8847477
8849252
8859531
8860473
8860919
8861520
8862782
8866063
8872163
8873298
8873909
8881314
8882063
8882663
8884073
8887365
8888086
8889033
8889716
8890254
8890796
8891520
8892308
8893572
8894285
8894895
8895424
8895876
8896483
8897213
8897841
8899686
8900387
8901485
8902257
8903176
8903743
8904921
8905623
8906447
8907553
8908487
8909318
8911007
8911784
8912329
8913058
8913351
8914429
8919183
8920061
8921005
8922053
8933311
8934053
8935251
8949142
9007111
9010212
9010992
9020519
9021598
9022379
9023540
9024495
9025473
9026117
9026639
9027287
9028194
9029444
9029971
9030011
9030311
9030640
9030972
9031321
9031654
9031982
9032313
9032642
9033095
9033460
9033886
9034258
9034784
9035394
9036997
9037550
9038090
9038884
9039684
9040454
9041132
9044992
9055030
9055760
9056751
9058322
9058419
9059567
9060300
9060621
9060887
9061469
9061862
9062357
9063338
9063878
9064624
9065442
9066560
9067684
9068791
9069362
9069857
9070302
9070740
9070917
9071198
9071643
9072042
9073839
9075121
9076052
9077461
9078074
9078758
9079297
9079639
9080158
9080540
9081621
9082589
9083158
9084391
9085038
9085551
9086008
9086432
9086807
9087175
9088107
9089238
9089853
9090786
9091239
9091712
9092062
9092582
9093114
9093662
9094154
9095551
9096266
9096267
9096604
9097824
9098354
9099248
9100297
9100762
9101344
9102135
9102709
9103068
9103639
9104142
9104607
9105282
9105800
9106423
9107386
9108612
9117220
9118205
9139686
9146277
9157227
9180605
9182030
9189362
9189902
9190037
9191072
9198007
9198732
9201703
9208779
9212437
9214883
9217095
9221153
9221327
9223023
9224825
9225824
9227233
9228436
9229134
9229896
9230877
9233600
9239577
9243362
9250874
9251967
9252779
9253583
9259496
9261027
9262196
9262852
9264085
9273952
9278056
9289027
9291233
9292222
9303912
9308353
9311107
9312733
9313877
9315368
9337038
9338438
9338471
9342486
9343330
9350478
9355877
9356765
9359508
9360586
9361620
9370356
9371080
9372483
9374373
9376303
9376370
9377707
9378715
9379758
9387351
9387431
9389016
9408831
9409601
9422838
9468861
9469315
9470051
9471370
9472568
9480777
9483535
9486444
9487292
9489431
9491190
9499661
9501302
9507546
9508223
9508850
9517259
9518618
9519374
9522311
9524637
9525691
9526252
9528189
9530292
9532423
9533768
9534682
9537524
9540163
9541449
9541599
9541645
9543006
9544046
9544228
9544838
9546048
9551829
9558359
9559976
9561631
9562191
9585931
9588715
9589239
9589798
9590342
9593272
9594286
9594846
9595377
9595832
9596540
9597159
9598008
9600297
9615228
9631819
9639677
9640456
9642978
9643499
9644922
9649251
9652067
9652717
9653317
9655614
9675614
9677232
9678897
9681978
9683243
9693523
9695204
9696645
9697694
9698187
9699471
9703344
9703983
9704795
9712198
9716356
9724347
9725047
9725710
9726739
9728464
9729642
9730537
9734554
9762981
9766074
9766281
9766833
9771671
9773112
9774400
9775100
9781030
9781592
9782257
9783272
9789154
9793480
9804368
9805136
9807209
9808971
9809907
9811181
9812040
9812640
9813062
9814136
9815175
9816704
9817784
9822304
9827269
9828106
9828947
9829974
9830983
9831774
9833847
9835361
9836248
9836867
9837764
9844526
9846402
9848406
9851807
9857788
9858741
9859278
9860093
9862723
9904244
9905114
9912015
9915020
9915955
9918207
9920916
9923310
9924524
9926490
9936090
9939528
9941002
9941978
9943793
9957505
9966554
9967476
9968507
9969154
9969734
9970188
9971144
9971749
9972680
9982348
9983440
9984448
9985317
9986319
9986646
9988605
9989470
9990994
9992459
9993141
9993881
9994418
9995007
9996198
9997157
9997937
9999293
10005536
10007537
10008473
10014526
10015233
10018013
10020685
10021409
10022005
10023911
10029149
10030256
10030915
10031577
10032138
10035352
10036384
10037052
10038031
10038895
10039676
10039893
10040102
10040599
10040728
10041090
10041265
10041590
10042197
10042854
10044588
10045976
10073002
10074239
10074787
10075696
10076852
10077559
10078316
10079729
10080331
10080941
10081453
10082063
10082871
10086870
10087967
10095533
10096427
10097258
10098155
10099169
10101073
10102584
10103375
10104654
10106080
10107173
10107678
10112300
10115046
10115935
10118663
10119697
10123267
10125030
10126302
10126492
10127121
10127636
10129216
10130040
10130587
10131305
10131872
10132464
10133603
10135053
10136997
10141212
10142005
10145621
10146382
10147035
10150585
10151488
10152355
10159656
10159863
10160608
10167652
10168458
10169803
10178438
10179686
10181774
10182399
10183246
10184891
10188266
10195935
10196704
10197290
10197933
10199217
10199919
10203111
10209387
10210770
10211463
10216752
10217877
10218459
10219021
10219554
10224776
10229496
10231198
10233366
10234149
10235237
10237359
10238297
10239025
10239906
10240850
10241915
10243068
10247006
10248362
10249131
10252327
10257125
10257748
10260131
10261028
10261314
10262028
10262183
10262579
10263156
10265078
10266032
10267883
10270945
10284366
10286527
10314282
10315311
10316124
10327353
10328076
10329435
10330061
10354834
10355877
10356984
10358245
10358944
10359790
10360501
10361667
10373713
10374965
10376345
10380160
10381133
10399710
10400445
10401869
10404639
10405442
10406119
10407205
10408456
10409063
10418984
10419748
10420419
10422238
10422947
10423756
10424408
10427802
10428435
10429209
10429720
10430920
10437427
10438192
10438419
10445094
10446270
10446989
10450209
10451943
10452565
10453307
10454617
10464096
10464905
10465909
10467368
10470160
10471247
10474703
10477303
10477789
10478342
10478786
10479273
10480105
10482268
10484749
10485801
10486417
10487364
10493671
10495291
10496778
10524622
10525872
10527714
10528561
10529503
10530159
10530649
10531877
10532287
10532407
10532947
10533503
10534136
10534532
10535101
10535478
10535876
10536492
10536943
10537335
10539629
10540317
10541796
10542854
10543719
10544268
10544957
10546578
10552832
10553565
10554260
10554910
10555417
10556517
10557922
10558891
10563856
10564966
10565703
10566442
10567196
10568250
10574213
10575314
10575397
10575963
10576644
10577498
10588117
10589565
10597056
10598440
10599625
10603746
10605504
10611661
10612954
10615978
10617824
10618739
10632215
10633640
10635238
10636108
10637061
10638104
10640332
10642765
10649971
10651885
10652737
10655604
10657131
10657841
10658418
10659667
10660915
10661825
10663352
10669139
10676350
10677079
10677695
10679136
10680785
10688484
10696717
10699383
10700312
10701030
10702613
10703287
10703859
10705540
10706622
10707453
10708616
10709345
10710721
10711885
10712580
10713865
10714721
10715359
10716735
10717178
10718298
10720175
10721343
10722334
10723136
10732062
10733113
10737226
10737708
10738385
10738929
10739552
10740333
10741077
10751481
10752423
10754122
10757689
10758428
10759015
10759454
10760058
10760576
10761623
10763216
10765496
10766203
10766713
10768087
10770864
10771868
10772103
10773109
10774072
10774712
10775415
10776199
10778091
10778094
10778682
10779238
10779881
10780965
10805597
10813826
10815030
10821216
10821816
10822235
10822810
10823262
10824068
10824558
10825701
10826645
10827887
10837358
10837718
10838229
10839273
10840881
10841724
10853202
10862261
10862892
10863413
10864153
10865425
10867675
10869635
10881906
10884831
10891658
10897813
10902850
10905497
10907600
10909324
10910276
10911196
10920767
10922652
10927725
10929596
10941137
10941706
10942760
10943462
10944208
10944964
10945118
10946095
10946326
10946945
10948108
10949321
10949862
10950678
10951033
10951365
10951976
10952975
10972897
10973689
10976231
10978555
10983408
10984096
10984859
10985418
10985872
10986716
10992300
10993721
10994716
11000523
11002150
11004043
11004946
11005587
11006218
11007275
11007933
11009054
11010744
11011467
11012286
11012947
11013482
11014400
11017998
11019407
11019962
11020407
11020861
11021465
11021995
11022627
11023727
11023767
11025149
11026325
11028011
11028974
11030179
11031566
11035072
11036210
11042132
11043265
11050235
11051218
11052054
11052719
11053404
11053928
11055668
11057725
11060148
11065172
11067640
11079195
11080751
11086025
11092938
11093913
11094530
11094965
11098959
11102907
11104291
11107573
11108270
11109002
11109865
11116703
11117304
11118004
11118974
11120566
11122171
11123152
11123766
11124322
11124804
11125478
11126530
11127205
11127866
11128420
11128909
11129381
11130978
11131787
11132893
11133473
11134139
11134787
11135949
11137965
11138980
11140438
11141304
11141831
11142553
11143271
11143991
11144940
11146342
11147414
11165194
11169584
11170115
11170625
11171155
11171623
11172229
11172650
11185325
11187179
11188100
11193665
11194327
11195059
11195608
11196441
11197476
11198354
11199166
11200837
11215683
11229558
11230279
11230715
