499.7524
1273.69
2186.982
11587.83
13738.92
21070.02
21799.53
24944.54
25988.65
28524.29
32172.77
32769.97
34165.26
36005.28
40119.92
40630.72
41509.76
42300.33
42854.86
43764.42
44215.42
44592.29
45205.49
46512.83
47351.4
54354.33
68188.69
72917.18
73312.84
74369.12
75862.26
76655.82
78659.24
88034.99
89180.56
90044.13
91128.28
91984.92
93726.61
94401.75
94837.44
112645.8
113131.9
113467.7
113576.7
114192.7
114591.4
116118.4
116443.5
117219.6
117720.8
118189.6
121566.5
126020.3
127250.9
127749.3
130013.1
130543
130914.7
131332
132529.4
133506.2
136267.8
137017
137930.3
141920
142572.5
142871.1
143292.8
144235.4
145138.1
145649.1
145914.2
146218.2
147118.6
148349.4
148841.3
150974.3
170682.5
171210.5
171590.3
172194
172583.2
173085.3
173576
174149.3
175175.2
177257.1
186786.9
187626.2
189257.7
189839.4
190524.3
191511.9
191983.9
193127.7
194768.9
196123.5
226165.3
228044.4
228547.4
229043.7
229811.7
230224.9
231296.3
232091.7
232825.1
234037.5
234444.8
235274.5
238763.7
240359.6
243182.6
245650.1
247703.4
248731.5
249213.7
249627
251005.6
252157.9
252735.5
260307
273892.5
274355.4
274690.4
275111.8
275511.1
276276.4
284616
285739
286650
287117.3
287614.8
288215.9
290683.5
301115.1
302163.5
305118.7
307578.8
308402.5
309253.4
309749.4
310119.3
310540
311612.3
312194.3
315247.2
318051.6
318565.3
319803.5
320616.1
323690.3
325157.2
326018.1
331114.6
331575.3
331999.8
332419.1
332877
333275.8
333507.2
333831.2
335156.2
349672.2
352972.1
354605.6
361365.7
362091.5
364340.9
364779.7
367920.9
369001.4
370423.8
371972.3
372883.9
373862.6
377060.7
377879.4
382569.3
388076.4
388609.9
389171.6
389803
391664.5
399371.5
411016.2
411559.9
412299.2
412786.1
413458.9
414909.3
416009.9
420042.2
420357.2
420791.9
421144.5
421511.5
421945.5
422395.8
422966.4
425425.9
425816
426206.9
426931
427723.3
428801.1
429407.3
430598.9
431230.1
450239.6
450623.2
450922.2
451255.5
452286.5
452511.6
452825.1
453135.9
453451.5
454113.6
454545.3
463854.2
467555.6
478095.3
478634.7
479864.4
490464.2
497700.8
505874.2
506180.2
506899.4
508091.9
510821.7
511473.4
514714.8
518517.3
518969.3
519448
520135.2
522495.5
530223.2
530541.6
530772
531331.1
531601.7
532300.9
532537.7
532791.9
533106.2
533448.8
537069.3
538077.8
538495.8
539825.4
549077.5
550729.5
552835
557905.9
567872.4
569112.2
575720.2
576424.1
577531.2
578200
581484.2
584242.5
596316.5
598206.5
598978.6
599502.2
600198.1
600816.9
601349.8
601986.2
602429.9
621112.5
621392.4
621726.5
621999.9
622259.3
622549.2
622808.6
623791.8
624261.5
624943.8
626041.9
626789.3
641728.6
649896.5
651005.9
652108.8
652753.1
653348.9
653841.4
654669.9
655619
656065.4
657126.2
669992.3
679929.8
684184.7
687888.2
701144.9
701876.7
705526.6
705950.2
707487.1
712225.2
740758.4
749211.1
749552.2
749914.9
750447
750961.5
751739.9
757062.4
757990.6
758387.2
759049.2
759805.3
766528.9
767501.8
779482.9
780022.8
780381.2
782131.3
783268.6
787082.4
787750.5
788098.5
788377.5
788761
789068.6
789411.8
789935.4
790408.9
796621.7
799050.4
799084.8
800164.6
814388.6
814960.9
815544.2
850445.7
850799.5
851160.7
851497.3
851789.9
852040.7
852323.1
852567.5
852809.5
853668.2
854027.2
854339.2
854680.9
855058
855666.3
870100.5
871017.7
872077.7
877502.8
877996
878823.3
880639
909314.9
912375
939651.7
940285.5
941303.2
943589.7
944445.1
951910.6
961646.9
962877.6
969670
970450
971121.7
971838.9
973288.4
975684.7
976510.6
977285.4
977795.7
978630.5
979798.8
981238
988094.5
996727.6
997260.8
997664
998173.3
1002584
1004030
1007929
1009292
1019663
1020347
1028928
1029639
1030021
1030495
1031097
1031712
1033161
1035024
1039988
1068519
1071017
1072650
1073229
1073885
1074272
1076934
1078002
1078560
1095458
1096444
1097105
1097646
1098284
1105065
1109871
1114519
1115110
1115860
1117123
1139404
1140081
1142073
1150358
1151333
1152527
1153192
1161428
1180722
1181811
1182958
1188860
1189258
1189727
1190492
1190866
1191333
1192612
1194190
1196520
1198902
1202070
1213382
1213902
1214834
1216519
1216943
1217953
1218833
1219309
1219712
1220090
1220454
1220924
1221507
1222503
1223290
1223905
1226962
1228307
1229833
1231477
1232334
1234440
1234962
1237053
1237646
1238060
1238960
1240583
1240952
1241544
1249253
1249747
1250086
1251208
1254499
1254971
1258239
1267692
1268597
1269047
1269769
1270717
1271271
1271913
1272532
1279677
1280345
1281070
1281708
1283025
1284053
1284634
1285943
1287099
1287506
1290366
1294005
1294757
1295185
1295722
1296488
1299001
1302552
1303185
1304484
1305484
1306789
1321005
1321611
1322268
1327451
1328225
1328844
1329241
1331090
1352942
1353471
1354258
1354816
1355720
1356313
1356941
1359494
1360268
1361055
1363172
1363905
1368247
1368915
1369655
1370070
1370623
1371034
1371846
1372512
1373085
1373754
1374284
1374883
1375499
1376847
1377604
1379401
1379986
1381157
1382554
1384497
1385078
1395651
1396291
1402431
1407228
1408725
1410456
1411185
1420150
1432755
1433359
1433623
1433923
1434306
1434634
1435056
1435598
1436195
1437728
1438862
1440538
1441124
1443482
1443953
1444706
1446081
1446582
1449826
1450245
1450553
1451265
1452624
1454317
1464113
1464745
1465524
1465959
1469764
1470119
1470492
1471012
1471688
1472609
1474718
1476001
1478685
1502745
1519772
1520292
1520893
1521483
1521738
1522033
1522356
1522827
1524096
1524629
1525914
1561235
1562214
1563761
1566355
1567227
1567824
1568561
1569997
1573147
1573943
1574807
1575385
1576159
1576800
1578006
1578833
1581580
1583599
1584264
1586962
1587662
1592993
1624231
1625040
1626381
1626886
1640618
1641570
1643159
1644105
1646914
1648861
1658220
1660571
1668402
1669652
1671310
1672843
1680644
1681718
1682787
1688206
1689857
1692485
1694303
1694862
1695253
1695765
1696581
1696842
1698404
1698917
1699872
1700747
1701494
1702616
1702994
1704024
1706274
1708686
1719467
1721554
1730429
1734372
1735085
1738312
1738996
1741127
1743748
1746639
1747444
1747901
1748259
1749025
1753799
1760847
1762190
1762778
1763388
1765111
1766075
1766643
1767241
1767736
1770323
1770805
1771779
1772414
1776581
1777859
1778305
1779471
1800183
1803005
1803417
1803697
1804066
1804456
1804806
1805369
1805952
1815286
1815878
1816811
1821372
1823260
1823753
1827240
1829930
1830943
1835943
1846137
1846680
1847640
1848939
1850863
1851452
1869682
1871181
1878572
1879277
1884188
1884821
1885734
1888216
1889220
1889596
1890027
1890709
1891457
1892292
1894122
1895277
1895745
1896134
1896545
1897246
1897911
1898659
1899769
1906088
1906670
1908731
1914063
1914693
1915186
1917408
1918973
1922554
1924490
1925098
1926170
1926842
1940375
1942259
1948215
1949314
1950644
1952114
1952869
1970410
1970883
1971286
1971723
1972061
1972448
1973030
1973417
1973837
1974278
1974869
1976376
1978892
1979286
1991413
1992203
1993142
1995522
1996730
1997647
1998263
1998795
1999515
2001526
2002927
2004734
2007082
2008383
2010614
2013839
2014424
2016094
2016626
2020074
2023830
2025684
2026246
2026635
2026984
2027506
2028211
2029903
2030739
2034778
2035255
2036704
2037254
2037990
2038614
2042471
2043034
2044054
2044222
2051371
2054007
2057040
2058211
2059587
2065431
2066157
2073072
2075747
2084228
2085802
2086805
2090816
2091269
2091868
2092955
2093590
2109054
2112695
2114161
2116117
2120819
2121758
2124452
2125597
2127449
2139489
2140448
2141772
2150100
2150569
2151245
2151722
2152467
2155672
2157699
2173474
2174746
2180664
2181912
2182285
2183393
2183951
2184541
2185300
2186990
2190186
2191103
2192438
2208933
2209619
2209959
2210332
2210750
2211206
2212041
2213254
2214013
2224741
2225409
2225767
2226090
2226482
2227712
2228576
2229087
2229517
2229958
2251658
2252194
2252784
2253293
2254482
2264804
2265338
2265786
2266396
2266857
2267320
2267787
2268151
2268859
2269679
2270352
2271167
2284270
2286079
2292698
2293667
2294147
2305448
2306502
2307033
2307394
2308181
2309736
2311477
2312014
2331127
2332508
2347412
2368687
2369361
2370756
2377455
2390989
2395351
2396327
2397143
2421916
2425135
2425872
2426401
2426781
2427249
2427657
2428212
2428956
2450693
2465713
2473047
2474673
2475164
2476568
2479390
2479422
2479879
2480673
2481364
2482802
2509809
2510901
2511394
2511792
2519674
2537800
2538789
2539920
2541010
2541600
2542306
2544642
2545213
2545566
2546045
2546362
2546795
2547247
2547977
2549372
2550535
2571888
2572837
2590496
2609126
2611815
2612132
2612674
2613083
2613647
2614902
2626990
2628715
2629661
2630605
2631218
2632054
2632882
2633684
2634461
2634896
2635833
2636175
2636732
2637498
2638821
2639267
2639931
2640471
2641559
2642267
2652773
2654364
2655147
2667569
2669089
2670147
2681235
2702545
2707636
2709902
2714099
2728444
2729628
2730243
2730653
2731472
2732271
2733337
2733891
2734619
2745099
2746238
2747725
2750346
2750971
2751487
2752189
2753136
2753582
2755129
2755769
2761900
2764027
2765592
2766982
2767525
2768235
2772039
2772672
2773185
2773593
2776212
2777975
2778551
2778885
2779304
2783600
2784252
2784902
2785558
2786107
2786974
2787305
2787694
2788140
2788816
2789318
2789614
2790106
2790488
2791070
2792952
2797703
2798126
2802074
2802290
2808491
2814897
2815352
2815802
2816340
2825604
2826319
2829661
2846746
2847154
2847929
2870726
2871236
2871587
2871997
2872534
2873476
2874566
2875624
2876236
2876933
2878757
2884599
2885890
2886435
2891594
2898824
2925452
2926380
2927030
2928030
2931837
2932958
2934552
2935257
2935793
2936537
2937408
2938942
2944498
2945240
2946825
2947242
2961513
2963039
2968622
2970463
2971426
2971940
2972624
2972711
2973525
2974239
2975488
2976291
2977407
2979009
2979882
2981789
2982357
2982978
2983495
2983931
2984591
2985148
2994596
2995067
2995687
2996236
3008814
3009259
3009694
3010155
3010767
3029064
3029964
3030177
3031788
3032275
3032771
3036910
3037421
3038363
3038844
3039543
3040218
3040618
3041007
3041529
3042299
3051423
3055681
3056370
3058282
3059213
3070210
3074098
3074765
3114815
3115280
3115934
3116530
3127511
3131003
3150864
3151214
3151671
3152091
3152436
3153077
3153722
3154221
3177792
3178350
3178963
3179772
3188121
3188992
3202829
3204322
3205637
3209522
3210003
3210424
3210817
3211335
3212473
3221673
3222344
3223190
3249064
3250275
3251632
3258405
3258502
3267851
3268699
3270174
3270737
3287710
3289290
3290066
3290778
3301289
3303342
3336896
3338367
3339156
3351826
3352326
3352799
3374334
3375153
3394451
3395097
3395752
3399135
3403783
3408348
3409106
3423838
3424734
3425746
3437053
3444500
3455079
3455717
3456337
3464079
3464557
3465204
3472391
3490878
3491835
3495837
3497402
3498115
3498901
3522904
3528367
3529496
3531679
3538823
3539188
3565886
3567190
3576122
3604991
3606220
3607486
3610963
3612768
3613246
3623092
3628006
3628523
3638045
3638520
3640128
3641452
3642419
3658394
3662098
3663909
3672867
3674408
3693776
3694154
3694900
3695454
3697117
3698273
3707702
3708177
3708976
3710603
3723012
3736934
3737880
3739517
3746907
3747955
3750829
3751399
3752004
3752451
3771658
3772551
3773087
3773533
3774073
3774610
3775067
3775732
3776639
3777317
3785589
3786300
3787407
3791157
3791701
3792167
3792882
3793164
3793446
3794160
3794705
3795105
3804170
3816462
3824596
3825937
3836328
3837460
3843203
3843972
3844973
3849660
3850357
3860662
3861199
3861916
3862741
3863212
3864855
3865366
3865842
3866538
3868059
3868897
3869418
3869986
3889395
3890479
3891499
3892597
3896829
3900525
3902499
3905409
3912778
3921183
3934310
3936240
3936788
3947616
3948513
3955395
3956226
3956585
3970410
3970794
3971158
3975392
3976738
3977226
3978294
3997306
3998209
4019375
4021864
4022464
4022933
4023327
4024027
4024422
4060144
4061105
4061662
4062019
4062344
4062698
4063474
4088509
4089263
4089651
4090319
4090808
4091330
4091663
4092014
4092283
4092590
4092908
4093321
4093904
4101559
4101937
4102685
4104256
4105159
4111152
4111759
4116360
4117381
4118282
4119529
4119968
4124634
4125297
4126244
4126997
4139515
4171783
4172338
4173089
4174248
4176650
4178153
4178849
4179806
4180368
4196232
4196751
4197158
4197807
4221854
4222884
4223526
4237226
4237953
4238010
4238334
4238631
4238969
4239275
4239589
4240049
4267531
4269132
4275839
4276343
4276926
4294292
4295261
4295764
4296472
4296798
4297296
4297677
4321315
4327540
4328395
4328849
4344323
4345390
4346106
4346493
4346788
4347231
4348154
4349674
4357258
4363929
4364467
4364843
4365565
4366227
4366768
4367351
4379665
4382000
4382389
4383115
4385229
4386335
4401577
4402115
4402703
4410683
4412661
4438420
4448498
4454223
4460580
4466497
4511281
4512790
4513332
4513915
4514805
4516435
4525930
4538896
4539771
4540167
4559638
4566378
4575640
4578240
4583547
4584329
4584799
4585359
4585714
4586086
4586896
4587604
4603814
4604517
4609623
4615502
4615989
4616663
4617015
4617303
4617752
4618239
4619328
4622595
4623450
4623972
4624098
4648030
4648464
4648823
4649266
4650237
4652171
4673959
4674636
4675315
4677533
4677974
4678475
4678802
4679388
4687526
4688300
4705521
4706216
4727714
4728618
4729234
4729901
4730410
4730914
4732749
4764653
4765116
4772993
4773829
4774570
4775031
4790953
4800232
4801674
4803872
4804829
4813235
4813762
4814145
4814457
4815303
4817042
4817585
4822929
4823521
4825334
4834706
4841236
4841272
4844824
4845420
4847111
4847701
4849142
4849739
4852163
4858832
4859343
4859929
4860519
4861044
4862139
4874327
4884834
4885619
4887213
4899435
4901689
4902268
4902575
4902948
4903247
4903682
4904013
4904711
4906146
4906872
4907282
4912851
4928442
4928788
4929586
4929965
4930680
4964455
4965365
4966400
4967429
4972513
4973763
4975926
4978622
4980557
4980996
4981336
4982114
4982458
4982997
4983467
4983800
4984141
4984786
4985062
4985488
4985819
4987295
4999239
4999871
5000414
5002346
5005988
5018775
5019996
5026038
5026545
5039293
5039798
5044376
5044757
5045156
5045673
5045960
5046882
5049208
5050788
5051730
5075403
5082674
5091166
5095858
5097900
5099702
5100860
5101811
5122330
5122718
5123142
5123763
5124540
5141271
5153150
5155904
5156291
5156588
5157168
5157847
5169557
5170261
5170716
5171075
5171480
5172994
5186418
5201089
5202354
5207429
5208084
5210165
5210807
5217591
5222957
5229654
5230053
5230372
5237877
5238791
5242982
5244672
5245614
5257954
5261068
5267536
5268805
5269385
5270421
5289307
5290045
5293221
5294062
5305708
5308557
5316387
5319251
5320804
5321220
5322227
5322754
5323199
5323935
5324340
5324896
5325410
5326052
5330310
5330869
5331686
5332956
5333380
5333824
5334307
5335669
5338056
5338737
5345811
5346280
5346696
5346986
5347293
5348446
5348627
5349286
5349901
5350331
5351011
5351642
5351994
5352451
5352790
5353109
5354653
5357248
5357578
5358738
5377993
5379243
5380186
5403895
5405101
5406613
5409428
5409689
5410285
5410627
5411084
5411716
5413009
5414193
5414722
5415092
5415482
5416009
5416756
5427343
5427998
5437569
5438236
5444083
5445059
5448119
5450003
5456742
5463765
5469566
5470077
5472499
5477192
5479994
5480832
5481923
5490546
5491398
5492053
5493433
5500112
5502148
5502813
5503454
5504407
5505160
5507584
5507950
5508298
5509022
5509500
5509972
5525420
5526021
5526582
5527549
5542749
5543260
5543928
5544601
5548329
5548782
5549206
5550290
5550628
5551083
5551529
5552129
5552432
5552914
5571649
5572153
5572618
5572986
5573273
5573539
5573794
5574025
5574334
5574652
5575074
5575576
5576309
5576807
5577299
5577773
5578473
5578980
5579566
5580275
5581251
5581808
5582181
5582596
5582948
5583323
5610096
5629873
5630674
5631521
5631935
5633030
5633973
5634488
5635201
5635763
5642654
5643332
5646646
5647862
5651841
5654085
5657922
5658486
5659342
5660198
5660948
5661688
5698920
5701509
5701877
5702214
5702521
5703070
5723166
5736757
5737864
5738696
5739274
5740179
5743686
5747621
5749613
5750425
5751909
5756089
5756533
5757197
5757554
5758116
5759298
5759733
5760214
5767124
5821296
5822929
5823367
5827483
5828451
5852467
5861869
5863562
5864407
5864949
5865251
5865644
5866046
5866973
5874884
5875597
5876384
5877297
5886740
5892137
5893394
5896679
5905090
5906167
5907503
5918635
5921515
5923784
5925173
5925662
5931144
5932202
5933261
5933718
5935492
5935988
5936304
5936747
5937281
5937601
5938284
5938854
5939346
5939683
5940264
5941530
5962114
5962563
5963200
5964558
5977108
5984682
5985814
6004605
6022811
6023707
6024334
6025007
6025829
6026394
6027236
6028527
6052237
6060832
6068395
6069111
6069626
6076765
6077433
6079350
6083320
6084514
6086298
6087888
6088761
6090636
6092874
6093688
6104796
6115977
6116639
6121510
6122051
6122703
6149894
6150519
6152994
6153531
6155671
6168945
6177492
6179663
6180556
6182199
6192218
6198149
6201384
6202438
6205691
6206142
6206578
6208265
6211961
6213128
6214352
6215228
6216342
6216895
6219386
6220175
6222242
6223382
6224358
6234471
6248204
6248655
6249070
6249487
6250177
6250488
6250828
6251109
6251438
6251765
6251997
6252287
6252649
6254104
6254463
6255781
6256393
6257661
6258122
6258484
6258829
6259100
6259397
6259755
6260121
6260531
6266637
6267446
6268178
6268649
6269332
6269779
6270413
6271050
6272245
6272681
6273130
6273533
6273954
6274437
6275389
6275995
6302953
6303812
6304243
6304644
6305203
6306085
6307129
6308096
6309165
6309636
6310372
6311488
6312269
6313757
6314647
6317196
6318290
6318716
6319723
6334627
6339838
6341720
6363473
6378645
6379675
6385578
6399826
6401161
6401828
6402343
6404557
6405179
6406129
6407193
6410834
6441468
6441997
6475679
6477975
6478439
6479252
6479987
6499492
6500427
6501024
6507716
6511999
6512844
6526926
6549436
6551316
6552059
6554286
6555077
6555762
6557318
6566068
6566728
6567860
6568916
6581926
6588488
6589344
6592031
6593061
6607303
6622444
6633873
6634543
6634631
6640927
6669582
6670300
6683017
6688939
6689449
6690218
6692354
6697400
6713893
6720082
6720638
6721590
6763705
6764140
6764745
6765579
6767680
6768834
6770071
6774552
6776218
6777170
6777741
6778145
6778767
6782394
6798333
6799393
6799957
6803080
6805051
6813779
6815409
6815834
6816291
6816818
6830246
6831238
6833274
6834027
6834955
6835530
6835960
6836469
6837504
6839713
6840671
6841139
6842356
6844977
6849158
6849694
6850248
6851354
6851987
6858092
6858639
6877242
6882217
6882717
6883334
6885999
6886332
6887306
6894246
6897428
6923811
6924220
6924775
6925237
6925640
6926321
6928989
6929891
6935611
6936078
6936457
6936917
6937399
6937691
6938225
6939265
6940216
6946035
6946834
6947436
6963553
6964543
6965235
6966998
6967678
6977108
6979662
6981328
6982069
6983451
6990061
6990671
6992026
6993238
6993779
7000382
7003105
7003727
7004550
7005627
7006567
7007477
7012462
7021726
7037686
7038191
7039492
7050484
7051436
7065287
7065712
7066305
7067418
7067735
7068280
7068891
7070174
7071156
7071861
7073074
7079650
7081036
7085538
7088298
7089050
7089337
7091020
7091474
7092804
7094747
7096125
7100476
7104599
7105065
7105703
7113186
7119026
7119966
7125074
7125759
7140055
7140716
7141292
7148323
7148956
7150926
7151475
7159214
7200669
7201284
7220680
7222745
7223485
7224339
7226516
7226924
7229459
7230139
7230658
7231230
7233544
7235536
7236475
7239172
7239873
7240282
7240698
7241088
7241484
7268617
7271099
7271653
7272568
7273695
7278290
7292488
7292899
7294982
7306259
7312852
7315016
7323180
7323707
7324033
7324777
7325479
7327165
7330167
7335977
7336419
7337036
7337688
7338280
7339038
7340529
7342210
7342648
7343062
7343458
7343884
7344339
7345136
7376224
7376928
7378207
7378688
7379102
7380193
7381923
7385216
7395954
7402635
7407568
7421565
7422143
7422991
7439005
7444894
7454143
7461417
7462031
7462793
7463326
7464340
7466383
7467162
7468204
7472536
7474672
7475484
7476057
7476365
7476964
7482392
7483263
7488124
7489026
7489578
7489936
7490295
7490676
7491123
7491541
7492271
7492800
7498122
7498652
7498791
7498978
7499607
7521870
7523049
7545321
7546851
7550010
7550528
7550932
7551560
7552025
7559695
7560109
7560675
7561244
7562000
7564304
7572080
7578206
7578905
7582411
7583016
7583686
7584509
7585174
7588566
7590045
7591169
7591844
7592539
7610261
7627866
7663973
7665485
7666764
7694187
7710945
7711975
7715589
7716247
7717625
7718056
7718361
7727948
7729454
7730212
7735413
7741381
7742123
7743049
7743612
7744117
7744490
7744864
7745596
7747637
7748360
7749546
7750510
7752285
7753135
7753878
7754291
7755000
7756282
7756985
7759156
7777042
7777649
7778443
7778926
7779687
7780606
7782039
7782670
7784034
7787987
7789001
7790129
7794516
7820170
7820508
7820855
7821175
7821558
7822247
7823174
7823619
7823903
7824227
7824514
7825044
7825917
7836046
7836549
7846321
7846730
7847228
7851985
7853350
7854726
7855543
7856050
7857595
7868259
7869062
7869573
7869959
7870435
7870970
7873103
7879079
7885046
7887623
7892762
7900753
7902910
7905590
7906708
7908579
7911357
7911637
7912162
7912980
7919176
7920139
7920425
7921506
7922109
7923938
7925073
7925616
7927265
7933665
7935122
7935805
7936547
7957626
7958510
7959249
7960108
7961093
7962425
7983990
7987205
7987971
7989633
7996015
7996483
8003311
8005607
8008795
8026997
8030827
8035609
8037106
8037648
8038007
8038443
8039032
8039773
8041824
8042862
8043600
8045474
8045995
8046553
8047544
8047973
8048272
8048710
8050051
8050776
8053902
8054585
8056155
8060266
8060684
8063106
8064516
8065207
8065639
8066156
8068465
8071723
8072115
8072665
8073274
8073930
8075069
8076843
8100166
8104743
8106864
8111199
8111638
8112368
8112797
8113382
8113882
8127054
8132306
8132897
8153394
8153858
8154660
8155181
8155733
8162314
8164411
8164980
8165711
8166219
8166909
8167702
8168745
8169418
8186527
8187057
8187776
8235541
8236059
8236593
8242248
8243001
8243323
8243770
8244254
8246764
8247219
8249181
8271361
8271846
8272282
8272614
8272890
8273219
8273617
8274262
8275244
8278489
8279447
8281877
8293545
8294060
8295199
8295764
8295793
8296210
8301790
8302255
8303101
8303805
8304949
8305449
8306326
8309786
8320575
8322209
8332775
8334700
8339297
8339788
8340952
8341655
8342883
8344008
8346881
8348818
8350224
8350746
8351526
8351840
8352252
8353604
8356160
8356429
8356632
8357256
8358121
8358929
8359407
8360302
8372159
8374136
8374710
8375590
8376620
8377298
8378003
8379771
8380283
8393409
8394194
8395232
8396805
8401234
8401966
8402834
8403556
8404538
8412372
8412945
8413390
8413810
8426635
8426899
8427481
8428327
8428702
8429169
8429509
8430122
8431233
8431603
8431748
8434188
8435266
8437499
8441284
8441912
8448696
8453107
8461036
8461633
8462000
8462411
8462731
8463235
8464078
8470710
8472937
8495427
8496177
8497155
8501331
8502129
8502874
8505779
8506313
8506880
8507762
8515630
8516372
8517078
8518043
8519024
8520240
8523284
8524354
8524899
8525428
8553711
8555698
8565280
8572428
8572982
8573468
8574366
8574920
8575515
8575885
8576246
8577011
8577411
8582764
8583325
8605675
8606406
8607017
8607491
8608689
8613270
8613722
8616791
8617881
8618345
8618695
8619687
8620268
8626066
8627665
8629959
8631075
8633337
8641407
8643409
8649187
8649667
8650610
8651479
8651964
8662294
8668582
8669198
8669830
8670438
8671010
8671706
8673583
8674945
8690452
8690778
8691335
8691929
8693365
8694851
8696417
8697252
8698737
8699264
8699840
8730666
8732613
8733188
8734414
8735066
8735403
8735858
8737105
8753822
8754730
8755548
8756102
8757015
8757429
8757900
8758351
8758882
8763087
8765260
8780547
8781160
8781736
8783446
8784941
8786388
8786784
8788035
8792594
8794913
8795747
8796516
8797090
8802395
8812516
8813235
8813713
8815203
8824072
8825281
8830905
8838974
8840302
8846705
8853066
8853662
8854651
8858039
8858545
8860258
8860610
8861699
8862230
8863100
8866487
8866997
8867552
8868538
8869010
8869483
8869968
8870641
8871519
8872077
8872758
8874307
8877048
8879344
8882918
8890694
8891306
8907429
8908130
8908399
8908731
8909023
8909338
8909701
8910014
8910309
8910706
8911130
8911539
8912078
8937449
8938315
8939200
8943921
8944467
8945130
8945534
8946015
8949033
8950362
8955605
8956163
8960868
8962218
8964982
8966292
8978507
8979262
8979955
9007511
9008799
9009479
9010403
9012227
9013399
9018030
9018534
9019945
9021820
9027425
9028449
9028476
9029984
9032048
9034366
9044927
9055222
9055916
9056969
9057702
9057838
9058712
9059363
9060858
9069309
9074480
9075210
9078387
9079942
9082901
9089015
9098177
9099762
9100646
9101413
9101989
9102371
9102869
9103237
9103626
9103998
9104377
9104961
9105507
9106154
9106593
9108104
9109811
9120536
9121920
9122511
9123058
9123529
9124304
9125177
9125936
9138939
9139642
9140380
9141233
9142719
9145238
9152945
9170456
9171251
9171732
9172239
9173434
9174841
9184508
9185091
9185493
9187016
9193136
9195222
9203391
9204107
9204416
9204856
9205240
9206099
9206920
9207854
9208669
9211457
9213088
9214593
9222328
9222696
9223488
9235118
9237052
9237728
9238390
9239383
9241226
9241719
9242334
9247779
9248130
9248414
9248620
9248880
9249478
9250248
9250767
9252949
9253891
9254948
9261090
9261713
9265146
9265295
9267523
9268411
9272521
9273044
9273465
9273847
9274226
9274582
9275198
9275741
9276240
9276972
9279654
9301990
9307885
9311716
9312289
9312714
9313388
9313909
9330906
9331664
9342114
9346057
9346785
9347551
9350225
9351398
9353005
9356224
9356983
9358001
9359097
9359899
9364840
9369406
9370343
9372563
9373058
9373731
9374248
9375002
9376008
9376463
9376870
9377440
9386165
9386847
9388113
9393847
9398013
9401207
9402820
9403888
9425124
9425500
9426358
9457301
9457651
9457979
9458304
9458611
9458897
9459601
9460109
9460722
9461279
9462271
9465437
9465978
9466545
9469235
9485294
9486751
9500938
9513910
9522184
9522992
9524158
9525950
9534961
9537030
9538556
9543124
9543963
9550406
9553613
9554279
9560727
9561373
9561721
9562366
9570508
9571210
9572907
9573405
9580390
9585340
9585830
9586828
9591503
9596675
9597016
9597443
9597860
9599260
9601875
9602638
9603350
9620744
9621008
9621256
9621814
9622050
9622276
9622498
9622719
9623227
9623498
9623824
9624268
9626472
9627748
9628358
9633183
9634306
9634877
9655422
9656423
9656978
9657570
9657967
9658539
9659423
9660470
9662240
9662911
9664063
9665484
9666173
9666853
9667034
9667697
9668353
9668942
9669333
9669870
9670559
9673827
9678713
9685531
9686236
9693101
9698560
9699735
9705084
9705467
9705862
9706359
9707144
9708910
9712819
9713683
9714460
9716260
9716837
9717317
9717909
9718353
9719440
9728461
9730141
9731220
9732241
9736249
9743266
9751371
9751940
9754264
9755062
9757297
9764931
9768431
9772855
9774412
9775692
9776481
9777752
9779338
9782272
9783770
9784560
9795450
9796888
9797405
9797975
9798899
9799710
9800777
9816244
9818534
9819670
9820690
9831892
9834560
9835085
9835568
9836073
9840461
9857711
9857938
9864067
9864170
9864650
9865848
9867175
9913900
9915263
9924957
9925454
9926124
9926722
9927569
9928462
9941858
9942479
9954899
9955330
9955738
9956197
9956615
9957328
9958167
9958815
9967355
9973509
9977687
9978470
9979393
9980331
9985339
9987331
9993260
10003892
10005822
10014196
10014884
10015430
10018435
10028672
10029283
10029822
10030367
10032923
10033425
10033829
10034269
10034605
10034919
10035669
10048586
10049358
10069997
10071537
10071994
10072423
10072888
10073238
10073673
10074192
10074658
10075100
10079834
10080467
10091915
10107501
10117926
10130335
10138541
10139255
10140138
10141262
10143050
10143853
10144448
10145044
10145426
10146061
10147726
10148383
10149493
10151907
10152917
10154473
10162283
10163206
10165567
10165983
10166770
10168245
10170399
10173421
10184510
10185308
10186999
10200435
10206270
10209302
10210182
10210972
10217136
10224330
10227753
10229036
10230061
10230613
10231707
10232594
10232700
10234104
10234741
10237238
10238520
10239184
10239688
10240377
10240943
10249160
10253369
10254377
10257466
10257963
10259217
10259995
10260929
10262170
10267096
10267772
10268699
10269142
10269696
10274741
10279669
10282840
10284120
10287354
10294608
10295053
10295840
10315323
10315971
10320720
10321335
10321989
10322683
10353398
10359569
10360121
10369426
10377886
10379114
10382846
10383561
10385153
10386310
10387421
10391159
10392085
10392884
10394877
10395340
10396488
10397068
10397859
10405133
10422518
10423006
10423346
10423675
10424065
10424533
10425222
10425841
10433989
10435128
10436148
10436853
10437312
10437764
10438262
10444972
10446117
10450294
10455344
10457224
10461219
10463032
10465038
10465480
10466393
10471526
10472086
10476137
10484918
10498325
10499309
10499967
10500551
10505656
10520055
10520533
10520885
10521117
10521557
10521799
10522071
10522489
10522845
10523324
10523798
10527508
10528650
10539901
10540492
10541584
10542547
10543162
10543823
10545402
10546439
10547271
10547891
10555830
10556534
10557127
10561320
10570537
10571472
10573360
10574274
10574635
10575542
10576349
10582902
10586059
10592120
10592865
10593709
10594414
10594880
10595327
10601912
10606673
10607325
10607824
10608154
10608486
10608827
10609414
10610343
10611370
10612850
10618140
10618736
10619064
10619736
10620610
10641371
10642350
10643883
10648311
10650183
10651131
10651605
10652099
10653423
10654135
10654670
10655605
10656114
10670661
10671868
10675414
10684793
10686121
10687417
10688169
10693119
10698496
10700409
10701031
10711510
10711883
10712427
10712944
10719104
10728673
10737799
10740045
10740538
10740904
10741479
10741915
10742481
10742992
10743247
10743523
10745656
10764402
10764802
10765795
10777082
10777764
10778208
10778811
10779360
10813953
10814546
10815685
10816490
10817427
10818387
10818935
10819521
10820434
10825182
10826231
10834688
10835272
10846507
10846951
10848669
10864728
10865341
10865856
10867350
10870918
10873619
10875371
10878698
10879339
10879790
10880324
10880869
10891524
10893464
10898160
10898777
10921703
10935761
10936505
10938671
10939592
10972975
10973620
10974171
10974772
10975293
10990196
10990695
10991211
10991676
10992065
10992759
10993605
10994035
11003006
11033331
11033913
11038457
11038964
11055624
11056375
11071571
11079187
11080035
11081032
11085102
11103027
11110543
11119482
11127498
11128038
11129378
11130530
11130953
11131501
11132412
11132832
11133837
11135288
11160163
11171224
11171782
11172718
11174183
11176852
11180742
11181360
11181865
11182467
11183030
11187833
11188325
11188901
11189810
11191043
11199560
11200413
11201137
11202199
11202834
11204225
11210072
11211404
11212855
11226304
11226934
11227440
11228162
11228949
11229586
11230946
