17480.3
17872.29
18442.03
20092.08
21921.69
22979.73
28422.93
28904.26
29025.89
29523.39
29924.53
30799.51
51321.69
52355.71
53004.39
53263.63
53526.2
54101.97
54389.8
54660.08
54956.2
55786.03
60928.25
61574.63
62132.43
63050.63
64338.18
64831.05
65114.14
66052.39
66935.34
78094.63
88683.53
93608.94
102199.8
102658.8
103117
103701.5
104652.2
110718.3
111913
113856.7
114452.6
115102.1
115996.8
116499.4
132981.3
133479.5
134607
134914.2
135311.8
135638.9
135811.7
136710.2
137415.1
137970.5
138559.5
138768.1
139067.5
139707.6
140352.5
140822.1
140956.5
141482.8
142304.1
142453.6
143313.4
145626.2
153296.1
153491.6
153641.9
153767.2
153890
154221
154431.8
154538.8
154645.9
154746.7
154954.4
155058.6
155168.3
155275.9
155499.8
155723.5
156206
156588.9
156629.6
156735
156882.3
157023.6
157484.2
157649.1
159067.8
159728.2
160267.5
160772.5
160854.9
161471.6
161821.6
162057.3
162799.6
163939.9
164410.8
165124.4
165595.2
166129.5
166482.8
166823.2
166967.9
167334.1
167416.7
167918.4
168154.3
168409.2
168699.6
168977.5
169358.3
169679.9
172270.3
172363.9
173527.4
186067.7
187327.8
188257.6
199553
200149.3
207955.3
211369.6
212207.5
214038.8
216631
219299.9
219943.1
224068.5
225838.6
226418.1
226662.4
230001.4
232343.7
232793.6
238398.5
238966.7
239456.3
240017
241137.4
242028.6
251303.1
251725.5
252411.4
252865.1
253343.5
254099.1
254599.9
255235.8
256656.1
259175.2
260379.3
262250.7
262610.7
263117.8
263488.1
263696.7
264255.3
264793
266298.4
270628
271667.4
284784
286317
290734.8
291219.2
291632.5
292097.2
292570.8
297696.3
297981.4
298252
298763.6
299647.6
300017.1
300392.6
300996.7
311963.7
314736
316874.7
317718.4
318247.8
319384.2
319861.4
320546.2
323147.3
328571.8
329059.9
329453.6
329991.2
330646.7
331079.8
331894.9
334054.6
335775.1
336406.8
341272
342494.5
343288.1
344031.3
345372.3
348903.8
349963.1
351778.8
353189.2
368733.5
369205
369686.1
370350.8
370703.1
371537.1
372081.9
372542.6
375711.1
379988.8
380999.7
382221.1
383123.3
385008.2
385500.5
386014.1
397415.9
397761.1
398261.5
399326.8
399721.4
400813.1
406891.4
407060.9
407453.8
409007.7
412698.3
427449.6
427913.9
429024.2
429545.6
429775
429959.1
430698.5
450497.8
451577
452185.5
452709.1
453151.4
453615.6
453968
454347.7
454917.7
455809
456350.5
456489.8
458313.7
474014.7
474241.7
474865.1
475347.7
476076.3
476351.5
476406.4
477148.7
477957.3
478160.4
480014.3
482534.9
483037.9
489994.4
491369.3
491826.4
493335.6
495311.8
496089.2
497027.7
498172.4
512199.5
512787.4
513493.2
513743.6
514078.4
514541.1
515226.5
516168.1
516413.5
517071.8
517882.1
518473.4
527924.2
528114.3
528496.4
528963.8
530075.2
530515.1
530888.1
531739
534633.6
535620.1
537826.5
539108.5
540049.5
541672.7
542188
545214.8
555216.5
558385
558989
567043.5
568885.4
573179.2
573643
574189.1
574568.6
575174.6
575697.8
576051.8
576673.5
577311.5
579459.8
580018.8
580628.5
581582
582816.6
587193.6
593226.4
595466.9
603431.1
603594.1
603856.4
603967.6
604219.1
604334.4
604584.3
604864.5
605149.1
605289.4
605572.8
605777.5
605936.1
606497
606659.2
607246.8
607660.9
608319.3
610924
611774.4
612936
613230.1
613747.2
615204.2
615580.9
615734
615991.3
617554.8
618013.2
618596.4
619485.7
645457.2
646191.6
646938.1
651968.8
652869.1
661877.3
663176.9
663754.2
665015.4
666208.1
667301.4
669190
672698.8
673379.4
673879.9
674738.5
676677.5
676993.6
677352.5
677983.9
678837.6
685969.8
686636.3
691508
693756.4
694449.2
703834.9
704396.4
704835.3
706070.8
706457.8
706770.5
707258.7
707805.2
708877.4
711280.2
719002.6
720078.9
720903.3
721486.3
723913.6
724847.1
725468.2
727038
728386.3
728442
730795.5
731474.3
731906.4
732702.1
732774.9
733855.5
734522
735420.2
735530.2
737185.1
741116.7
741809.8
742901.9
743372.6
744079.1
744570.1
745442.8
752026.5
752820.4
759399
763279.4
763709.1
764165.6
765494.6
765797
766298.1
767292.5
768133.1
768256.2
768873.5
769099.4
770044.5
770304.9
772614
781260.5
782442.7
782762.7
783986.1
789259
789778.8
791326.7
793447.5
804351.2
805018.2
806849.6
807987.5
809716.3
810682
814402.6
815118.9
817696.4
818275.7
819787.1
821433.5
829372.4
830939.4
831428.3
833289.4
845555.3
846698.2
847547.4
847793.2
848171.2
848860.3
849515.5
850056.7
850664.8
851475.1
851933
859330
859868.5
860274.8
863448.2
866397.2
868340.9
868844.8
869468.5
869781.7
870382.4
871304
879376.7
879971.4
880553.6
880968.2
881345.2
900424.4
909812
911249.1
913821.3
914143.3
914960
916529.5
918646.8
919210.7
919714.5
921353.8
922338.7
922809.5
923720.7
924422.6
925121.9
929204.8
935160.1
941602
944104.4
945044.6
946545.9
947548.3
947602.4
950237.7
951044.3
951413.3
951954.5
952349.9
953172.5
953585
954134.4
954632.3
954970.1
955929
957278.3
957915.1
968445.9
968953.3
969426.2
970146.9
972462.6
979203.7
980925.8
989253.9
989712.4
990370.3
991012.9
992516.3
992916.1
993329.6
993750
994196.3
995071.8
1000245
1003792
1007755
1012599
1013036
1013567
1014026
1014421
1015264
1016083
1019376
1020085
1020542
1021039
1021983
1022753
1024891
1025600
1033435
1033966
1035320
1036514
1038597
1039315
1041678
1046174
1049883
1053005
1053260
1053452
1053619
1053760
1053921
1054078
1054224
1054506
1054668
1055191
1055551
1056118
1056287
1057015
1057993
1059946
1061611
1061904
1062190
1063140
1063778
1064213
1064656
1065213
1065474
1065777
1066105
1066491
1066765
1066877
1067533
1067783
1068036
1068840
1069223
1070232
1070637
1072584
1073662
1076241
1092753
1098132
1098963
1099574
1100839
1101918
1102926
1103580
1104701
1106077
1107135
1116442
1121036
1121853
1122419
1122961
1123662
1124108
1124557
1128946
1131544
1133355
1134203
1135352
1137633
1139290
1151534
1152403
1154311
1154842
1155310
1156643
1161286
1164850
1166114
1166939
1167287
1167839
1168433
1171393
1173057
1173774
1174298
1174722
1175441
1176111
1176873
1186435
1186928
1187277
1187798
1188585
1189516
1192168
1193246
1194727
1200729
1201143
1201722
1202850
1206878
1207665
1209681
1212282
1216931
1221974
1222630
1223010
1223397
1223804
1225222
1226062
1229371
1230837
1238965
1239466
1240276
1241348
1242391
1242642
1242926
1243492
1248090
1250095
1251055
1251570
1252379
1253197
1254341
1259893
1261925
1262905
1263434
1264142
1264891
1265686
1278964
1281965
1282526
1282839
1283438
1284038
1288932
1290643
1292816
1295635
1296197
1296985
1297689
1301359
1304303
1305138
1306317
1309485
1310080
1310490
1310877
1311607
1312418
1313914
1314868
1315665
1320262
1320922
1350174
1350786
1358523
1359422
1361545
1365112
1379137
1379572
1379901
1380448
1381374
1383264
1383831
1386293
1393908
1394641
1396951
1404268
1404686
1405162
1405470
1406109
1408006
1424735
1425581
1426213
1426862
1427535
1428285
1428972
1429461
1430050
1431466
1432551
1435674
1436768
1438367
1450092
1450879
1451421
1451777
1452204
1452401
1453040
1453382
1453710
1454706
1455541
1458507
1461667
1470413
1478731
1479289
1480115
1480521
1481326
1482562
1488288
1488913
1489470
1490060
1493909
1503138
1503352
1503519
1503671
1503823
1503987
1504186
1504413
1504564
1504825
1504996
1505174
1505539
1506033
1506248
1506668
1508925
1510256
1510396
1511053
1511301
1511876
1512413
1512502
1513272
1513542
1513921
1514345
1514910
1515053
1515229
1515654
1515929
1516463
1516770
1517158
1517411
1517741
1518610
1518882
1519324
1520325
1520922
1538281
1539834
1545117
1545939
1548130
1549611
1552979
1554875
1555424
1556767
1561072
1561663
1562208
1562882
1563494
1565002
1566375
1572379
1575443
1576399
1579046
1579867
1581472
1582406
1583488
1584705
1586459
1587079
1587760
1588454
1589351
1589889
1590358
1591446
1592158
1593101
1593771
1594406
1595178
1603444
1606077
1607933
1608616
1609026
1611943
1613049
1613612
1615238
1616423
1618057
1618844
1619739
1620391
1626751
1627386
1628174
1628996
1632689
1634356
1637484
1645749
1647103
1649279
1650429
1650877
1651354
1651895
1652497
1653259
1657369
1658141
1658469
1658908
1659354
1660610
1668247
1669471
1670089
1670641
1671480
1671906
1672711
1674029
1676186
1676742
1684348
1684855
1685309
1686001
1686604
1686907
1687404
1688182
1695075
1697143
1697719
1698099
1698312
1698425
1698787
1698817
1699227
1699737
1700686
1701323
1701597
1706164
1707547
1708444
1714335
1714749
1714992
1715639
1716387
1723238
1725913
1727261
1728273
1728751
1729296
1729856
1730464
1731353
1731839
1732503
1734718
1738481
1739518
1744684
1753284
1753903
1754687
1755197
1757099
1758219
1759234
1759982
1761098
1761561
1803934
1809534
1810029
1810596
1811092
1811746
1812372
1819015
1821124
1821754
1822194
1823028
1823886
1825276
1826552
1826982
1828033
1828600
1828734
1829506
1830965
1832783
1840023
1840672
1841024
1841384
1841774
1842599
1842696
1843144
1843984
1862745
1863249
1863893
1864440
1865535
1866451
1871947
1872351
1872725
1873839
1875108
1875960
1876736
1877156
1877786
1878758
1881074
1881800
1881889
1883005
1883717
1889759
1892467
1895864
1899054
1899626
1900019
1900610
1901147
1901655
1902151
1903015
1905850
1906408
1907309
1909138
1926086
1932572
1933084
1933534
1934389
1934884
1936233
1936430
1937339
1939030
1940966
1948506
1949179
1953278
1953861
1954025
1954176
1954415
1954682
1954847
1955090
1955385
1955769
1955945
1956119
1956532
1956804
1957663
1958274
1960248
1961090
1961663
1962195
1962777
1963095
1965243
1965776
1966122
1966257
1966395
1966709
1967032
1967112
1967397
1967768
1968446
1968484
1968746
1969156
1969576
1975275
1986046
1990868
1991101
1994352
1997058
1998096
2000491
2002124
2002638
2003338
2003903
2021638
2022153
2022645
2026037
2026746
2028125
2029494
2036830
2037792
2038848
2039576
2040691
2041854
2042375
2043040
2043791
2044288
2045331
2048032
2048888
2049685
2050733
2058271
2058791
2059285
2059741
2062408
2063439
2064053
2064620
2065108
2065805
2066381
2075991
2076662
2077269
2077934
2082602
2083065
2083399
2083951
2084253
2090407
2091003
2091507
2092164
2092841
2101490
2104639
2105907
2106445
2106924
2107289
2107837
2108734
2111492
2112201
2116039
2119174
2120960
2122069
2123097
2123700
2124783
2125557
2126008
2126600
2126733
2127533
2128724
2129308
2130201
2131190
2132588
2134651
2135528
2136983
2138223
2139510
2140319
2141000
2147475
2147985
2148611
2149132
2149656
2150923
2153804
2158741
2160164
2162194
2163901
2166673
2169828
2174230
2176120
2176651
2177361
2178116
2180542
2185529
2191641
2192123
2192452
2193043
2193395
2193475
2193759
2194356
2194725
2197271
2198257
2202714
2203131
2203724
2204929
2206269
2206927
2207509
2208058
2209648
2210707
2211746
2212685
2219266
2220089
2224393
2224553
2224869
2225479
2225870
2225901
2226793
2227270
2227516
2227804
2228414
2250702
2252389
2253111
2254182
2255389
2255788
2256302
2256837
2257423
2272582
2273459
2275132
2275960
2276431
2276798
2277412
2278543
2279238
2280566
2284973
2288321
2288953
2289876
2290109
2290645
2291392
2295422
2298130
2299377
2301552
2306522
2306987
2307537
2310331
2310926
2311520
2312369
2313128
2313974
2314105
2315596
2315682
2329582
2330345
2331353
2332429
2332646
2336631
2337685
2338361
2338945
2339830
2340833
2341970
2343841
2344960
2345642
2366183
2366684
2367224
2368117
2369334
2372009
2372798
2377493
2378248
2379275
2379855
2380612
2381178
2392255
2393044
2393643
2394517
2395024
2395364
2395797
2396473
2397448
2398555
2399015
2403332
2403554
2403724
2403937
2404154
2404438
2404887
2405340
2406066
2406265
2407875
2407905
2408581
2409821
2411272
2411738
2411854
2413222
2413638
2414577
2415840
2416419
2416778
2417612
2418008
2418329
2418933
2419381
2419951
2436286
2437614
2439490
2441708
2452632
2453267
2454432
2459665
2460246
2460879
2461707
2464758
2465823
2469670
2471206
2472804
2473168
2473675
2474110
2475208
2477647
2478035
2479120
2479924
2480989
2483342
2493739
2496332
2497835
2501067
2507517
2507998
2509250
2513522
2513890
2514486
2514983
2517711
2519283
2523420
2523959
2524570
2525442
2526801
2527790
2531265
2531766
2531902
2532478
2532661
2532987
2533658
2534365
2534884
2535791
2544085
2545033
2546365
2553170
2555305
2556381
2562500
2562641
2563362
2563545
2564387
2570826
2571772
2572166
2573217
2580191
2581760
2584848
2587322
2587849
2588341
2591858
2592364
2592753
2593264
2593763
2594302
2594990
2596851
2596893
2597469
2598193
2599064
2600377
2601052
2601635
2612099
2613676
2614753
2616241
2617524
2618087
2618795
2620856
2632309
2633129
2634160
2636307
2639258
2656138
2657052
2657829
2658604
2659149
2659691
2660269
2660952
2661532
2662251
2664897
2668407
2715259
2723324
2723819
2724497
2724883
2725563
2726157
2726764
2727139
2727679
2728413
2728893
2729518
2734662
2735165
2735692
2744343
2749355
2750056
2750626
2752232
2753579
2755797
2760881
2762255
2773595
2774276
2774712
2775108
2775508
2775928
2776420
2777471
2778982
2782659
2783168
2785154
2786172
2787156
2788702
2789523
2790414
2804597
2806573
2807733
2808176
2809020
2810217
2810687
2811266
2812038
2813629
2814368
2816020
2816947
2817246
2824508
2825290
2834122
2834700
2835219
2835761
2836128
2836504
2836859
2837254
2837845
2839341
2841447
2842289
2842907
2846651
2853181
2853442
2853619
2853818
2854334
2854507
2854767
2854936
2855233
2855446
2855678
2855892
2856236
2856533
2856847
2857177
2857803
2858109
2858325
2858677
2860782
2862131
2862573
2863280
2863944
2864291
2864517
2864876
2865339
2865751
2866574
2866908
2867517
2867796
2868287
2868651
2869076
2870149
2870518
2882697
2886204
2886900
2896299
2902712
2902967
2903575
2904074
2904657
2905184
2914460
2915157
2915956
2916575
2917137
2917621
2921734
2923819
2925457
2926997
2929680
2933435
2933880
2937014
2942524
2946589
2947994
2948461
2949267
2950862
2951770
2952760
2954785
2955393
2956974
2970065
2971411
2972715
2974865
2975366
2975894
2977254
2980333
2981213
2981385
2985450
2987440
2988366
2989450
3000062
3002568
3004311
3005161
3011180
3011791
3015050
3017631
3018042
3018562
3019024
3029036
3029507
3030064
3031097
3037003
3038049
3038467
3038987
3039824
3040771
3043374
3045297
3051530
3052253
3054466
3054970
3055692
3060398
3061058
3064200
3065198
3065705
3069620
3073050
3074810
3075470
3075981
3076651
3078156
3082996
3084360
3085490
3087774
3088520
3089934
3090546
3091080
3091637
3092405
3099059
3100999
3104804
3105767
3106314
3107040
3109466
3113023
3123977
3125107
3125225
3127681
3128348
3128899
3129460
3129798
3130936
3150882
3151540
3151877
3152216
3152888
3153020
3154460
3157821
3160315
3160913
3161724
3162609
3162653
3175678
3176900
3177632
3178164
3179787
3187385
3188053
3188777
3189200
3189775
3190360
3191071
3191501
3195874
3196306
3196804
3197442
3198466
3206152
3215388
3216575
3217106
3218648
3219473
3219941
3220542
3221143
3221634
3222255
3223045
3223694
3224015
3225260
3229157
3229857
3231566
3235499
3241031
3241593
3242148
3242634
3243448
3244428
3244905
3245881
3246724
3247429
3265960
3266046
3266691
3267641
3268188
3268838
3271541
3272151
3276483
3277110
3277893
3280116
3280464
3280883
3281370
3282014
3283849
3284602
3285804
3288414
3298756
3299216
3299770
3300167
3300416
3300865
3301260
3301718
3302929
3303287
3303676
3304014
3304401
3304700
3304911
3305189
3305450
3305881
3306445
3306750
3308599
3309434
3310363
3312148
3312471
3312829
3313400
3313750
3314283
3314618
3315077
3315331
3315633
3316047
3316363
3316615
3317092
3317634
3318092
3318427
3319429
3319850
3320077
3320450
3321187
3321628
3322725
3327585
3328107
3328847
3342230
3347059
3352441
3353274
3353926
3354604
3355232
3356785
3357196
3360329
3362643
3364294
3364779
3365238
3366031
3366601
3367750
3368450
3370239
3371601
3372343
3374587
3378705
3379360
3379934
3380628
3381428
3385220
3393021
3393741
3394437
3395831
3396838
3397874
3398174
3402758
3403248
3403745
3404845
3406669
3407085
3407871
3408826
3414672
3415460
3416297
3418382
3419509
3420620
3421631
3422301
3422366
3422859
3423720
3424356
3425425
3426410
3431480
3432139
3433229
3434186
3434415
3435229
3439066
3439736
3440100
3445264
3446273
3447569
3450816
3452047
3452819
3454721
3461657
3462161
3462867
3463700
3464561
3469173
3469597
3470100
3470219
3472145
3472277
3475518
3476560
3477069
3478558
3479485
3482229
3484264
3484663
3489428
3501017
3501763
3505143
3505900
3506899
3507574
3509064
3512979
3519417
3521447
3526466
3526885
3527347
3528119
3528764
3529356
3530377
3530981
3531466
3533626
3534250
3534723
3535632
3535690
3539871
3548075
3548733
3558423
3558927
3559905
3564781
3567028
3600106
3608396
3609755
3610580
3611031
3611862
3612218
3612841
3614013
3614561
3615148
3622570
3623115
3625359
3626815
3635891
3646085
3646180
3649135
3649613
3650897
3666551
3666982
3667822
3669547
3669820
3670931
3671375
3671721
3672195
3672595
3673667
3674129
3675117
3675697
3682645
3684289
3686574
3687324
3704620
3717230
3719586
3720096
3720993
3722397
3722996
3723542
3723641
3724100
3724698
3726074
3726654
3727366
3727883
3728300
3729472
3730152
3735370
3739901
3743054
3743675
3746519
3747520
3751916
3753048
3753479
3753674
3753794
3753863
3754182
3754445
3754867
3755301
3755533
3756249
3756507
3756792
3759934
3760984
3761736
3762349
3762989
3763256
3763564
3763932
3764458
3765050
3765622
3766196
3766681
3767029
3767905
3768203
3768999
3769881
3771535
3774651
3796261
3799178
3799538
3800136
3800714
3811766
3812437
3813257
3814091
3819786
3820182
3820807
3828158
3829345
3830226
3831639
3831712
3832300
3832871
3833272
3834348
3835043
3836146
3849773
3851547
3852235
3852904
3856245
3856733
3857526
3858475
3859292
3859768
3860410
3862139
3863176
3864275
3871527
3872237
3872779
3873429
3874257
3874917
3877318
3883565
3884659
3885937
3891968
3899009
3899569
3899899
3900433
3900881
3901640
3902267
3907606
3908193
3908590
3909087
3909499
3909955
3910557
3911181
3913381
3921707
3927689
3928240
3928790
3929128
3929509
3931685
3932559
3933276
3934350
3935105
3935349
3935983
3936028
3949305
3949830
3950682
3951470
3952747
3963387
3966106
3966781
3967009
3968039
3968575
3970176
3970708
3981292
3981879
3982274
3982757
3984168
3984675
3985756
3986322
3988343
3988742
3989221
3989387
3990471
3990903
4004274
4005099
4006248
4006388
4006643
4007204
4007613
4008100
4008817
4009809
4020630
4021018
4021801
4050170
4051112
4051703
4052171
4052451
4053018
4053524
4054415
4055656
4056165
4061322
4063562
4064029
4064608
4065800
4067363
4068290
4076571
4077217
4078387
4081330
4081745
4082422
4091402
4092998
4093524
4094080
4095177
4095622
4096010
4098496
4098979
4099468
4099939
4100373
4100740
4101243
4102242
4102840
4103754
4104426
4105870
4106668
4107138
4107669
4108338
4108988
4109945
4111818
4112344
4112982
4113422
4113916
4114113
4115636
4119898
4120453
4120903
4121286
4121916
4122471
4123290
4137202
4137442
4137813
4138616
4139156
4139292
4139656
4139943
4140505
4140885
4141233
4142050
4142556
4143439
4144034
4144473
4144832
4145909
4146352
4146812
4147425
4149503
4149825
4154303
4156035
4163316
4164806
4172213
4172815
4173816
4174360
4175444
4178136
4180101
4191515
4191864
4194189
4196036
4196437
4196806
4197208
4198124
4198548
4201010
4202084
4203089
4203370
4203614
4203902
4204134
4204600
4204968
4205312
4205369
4206407
4206488
4208074
4208815
4209689
4210119
4210521
4210888
4210947
4211692
4211862
4212386
4212427
4212939
4213373
4213535
4214204
4214651
4215537
4215607
4215983
4216898
4217252
4217561
4217951
4218307
4218583
4218727
4219141
4219275
4219801
4219890
4220751
4225472
4240722
4242983
4247617
4248071
4248519
4252159
4253530
4256242
4256359
4256859
4257364
4257825
4258522
4260008
4272807
4273415
4273933
4275725
4276489
4279174
4280670
4281296
4281830
4282212
4285171
4300368
4300932
4301712
4302578
4303185
4303880
4304759
4305198
4306693
4309372
4314134
4314756
4319122
4324165
4330135
4330804
4331170
4331540
4331924
4332673
4335620
4336565
4338360
4349016
4349457
4349937
4350948
4351391
4352570
4353557
4355721
4358882
4359400
4360009
4361286
4362007
4362583
4363646
4365133
4368590
4381998
4382330
4383783
4384509
4386759
4387191
4387595
4387911
4388102
4388399
4388784
4389333
4389791
4393973
4395730
4396878
4397252
4397923
4398355
4399622
4400075
4401070
4401660
4402819
4403146
4403957
4404426
4406017
4406696
4407513
4408367
4409953
4412816
4413444
4422457
4423762
4424138
4424759
4425050
4425357
4425597
4426223
4426539
4426762
4427236
4427617
4432542
4435047
4436798
4440277
4440730
4443877
4444406
4444860
4445397
4455926
4456732
4457153
4457686
4458171
4465201
4465562
4465921
4466736
4467734
4468230
4468777
4469220
4469791
4471057
4471683
4473992
4500141
4501214
4501988
4502193
4503376
4504797
4505626
4508462
4516761
4517410
4518011
4518714
4519097
4519375
4521326
4522030
4522597
4523301
4523883
4524464
4526277
4528895
4529420
4530800
4531675
4532127
4532347
4532503
4533575
4533893
4534558
4534961
4535238
4535588
4535929
4536453
4537008
4537850
4538942
4543225
4543417
4544131
4544423
4558551
4558916
4559169
4559699
4559757
4560156
4560434
4560770
4561237
4566639
4567462
4569042
4569616
4570208
4570939
4579872
4580319
4587575
4587975
4588994
4589591
4590121
4590402
4590736
4591208
4591529
4592380
4593296
4594420
4596402
4597595
4598183
4600323
4601888
4602417
4602726
4603093
4604957
4610515
4611147
4612829
4625365
4625891
4626268
4626650
4627068
4627581
4628589
4635991
4640789
4646624
4647187
4647611
4648073
4648500
4649078
4653064
4653249
4653402
4653713
4654019
4654445
4654797
4655506
4655856
4656035
4656124
4656230
4656798
4657952
4658537
4661060
4661594
4662114
4662562
4662820
4662969
4663295
4663864
4664699
4664906
4665113
4665586
4665880
4666561
4667164
4667481
4667883
4668201
4668543
4668950
4669258
4678904
4685782
4685909
4687044
4690586
4702792
4703376
4703878
4705778
4707060
4709436
4713156
4713821
4714401
4714461
4715104
4715570
4716137
4721278
4722354
4722714
4722990
4725118
4729000
4732597
4733577
4735596
4736162
4736266
4737401
4737813
4739597
4739970
4740910
4750877
4752134
4752472
4752787
4753054
4753633
4754093
4754590
4757422
4757926
4758480
4759490
4761132
4764006
4764311
4764879
4765374
4765866
4766230
4766947
4773842
4774144
4774692
4775022
4775452
4775950
4777530
4777907
4780570
4781225
4783018
4784166
4786601
4787121
4787583
4788955
4788996
4794400
4794625
4794983
4795767
4795892
4796860
4797029
4797369
4797734
4798061
4798476
4798504
4800136
4800510
4800796
4800949
4807757
4809050
4810504
4810596
4811144
4811726
4812586
4813477
4816453
4816767
4824258
4824469
4824536
4824853
4825201
4825536
4825876
4826182
4826527
4826858
4827675
4828129
4828225
4828565
4829396
4835391
4842090
4843045
4843538
4843940
4844352
4844720
4845077
4846229
4846511
4847381
4848905
4849750
4853063
4853596
4854594
4857830
4864990
4865506
4866108
4866687
4867100
4867660
4872659
4874064
4874585
4875045
4875501
4875795
4876667
4882024
4882606
4883101
4883936
4898489
4898652
4900101
4900790
4901120
4901386
4901857
4902181
4902691
4920125
4921829
4922423
4923423
4924007
4924465
4925928
4927223
4927769
4928111
4928496
4928549
4928985
4929803
4930311
4930785
4953364
4954383
4957751
4959559
4959875
4960460
4961432
4961538
4961924
4969809
4973642
4973814
4977148
4977760
4978217
4978856
4979719
4985242
4985665
4987744
4987927
4988177
4988537
4991348
4993256
4993539
4995468
4996085
4996713
4997194
4997770
4999165
5000271
5022249
5022627
5023299
5025415
5025782
5025825
5026943
5027719
5029069
5035196
5036094
5036477
5046134
5046872
5047600
5048383
5049057
5050071
5051198
5051737
5061286
5061883
5062336
5062867
5063397
5064360
5077897
5078373
5078740
5079006
5079312
5079678
5080680
5080987
5081792
5082200
5082852
5084307
5085641
5085993
5086607
5086929
5087417
5088250
5088303
5088842
5093612
5098981
5103073
5103430
5103745
5104050
5104203
5104369
5104521
5104885
5105070
5105457
5105685
5105986
5106484
5107249
5111601
5112144
5112740
5113133
5113498
5113975
5114526
5114795
5115218
5115504
5115736
5116229
5116535
5116949
5117547
5117910
5118351
5118601
5118694
5119101
5120773
5144995
5145636
5146585
5147274
5158641
5158880
5160343
5160377
5160878
5161329
5161966
5164744
5165422
5166544
5167078
5167723
5170459
5173904
5175261
5175801
5176151
5182666
5183135
5184693
5185249
5185889
5186379
5189510
5192537
5193680
5194189
5194747
5197674
5198387
5199166
5201068
5215201
5216104
5217235
5217728
5223325
5224062
5224509
5224897
5225438
5225890
5226839
5236341
5236578
5237110
5238006
5240050
5241003
5241485
5242002
5243261
5250470
5253990
5257617
5258368
5258737
5259148
5259510
5260196
5260667
5261709
5262132
5262530
5266421
5266837
5269802
5270483
5277496
5278863
5280223
5281721
5282496
5283223
5283897
5284380
5285025
5285851
5286432
5287571
5289611
5290981
5291619
5292356
5293838
5295136
5298045
5299016
5312161
5312963
5317764
5318200
5318523
5318840
5319566
5320488
5321622
5322071
5322626
5323102
5325862
5327840
5328623
5328915
5329137
5329635
5330936
5333774
5334956
5336461
5338701
5342361
5343212
5343983
5344835
5345599
5347587
5348942
5349678
5350539
5350844
5351160
5351508
5351818
5352273
5353063
5354229
5362167
5362852
5363057
5363741
5364672
5366596
5373830
5376821
5378442
5380634
5380988
5410364
5411274
5414665
5415524
5416672
5417634
5422513
5423361
5445624
5449148
5450637
5456160
5456999
5457495
5458242
5462371
5463080
5463950
5465874
5467106
5467792
5468402
5469239
5470180
5470898
5471433
5472007
5472482
5473056
5473813
5479066
5490905
5494728
5495363
5496108
5497861
5498606
5500301
5500976
5501371
5502030
5502643
5503486
5504129
5506058
5506589
5507192
5508078
5509107
5512924
5514471
5515621
5517513
5518092
5535344
5536952
5539619
5541534
5542749
5543184
5544793
5545444
5546404
5547320
5547405
5547907
5552576
5552886
5553121
5553309
5553517
5553718
5554042
5554224
5554387
5554690
5554853
5555276
5555550
5555638
5556066
5557248
5560452
5561766
5562314
5563065
5563855
5564097
5564382
5564806
5565046
5565439
5565707
5566142
5566428
5567495
5569341
5569862
5570349
5580945
5583721
5587410
5587830
5588255
5595126
5599478
5599844
5600223
5601559
5605541
5608900
5615536
5615986
5616052
5616396
5618139
5618704
5619234
5620965
5621963
5624406
5625863
5630091
5630507
5631320
5632493
5635443
5637451
5638565
5638950
5640509
5641383
5648224
5648978
5650258
5650970
5652915
5653919
5655041
5656405
5657143
5662864
5663911
5665096
5665845
5666741
5667230
5667774
5668436
5669841
5672607
5676756
5677195
5677892
5678348
5678888
5679492
5681928
5682317
5682968
5683572
5686097
5686812
5687627
5688984
5692490
5693086
5693902
5694421
5694676
5695239
5695979
5696116
5697109
5697212
5697883
5698695
5700669
5703938
5704328
5705582
5707914
5708550
5713022
5713477
5714050
5714779
5715551
5716115
5720486
5724042
5725092
5730831
5731254
5731816
5732933
5733842
5736538
5737703
5739805
5739835
5740522
5741410
5762911
5763973
5764649
5765516
5766179
5768243
5769393
5770784
5771379
5772446
5776608
5788524
5789244
5790023
5790695
5797703
5798082
5798722
5799245
5800064
5801486
5802380
5807780
5809273
5812148
5831267
5855233
5855718
5856234
5856723
5857264
5857687
5858157
5859592
5861035
5862788
5868135
5868732
5869657
5870158
5874830
5878587
5879354
5880253
5881007
5881832
5882850
5884251
5884891
5885515
5886036
5886582
5889855
5891636
5917072
5917833
5918241
5919458
5920046
5920598
5921003
5921444
5921825
5923154
5925197
5925726
5926633
5930958
5934715
5936611
5938304
5938925
5939541
5940138
5941600
5942310
5955946
5968698
5970784
5971149
5971542
5972385
5973140
5973520
5978304
5979375
5980319
5981170
5982900
5986364
5998940
5999084
5999491
6000269
6000806
6001224
6001569
6002098
6002666
6003051
6003300
6003532
6003734
6003902
6004149
6004389
6004826
6005114
6006007
6006151
6006189
6006714
6007974
6008515
6009447
6010242
6010493
6011244
6011979
6012591
6013043
6013597
6014168
6014673
6015211
6015812
6016373
6016702
6017061
6017573
6017835
6018119
6018453
6019194
6019590
6020259
6020760
6021903
6026412
6028197
6028620
6029243
6038568
6039056
6039953
6042637
6050251
6051597
6052274
6055204
6055339
6055962
6056431
6057088
6057976
6058752
6059457
6061902
6063826
6066204
6067205
6068984
6069545
6071000
6071556
6072689
6073678
6074319
6075115
6076845
6077622
6080207
6080901
6081624
6081987
6082701
6083096
6084154
6084870
6085010
6085935
6086224
6086609
6087164
6087692
6087726
6090616
6092534
6094617
6096705
6097352
6098142
6099514
6099660
6100170
6100390
6101511
6107576
6108752
6111131
6111756
6112380
6113078
6113937
6114549
6122786
6124435
6128071
6129487
6130519
6131277
6131777
6132328
6133272
6133967
6134539
6138287
6139075
6139989
6140058
6140715
6141358
6141697
6141996
6142982
6144451
6145005
6145677
6146732
6147442
6149573
6155203
6155918
6157200
6158650
6159197
6163260
6165024
6165468
6165882
6166362
6166845
6167601
6173770
6174570
6180935
6182793
6184146
6184147
6184669
6184840
6185296
6186699
6193208
6194080
6196548
6197001
6197160
6197591
6198549
6198929
6199262
6199910
6202130
6203133
6203818
6215624
6227780
6228528
6229243
6229835
6231340
6231933
6246258
6247838
6248358
6249047
6250165
6261453
6263085
6267462
6268030
6268672
6270373
6273809
6275988
6277643
6280320
6300871
6302037
6302270
6302854
6303486
6303948
6304361
6304952
6307209
6308533
6315212
6319232
6319909
6320608
6321306
6323916
6324635
6356553
6357145
6357208
6357664
6358484
6359294
6360101
6362041
6364109
6365667
6367704
6368167
6368371
6369174
6370019
6370746
6371154
6371885
6372248
6372415
6373135
6373523
6373570
6374175
6374459
6382766
6387162
6392163
6392792
6393350
6395771
6396417
6397019
6402168
6419895
6420337
6420658
6421020
6421640
6422031
6422378
6422747
6423244
6423579
6423779
6424119
6424897
6427131
6438421
6439371
6439992
6440573
6440691
6441098
6441541
6442032
6443279
6445255
6445831
6447024
6448368
6453232
6453443
6453646
6453925
6454161
6454373
6455188
6455537
6456097
6457045
6457655
6458504
6459328
6459929
6461119
6461651
6462170
6462601
6462943
6463790
6464217
6464599
6465501
6465999
6466366
6466727
6467168
6467627
6468140
6468432
6468875
6469193
6469582
6470109
6470784
6471569
6472471
6474102
6487423
6496704
6497438
6498516
6507208
6508069
6509126
6511166
6513132
6513990
6516828
6517170
6517579
6518734
6519400
6520103
6521090
6521653
6522191
6523317
6523951
6524659
6526015
6526779
6527745
6528352
6528864
6529664
6538664
6540950
6541909
6542738
6544329
6544865
6547170
6548412
6549413
6549941
6552636
6553359
6553653
6555089
6555322
6556785
6557885
6560175
6560842
6561354
6563096
6565502
6566487
6567670
6568753
6570045
6572330
6582994
6584025
6584854
6585881
6586816
6587591
6588046
6589310
6589920
6592512
6593698
6594485
6599567
6600349
6603153
6604057
6604218
6604856
6605441
6606106
6607002
6608443
6608465
6618513
6619433
6620931
6621544
6625823
6635091
6635766
6641420
6642763
6643242
6643883
6644399
6645113
6645811
6650223
6651808
6652616
6653152
6653698
6654360
6658172
6659335
6660162
6660618
6661385
6662246
6662803
6673628
6674364
6675299
6691178
6693424
6694313
6695682
6697215
6698736
6702466
6704903
6705553
6705964
6706355
6706949
6707762
6715645
6716203
6716781
6719173
6719877
6720211
6720462
6721840
6722906
6724797
6725802
6751656
6752497
6752810
6754834
6756362
6760407
6761418
6762140
6763419
6765607
6773505
6777363
6778542
6785227
6790697
6791337
6791715
6792089
6792499
6792871
6793392
6793847
6794339
6794874
6795433
6796234
6797406
6798332
6799061
6799226
6799895
6800248
6806645
6807184
6813468
6813611
6813994
6815810
6816369
6816825
6817913
6818679
6819172
6819629
6820320
6820832
6822326
6823072
6824522
6825658
6826972
6828534
6829137
6845326
6845927
6846426
6847231
6847850
6848311
6848967
6850447
6854008
6861043
6861725
6877367
6878100
6878811
6879435
6880686
6883079
6885434
6886108
6886555
6886953
6887372
6887831
6888275
6888944
6890658
6891380
6891791
6892416
6893867
6903043
6903249
6903679
6903897
6904125
6904286
6904464
6904672
6904929
6905163
6905416
6906139
6906646
6906890
6907515
6908990
6909654
6910601
6911902
6912608
6912765
6912849
6913171
6913896
6914253
6914782
6915356
6916219
6917059
6917254
6917922
6918191
6918913
6919296
6919340
6919881
6920454
6925276
6948855
6950571
6951511
6952572
6955618
6956505
6964002
6964987
6968614
6969865
6970918
6971993
6973564
6974190
6977022
6977231
6981858
6982251
6982852
6983314
6983982
6985222
6985688
6986345
6990245
6992523
6993039
6993434
6993948
6994381
6997931
6998340
6999050
7000158
7000731
7002130
7003033
7004769
7005710
7005954
7006798
7007081
7011115
7012789
7013437
7013491
7014552
7018498
7019455
7020055
7020940
7021671
7022304
7022814
7023383
7030730
7035209
7035831
7036324
7036886
7038196
7039064
7049741
7050091
7050472
7050920
7051349
7051756
7052438
7059532
7060698
7063537
7064602
7065528
7066699
7071319
7075237
7075761
7076560
7077310
7078637
7079464
7080187
7080702
7082291
7084721
7085520
7086925
7087225
7088315
7088346
7089552
7091761
7092873
7094321
7095795
7099053
7112456
7114836
7121665
7122215
7122622
7123213
7123932
7125817
7127555
7129168
7133123
7133638
7151857
7158681
7158716
7160834
7161223
7161971
7162493
7163097
7163226
7169410
7171693
7179768
7180240
7180672
7204514
7205526
7206896
7214520
7214991
7215458
7215657
7216099
7221534
7223489
7229479
7230366
7231384
7231926
7232627
7234524
7237005
7249246
7252270
7253977
7254677
7255587
7256127
7256600
7259857
7261088
7262779
7266166
7267150
7267190
7269155
7270588
7271508
7273222
7274603
7281356
7282175
7282543
7282970
7283814
7284434
7285960
7290531
7290956
7291404
7291893
7292873
7293834
7294263
7295265
7295904
7296922
7297396
7298389
7306547
7316098
7316759
7317274
7318072
7320088
7320612
7322193
7322537
7323085
7323533
7323866
7324163
7324589
7325076
7325663
7326171
7327703
7329074
7329942
7330402
7330975
7338316
7339610
7340325
7343067
7343737
7344385
7344686
7345306
7346328
7347781
7348999
7352507
7352938
7353185
7353581
7354232
7354543
7354726
7355092
7355325
7356040
7356304
7357090
7357641
7358118
7358838
7359816
7360292
7360604
7360972
7361270
7361846
7361917
7362684
7363727
7363841
7364012
7364326
7364690
7365146
7365185
7365678
7366116
7366350
7366451
7366966
7367579
7368001
7368275
7368699
7369205
7369677
7370407
7371139
7378667
7389584
7391296
7391989
7394156
7396452
7397097
7400221
7401558
7404777
7405327
7405820
7406323
7406667
7407855
7408344
7408820
7409186
7409828
7410611
7411706
7416077
7416868
7417971
7419363
7420007
7422565
7423211
7423764
7425382
7425519
7428315
7435369
7447187
7450334
7451382
7451963
7452537
7453267
7454833
7455528
7457158
7462693
7463069
7463283
7463573
7464455
7465238
7465705
7466250
7467381
7468246
7468973
7477904
7478434
7478853
7479422
7480038
7480849
7482682
7483785
7485348
7487376
7488425
7488944
7489644
7491467
7492165
7492949
7493631
7494053
7494603
7495201
7495710
7503896
7505089
7522641
7525568
7525802
7526244
7526679
7527185
7527834
7528311
7528689
7529638
7529942
7530020
7530550
7531028
7533058
7536994
7537167
7538134
7539219
7539715
7540148
7540708
7548348
7549114
7558002
7558553
7558784
7560186
7560382
7561488
7562091
7563140
7564778
7571642
7572145
7572588
7572933
7573388
7573878
7574433
7575090
7575750
7580529
7580851
7581273
7581612
7581900
7582352
7582740
7583683
7584584
7585689
7586632
7591941
7592004
7593505
7595959
7596832
7597285
7598040
7598389
7598829
7599333
7599698
7600758
7601196
7601535
7602002
7602348
7602884
7603451
7603891
7604604
7605239
7605939
7606859
7607253
7607544
7608553
7609147
7609277
7609798
7610398
7615429
7624714
7625134
7625578
7626118
7626567
7626993
7627359
7628775
7630810
7650940
7652103
7653592
7656335
7667240
7667748
7668134
7669024
7670034
7675873
7679549
7681361
7681394
7683221
7692951
7693626
7694044
7694589
7696083
7697034
7698090
7698700
7699359
7700038
7700666
7701237
7701921
7703184
7704204
7704644
7705136
7706182
7706812
7707885
7709186
7709986
7710248
7719145
7719536
7720182
7720968
7722446
7746210
7749042
7750335
7751608
7752973
7753835
7754595
7756096
7756594
7757110
7757719
7758646
7766140
7766848
7767608
7768783
7770816
7771261
7774588
7775330
7775904
7780011
7801962
7802042
7803109
7803329
7803546
7803792
7804082
7804346
7804648
7804867
7805223
7805505
7805972
7806266
7806469
7807138
7807563
7808269
7808947
7810246
7810976
7811732
7812378
7812678
7813605
7814125
7814492
7815175
7815778
7815967
7816109
7816427
7816889
7817239
7817778
7818234
7818581
7818891
7819534
7820145
7821579
7839416
7839986
7857170
7859510
7863667
7866821
7869859
7870274
7870677
7871208
7872963
7878220
7879340
7883241
7883742
7884189
7887026
7888303
7890585
7891826
7892708
7895192
7896280
7897651
7898420
7901664
7903495
7904030
7910130
7910676
7911209
7912686
7920985
7921418
7922155
7923582
7925471
7926036
7926676
7927188
7934193
7934725
7935354
7947057
7948531
7950309
7950982
7951485
7952150
7953898
7954323
7954809
7961226
7968123
7969096
7970023
7970575
7971083
7971597
7972298
7972953
7973723
7974362
7974414
7975346
7975682
7976041
7976639
7976936
7977756
7978342
7978680
7979939
7980991
7981782
7983978
7984792
7986917
7987613
7990398
7991105
7992037
7992496
7993406
7995914
7996421
7998266
8005984
8020467
8021139
8021781
8022291
8023943
8024373
8025800
8026824
8030373
8031557
8032990
8037980
8039600
8041056
8042644
8050020
8050629
8051594
8054065
8054920
8055809
8056945
8060297
8061075
8061518
8062290
8063574
8064042
8064788
8070757
8073555
8075584
8075927
8076327
8076659
8077164
8079133
8081042
8107568
8108198
8115036
8119033
8119573
8119952
8120316
8120654
8121040
8121560
8122203
8124349
8132283
8132803
8136165
8136794
8136879
8137701
8138669
8148717
8149777
8150448
8150922
8151450
8152129
8152332
8153179
8153916
8154518
8155469
8176126
8185563
8186189
8186563
8187261
8187834
8188421
8188867
8189153
8189388
8190051
8190551
8191711
8192209
8192629
8193088
8193399
8193913
8194487
8195064
8196116
8197142
8206474
8207654
8211511
8223960
8225883
8226256
8227468
8229238
8233021
8233367
8233933
8234330
8234999
8238085
8240324
8240785
8241738
8242186
8243043
8246917
8253132
8253366
8253591
8253860
8254311
8254589
8254926
8255099
8255394
8255718
8256038
8256256
8256620
8256976
8257351
8257727
8258170
8258497
8259194
8259619
8261893
8262365
8262903
8263709
8264138
8264881
8265544
8265937
8265978
8266267
8266581
8266822
8266854
8267182
8267408
8267871
8268176
8268474
8268541
8268829
8269307
8269637
8269892
8270080
8270798
8271752
8273480
8274467
8281077
8285411
8285852
8286252
8286635
8287643
8288285
8290708
8297917
8298905
8300299
8300751
8301268
8302723
8304018
8305927
8305972
8307323
8309649
8310623
8315247
8316054
8316711
8317316
8318023
8318291
8318696
8319276
8319604
8319961
8320804
8321881
8327218
8328809
8331126
8331630
8337216
8337741
8338343
8339290
8343977
8344760
8345701
8347398
8348272
8349000
8349506
8351607
8352876
8353320
8353752
8354331
8354981
8355650
8356630
8356763
8358062
8359592
8362356
8364387
8364925
8371783
8371918
8372284
8372801
8374201
8377272
8382905
8384453
8385096
8385936
8388044
8388759
8389575
8390062
8398666
8399218
8399884
8403004
8403655
8407643
8409144
8410366
8412109
8412530
8414053
8415085
8416336
8416996
8417661
8418617
8423035
8423715
8424227
8425025
8426426
8432759
8435340
8439803
8440554
8443104
8445770
8446616
8447252
8447767
8448452
8451023
8452326
8453329
8453781
8455204
8456316
8456956
8458250
8460030
8461187
8466624
8467187
8467951
8468322
8472012
8473402
8477175
8478808
8479391
8480317
8480893
8481323
8481783
8482272
8485186
8485998
8487299
8487860
8495402
8496630
8497570
8498316
8500009
8502158
8502943
8515829
8516390
8518625
8519833
8520467
8521222
8521898
8522478
8523019
8523854
8525430
8525985
8555988
8559594
8560541
8561248
8561655
8562354
8567127
8567625
8568046
8568479
8569094
8572341
8573062
8574231
8576653
8577333
8577773
8578629
8579214
8592318
8592938
8593905
8594426
8595625
8596113
8596589
8596905
8596955
8597509
8597510
8598917
8603048
8603760
8604213
8604776
8605430
8605851
8606933
8608377
8609019
8609661
8610071
8610813
8617065
8617602
8617986
8618461
8618796
8619437
8620105
8620582
8621442
8625071
8627105
8628083
8630350
8631318
8631572
8632584
8632771
8634453
8637338
8638883
8639293
8643043
8649380
8650017
8650525
8651352
8651968
8652501
8652871
8653678
8654102
8655303
8655747
8656095
8656570
8657459
8658696
8659254
8660019
8662357
8662903
8663563
8665391
8666496
8667118
8669088
8669743
8670660
8671798
8673084
8673208
8673483
8673893
8674309
8674778
8675150
8676481
8685839
8686639
8698235
8702980
8703224
8703401
8703589
8703864
8704071
8704518
8704700
8705207
8705476
8705674
8706035
8706349
8706702
8707664
8709790
8710169
8710660
8711262
8711660
8711961
8712369
8712887
8713463
8713791
8714212
8714711
8714990
8715234
8715391
8715701
8716160
8716461
8716810
8717548
8717937
8718247
8718525
8718875
8719196
8720297
8721082
8724318
8725173
8728862
8742817
8744127
8744716
8745150
8749007
8755671
8756528
8756822
8762465
8763032
8763682
8764615
8765375
8766006
8766817
8767064
8767898
8768932
8769560
8770311
8770908
8771734
8774382
8775809
8777481
8793940
8794915
8795027
8795330
8796086
8796420
8800237
8801247
8801887
8802805
8804395
8805054
8805930
8819582
8820749
8824654
8825897
8826593
8827270
8828150
8830162
8830829
8838116
8839074
8840452
8848633
8849071
8849396
8850010
8850308
8850674
8851474
8852594
8860604
8861081
8861527
8862400
8863001
8864706
8865384
8869351
8870073
8870622
8871052
8871459
8872025
8872391
8872870
8873330
8874094
8877307
8878356
8885780
8886189
8886451
8886689
8887446
8887750
8888532
8892476
8892886
8893523
8893912
8894418
8896887
8897991
8899383
8900036
8901043
8901602
8902277
8907583
8912695
8915878
8916273
8916629
8916897
8917263
8917518
8917932
8918274
8919237
8919850
8920596
8929771
8934482
8934949
8935858
8936624
8936804
8937376
8937970
8938726
8939543
8939897
8940460
8940871
8941542
8941995
8942767
8943313
8954262
8955310
8956100
8956744
8957119
8957480
8957676
8957778
8958075
8958366
8959074
8959528
8960080
8960398
8961120
8961482
8962026
8962447
8969498
8970108
8970655
8971190
8971584
8972131
8973413
8973731
8974299
8974549
8974994
8975614
8976545
8978889
8979379
8979757
8980120
8980502
9000905
9001820
9003779
9005159
9006579
9007151
9007876
9014428
9016292
9019118
9019590
9022425
9032361
9032996
9033734
9034777
9035326
9037809
9043280
9045139
9045813
9045924
9046538
9047615
9048868
9053402
9053856
9054442
9054893
9055288
9055878
9056126
9056381
9056590
9056865
9057066
9057593
9058046
9058318
9058659
9059016
9059377
9059769
9060219
9060608
9061152
9061620
9068028
9068741
9069414
9072197
9072733
9073057
9073436
9073838
9074268
9074734
9075239
9081732
9086387
9088925
9091538
9092478
9092810
9093146
9094003
9094265
9094570
9095024
9095471
9095764
9096235
9097540
9098673
9099701
9100608
9101465
9102488
9102587
9102969
9103475
9103710
9104388
9104640
9104883
9105109
9105370
9105662
9106007
9106344
9113460
9117893
9118508
9119268
9119819
9120232
9120438
9121030
9121806
9123131
9123703
9127028
9139144
9139551
9140387
9140659
9140695
9140842
9141760
9142275
9143122
9143665
9143693
9144469
9145051
9146451
9146966
9147788
9153212
9153361
9153502
9153654
9153950
9154102
9154308
9155072
9155290
9155626
9155866
9156398
9156777
9157856
9158260
9159220
9159909
9160567
9161180
9162259
9162688
9162890
9163249
9163594
9163917
9164251
9164542
9165965
9166237
9166553
9166982
9167281
9167650
9167922
9168225
9168482
9168779
9169389
9170323
9170433
9171246
9171775
9173617
9174298
9175755
9176820
9177771
9185179
9190367
9190839
9191274
9191625
9192019
9192081
9192478
9193136
9197844
9201372
9204923
9208057
9219470
9220900
9221214
9222015
9224018
9226545
9229847
9230635
9231143
9232118
9233972
9239208
9239726
9240206
9240558
9241830
9242126
9242548
9243189
9247846
9248669
9249702
9250105
9250940
9252922
9254315
9255224
9255658
9255985
9256346
9256606
9257004
9257308
9257596
9257940
9259326
9260809
9261777
9265210
9265750
9266123
9266612
9267020
9267653
9268107
9268612
9269143
9271486
9273641
9274273
9298550
9299495
9299660
9307091
9322217
9322521
9323537
9324392
9327471
9328759
9329302
9329953
9330574
9330923
9331011
9331553
9332139
9333380
9333831
9334559
9338098
9338814
9339620
9339681
9340802
9341300
9341574
9341906
9343111
9343968
9344203
9344862
9345582
9347913
9348883
9349602
9350351
9351097
9355564
9356113
9356843
9357563
9358367
9358768
9359700
9361932
9362705
9363592
9364496
9364730
9366499
9366912
9367106
9367959
9369099
9369211
9370584
9371058
9371891
9372488
9373181
9373708
9375230
9376176
9377698
9380829
9381344
9382820
9386787
9388468
9389524
9389621
9390630
9391394
9391826
9392318
9393545
9405234
9414299
9415122
9415182
9415815
9415960
9416411
9416877
9417293
9417385
9418349
9418721
9419692
9420689
9421501
9423096
9423462
9424012
9424194
9424587
9427970
9428673
9429977
9450354
9455005
9457640
9458478
9459878
9460779
9461660
9462133
9463140
9465111
9465844
9483155
9484217
9484845
9485601
9486340
9486440
9486844
9487718
9488223
9489755
9491462
9492218
9499046
9500207
9501301
9506527
9507024
9511392
9512221
9524258
9524828
9525268
9525863
9526484
9527458
9528410
9530408
9530894
9531480
9532384
9533057
9534932
9535708
9538054
9542019
9542518
9543489
9547406
9571185
9571678
9572320
9572729
9573312
9581354
9582121
9584322
9594945
9595546
9603040
9603264
9603456
9603591
9603747
9603919
9604108
9604257
9604443
9604619
9604833
9604998
9605179
9605397
9605601
9606837
9609233
9611063
9611146
9611487
9611978
9612079
9612930
9613081
9613368
9613877
9614126
9614607
9614883
9615216
9615548
9615975
9616242
9616482
9617072
9617304
9617653
9618129
9618420
9618768
9619114
9619629
9620149
9622790
9643201
9643508
9643988
9644504
9645751
9651091
9651518
9651947
9652336
9652789
9653200
9653642
9654432
9654870
9655487
9655907
9657693
9660699
9670088
9671724
9672168
9672756
9673554
9674371
9675523
9676586
9676992
9677534
9678190
9680507
9684034
9684858
9686119
9686420
9686894
9687545
9688079
9688459
9688689
9689213
9694213
9695614
9725579
9725972
9726283
9726537
9726855
9727108
9727622
9728096
9728485
9728772
9729136
9729703
9730530
9732891
9733359
9733834
9735256
9736833
9737908
9738188
9738468
9738992
9739473
9740155
9753867
9761579
9762384
9762848
9763491
9764922
9766592
9767667
9768409
9771223
9775407
9776830
9777339
9778010
9778139
9778577
9779126
9780604
9785090
9786290
9786523
9787077
9787577
9791090
9794477
9797171
9798938
9802445
9808293
9810952
9811504
9811803
9812402
9814148
9814872
9818144
9818816
9818857
9819569
9820318
9821111
9822095
9822562
9828944
9829380
9830257
9830788
9831272
9831874
9833205
9834096
9834681
9835152
9835315
9836040
9838869
9840396
9849610
9850392
9850571
9850763
9851067
9851919
9852191
9853809
9854393
9855094
9856288
9861919
9872827
9874523
9876031
9876718
9877619
9878444
9879523
9901727
9902411
9903628
9904250
9904704
9905329
9906078
9906955
9907353
9907888
9908288
9908873
9909684
9911171
9911520
9912655
9913282
9913896
9916672
9925250
9925532
9925908
9926363
9926772
9927098
9927469
9927724
9928036
9928474
9928868
9929274
9929822
9930281
9930449
9934072
9934656
9935251
9936463
9940340
9943547
9944016
9944418
9945196
9946114
9947264
9948261
9950335
9951424
9952274
9953694
9957261
9957895
9958360
9958813
9959267
9960087
9961099
9961778
9962940
9979612
9980009
9980455
9980857
9981457
9982293
9982722
9983368
9985012
9986461
9987934
9988402
9988979
9990060
9993812
9994641
9995224
9995892
9996359
9996913
9997595
9998785
10000374
10001136
10002419
10004514
10004890
10009129
10009760
10010426
10010932
10011365
10011756
10012106
10012788
10014257
10015082
10015899
10016586
10017221
10017744
10018402
10018753
10024316
10031449
10032374
10032933
10033486
10034462
10035682
10036522
10037519
10049917
10050317
10050668
10051105
10051540
10052099
10052979
10053235
10053537
10053727
10054015
10054191
10054379
10054964
10055142
10055530
10056345
10056564
10056997
10057488
10057602
10058690
10059297
10060035
10060755
10061313
10062127
10062536
10062810
10063320
10063587
10064083
10064332
10064701
10065063
10065497
10066564
10067260
10067644
10068360
10069075
10069612
10069888
10070369
10071176
10075593
10079163
10098635
10099332
10100137
10100943
10112989
10113422
10114035
10115464
10116069
10116997
10117580
10119460
10120162
10121034
10121702
10121794
10123223
10130725
10131702
10132466
10142309
10143122
10143673
10144320
10145095
10145446
10146073
10146560
10147007
10147684
10152190
10163371
10164173
10165188
10166030
10166760
10169468
10169988
10180144
10180789
10182438
10191820
10194391
10194970
10195534
10196180
10196979
10203873
10210273
10210697
10211436
10212361
10215222
10215928
10216432
10216750
10217099
10217866
10218482
10221001
10230841
10232752
10234003
10250113
10250797
10251669
10252683
10253932
10255653
10264490
10265243
10266014
10273606
10274396
10276569
10279925
10280538
10281027
10281933
10282958
10289196
10289288
10289895
10290505
10291275
10295845
10300992
10308515
10308905
10309411
10311147
10311884
10312151
10312920
10313338
10313931
10314273
10314760
10315170
10315788
10328234
10359028
10362187
10369701
10370536
10370957
10371670
10372853
10373428
10374944
10375362
10376027
10376554
10376928
10377435
10378885
10387361
10396697
10397128
10397565
10397982
10398635
10399029
10399398
10399488
10400020
10401012
10401972
10406474
10407315
10411109
10411761
10412293
10412837
10413699
10414835
10415643
10431672
10432011
10432349
10432665
10433248
10434095
10434647
10438287
10439029
10439760
10439811
10440574
10442183
10445627
10446068
10447259
10459027
10460831
10466261
10467770
10468188
10469255
10474568
10480166
10481830
10485477
10486233
10487770
10489546
10493362
10493749
10494263
10494734
10495214
10497462
10497880
10498468
10499752
10500415
10503015
10503616
10503872
10504061
10504293
10504697
10505490
10505668
10506335
10506866
10507361
10507694
10509759
10510378
10511010
10511493
10511916
10512330
10512597
10513300
10513605
10514195
10514654
10514984
10515329
10515591
10515653
10517373
10518135
10518187
10518730
10519748
10520511
10520718
10521219
10521742
10523886
10525018
10529141
10536002
10545566
10546525
10547577
10548227
10549031
10549992
10551046
10552310
10552862
10553434
10558445
10558920
10559518
10560131
10560884
10561838
10569638
10576341
10583634
10584302
10584911
10588304
10588785
10595698
10596120
10596413
10596845
10597057
10599901
10600608
10601115
10601751
10602344
10603147
10610018
10610774
10611463
10612415
10614160
10614464
10614779
10615873
10616335
10616987
10617448
10618315
10619005
10619711
10620512
10620926
10623662
10624062
10624626
10625127
10625521
10626184
10626951
10628690
10633527
10634417
10638539
10639101
10639479
10640090
10644595
10645133
10645829
10646783
10647806
10650348
10651474
10652086
10652675
10661360
10662902
10665389
10667504
10668582
10669505
10670377
10670682
10675363
10675825
10676354
10677261
10677865
10679212
10679761
10680371
10684947
10685600
10686599
10687092
10687581
10687893
10688425
10697812
10701016
10701726
10702297
10714880
10720879
10721744
10722688
10723717
10724890
10727062
10730156
10735057
10736153
10737927
10738594
10744823
10745777
10747000
10747727
10748600
10750092
10751690
10761422
10762582
10763279
10764262
10766414
10779974
10780396
10780790
10806089
10806595
10807029
10807691
10809388
10810028
10810522
10810916
10811369
10812006
10812739
10814476
10816145
10817097
10839347
10840788
10841342
10846886
10849910
10850611
10855485
10856141
10856602
10857326
10858763
10870842
10871322
10871766
10872435
10872779
10873182
10873921
10876065
10876519
10876551
10877249
10877560
10878871
10880843
10881523
10883408
10884036
10884434
10884880
10886632
10893451
10893938
10894499
10894981
10895495
10896383
10898054
10898481
10898989
10899615
10906000
10906606
10907021
10908303
10909981
10910416
10910960
10911452
10911856
10912380
10912807
10913278
10913816
10914290
10914989
10916676
10918297
10918578
10919185
10947250
10947840
10948335
10948678
10949099
10949628
10950418
10951521
10952064
10952624
10953003
10953211
10953412
10953633
10953838
10954058
10954218
10954433
10954663
10954885
10955271
10956196
10956233
10956927
10957609
10957678
10959807
10960463
10961064
10961577
10962428
10963109
10963977
10964517
10964766
10965364
10965898
10966293
10966661
10967093
10967627
10968181
10968486
10968899
10969302
10969807
10970390
10971443
10972425
10988176
10989393
10991249
10993374
10994057
10995317
11002462
11006560
11007044
11007673
11008290
11008905
11009824
11012125
11013448
11014355
11014963
11016117
11016721
11026157
11026682
11027941
11029019
11029593
11041659
11042449
11045107
11045656
11046285
11047500
11048066
11048955
11049419
11049829
11050589
11051832
11052256
11053080
11053702
11054315
11054660
11055121
11055736
11056782
11057305
11058619
11061835
11062535
11063333
11064198
11066887
11067908
11068819
11070323
11070931
11071580
11072150
11082344
11083699
11085442
11087438
11088131
11089190
11092767
11093203
11094503
11098688
11101227
11103714
11105976
11106479
11107405
11108788
11109872
11110608
11111255
11111936
11113625
11114665
11116565
11117754
11124696
11126186
11127324
11127597
11129206
11130869
11132811
11135415
11138134
11140829
11141657
11142652
11144313
11145047
11145486
11145893
11146335
11146622
11146998
11147249
11147565
11148025
11148374
11148982
11149550
11150429
11151633
11152642
11153622
11154762
11156974
11157983
11158455
11159158
11159194
11159834
11160399
11162957
11164000
11164263
11186448
11187173
11188859
11190027
11190618
11191533
11193551
11193918
11194998
11195993
11196980
11212666
11216823
11217925
11218410
11218884
11219318
11219754
11220158
11220598
11220987
11221712
11224248
11250858
11251719
11252850
11252919
11253690
11254642
11257477
11260675
11261260
11261309
11262644
11268377
11270014
11274463
11274943
11275519
11280924
11292646
11299578
11299996
11300382
11301011
11301444
11302479
11303601
11304089
11309435
11310025
11310616
11310826
11311139
11311812
11319647
11323828
11324550
11325184
11326246
11326411
11327380
11330266
11331722
11332539
11333459
11335149
11336066
11337457
11344862
11346268
11347552
11350112
11350680
11351425
11352185
11361019
11362265
11362877
11363497
11364985
11365762
11366544
11367525
11369069
11371082
11371931
11373327
11373762
11374012
11375639
11376455
11377017
11377665
11378298
11378576
11379485
11380137
11380677
11381720
11385825
11388664
11389893
11391852
11392573
11393455
11393548
11395152
11402676
11403350
11403548
11403742
11403876
11403953
11404586
11404734
11404925
11406635
11407356
11408022
11408481
11409399
11410706
11411636
11412276
11412773
11413168
11413823
11414319
11414950
11415191
11415546
11416255
11416813
11417052
11417171
11417354
11417993
11418685
11419060
11419674
11419705
11422705
11423109
11444721
11445747
11446018
11448979
11451969
11453184
11455079
11455546
11456602
11457559
11458419
11459989
11460514
11461476
11462238
11467254
11468608
11470198
11471089
11477206
11480167
11480553
11480882
11481295
11481692
11482541
11483221
11483738
11484817
11484872
11486024
11487433
11488016
11488530
11490914
11495951
11496536
11497631
11498185
11499125
11503508
11504621
11505803
11506463
11507771
11508485
11509227
11509550
11510019
11510788
11517596
11519027
11519795
11522575
11523144
11525078
11525928
11526530
11527958
11530835
11531321
11532813
11533747
11538016
11538565
11540082
11545343
11546175
11546882
11547585
11551275
11553029
11555208
11562532
11563404
11564066
11571722
11572473
11573048
11573442
11574698
11575233
11575713
11576575
11583147
11583736
11584296
11584926
11585299
11585630
11585978
11586283
11587523
11589349
11595140
11596737
11597994
11607052
11607541
11607913
11608204
11609396
11609961
11610649
11611583
11612492
11614209
11616078
11617304
11617826
11618777
11621028
11626401
11627047
11627508
11628582
11631556
11632382
11632925
11633470
11633912
11634460
11635144
11635518
11636160
11661438
11661969
11662797
11673939
11674714
11675107
11676226
11677333
11678523
11681219
11704016
11705052
11709385
11710244
11717815
11718451
11719695
11720284
11720991
11721015
11721671
11722280
11723052
11723367
11730203
11731582
11733292
11737204
11739552
11740672
11741015
11741683
11742618
11743830
11745906
11750553
11752943
11754509
11755580
11756215
11758342
11758758
11759332
11759371
11759918
11760607
11762176
11763127
11763936
11778153
11779050
11783519
11784118
11789029
11789952
11792371
11794135
11795094
11803244
11805336
11805788
11806506
11806983
11809073
11809880
11810625
11816869
11817199
11817775
11818214
11818697
11819011
11819298
11819867
11820149
11820991
11822306
11822608
11823762
11824549
11827522
11829798
11830613
11831838
11833080
11834065
11834968
11835408
11835651
11852989
11853104
11853316
11853500
11854003
11854195
11854373
11854725
11854872
11855231
11855399
11855447
11856037
11856369
11856733
11857177
11857497
11858564
11858888
11859416
11859604
11859985
11860146
11860957
11861118
11861653
11862074
11863971
11865491
11865842
11865913
11866232
11866523
11866826
11866893
11867272
11867533
11868436
11868821
11868892
11869224
11870654
11894767
11897819
11899523
11900984
11902254
11903418
11904059
11904822
11908362
11909660
11910209
11910649
11911248
11912019
11912680
11912964
11913202
11915639
11916570
11917174
11918385
11922435
11930957
11931362
11932152
11932716
11933107
11933621
11933785
11934073
11935796
11937262
11937929
11938488
11938888
11939629
11940633
11941335
11942166
11945123
11945693
11946478
11947019
11947538
11948130
11948766
11949420
11950038
11950758
11951628
11952629
11954338
11955940
11958217
11959065
11959842
11960316
11961222
11962307
11963216
11970552
11983665
11987977
11988765
11989391
11989763
11990231
11990580
11990916
11991357
11992048
11992478
11992952
11993328
11993800
11994316
11995095
11995890
11997961
11999987
12000878
12004895
12008542
12010472
12011563
12012429
12022366
12022806
12023247
12024019
12027373
12028946
12029477
12031119
12031571
12031964
12032698
12033318
12046252
12046897
12047553
12047966
12048612
12049147
12049931
12050148
12050424
12051265
12053046
12053594
12054374
12054984
12055778
12056207
12057328
12057715
12058407
12058825
12059589
12061578
12064344
12065855
12066706
12067044
12067479
12068150
12068658
12069587
12070293
12070984
12071544
12072829
12073325
12073867
12074414
12075248
12076209
12076700
12077409
12077918
12078604
12079292
12081765
12082199
12086795
12087575
12088146
12088782
12089595
12090011
12093675
12094940
12095437
12096067
12096681
12100554
12101110
12101681
12102197
12102673
12103283
12103791
12104813
12105585
12106296
12107767
12108596
12109545
12110284
12112545
12113262
12114211
12114544
12114823
12114969
12115231
12115672
12116130
12117151
12118039
12119281
12119804
12120524
12120581
12121311
12121762
12150694
12152215
12153101
12153276
12154067
12154524
12154984
12156381
12157762
12181378
12182397
12182814
12183454
12184223
12184769
12186471
12197917
12200495
12202067
12202370
12203048
12204790
12205835
12209210
12212194
12220481
12222170
12222691
12223754
12223915
12225403
12225503
12226028
12226812
12227385
12230355
12230526
12231128
12231925
12232316
12233816
12235073
12266096
12266494
12266940
12267497
12268072
12268534
12280361
12284604
12284756
12285607
12286697
12287292
12287955
12289067
12289779
12293789
12294390
12296268
12298492
12298919
12299370
12300437
12300511
12301173
12303019
12303344
12303545
12303784
12304079
12304575
12304765
12305064
12305335
12305678
12306153
12306870
12307424
12307819
12308452
12309799
12310049
12311121
12311502
12312343
12312438
12312666
12313158
12313472
12313774
12314111
12314572
12314961
12315978
12316321
12316664
12316703
12317013
12317407
12317702
12318079
12318334
12318969
12319345
12320186
12344829
12345933
12350197
12351337
12354556
12355726
12356490
12357131
12357880
12359181
12360269
12361073
12362075
12362787
12364935
12365516
12366103
12366972
12369535
12373769
12375834
12376297
12376888
12377323
12378033
12378663
12379308
12379791
12381826
12383217
12384382
12385611
12386173
12388034
12388346
12396727
12397322
12398454
12399639
12400647
12401459
12403010
12404027
12404200
12404755
12405129
12405917
12406485
12407645
12410158
12411438
12421650
12423284
12423900
12424430
12425225
12425752
12425953
12426214
12426815
12427399
12428052
12428955
12429486
12430070
12432824
12440819
12444005
12444560
12445038
12445604
12446071
12446478
12447157
12449763
12450644
12451242
12454963
12456959
12457578
12458173
12459983
12462485
12463262
12463830
12464962
12468529
12471880
12471917
12472852
12473721
12475474
12476151
12476307
12477421
12477635
12479147
12479889
12485272
12486633
12487018
12487907
12490079
12491234
12492000
12492500
12492935
12494029
12494571
12495620
12496371
12497376
12499594
12501062
12508111
12520997
12521458
12522082
12522894
12526420
12528201
12536624
12537090
12537507
12537933
12538388
12546037
12546446
12546862
12547305
12547745
12548151
12548696
12551226
12558428
12559279
12559923
12565751
12566189
12566307
12566653
12567264
12567852
12568177
12568393
12569170
12611090
12611272
12612085
12613810
12614628
12615057
12615101
12615733
12616202
12617733
12619511
12626129
12626646
12627026
12628283
12629169
12630379
12631173
12641971
12642689
12659996
12660736
12661248
12662036
12663518
12664259
12664928
12665925
12670735
12671393
12671856
12672221
12672719
12673086
12673411
12673863
12675681
12679230
12699756
12702091
12704645
12704821
12706067
12709733
12719054
12721283
12722042
12722720
12723129
12723601
12724060
12724765
12733124
12733507
12733983
12734437
12735348
12736066
12738023
12739468
12739953
12747138
12748963
12749654
12750267
12750837
12751399
12752280
12753164
12753751
12753999
12754298
12754502
12754788
12755307
12755589
12756538
12757156
12758947
12760404
12760456
12762538
12762903
12763475
12764936
12765389
12765898
12766271
12766779
12767202
12767662
12767957
12768295
12768688
12769452
12770193
12771244
12771990
12773782
12775807
12789408
12789755
12791307
12795271
12795933
12800680
12806305
12808377
12810093
12810922
12815033
12816532
12817345
12827616
12828144
12829629
12830640
12832957
12834238
12834743
12835639
12836868
12837682
12845645
12846339
12846728
12847081
12848634
12854121
12854474
12854863
12855227
12856192
12864814
12865991
12866703
12867126
12867590
12868836
12869663
12880559
12881491
12882994
12883099
12884493
12884589
12885178
12887038
12888031
12888691
12889828
12895957
12897661
12898203
12898599
12899006
12899450
12900013
12900537
12901136
12905234
12905845
12911060
12911504
12912525
12912728
12913676
12916767
12917176
12917768
12918429
12918830
12919398
12919974
12920497
12922138
12925019
12925677
12926213
12929125
12935553
12938632
12942164
12944537
12945707
12946483
12948652
12951404
12952677
12952916
12967377
12968144
12969248
12972515
12973134
12973593
12974704
12975514
12976056
12977117
12979579
12980087
12980425
12981015
12981899
12982815
12988869
12993254
12993764
12994281
12994933
12996266
12996835
12997109
13012095
13012442
13013120
13013458
13013884
13014512
13014990
13016361
13016777
13017980
13023081
13023714
13024248
13024687
13025970
13026524
13027014
13027748
13028499
13029969
13050951
13058376
13059004
13059613
13060173
13065344
13066020
13066545
13067097
13067801
13068896
13070581
13071187
13072413
13072827
13082571
13086468
13087147
13091780
13101409
13101877
13102735
13110923
13119539
13120442
13120787
13121161
13121567
13122010
13122295
13123552
13124886
13127142
13128896
13130304
13138169
13138506
13140223
13141229
13143362
13147368
13148209
13148712
13149401
13149897
13150444
13151113
13151730
13152190
13152731
13153905
13160572
13161232
13162454
13162980
13163913
13164699
13173850
13180878
13181535
13182406
13186171
13186537
13187006
13187291
13187578
13187939
13188253
13188635
13189120
13189956
13191073
13194715
13196008
13196892
13199864
13202902
13203142
13203331
13203690
13203978
13204285
13204599
13204946
13205446
13205691
13206157
13206774
13207122
13207405
13208707
13209383
13209831
13211145
13211502
13211957
13212285
13212731
13213073
13213780
13213990
13214288
13214768
13214976
13215216
13215489
13215577
13215807
13216117
13216368
13216690
13217339
13217486
13217569
13218050
13218352
13218948
13219104
13219335
13220326
13227745
13230441
13233900
13239441
13242007
13242530
13243358
13248762
13249700
13250479
13251121
13252563
13254855
13255529
13256373
13256851
13257945
13259486
13260291
13260548
13261416
13262368
13262924
13262996
13265763
13270811
13271712
13272578
13273720
13274249
13275036
13276216
13277050
13278056
13278949
13279665
13280389
13280981
13281243
13281491
13282152
13283179
13293498
13294257
13294910
13302227
13311607
13313157
13315353
13316629
13317250
13317882
13318501
13319063
13322331
13327869
13328348
13328704
13329150
13329595
13330344
13330989
13331934
13333103
13333924
13336408
13337398
13338168
13338859
13340294
13345471
13346181
13346989
13347441
13350641
13351128
13351704
13352291
13354748
13355848
13356412
13359740
13369290
13371086
13371537
13371937
13372753
13373233
13373620
13373983
13374531
13375199
13375269
13375515
13376128
13377168
13379301
13381042
13384859
13389121
13389676
13390493
13393124
13393923
13402938
13404096
13409803
13410379
13411272
13411922
13412876
13413217
13413785
13417977
13418618
13419510
13421575
13422148
13422578
13423180
13428001
13428478
13428869
13429798
13430531
13438125
13438722
13439257
13442478
13443015
13443581
13444802
13445412
13445816
13446831
13448403
13449701
13455744
13459616
13460187
13460936
13461964
13462834
13463764
13470423
13470851
13472039
13475924
13478664
13479902
