6353.336
18417.2
23036.71
26762.47
28368.57
30456.18
31869.46
39748.92
44292.22
45813.12
46497.13
47636.31
48396.15
49894.39
56028.76
56300.25
57082.52
57196.63
57295.76
58111.81
58926.49
59645.25
61813.17
65345.93
66637.53
69104.61
71788.76
71804.09
73047.34
79307.35
84535.83
85490.2
85805.3
86611.1
87673.9
88178.73
93646.32
93847.42
94728.47
95970.9
96053.78
97389.93
102573.5
105634.7
106289.5
106832.9
107320.1
107854.7
110932.4
113114.3
113421.7
115961
117573.4
118476.9
118513.2
118963.6
119763.1
120010.7
120803.6
121975.9
122898.4
123148.6
123561.4
124322.2
125077.8
125964.7
126573.1
126905.3
131834.2
133039.4
133779.4
133912.8
135788.3
136043.5
137194.8
137231.5
139143.6
141348.4
142742.5
143452.3
144124.7
145929.4
149799.4
150274.3
151188.5
152118.1
157869.1
160363.3
161386.9
162767.8
163569.3
165481.2
165891.6
166059
167192.9
167877.6
169196.5
171814.6
172330.4
172797.7
173409
173826.6
174862.7
175725.5
176537
180047.9
181984.4
182575.1
183071.7
183545.3
183949.5
184929.8
185563.3
186206
187148.9
190778.4
192366.3
193053.6
193810.2
194189.1
195325.9
196364.6
198523.9
199680.6
201101.3
201608.6
202343
203446.6
204927.6
206123.7
210856.2
211870.1
211973.4
212695
213259.5
214031.5
216304.5
217230.2
217324.2
219378.9
220851
220934.8
221927.2
222877.9
224073
224115
225988.7
226323.4
226537.9
227570.8
227712.6
228910.8
229611.8
232420.7
233553.9
233863.2
234560.4
238029.7
240102.4
240651.4
240868.4
241505.2
242277.7
243721.5
244237.5
244967
245540.3
246143.8
251513.6
254372.4
255695.3
256414.2
257962.1
258324.5
259327.3
260202.8
260910.5
261594.7
262286.7
263203
264024.4
264360
264746.5
264881.9
265652.4
266054.6
266932
267057.8
267380.5
268644.3
269126.1
269227.4
269706.1
271527.1
271834.7
272102.3
272898
272981.3
273162.6
273729.8
273844.2
275703.5
276104.8
278022.3
278058.2
278368.5
279664.8
280993
282232.2
283959.7
285195.7
286245.8
286639.6
287058.8
287572.1
288182.5
288686.8
289196.7
289272.1
290163.5
290944
291014.6
291869.2
293391.6
293973
294481
295109.7
297656.3
302015.7
303266.6
309383
309420.8
310223.3
330987.6
332153.8
332312
349081.8
349649
350511.6
350582.1
351725.5
353315.6
359752.3
361113.4
361648
363371.9
363868.4
364406.2
365023.4
366234
367056.8
367913.8
369230.8
371881.1
379260.6
386759.5
386827.3
387177.8
387849.4
394306.7
401024.4
402675.2
405832.7
407371.8
407699
408175.3
408709
409331.2
415392.3
416605
419262.2
420688.2
421298.9
422621.1
423494.1
426848
428312.8
428887.6
429605.3
430285.1
450467.6
451678.2
453898
456629.9
462621.9
464908.2
466411.7
467991.1
469595.8
470424.5
471490.7
472015.3
472723.8
475079.7
476263.5
480438.2
482303.8
482864.6
483792.1
484908
485897.3
487159.4
488365.7
489203.7
489255.9
490046.7
490084.6
490602.6
491117.8
491801.5
492394.3
496212.7
496755.2
501371.9
501479.3
506677.7
508705.1
509511.7
512358.1
514101.7
514752.3
515741.6
516240.8
517016
517324.3
517738.7
518096.8
518683.6
520879.2
521560.4
523119.2
525776.4
530286.5
533965.5
534990.9
535041.6
536973.4
539312.8
540620.2
541376.5
545456.4
546864
548530
548912.4
552343.7
557652.8
567792.6
568595.7
569905.1
571110.4
571934.5
573216.3
573314.2
574111.5
574975.5
577870.1
578680.4
582898.6
585086.3
588411.8
591797.7
593133.3
594158.3
594489.8
594891.2
595170.8
597211.6
598285.3
598781.3
599560.3
604676.4
604942.9
605203.9
605455.2
605501.2
609268.6
610906.7
612126.7
618166.4
619372.6
620198.9
622852.5
623146.4
623444.8
623937.8
624188.6
625126.3
625414.7
626317.6
629751.4
629997.1
630044.7
630430.2
631126.4
631543
632055.1
632796.1
633427.8
634467.3
635141.5
635632
636926.9
637570.6
638295.2
639059.4
640702.5
641270.4
642034.3
644785.5
648128.6
648191
648745.2
650219.5
655793.2
655914.7
656605.7
656642.1
657262.2
657602.7
658496.3
659373.1
659533.4
661532.9
663639.3
664032.4
666810.5
667719.6
668369.8
669231.3
669651
671064.1
671922.4
674121.3
675485.7
676727
677741.8
678074.7
678543.7
678605.9
679214.6
679876
679913.2
680356
680558.8
680831.3
681425
689238.8
694255.1
694500.4
695376
695738.7
696561.1
699224.9
701035.5
701815.8
702798.4
703408.5
704013.3
705416.4
708297.6
708782.7
709359.5
709634.1
710327.9
710880
711459.7
712745.5
713401.3
714273.6
716036.3
717832.6
717929.2
720199
723327.6
725683
725785.7
728222.8
729182.3
729506.5
729924.3
730420.9
731090.8
734538.6
736120.3
737814.8
741597.3
743506.3
744681.5
746419.4
748636.8
760017.6
762061
763046.4
763843
764534.1
765356.1
765912.9
767156
767603.2
769260.4
770502.2
771447.9
772403.8
774225.5
774710.9
775122.7
775154.9
775848.5
776529.8
778652
779777.3
780988.4
791715.2
793647.9
799441.5
799921.6
800278.2
801523.6
802238.2
803213.9
804076.6
808336.3
809948.4
811504.7
812073.1
812612.6
812754
826658.3
832902.4
840152.9
848843.2
849332.1
849671.4
849843.4
850345.3
850957
851881.2
851922.3
853443.9
854523.7
855349.4
855954.6
856912.6
857676.6
858266.4
858928.5
859699.2
862755
863329.5
864927.2
866728.6
868599.1
869996.7
870024.1
870061.8
870078.4
870525.4
870981.5
871460.9
872287.3
872907.9
873435.9
873913.2
875860.1
876387
876580.5
876655
903326.9
904667.2
906003.3
906919.7
908986.6
909115.1
909604
909839.4
910821.5
911291.2
911882.7
911997.9
912308.1
913296.2
913776
913873.4
915557
916074.1
916673.4
922519.1
922737.9
923727.8
924240.6
937054.8
937829.2
937889.4
939010.5
940922.1
941877.1
942495.1
943441.3
943877
944582
945601.5
947340.5
950381.1
954184.3
956848.4
957222.9
958715.6
964116.1
964967
965460.8
966336.9
966412.9
968684.2
975849.7
978108.3
978686.8
981798.8
983887.6
984666
985161.4
986569.9
987563.9
991631.4
992297.6
992721.3
993510.4
994408.7
995154.5
999433.4
1002986
1003513
1003969
1004734
1005878
1006347
1006858
1007757
1007920
1010783
1011968
1012811
1013385
1013863
1013953
1015417
1016932
1017435
1018566
1018986
1019546
1019652
1020176
1020300
1021458
1026325
1026927
1027621
1028282
1028909
1030357
1031168
1031940
1034803
1037027
1039571
1040172
1040539
1049001
1050278
1053797
1057739
1059814
1060397
1061117
1061567
1061607
1062113
1062708
1064616
1070795
1071628
1074824
1075276
1075983
1077142
1077870
1078629
1079300
1081213
1086812
1087101
1088052
1088853
1090831
1092197
1092980
1095404
1098118
1098318
1099389
1099445
1100043
1100269
1101225
1101397
1101470
1101983
1102638
1103170
1103868
1108378
1110473
1111314
1112245
1112576
1112707
1113348
1113895
1115217
1116141
1117487
1117805
1118650
1118725
1119932
1120108
1121255
1122084
1122815
1123752
1127043
1130116
1130784
1131302
1131698
1132795
1133899
1133938
1136012
1145106
1146516
1147099
1148004
1148682
1153837
1155649
1159535
1159854
1160788
1162047
1162573
1162945
1162961
1166831
1168266
1169382
1173122
1176116
1176762
1177240
1178872
1179494
1180109
1180842
1181702
1184789
1184865
1186953
1194618
1195292
1195831
1196748
1197333
1197600
1198029
1198190
1198723
1199362
1199787
1200827
1202234
1207135
1208378
1213231
1220440
1220884
1221240
1221830
1223553
1224358
1224433
1225279
1231460
1231766
1233627
1234755
1235450
1235574
1237009
1237733
1238684
1243243
1243777
1244436
1246678
1246900
1247507
1248207
1249179
1250932
1252686
1255481
1256088
1260689
1260861
1261006
1268484
1268694
1269574
1270093
1270544
1271290
1272145
1272714
1273509
1274892
1275570
1277321
1278402
1281894
1282913
1283228
1284321
1284837
1285046
1292473
1293066
1294011
1294684
1295265
1295305
1295949
1296072
1297452
1297735
1298451
1298624
1299302
1299349
1300412
1302930
1304351
1305099
1306186
1308877
1310052
1311913
1312524
1313086
1314395
1315184
1316204
1321092
1321500
1321963
1322846
1323214
1323651
1324131
1324851
1353542
1355331
1355920
1356394
1356650
1356801
1358218
1359673
1360351
1360882
1361496
1364235
1367660
1368312
1368751
1369284
1369358
1369378
1370218
1370961
1371133
1371154
1371551
1376341
1377321
1377715
1377864
1378255
1378712
1379141
1379469
1379565
1380128
1380985
1385344
1386156
1386819
1386989
1388136
1389038
1389975
1391014
1394688
1394928
1394928
1396892
1399762
1400339
1400417
1400949
1401073
1401834
1402260
1402581
1403479
1404181
1405279
1407063
1408990
1409962
1411048
1411251
1411971
1412767
1414750
1415378
1417138
1419280
1434267
1444136
1444396
1444867
1445868
1454518
1455009
1456235
1458402
1458427
1461432
1463868
1465118
1465779
1466486
1466774
1477160
1478106
1478457
1478814
1479134
1479345
1479479
1479706
1480215
1480859
1481713
1482548
1489135
1491457
1492238
1497403
1498448
1498974
1499297
1500417
1505553
1508973
1512542
1513660
1514841
1515725
1516745
1517597
1518303
1519168
1519793
1519839
1520000
1520666
1521262
1521277
1522273
1522754
1523981
1526671
1530307
1531005
1531148
1535148
1535171
1535233
1536265
1537455
1539202
1540530
1541125
1541579
1542298
1542378
1543061
1543193
1543778
1544360
1544826
1545496
1545548
1553980
1556164
1557607
1558003
1558192
1558689
1558838
1559447
1559736
1560460
1560967
1561353
1562348
1563097
1563864
1565431
1566456
1568625
1571544
1573183
1573881
1574794
1575517
1575591
1576944
1577134
1577762
1579277
1581557
1584039
1584127
1585817
1589173
1594111
1600422
1600759
1601674
1602335
1603021
1607045
1607183
1607864
1608567
1608896
1609749
1612498
1625387
1632227
1632346
1633341
1633457
1635760
1647975
1650232
1651688
1655066
1656009
1658282
1664786
1666320
1670928
1675627
1676596
1682271
1683706
1691528
1692010
1692537
1693121
1693688
1694529
1695223
1695831
1696669
1697489
1702155
1703737
1704019
1705569
1705855
1706019
1709142
1712564
1714041
1714656
1715328
1716543
1718737
1719973
1724062
1726243
1727628
1729018
1729442
1730416
1731702
1731854
1732305
1733036
1733709
1733858
1735080
1736013
1736526
1737161
1737912
1738482
1739938
1741055
1743119
1746616
1747473
1748876
1749422
1749498
1757508
1761795
1763819
1764107
1764148
1764844
1768005
1769963
1773460
1773950
1775154
1777109
1778454
1802321
1802522
1806183
1807455
1808039
1808150
1809261
1809505
1811458
1811550
1812221
1819529
1823008
1825563
1826167
1826870
1831636
1831921
1832792
1833016
1834473
1834567
1836767
1837456
1838269
1840641
1843007
1844021
1845060
1846128
1846324
1846493
1846805
1846899
1847868
1848621
1849395
1849515
1851109
1853017
1853582
1854926
1855660
1858123
1860905
1860923
1860939
1865062
1865777
1866845
1869714
1870477
1877352
1877559
1878045
1879119
1880089
1881127
1882479
1882540
1884392
1884457
1884963
1885357
1886804
1888450
1889939
1890739
1890793
1891275
1892019
1892096
1892758
1896419
1896994
1897530
1898327
1898935
1899535
1900456
1901856
1907194
1908878
1911865
1912419
1915925
1918078
1923402
1924964
1925565
1926806
1927219
1927552
1928234
1928778
1928851
1930684
1931792
1931919
1933808
1934408
1935073
1935481
1936139
1936497
1936807
1937214
1937559
1938744
1939504
1940435
1941703
1943114
1943236
1945183
1945436
1945709
1946120
1946751
1946802
1947294
1947427
1949670
1950423
1956074
1956786
1957412
1960476
1961183
1963594
1976789
1978255
1981955
1982641
1983026
1983742
1988444
1989084
1989842
1990440
1990989
1991943
1992438
1992892
1993090
1993658
1994265
1994454
1995145
1995545
1997118
1998774
1999196
2000733
2002350
2003364
2005309
2006068
2007249
2007435
2009115
2009337
2010415
2012757
2013580
2014810
2018716
2024104
2027165
2027209
2027983
2028803
2029683
2030421
2032019
2032584
2035005
2036640
2037891
2038472
2039315
2039508
2040125
2041095
2041531
2042628
2044203
2045980
2051887
2054596
2054826
2055181
2058681
2060763
2061693
2062610
2063392
2064951
2066248
2066411
2067659
2068234
2068820
2069627
2071204
2072382
2073278
2076555
2077158
2079389
2091531
2091956
2092490
2093174
2093861
2093909
2094655
2095704
2096471
2097099
2097533
2097771
2098341
2098849
2099582
2100599
2101150
2101899
2105231
2105890
2106144
2106501
2107216
2107279
2107708
2113040
2113781
2114412
2116249
2117233
2117854
2120060
2120945
2121266
2122230
2124147
2125027
2125997
2127715
2128284
2129064
2129129
2129698
2130288
2131131
2131526
2131683
2132922
2134660
2135996
2136402
2136945
2137515
2138854
2140032
2146893
2147542
2148229
2148821
2148922
2150499
2151084
2152024
2152493
2153239
2153315
2155151
2155865
2156777
2158550
2162923
2163744
2165196
2166039
2168680
2175319
2176413
2176972
2179529
2180547
2186180
2188299
2189344
2191143
2191224
2191913
2192807
2193423
2193472
2194254
2194691
2195862
2196612
2200012
2203205
2204270
2206234
2207408
2209068
2210612
2211211
2211915
2214441
2216573
2219644
2220715
2221334
2221564
2222261
2224134
2224892
2226451
2226977
2227586
2228365
2229374
2231246
2250550
2254274
2261616
2262258
2263522
2263977
2264590
2265071
2265808
2266691
2268279
2269379
2269529
2274738
2282421
2283264
2283676
2284011
2284785
2287179
2288271
2289312
2289925
2290037
2290220
2291117
2291769
2292691
2293370
2294326
2294946
2297668
2298577
2299427
2300393
2303326
2303862
2305897
2306020
2306604
2307174
2309314
2310477
2311860
2312712
2314468
2316463
2317991
2318769
2319581
2319613
2319828
2321084
2321509
2321795
2322314
2323900
2327035
2330983
2334565
2341978
2342457
2343161
2344135
2355182
2356145
2356879
2357598
2360035
2360685
2361384
2365925
2369475
2373794
2377877
2379598
2381728
2383826
2392124
2392692
2395510
2401638
2402487
2407825
2408535
2409817
2409968
2411156
2411392
2412549
2413644
2417313
2417984
2419449
2420056
2420669
2421200
2421847
2422667
2422990
2424194
2427679
2428128
2428334
2429012
2430020
2430851
2431704
2433030
2433613
2433995
2434595
2434643
2435310
2436083
2436341
2437230
2438163
2438416
2439060
2445453
2447774
2448403
2449267
2452330
2454835
2456232
2459328
2461534
2466576
2468155
2469308
2475407
2479980
2480191
2483968
2486658
2491885
2493233
2493978
2495874
2498877
2500630
2501631
2502671
2502774
2503524
2503759
2504791
2505251
2505344
2505745
2506112
2506326
2506504
2506608
2511292
2512962
2513742
2513967
2515299
2516350
2519136
2520132
2527716
2528295
2528965
2530165
2537627
2538834
2538981
2539397
2539826
2540239
2540681
2540880
2541090
2541758
2542288
2543308
2544152
2545029
2549630
2550343
2551433
2552496
2557182
2557502
2558715
2558776
2559490
2560749
2568852
2570439
2571404
2573035
2573613
2574188
2575249
2575417
2576029
2576837
2577644
2579888
2580573
2581948
2582613
2583350
2584109
2584629
2584783
2585665
2585702
2587848
2588554
2589251
2590681
2592750
2595090
2595200
2596247
2598135
2600856
2604951
2606333
2606657
2607477
2611049
2614226
2614942
2615594
2616517
2617154
2618577
2620232
2621045
2621780
2622645
2623952
2623991
2624007
2626974
2628541
2630775
2631094
2632188
2633033
2633422
2633694
2633960
2634160
2635088
2638620
2641917
2645542
2646874
2649545
2652094
2655439
2656679
2657168
2657441
2657567
2658023
2659368
2659618
2662109
2662600
2663165
2665582
2668772
2669956
2670616
2671382
2672337
2672953
2673264
2678216
2678871
2679549
2680060
2681297
2701097
2702588
2704064
2704833
2706591
2710102
2711043
2712277
2713649
2713690
2713827
2714384
2714600
2716018
2720227
2726665
2731459
2735149
2736286
2737642
2738748
2739404
2739583
2744500
2745601
2746197
2747020
2747621
2747728
2748507
2749357
2751578
2753383
2760788
2761429
2761929
2761973
2762652
2764041
2765697
2765766
2767910
2770115
2771320
2774120
2777724
2780688
2781822
2784740
2788333
2790180
2790658
2790902
2791677
2797494
2798648
2798919
2799464
2799515
2802031
2804362
2805005
2807102
2810490
2814899
2815348
2815730
2817178
2826213
2828337
2831958
2832816
2833948
2834098
2837781
2838216
2838788
2839384
2841096
2841158
2842028
2842723
2843358
2843360
2843800
2844903
2846560
2848159
2851110
2853717
2854621
2860806
2861640
2862608
2864653
2868124
2870032
2871118
2872802
2873335
2873687
2874237
2874706
2875416
2875721
2875981
2876586
2877550
2877776
2878638
2879962
2881094
2881491
2882484
2883349
2884089
2885606
2886383
2886563
2887260
2887310
2889009
2890446
2891559
2893146
2894924
2896142
2896221
2896909
2897705
2898759
2899971
2901358
2902543
2903912
2905282
2905597
2906153
2906846
2907245
2907434
2908114
2908202
2908662
2909277
2909894
2910203
2910488
2911090
2911130
2913470
2913790
2913970
2915285
2916422
2916464
2916592
2918211
2920643
2921072
2921844
2925277
2926648
2926935
2927472
2927687
2930491
2934240
2935813
2937518
2939990
2941349
2942080
2942713
2943721
2945689
2948801
2950288
2950744
2950929
2953650
2954094
2954876
2956089
2971621
2973088
2983834
2984144
2985292
2986263
2987096
2988917
2989796
2990238
2991119
2991778
2993532
2997376
2999449
3001250
3006832
3007594
3008147
3008864
3009367
3011126
3012360
3016479
3017791
3025576
3026747
3027330
3027952
3028870
3029621
3032134
3034930
3036488
3037062
3038008
3038633
3038873
3039637
3040564
3041589
3043071
3043834
3044146
3045528
3046202
3046476
3047098
3048949
3049156
3051195
3055362
3055422
3056505
3057051
3057432
3058453
3058888
3060136
3061075
3061978
3063158
3064651
3065653
3067024
3067124
3068895
3069068
3069960
3070119
3070839
3071355
3074842
3077948
3080733
3090488
3095927
3097227
3097591
3098444
3099709
3099931
3101296
3101612
3102776
3103465
3103755
3104019
3104347
3105284
3105547
3105814
3106568
3107018
3107504
3107840
3108266
3116508
3119812
3120354
3120752
3121197
3121506
3122133
3122214
3122627
3122943
3124407
3125221
3125449
3125824
3128731
3131065
3131260
3150400
3151034
3151375
3153725
3154197
3154500
3154727
3154831
3154834
3155140
3157249
3170170
3170318
3170505
3170866
3171457
3172167
3172948
3174087
3178589
3179163
3179364
3180789
3180849
3181200
3181356
3184489
3187105
3187123
3187943
3189129
3189720
3190328
3191065
3191633
3192320
3193016
3194596
3195496
3198028
3198734
3198825
3200230
3201690
3202396
3202672
3203650
3203719
3206727
3214890
3216190
3217835
3218650
3223447
3242060
3242879
3243111
3243818
3244729
3244806
3245795
3247591
3248913
3253411
3255383
3256982
3257623
3258700
3259009
3259818
3265544
3266169
3267263
3267795
3268631
3268782
3269408
3269468
3269661
3270379
3271078
3271327
3271971
3275512
3277194
3277653
3277673
3278993
3291175
3291402
3294181
3298789
3299605
3300151
3300860
3302706
3303382
3305121
3310232
3312816
3313818
3314903
3316497
3318062
3318676
3319438
3320435
3321100
3323553
3323658
3326129
3326811
3327019
3328045
3329025
3330017
3330095
3332688
3335019
3336777
3337687
3338587
3341075
3341349
3344947
3345476
3349906
3350756
3351366
3351880
3352719
3353033
3353830
3353873
3358340
3360069
3362002
3362797
3363464
3364534
3368116
3369166
3370136
3371300
3375696
3375877
3376773
3377400
3377638
3378195
3378580
3379620
3380601
3381866
3381912
3382063
3386684
3389791
3390401
3391088
3393293
3393994
3394590
3395290
3395827
3396823
3397512
3398272
3399220
3400033
3400074
3402045
3402667
3403582
3405170
3408674
3413916
3417693
3418295
3418585
3419896
3421844
3422303
3424520
3425987
3428002
3429120
3432321
3433017
3433870
3434748
3435912
3444450
3445913
3450189
3450924
3452716
3453049
3453715
3458798
3459368
3461658
3463993
3466024
3483998
3487818
3489120
3489273
3490251
3490520
3493044
3495280
3496393
3497984
3500215
3500868
3501978
3503702
3504972
3508025
3509027
3509651
3511115
3511885
3513266
3517521
3518192
3519751
3519996
3520271
3520827
3524258
3526365
3529968
3535613
3538427
3542293
3544982
3545734
3547362
3548400
3559928
3560952
3561859
3562547
3563295
3564020
3566049
3567297
3567425
3568090
3568581
3568744
3569504
3570917
3572806
3579986
3604989
3605899
3606829
3608252
3609031
3610195
3611651
3612150
3613531
3614505
3614600
3615467
3616035
3616851
3617001
3617440
3618837
3618852
3619401
3620192
3620993
3626245
3627480
3628318
3630180
3630287
3631257
3633801
3634937
3635037
3638082
3638879
3640901
3641350
3643726
3644438
3646261
3646866
3647576
3648141
3648311
3649998
3650427
3650740
3650743
3651408
3653163
3659554
3661342
3663291
3664928
3666685
3667472
3670508
3671300
3671698
3672943
3674238
3675725
3676176
3680521
3683733
3686142
3686819
3694354
3694552
3695254
3695772
3695995
3697330
3698768
3701192
3702788
3703637
3707069
3707645
3708586
3709468
3709881
3710292
3712573
3712655
3712703
3712719
3714033
3715233
3715251
3720202
3721372
3723029
3724466
3725163
3725828
3729649
3730963
3731461
3732138
3733941
3734217
3735279
3738162
3738917
3739242
3739849
3741076
3741697
3742502
3743808
3743847
3744793
3746744
3748395
3748649
3748652
3751069
3751337
3752258
3753427
3754798
3755542
3761030
3761076
3762202
3763594
3767457
3768977
3769587
3769690
3770118
3771299
3773154
3773976
3774506
3774653
3777377
3777670
3777685
3785011
3785394
3786380
3789545
3790475
3790843
3792298
3792468
3793897
3794484
3794690
3796076
3796898
3797180
3799573
3800331
3801103
3801810
3802395
3803353
3804193
3804237
3805200
3805629
3805818
3806349
3806474
3806556
3806572
3806726
3807235
3807825
3809883
3811195
3811429
3811779
3812271
3812710
3813113
3813525
3813979
3814573
3815183
3818191
3822712
3824795
3825041
3826255
3827523
3829095
3832431
3841021
3841496
3841535
3842469
3842635
3843306
3843921
3845574
3846269
3846708
3847191
3848205
3848811
3849357
3852892
3854205
3855032
3855558
3855650
3857039
3857423
3858626
3859480
3861983
3866827
3866844
3871165
3871774
3873816
3875656
3875694
3876411
3877308
3879117
3880348
3881118
3882658
3883598
3885258
3889187
3895432
3897691
3900398
3901525
3904039
3905733
3906551
3906868
3910954
3911554
3912103
3913100
3914093
3914791
3920225
3924471
3924473
3925370
3925469
3926183
3927032
3927298
3927676
3928103
3928402
3928540
3929224
3940020
3942730
3943263
3944162
3944944
3945980
3946297
3948814
3948850
3949810
3952659
3954724
3955621
3956410
3957922
3961201
3966107
3966999
3968848
3968885
3969950
3976937
3977723
3978383
3979042
3979675
3981682
3986043
3987063
3988192
3988534
3990812
3990899
3991597
3992690
3994780
3998301
3999238
3999870
4002753
4004727
4006161
4006340
4007901
4009916
4010777
4013729
4015750
4019872
4024450
4026307
4027968
4030093
4031438
4062416
4063217
4064391
4067168
4067775
4068079
4069957
4070489
4071182
4074809
4078313
4078313
4081586
4082773
4083553
4085023
4086859
4087665
4088436
4089049
4089829
4090575
4091257
4092344
4093132
4094244
4094317
4094990
4095123
4096188
4100478
4100521
4102993
4103188
4103668
4104391
4116878
4121873
4122270
4123364
4125867
4126593
4127178
4127778
4129266
4130728
4131010
4131525
4131712
4132501
4133424
4134804
4135243
4136029
4136170
4136434
4137767
4137835
4138393
4140157
4141945
4146352
4150664
4153481
4154370
4155148
4157126
4157425
4158142
4158846
4158926
4159693
4160103
4160832
4162078
4164025
4165142
4166396
4170849
4172539
4182753
4185662
4186773
4190882
4196226
4200623
4201526
4202141
4202767
4204568
4204607
4205193
4205964
4206800
4206923
4208316
4209933
4216300
4216344
4218013
4218748
4224873
4225763
4226311
4227358
4228446
4228759
4228802
4229725
4230581
4238649
4239604
4239976
4240398
4244613
4249066
4249939
4253083
4253776
4254115
4254344
4255349
4256589
4257378
4258222
4260302
4260439
4260807
4261319
4262942
4263514
4264107
4264626
4265439
4266492
4267136
4267219
4269018
4271510
4271701
4274973
4275686
4276757
4277101
4278089
4280808
4281031
4281441
4282993
4298088
4298472
4299620
4300275
4301406
4301564
4302445
4302804
4303284
4303698
4304004
4304076
4304399
4305126
4305397
4305700
4306008
4306232
4311982
4313447
4313855
4316431
4317730
4318391
4318999
4319588
4319772
4320186
4320385
4321130
4321769
4322828
4323405
4324149
4326544
4327349
4330962
4331463
4332261
4332598
4333202
4333635
4334330
4335142
4337015
4337649
4338785
4340592
4345528
4347292
4348122
4348545
4348768
4348838
4349428
4349540
4349767
4349955
4350306
4350469
4350769
4351249
4351520
4351815
4352364
4352711
4353513
4355675
4355733
4355860
4356007
4356807
4357689
4358422
4368091
4368636
4368747
4369169
4369578
4370152
4370689
4371201
4371670
4372366
4372419
4372981
4373154
4373428
4373966
4375040
4375943
4376657
4376911
4377822
4378713
4379206
4385046
4399827
4403598
4403649
4404406
4404878
4405236
4405630
4406073
4406435
4406892
4407285
4407515
4407642
4408126
4408369
4408949
4409211
4409479
4409743
4409934
4410729
4411461
4412074
4412537
4412715
4412980
4413664
4414122
4414761
4415180
4415687
4415923
4421326
4422389
4422525
4423394
4429289
4431060
4431441
4431703
4432123
4432727
4433152
4433389
4434019
4434312
4434633
4435229
4435833
4440480
4441192
4441635
4441921
4441989
4442543
4443266
4445828
4446968
4452599
4458270
4463399
4468153
4468655
4468988
4469400
4469697
4469923
4470670
4471571
4471759
4472371
4472448
4475232
4475922
4476382
4476835
4477306
4477708
4477803
4478164
4478219
4478482
4478956
4479053
4479243
4479953
4480298
4950174
4952277
4952454
4954105
4964768
4965968
4967561
4968207
4969373
4969973
4971150
4971530
4972072
4973270
4973833
4973895
4973915
4974783
4975490
4975762
4976056
4976536
4976995
4978996
4982028
4982141
4984527
4988363
4992510
4992656
4993195
4993937
4994307
4994598
4996666
4996857
4998386
4999018
5000468
5002901
5003893
5003938
5007683
5010428
5014115
5014665
5016222
5016626
5017503
5017732
5020937
5023846
5025475
5034928
5035455
5036484
5037122
5040053
5040683
5041249
5041887
5042630
5043173
5045667
5046319
5046360
5046851
5047380
5048303
5049604
5050417
5051959
5052173
5052992
5054095
5056345
5056919
5059354
5061747
5065097
5065605
5066140
5067093
5068167
5068902
5069025
5069881
5070696
5071288
5077332
5078026
5078990
5084871
5086508
5088045
5088905
5090246
5091378
5092072
5093653
5094497
5095427
5097515
5100160
5102814
5103400
5104382
5104736
5105167
5105819
5106378
5108138
5108933
5110272
5111208
5111631
5112005
5112662
5114567
5116501
5117973
5118458
5120280
5120782
5121004
5121292
5122035
5122539
5128615
5129439
5130247
5131052
5131744
5133234
5133441
5134889
5141488
5142063
5142362
5143565
5152077
5152540
5152905
5154641
5155906
5164291
5165334
5165838
5166127
5167334
5168581
5172259
5177255
5178579
5179211
5180359
5180960
5181510
5188736
5189272
5189672
5190287
5190893
5192595
5193264
5194063
5200503
5201585
5204847
5205928
5207027
5214513
5215101
5215550
5216004
5216668
5217234
5223478
5225285
5225384
5227336
5233528
5233530
5234121
5235070
5236727
5237459
5238303
5240682
5240863
5241826
5242811
5243606
5244453
5245108
5245710
5246388
5246896
5247188
5249681
5249962
5257609
5259138
5259883
5260787
5262607
5263918
5264454
5267215
5267596
5268171
5269486
5272146
5273087
5274968
5276007
5276722
5276804
5279410
5279496
5280915
5281678
5281743
5281955
5282607
5282678
5283656
5284571
5286429
5289944
5290974
5292070
5292794
5293660
5294409
5296340
5297263
5297878
5298614
5299215
5300012
5300819
5301844
5302816
5303667
5304717
5306802
5307620
5315612
5316268
5317314
5318015
5318730
5318768
5320399
5322872
5324116
5324834
5326688
5342997
5346353
5357985
5365390
5365793
5366180
5366713
5367257
5367928
5368813
5374609
5400283
5401199
5402483
5403432
5404186
5405018
5411870
5412627
5413402
5413673
5414502
5415242
5415462
5415704
5416346
5417192
5417877
5417933
5418652
5419962
5420760
5421689
5423587
5424573
5428733
5429726
5430637
5432519
5434294
5435562
5436750
5437902
5438275
5440437
5442568
5443197
5443928
5444593
5446751
5461775
5467036
5467717
5468237
5469288
5473252
5475417
5476021
5476507
5477049
5477587
5478017
5478510
5479086
5479642
5480203
5480456
5480761
5481234
5482117
5482423
5483205
5484056
5484148
5485115
5486650
5487495
5487992
5488938
5489440
5490189
5490730
5491071
5491611
5492161
5492844
5494192
5496009
5499789
5500325
5505507
5506191
5506633
5507337
5507809
5508428
5511545
5513087
5513844
5514316
5514481
5515475
5516647
5518047
5535713
5537364
5537565
5537697
5538299
5538755
5539605
5539898
5542593
5562545
5563894
5564705
5565626
5567448
5567645
5568429
5568594
5570644
5571129
5572113
5573469
5580435
5589470
5594319
5601910
5604144
5609332
5609868
5617569
5622702
5622748
5623708
5624373
5624575
5625078
5625622
5627112
5628132
5634178
5635460
5639777
5640507
5640582
5641256
5642302
5646846
5647922
5648610
5651089
5652629
5656839
5661127
5662161
5663369
5664117
5665984
5666828
5667349
5670569
5671387
5675498
5677295
5683135
5690382
5695626
5697275
5699211
5703767
5704898
5707649
5709060
5709849
5710549
5710589
5711190
5712119
5712698
5713304
5714102
5715343
5716119
5717658
5718165
5718744
5718882
5719554
5720522
5723121
5728011
5728492
5728904
5729306
5729882
5735764
5736162
5736392
5736987
5737444
5738064
5739442
5740716
5742205
5749626
5761486
5766404
5768678
5779781
5789278
5790249
5790799
5791802
5792511
5792914
5793526
5794220
5794867
5795633
5798132
5808824
5810639
5811782
5812327
5813639
5815199
5816699
5827473
5828357
5829091
5829943
5850736
5856490
5859998
5860762
5865884
5866574
5867417
5867938
5868714
5869289
5870381
5872059
5874364
5874463
5875320
5876248
5882063
5882978
5885859
5887252
5888696
5889219
5890085
5890727
5892938
5893591
5894159
5894203
5894752
5906595
5907405
5907485
5909903
5910291
5911412
5912897
5913477
5913593
5914217
5915416
5916160
5916857
5917751
5918268
5919420
5919623
5920348
5922415
5922922
5923703
5926155
5926182
5927657
5929476
5932858
5933445
5934118
5934386
5934467
5935114
5935139
5935516
5937401
5937416
5941096
5941664
5943307
5944851
5946814
5947940
5948683
5949408
5949580
5950043
5951792
5952436
5952439
5952829
5953435
5954907
5955967
5956611
5957797
5958949
5959500
5961141
5965568
5974869
5975513
5976067
5976464
5976905
5978605
5981077
5983617
5984068
5984261
5985310
5986197
5986652
5986657
5986731
5989219
5990197
5991264
5993680
5994942
6000114
6012106
6012568
6013381
6014449
6014998
6015907
6018333
6020232
6026915
6029877
6031117
6032319
6033859
6035303
6039235
6039373
6042296
6045410
6050718
6052229
6052830
6054017
6054529
6055644
6056127
6057699
6059617
6061982
6062574
6065258
6071243
6071520
6072910
6073419
6073811
6074204
6075253
6075652
6076916
6077648
6080712
6083200
6085739
6085804
6086406
6087062
6087691
6088377
6091329
6092485
6092974
6093691
6094497
6096398
6097248
6098873
6102162
6106449
6108179
6109888
6110498
6117961
6118652
6119967
6120711
6120872
6121770
6122526
6124328
6125229
6125731
6126269
6126785
6127570
6130840
6134178
6134849
6135930
6137159
6140691
6142143
6142200
6144065
6151417
6152579
6153346
6155536
6156370
6157256
6157973
6158095
6158544
6159060
6159173
6159792
6160522
6161616
6162400
6163050
6163760
6164882
6164998
6165555
6168037
6168191
6170123
6172173
6172325
6172803
6174304
6174927
6176764
6177675
6178152
6178902
6179332
6179738
6181312
6186431
6201470
6201636
6206683
6208455
6208924
6209284
6209570
6209862
6210093
6210454
6210663
6211022
6211943
6212726
6213122
6220865
6221685
6221996
6222574
6222880
6224173
6230574
6231870
6243218
6243915
6244866
6245337
6245919
6246574
6249800
6261482
6275881
6277026
6277686
6278312
6278930
6280155
6300107
6301269
6301807
6302050
6302454
6303157
6303853
6304577
6306831
6307474
6309022
6310930
6312747
6313436
6314770
6315357
6315669
6317131
6317590
6318531
6320325
6321138
6321793
6322754
6323121
6323680
6323960
6324379
6325006
6325342
6325919
6326010
6327908
6328411
6329055
6329902
6330637
6338675
6340100
6340145
6340560
6341030
6341420
6341818
6342400
6342576
6343102
6343549
6344112
6345049
6345417
6345998
6346314
6348276
6352463
6361130
6362114
6362544
6363717
6364451
6365178
6366093
6366725
6367446
6367945
6368373
6368598
6369540
6370183
6370964
6372460
6373241
6373492
6374443
6375817
6377038
6377538
6377576
6377703
6378554
6393908
6394790
6400527
6401065
6401497
6402346
6403528
6404088
6405408
6414514
6415774
6428896
6431363
6432121
6432702
6433606
6434659
6435219
6435235
6435407
6436031
6437706
6442552
6444983
6446596
6451691
6451828
6452691
6453016
6454151
6456298
6458032
6461082
6463763
6464543
6469867
6499264
6500616
6503813
6506271
6508592
6509186
6509718
6511847
6513064
6517224
6523057
6524435
6525212
6525832
6527488
6529310
6529761
6533095
6536743
6539151
6548723
6549272
6549839
6550382
6551187
6551675
6553037
6559237
6560065
6560122
6560578
6561073
6568085
6568682
6569435
6569510
6570031
6574769
6575843
6575950
6576521
6577653
6578128
6579799
6581602
6588440
6591256
6591257
6592351
6593118
6593916
6594602
6595315
6595907
6596415
6596821
6597426
6597983
6599015
6599402
6600113
6600174
6600842
6600947
6601662
6602861
6606591
6608039
6608887
6609586
6610145
6610946
6611014
6611772
6612373
6614942
6616405
6620325
6625166
6626240
6632998
6634113
6634552
6635407
6635804
6636874
6637274
6637620
6637971
6639788
6640226
6642281
6642444
6642997
6644364
6644823
6645455
6646059
6646300
6646618
6647502
6652934
6654958
6655987
6656588
6668183
6669410
6670753
6671341
6672810
6673950
6677038
6678165
6678734
6680252
6680625
6681546
6698946
6708326
6719215
6724872
6755060
6763095
6769599
6770290
6770904
6773062
6775611
6787421
6793078
6794432
6795290
6796106
6797461
6799554
6802864
6804030
6805306
6806609
6807168
6807976
6808080
6813847
6814740
6815414
6816459
6816906
6817074
6817565
6818147
6821862
6824912
6827880
6829047
6829770
6830399
6831001
6832498
6832557
6836816
6841938
6842935
6843315
6843530
6844563
6850769
6851682
6853293
6854918
6861819
6861938
6862406
6862963
6863676
6864294
6864760
6865252
6865913
6866516
6867761
6869126
6870214
6871421
6874656
6876070
6878285
6883625
6884964
6885727
6886583
6887399
6888424
6889207
6889679
6898684
6899347
6899921
6900884
6901492
6902148
6902734
6903948
6904809
6924320
6927507
6930746
6931464
6931619
6932482
6933394
6936777
6937755
6937805
6938646
6939308
6939488
6939971
6940891
6944336
6946816
6951006
6953624
6954674
6954901
6954939
6957580
6959059
6960175
6960330
6963372
6964769
6965473
6966221
6966794
6967222
6968098
6969128
6969509
6970203
6971450
6972169
6972862
6972991
6974220
6974419
6974795
6975526
6977751
6979909
6980689
6980691
6988107
6988313
6989226
6997154
6998455
6999225
6999808
7000874
7001526
7002333
7003472
7003526
7018821
7020123
7020253
7020339
7021642
7023368
7024004
7024397
7024785
7025350
7026148
7027005
7027869
7029654
7029694
7043708
7056877
7060493
7065441
7066382
7066919
7067682
7068957
7069957
7071094
7082728
7086521
7088128
7089187
7089888
7090810
7093093
7093845
7094572
7095194
7095687
7096244
7096412
7096813
7112648
7113574
7114573
7115460
7126076
7132862
7141740
7143007
7143741
7145090
7150946
7151659
7152195
7153480
7161395
7161993
7162262
7168252
7168890
7168931
7171061
7172333
7176931
7179186
7180716
7213676
7214380
7214545
7215564
7216273
7219242
7222053
7225297
7225933
7226591
7227365
7228301
7229481
7231048
7232823
7232881
7234214
7241435
7242297
7243232
7244712
7246406
7251016
7253881
7254424
7255524
7255616
7256439
7257355
7259723
7260862
7261535
7262942
7271976
7272738
7274707
7280678
7283944
7290197
7292630
7293918
7294436
7295052
7295692
7296222
7297950
7299200
7300213
7301734
7303487
7305977
7311644
7312637
7312783
7313737
7314387
7315886
7316704
7317428
7318549
7320542
7321067
7321951
7325187
7328784
7334192
7335734
7336459
7337059
7337718
7338285
7339273
7340001
7341659
7343527
7344270
7345570
7346379
7347180
7347319
7348326
7349075
7350817
7352002
7357328
7358908
7363219
7363885
7365358
7366208
7366556
7371744
7372584
7372661
7376243
7377095
7377746
7379625
7380175
7380777
7382357
7383207
7383959
7385407
7385942
7388004
7388980
7390590
7392228
7399731
7400577
7401153
7401667
7402339
7403648
7404350
7405146
7407389
7408404
7408844
7409733
7410292
7410344
7410962
7411682
7412411
7413055
7414718
7420493
7427563
7431833
7433004
7433694
7434661
7437717
7440671
7441124
7441808
7442465
7443531
7444164
7444405
7445380
7445908
7447994
7454494
7454999
7455463
7456080
7456786
7457487
7458130
7458788
7458831
7459735
7459774
7460980
7462479
7466214
7467316
7467906
7469773
7476515
7479582
7480210
7480652
7481786
7482308
7482830
7483812
7495802
7495849
7497396
7499895
7504745
7506472
7511018
7513010
7513577
7515583
7516015
7517111
7518015
7518105
7519514
7523262
7524373
7527958
7531370
7532769
7533680
7534480
7535510
7539519
7539636
7541846
7542755
7542818
7545910
7546840
7550463
7555052
7556731
7558506
7559653
7562281
7563795
7564707
7565658
7566684
7570263
7571744
7574040
7574608
7574901
7575426
7578637
7581102
7581484
7582236
7587797
7588736
7590280
7590715
7591483
7597677
7598983
7599593
7600022
7600519
7601507
7601984
7601994
7602505
7603202
7604268
7605582
7606727
7607411
7608006
7608578
7609007
7609166
7610188
7611282
7611663
7612355
7613146
7613753
7616339
7617126
7618138
7619383
7620415
7622084
7622767
7623340
7625059
7625794
7626246
7627624
7628475
7630383
7650299
7651314
7651725
7653699
7661506
7662263
7663694
7668114
7669022
7669337
7669796
7670285
7670747
7670880
7671650
7672634
7673154
7673948
7676251
7676819
7678880
7679605
7684994
7688667
7689885
7690839
7693631
7697036
7698239
7699120
7701098
7705999
7706183
7707310
7709530
7710898
7712716
7713247
7714005
7714707
7716112
7718847
7719953
7720653
7721351
7722299
7723927
7725785
7727259
7729289
7731331
7732618
7733519
7750473
7768772
7769654
7774405
7775125
7775264
7776620
7776916
7784333
7786730
7788317
7789274
7790445
7792061
7792590
7793185
7793826
7794234
7794328
7794969
7795407
7795448
7797854
7799648
7799750
7801482
7802191
7803106
7803677
7804334
7805028
7806388
7807811
7809495
7810525
7811408
7811737
7812264
7812903
7813467
7814495
7815079
7818641
7818942
7819640
7820815
7821840
7822703
7823680
7824801
7825273
7825879
7826526
7827206
7829551
7829577
7832126
7833191
7833457
7833788
7834514
7835139
7835989
7836535
7837415
7838390
7839318
7840248
7841517
7842254
7842907
7843773
7844651
7845660
7846377
7846527
7847048
7847843
7848868
7848914
7850656
7852123
7853150
7853718
7854489
7855139
7856000
7856765
7857500
7859393
7863523
7866151
7868226
7869108
7869316
7869813
7870685
7871104
7871481
7873021
7873851
7874601
7875781
7881059
7882312
7882945
7885339
7890774
7897539
7898305
7899551
7904856
7909928
7911316
7911943
7913075
7921401
7932927
7935088
7948970
7949617
7950034
7950563
7951168
7951288
7951723
7952289
7952766
7953382
7953607
7953958
7954910
7954946
7956467
7957347
7957843
7958211
7958791
7959933
7961391
7964787
7966682
7967561
7968876
7970472
7970509
7971963
7974095
7978487
7983441
7986001
7988404
7989300
7990610
7992005
7993687
7994403
7995093
7995741
7996608
7997392
7998241
7999810
8000717
8010471
8019326
8020573
8021284
8022019
8024266
8029460
8040858
8041885
8042412
8043359
8044262
8048445
8048916
8049400
8049834
8050271
8051408
8053487
8056606
8057516
8057626
8057641
8058156
8058895
8059563
8060040
8061250
8067030
8070772
8071893
8072843
8073539
8075360
8075905
8076452
8077026
8078383
8102667
8105898
8106021
8106932
8108695
8109154
8109911
8110500
8110551
8112521
8112943
8116843
8117691
8117780
8118711
8119395
8121190
8121633
8122332
8123384
8124179
8125467
8131478
8138087
8141559
8143397
8144479
8160874
8161770
8162782
8163737
8167708
8170078
8171408
8173366
8173462
8177382
8178073
8178689
8179873
8180704
8180756
8185291
8190770
8192034
8192826
8194919
8197812
8198503
8200383
8201521
8202169
8202571
8204298
8205116
8206931
8209029
8209736
8210503
8212221
8213084
8213900
8220165
8221320
8222056
8224064
8224650
8226980
8227887
8228488
8231500
8233416
8237179
8238373
8238518
8238554
8242592
8243708
8245058
8246140
8246982
8250607
8252812
8254208
8255036
8255639
8256176
8256758
8257440
8257939
8258666
8259248
8259927
8260937
8262593
8263025
8263109
8263181
8263974
8264022
8264509
8264939
8265676
8266763
8266787
8266805
8267135
8267905
8269999
8273235
8274661
8275821
8276510
8277393
8278135
8278774
8279915
8280503
8282165
8283704
8284235
8285033
8285388
8285839
8287138
8288867
8288903
8289010
8294029
8294710
8296319
8301315
8303617
8303621
8304314
8305289
8306899
8307939
8322098
8322184
8325387
8325985
8326411
8326843
8327337
8327392
8327730
8328037
8328402
8329319
8330062
8330521
8331587
8332773
8333148
8333643
8333898
8334581
8335230
8335565
8336172
8336213
8346577
8353329
8354468
8355285
8364864
8369389
8369950
8370360
8370777
8371325
8372998
8387076
8387713
8387995
8396109
8404957
8405449
8406116
8406657
8407159
8408131
8408364
8409705
8417636
8418333
8418900
8419931
8420893
8422697
8423571
8424285
8425046
8426195
8429555
8431010
8433225
8438079
8439896
8441033
8441767
8442640
8443993
8444385
8444854
8452349
8452418
8452460
8453598
8454356
8460943
8461056
8474855
8480991
8492207
8494008
8496421
8496779
8498356
8504829
8505228
8505892
8506996
8511358
8512100
8512926
8513487
8513959
8514508
8515115
8515766
8516577
8517973
8520110
8521958
8523059
8524083
8525018
8525992
8526687
8528420
8528741
8550143
8550636
8551190
8552672
8554554
8559239
8560914
8561621
8562148
8562684
8563437
8563930
8564353
8564919
8565342
8566285
8573138
8573190
8574730
8574995
8575213
8575708
8576142
8576584
8576810
8577007
8577279
8577751
8577968
8578216
8578736
8579152
8580299
8580640
8581918
8583266
8591810
8596898
8597204
8597465
8597874
8598456
8598687
8598948
8599216
8599605
8599909
8600492
8601436
8601490
8603355
8609626
8620632
8621704
8622238
8622705
8623839
8630110
8630656
8631211
8631730
8632201
8632768
8636567
8636920
8637241
8637589
8637847
8638706
8639364
8639888
8641561
8644711
8647620
8648043
8648552
8649025
8649481
8649891
8650453
8651195
8651813
8652568
8653729
8656147
8656713
8657386
8658094
8658625
8659147
8659764
8660601
8661631
8666535
8666552
8671976
8672504
8673016
8673517
8674029
8675309
8677091
8677971
8678788
8679375
8680040
8680457
8681207
8685777
8688307
8689177
8690505
8691505
8693760
8694872
8694912
8695680
8696179
8696902
8697550
8697860
8698148
8698601
8699147
8700248
8700591
8701234
8702348
8707990
8708928
8709353
8710262
8710775
8711260
8711992
8712760
8714161
8716380
8717148
8717941
8722477
8723223
8723710
8724403
8724415
8725013
8725915
8726654
8727352
8729961
8735407
8735599
8736006
8736201
8736490
8737834
8737936
8738837
8739874
8748356
8750215
8752965
8755707
8781546
8782907
8782910
8789016
8789429
8793312
8796636
8804524
8805329
8806034
8807059
8807920
8808655
8809327
8810444
8811354
8811357
8812097
8812465
8813120
8813812
8814021
8815197
8816515
8820378
8821426
8824818
8827420
8828472
8828561
8834198
8835520
8836146
8836926
8842877
8843524
8844206
8844250
8845033
8845817
8846551
8846710
8848151
8849482
8860430
8861031
8861141
8861497
8862097
8864267
8866092
8868423
8868503
8868527
8868811
8869285
8869755
8871217
8871611
8872197
8873066
8874625
8875911
8877258
8877940
8878737
8879525
8879637
8880623
8880949
8880965
8888923
8889980
8890831
8890873
8892089
8893494
8897137
8900875
8902224
8902642
8902882
8903157
8903399
8903644
8903943
8904140
8904402
8904718
8904983
8905470
8911576
8914876
8915209
8915425
8915529
8915918
8916136
8916355
8916574
8916841
8917030
8917176
8917179
8917880
8918211
8918546
8918959
8925966
8926214
8926524
8926721
8926941
8927172
8927348
8927594
8928012
8928216
8928419
8928639
8928946
8929233
8929688
8930208
8930833
8939166
8939213
8939501
8939831
8940130
8940274
8940504
8940803
8941139
8941435
8941928
8942781
8943424
8949617
8951952
8952339
8952768
8953173
8953481
8954210
8954422
8958669
8960707
8960796
8966669
8967058
8967422
8967907
8968184
8968706
8969029
8969439
8973426
8975393
8975831
8976351
8976832
8977454
8977895
8979461
8979502
9450896
9456092
9457654
9458799
9459807
9460503
9460869
9461337
9461917
9462248
9462736
9463380
9465781
9466516
9467068
9467788
9468689
9469206
9469786
9470550
9471286
9471890
9472465
9472635
9473240
9473455
9473474
9473851
9474075
9474773
9475510
9477504
9494478
9495072
9495690
9496135
9496513
9496913
9497378
9507182
9508417
9509108
9509855
9510436
9510969
9511484
9512177
9513717
9521233
9522192
9523085
9523510
9524010
9524843
9526196
9528217
9534448
9535732
9536157
9536541
9536945
9537363
9537893
9539633
9540270
9546397
9548348
9550230
9551915
9554480
9555732
9557371
9565690
9566107
9566426
9566755
9567287
9567801
9567845
9568324
9568835
9569377
9570050
9572460
9575497
9576055
9576488
9576911
9577361
9578932
9579871
9585393
9590213
9594520
9595888
9596392
9597106
9601813
9604156
9604588
9605154
9607968
9608895
9609687
9619026
9619870
9620994
9621491
9621950
9622409
9622875
9624544
9625801
9628356
9629175
9629727
9630265
9630413
9631443
9631563
9632888
9635313
9635964
9636732
9640354
9641379
9641964
9642640
9643467
9644137
9644878
9645586
9646297
9646341
9646765
9647131
9647782
9648464
9648966
9649968
9650512
9651080
9651681
9652235
9652791
9653642
9656329
9658877
9659925
9660197
9660704
9661444
9662188
9662944
9664591
9667372
9667559
9668880
9671515
9672972
9673324
9673848
9674645
9675131
9675146
9675581
9675876
9676227
9676268
9676282
9676766
9677167
9677189
9677233
9685294
9686012
9693095
9693773
9695634
9696160
9696208
9698927
9700900
9704413
9710949
9711602
9713572
9714193
9723826
9724602
9725825
9732103
9732879
9733641
9734887
9735996
9740690
9743725
9747526
9749894
9750789
9751413
9752285
9754656
9754746
9755752
9755791
9756762
9762974
9765341
9766755
9766769
9766979
9767460
9768454
9770435
9771726
9773150
9776574
9777620
9779732
9783212
9783876
9784592
9784962
9788755
9790307
9791871
9792113
9793506
9794309
9795094
9795808
9796430
9804567
9804779
9806000
9807328
9808678
9810446
9811485
9812586
9813243
9813905
9815027
9815525
9816105
9817451
9830879
9831906
9832339
9832510
9833248
9833909
9835003
9838944
9840162
9841194
9849020
9851965
9852595
9853157
9853681
9855682
9858195
9859241
9860529
9861483
9862970
9863842
9864928
9865671
9874935
9876947
9877574
9878369
9900384
9900904
9901519
9902168
9903631
9906448
9907466
9908463
9909394
9912445
9913500
9915169
9917411
9917980
9919073
9919617
9920945
9922409
9923519
9928071
9928211
9929072
9929114
9929696
9932479
9940685
9941207
9942113
9942694
9943287
9944258
9950383
9953824
9954838
9955424
9956366
9957336
9958238
9959372
9959710
9960459
9961098
9961833
9962007
9976334
9977006
9978052
9979273
9980912
9981565
9982255
9983291
9983796
9998353
9998354
10003027
10003655
10005333
10011380
10012856
10014786
10015509
10016238
10017770
10019351
10023223
10024166
10024701
10025219
10025830
10026521
10027468
10034277
10037691
10039033
10040937
10047227
10048094
10048904
10053450
10053868
10056073
10065188
10066745
10077025
10079957
10083729
10086662
10090852
10091637
10092601
10094182
10094727
10097686
10098955
10098971
10103632
10104967
10106204
10106896
10108099
10108933
10111285
10114581
10117628
10117852
10118016
10118546
10119490
10120310
10121100
10122081
10122643
10123495
10126802
10127464
10128609
10129214
10130168
10131694
10132429
10133011
10133501
10134055
10134390
10134763
10135659
10139692
10143277
10146974
10147947
10148910
10151942
10154336
10157251
10161893
10163749
10167958
10170482
10175505
10177336
10178511
10181229
10189882
10190850
10191533
10192132
10193164
10193898
10194319
10195167
10204821
10205594
10206710
10207265
10208028
10208866
10213477
10214205
10217875
10219308
10222331
10223538
10224149
10224583
10225073
10225545
10225914
10226547
10226946
10227028
10227537
10228313
10232406
10232821
10233270
10233775
10234301
10234779
10235621
10242370
10246509
10251778
10252477
10254855
10257889
10260908
10260989
10261027
10261041
10261062
10262266
10263412
10266200
10268319
10269289
10269998
10272138
10272895
10273684
10274952
10277104
10277114
10278347
10281240
10282658
10283569
10284284
10284470
10285355
10287191
10291907
10292003
10293191
10293386
10293931
10296304
10300681
10302717
10303762
10306390
10316059
10318751
10355436
10356558
10358344
10362516
10364696
10365757
10366267
10367210
10367993
10370144
10374602
10376403
10378882
10379826
10380359
10389276
10390004
10390865
10391345
10391903
10393734
10395445
10398383
10399803
10404693
10405991
10407388
10408102
10411619
10426749
10427865
10428021
10429255
10429293
10429887
10430385
10431105
10432007
10438113
10440263
10441361
10442111
10443215
10443963
10445843
10447194
10448801
10450059
10465500
10468130
10468891
10469213
10474618
10475374
10475734
10477522
10478099
10479668
10480446
10481610
10483585
10484966
10488362
10488596
10489107
10490085
10491056
10492214
10493924
10494477
10498407
10499184
10499803
10500273
10500324
10501451
10502200
10512690
10513623
10514290
10514895
10515416
10515924
10516731
10518414
10519195
10520352
10524610
10525794
10526800
10537132
10538364
10539177
10541371
10544963
10547484
10550464
10551108
10552588
10553064
10555119
10556547
10556848
10557194
10557819
10558452
10559472
10563598
10565003
10567926
10568791
10569321
10569929
10570585
10572001
10573463
10574676
10575242
10575859
10577067
10577765
10578424
10579635
10580232
10580700
10581535
10581738
10582288
10582464
10583711
10585182
10588149
10588780
10589666
10591170
10591471
10598503
10599551
10603826
10604940
10605631
10606211
10606783
10607332
10608515
10609287
10610499
10611291
10612158
10613740
10614024
10615377
10616008
10616472
10616736
10617034
10617463
10617865
10619026
10619544
10620126
10620534
10621303
10621499
10622212
10626358
10627083
10627806
10628319
10628871
10629425
10630017
10631044
10631612
10637932
10638836
10639693
10640278
10640987
10641566
10642607
10643368
10643921
10644495
10646118
10646623
10647348
10648020
10649332
10651182
10653563
10653817
10653818
10654831
10656680
10657718
10657827
10658593
10660733
10662731
10664744
10666806
10667086
10670380
10702183
10702710
10703167
10703553
10703984
10704485
10705210
10706759
10707830
10713152
10713377
10713606
10713937
10714327
10714632
10715151
10715537
10716065
10725279
10730120
10741953
10742304
10742509
10743133
10743211
10743882
10744813
10745550
10746440
10747561
10749153
10751637
10758842
10759714
10760214
10761014
10761296
10762650
10763523
10765381
10765417
10765432
10766842
10767344
10768048
10773742
10774668
10775731
10776179
10776214
10776699
10777208
10777699
10778310
10779006
10780067
10781044
10804611
10805831
10806437
10806972
10807437
10807899
10808328
10809634
10810723
10811678
10811972
10815883
10818141
10818549
10819022
10819658
10820221
10821579
10822698
10824352
10829821
10830697
10831450
10832054
10832736
10833884
10842447
10843775
10844030
10844871
10846973
10848246
10851050
10858064
10859663
10861405
10861657
10862516
10863630
10864278
10873870
10874970
10875006
10877823
10879032
10879633
10882023
10882680
10884351
10885368
10885937
10889103
10892837
10894115
10894497
10895184
10896481
10898374
10906704
10907258
10907851
10908457
10909165
10909855
10910626
10911324
10912556
10912561
10913271
10913741
10914104
10914923
10916293
10917545
10920088
10928458
10934806
10936131
10936300
10937913
10944513
10949019
10949872
10960576
10961119
10961500
10972189
10972996
10973587
10974055
10974957
10975515
10976230
10976840
10977358
10978034
10987943
10988621
10989272
10990165
10991338
10992099
10993113
10994011
10994478
10995092
10995862
10997682
11008744
11016579
11017247
11017986
11018662
11019762
11021250
11021847
11022879
11023676
11024883
11025654
11026768
11027699
11028424
11029309
11030534
11031387
11031427
11031785
11033761
11036299
11045581
11046579
11047485
11048170
11049146
11049929
11049969
11050917
11051946
11052860
11059481
11060283
11060847
11061286
11061751
11062137
11062215
11062707
11063287
11064237
11067555
11073975
11074689
11075621
11076245
11078103
11080417
11081247
11081839
11083829
11083959
11085788
11085850
11086434
11090666
11091086
11091499
11091812
11092482
11094366
11096517
11097549
11099271
11106619
11107343
11108072
11110083
11111065
11111949
11112958
11113387
11114171
11115214
11115853
11119611
11120212
11121160
11121736
11121852
11122297
11124296
11124717
11124844
11126092
11126987
11127700
11128553
11128704
11129738
11144875
11152041
11152258
11153678
11154761
11155814
11156520
11157309
11162513
11163404
11163999
11164627
11165207
11165413
11166792
11167383
11168332
11178588
11179602
11180647
11180718
11181773
11182389
11183201
11183806
11185141
11185634
11186926
11186982
11187884
11189072
11189486
11205664
11206651
11207349
11208287
11209019
11210865
11211467
11214829
11215521
11216315
11216898
11219349
11254919
11255024
11255557
11256050
11256549
11257117
11257712
11258390
11259187
11260265
11261635
11261653
11262412
11262692
11264000
11265181
11266467
11267344
11281420
11283134
11285510
11286086
11287125
11289427
11289805
11290215
11291291
11291958
11292175
11292180
11292225
11292265
11292569
11292809
11294442
11296737
11297457
11299021
11310149
11311945
11325305
11326312
11326350
11326586
11326601
11327011
11327678
11328465
11329146
11329636
11329953
11330753
11331488
11332356
11342736
11343486
11344867
11346081
11346082
11346589
11348017
11348824
11349795
11349879
11351546
11351600
11352258
11353242
11358234
11361104
11361821
11362388
11362939
11363533
11363595
11364355
11364603
11365232
11365828
11366358
11367025
11370213
11371689
11377391
11381252
11382340
11383955
11384717
11385353
11385831
11386359
11386909
11387505
11387600
11388225
11388795
11389721
11390757
11391723
11404202
11404493
11404851
11405897
11406836
11407544
11408690
11409888
11411156
11412692
11413974
11414632
11415090
11415627
11416767
11417508
11418021
11418514
11419434
11419669
11421013
11421922
11426489
11429160
11429820
11430446
11430891
11431643
11432130
11433515
11435216
11436625
11437615
11440055
11442841
11443698
11445179
11446380
11447394
11448345
11450080
11454041
11454992
11456415
11456955
11457541
11459084
11467112
11468895
11473181
11473891
11474427
11475078
11475596
11476482
11478321
11486501
11487344
11493269
11495379
11495997
11503485
11503954
11504477
11504971
11505776
11506608
11507339
11508037
11508310
11509036
11510896
11512677
11513335
11514064
11515047
11515748
11516387
11516926
11517518
11518182
11518987
11520166
11520824
11520927
11521699
11522670
11523492
11524277
11529577
11534449
11537799
11545339
11547712
11548215
11565713
11565806
11566775
11567511
11568158
11569797
11572599
11573906
11574972
11581002
11582290
11582661
11583454
11584215
11584825
11590615
11591241
11591434
11591660
11591996
11592622
11593052
11593525
11594218
11594827
11595068
11606262
11609236
11611708
11612578
11613463
11615227
11621060
11622163
11623432
11627574
11628237
11628666
11629613
11630737
11630996
11631384
11632154
11633036
11640898
11650828
11654694
11656230
11658752
11659485
11660195
11661971
11667590
11668867
11668978
11669600
11670174
11670725
11671128
11671636
11672026
11672585
11673009
11674001
11677064
11678784
11701357
11702198
11702278
11703579
11705468
11712162
11712332
11712824
11713475
11715749
11724055
11725013
11725648
11726303
11730836
11732802
11736638
11737268
11737865
11737916
11738482
11739089
11739190
11739751
11740455
11741428
11742856
11745212
11746227
11746234
11748631
11753576
11757595
11765943
11773453
11774289
11776340
11777052
11777534
11778049
11778510
11779139
11779720
11780526
11781252
11782104
11783519
11791364
11792787
11795151
11796046
11798118
11799762
11801764
11802363
11803853
11805083
11811345
11821083
11821807
11822085
11822381
11823215
11823514
11824056
11824851
11826539
11828283
11829290
11829694
11831976
11832175
11832721
11833353
11833966
11834633
11835467
11836232
11837173
11842755
11844694
11845023
11845436
11845777
11846241
11846574
11847056
11847451
11847887
11848394
11849028
11849872
11850626
11852849
11854652
11857297
11861510
11861641
11862427
11863097
11863733
11864348
11865000
11867602
11868411
11868552
11869643
11884757
11885885
11886127
11887115
11888606
11889312
11898355
11906758
11907734
11908466
11909473
11913997
11914930
11915856
11916999
11917519
11917830
11918867
11919132
11919998
11924503
11924689
11925571
11926480
11927078
11928297
11929131
11929552
11931378
11935852
11936547
11937214
11937356
11938252
11938408
11940404
11940428
11941069
11944368
11945174
11945646
11947287
11947325
11948143
11948987
11949861
11950768
11951722
11952429
11952968
11953764
11954023
11954609
11955413
11956296
11964503
11966505
11967193
11967963
11968746
11970429
11994512
11995857
11996013
11997041
11997852
11998600
11999637
12000702
12001787
12002684
12003898
12004802
12006812
12007490
12007676
12008638
12009500
12009936
12010398
12011339
12012650
12016093
12019332
12045910
12048079
12049179
12050308
12053883
12061067
12061800
12063130
12063696
12064821
12064923
12065440
12066114
12066784
12067440
12068045
12070212
12070985
12072121
12074804
12076310
12079318
12083035
12083987
12085298
12086022
12086751
12087505
12088113
12088955
12089276
12092687
12097229
12097728
12098325
12098712
12099233
12099813
12100279
12102133
12102743
12122309
12124819
12127553
12127885
12128532
12130153
12151065
12151632
12152762
12153882
12154250
12155288
12155413
12156516
12157226
12159427
12161527
12162396
12163250
12164101
12164434
12164629
12166593
12167060
12167560
12168945
12169817
12170760
12171154
12176779
12176826
12178234
12180849
12183804
12184700
12185354
12186302
12186988
12187295
12189868
12215515
12219287
12220046
12222623
12224084
12225037
12226149
12233531
12235225
12236422
12237141
12238499
12238639
12240483
12242706
12244267
12245723
12246643
12247497
12248584
12249578
12252746
12256038
12256507
12257829
12258471
12259091
12259678
12260530
12260669
12261173
12262054
12262668
12263324
12264183
12264633
12265431
12266019
12267398
12268085
12269587
12273032
12277286
12278392
12284494
12285207
12305989
12307395
12308967
12317679
12319776
12321610
12323029
12324475
12325711
12329402
12330194
12332524
12333453
12333999
12334683
12335224
12336186
12336964
12338342
12339289
12340523
12342116
12343638
12346890
12356873
12356955
12357754
12358859
12359166
12366197
12367132
12367608
12367681
12368693
12369398
12370696
12372045
12373036
12374308
12380745
12381892
12382264
12383659
12383804
12384596
12385408
12385574
12386522
12389099
12392922
12395443
12395444
12396674
12397820
12398297
12398973
12400364
12400383
12404293
12408365
12409328
12412975
12416642
12418022
12421238
12424648
12425446
12426195
12428020
12430711
12433800
12435232
12437550
12440573
12441094
12441713
12443377
12443462
12444232
12445791
12452211
12453010
12454163
12455827
12457046
12459088
12459756
12460864
12461702
12462734
12462833
12463873
12464763
12465491
12466235
12467188
12468475
12477203
12480508
12482785
12487292
12487632
12488307
12488994
12489714
12490258
12491193
12492026
12492508
12493182
12494006
12494965
12495946
12496788
12497928
12498614
12500298
12501029
12501807
12502551
12503933
12505866
12512414
12523918
12524716
12526835
12528150
12536751
12538578
12539093
12539826
12540085
12540403
12540559
12540689
12541005
12541356
12541827
12542166
12543045
12544457
12548681
12549248
12549266
12550957
12553726
12558439
12558440
12571516
12571533
12572439
12572975
12574571
12575072
12575699
12577048
12578857
12579948
12580507
12603116
12617525
12618384
12619202
12621233
12622072
12624008
12625758
12625979
12628770
12629252
12630109
12630842
12631515
12632783
12638960
12654064
12655733
12659566
12660984
12661693
12662366
12663235
12663707
12664157
12665251
12670810
12676692
12678202
12678788
12678898
12679303
12680345
12680446
12680750
12681143
12681961
12683057
12686225
12687034
12687619
12694838
12696289
12697694
12701319
12702160
12703156
12703959
12705966
12708003
12709613
12711226
12712801
12720354
12721152
12722829
12724420
12725669
12727916
12728574
12729284
12730653
12731680
12732144
12740204
12743397
12744767
12744807
12758006
12759043
12759788
12761347
12762622
12763800
12764505
12766186
12767460
12769481
12770541
12771313
12772048
12773387
12774576
12775499
12780329
12782732
12790619
12791947
12794080
12795260
12801530
12801989
12802166
12802925
12803790
12805436
12808944
12809022
12809068
12812110
12814334
12814418
12817109
12817852
12818675
12819625
12821160
12824091
12825270
12830137
12830976
12831705
12832464
12833293
12834100
12835296
12836204
12836738
12838586
12839077
12844672
12846977
12848009
12849126
12849286
12850278
12851028
12851995
12853466
12854366
12855300
12856685
12857504
12858793
12867787
12869094
12870234
12871559
12873150
12874118
12875047
12875950
12876693
12877670
12879474
12880498
12881328
12882088
12883881
12884182
12891504
12892142
12892885
12894636
12898674
12908637
12909420
12910616
12911466
12913939
12915196
12915552
12916352
12917342
12918698
12918758
12919614
12922807
12923709
12925227
12936161
12937046
12941680
12942483
12951150
12952451
12955156
12964610
12966873
12967794
12969142
12969951
12972130
12972969
12973727
12974405
12975167
12977248
12977530
12986636
12987978
12988571
12989834
12991043
12991371
12992068
12992769
12993489
12996136
12996923
12998022
12998756
12999523
13000192
13001025
13002147
13005964
13007255
13008446
13008964
13009640
13010091
13010835
13020306
13050680
13050845
13050847
13051688
13052399
13052964
13055124
13056131
13056992
13058673
13062007
13064288
13075279
13075297
13076069
13078784
13081451
13082528
13087592
13088952
13090197
13090198
13093338
13093344
13093748
13099968
13100001
13100869
13103576
13103635
13104265
13106809
13108643
13109979
13113585
13115512
13128285
13130763
13130932
13132261
13132388
13132746
13132775
13133348
13134433
13135227
13136230
13137741
13141074
13141585
13143675
13144498
13147159
13155175
13156591
13157425
13159026
13161228
13162174
13163294
13164328
13165113
13168440
13168942
13169367
13170276
13171039
13175479
13176503
13177586
13178117
13178675
13179406
13179939
13180584
13181045
13181820
13182367
13216614
13217178
13217202
13237229
13237508
13237871
13238095
13238511
13239093
13239605
13241101
13251621
13252202
13252959
13253660
13255646
13256950
13257661
13258267
13258727
13259320
13259937
13260549
13261066
13261730
13262277
13262331
13263097
13264137
13264214
13264767
13264867
13265403
13267308
13271463
13273447
13274178
13274734
13275227
13275811
13276373
13276657
13278981
13283591
13284388
13284737
13285026
13285750
13286930
13287513
13287555
13288219
13289033
13289455
13289698
13290556
13291506
13292022
13293397
13294616
13295589
13296729
13297572
13298547
13299295
13299329
13300006
13300068
13301634
13302177
13302693
13302862
13303577
13304569
13305601
13306995
13307815
13307815
13312279
13322322
13322837
13323422
13324013
13324458
13325144
13325747
13326580
13327818
13333103
13333962
13334644
13335525
13336131
13336860
13340564
13340565
13344165
13357469
13358299
13359068
13360246
13361779
13365267
13365876
13366488
13366991
13367650
13368608
13373876
13392827
13393571
13407359
13408804
13409917
13411983
13413428
13415418
13415859
13416922
13416939
13417622
13417671
13418689
13418800
13418874
13419603
13421207
13424951
13425741
13426255
13426792
13427474
13428501
13428955
13429629
13431005
13432839
13433176
13433604
13434622
13436067
13436808
13437742
13437788
13438405
13439343
13439594
13440204
13442657
13442829
13444661
13446289
13458092
13459380
13459971
13461117
13461599
13461968
13462457
13463395
13464042
13464585
13465128
13465577
13466129
13473024
