12438.32
27863.74
28265.01
30883.83
31254.69
31473.78
31716.05
32144.93
32736.5
33472.42
34988.76
35920.34
43370.34
46291.61
47746.02
48271.28
48832.74
49768.54
80839.48
81204.07
81610.04
81929.97
82431.98
106981.1
107815.6
108844.7
112870
121116.5
138804.1
141393.7
146001.3
147598
178057.5
186112.7
186439.6
187247.5
187804.2
189298.3
207051.5
217501.1
218645.4
219731.4
229333.8
233364.4
277125.5
309469.6
314090.6
330627.7
335594.4
337511.5
364576.4
365134.8
366491.7
367070.8
367533.9
371348.3
374735.4
375166.6
379031.1
409909.6
411055.1
411125.7
411421.9
411661.2
412194.9
412480.7
412894.3
414990.7
415509.7
415883.5
416400.7
417434
417735.5
418328.4
471107.3
474088.1
475145.9
475435
475680.9
476089.4
476495.3
486076.6
486718.5
508031.9
524956.4
533938
554275.6
554640.7
588672.2
594699.2
595419.3
595825.7
623887.1
654752.3
655080
655493.9
655825.1
657246.4
658848.4
667944
668773.2
677332.5
677844.8
697506.6
699451.7
701611.5
702844.2
703831.7
711283.4
712322.5
716931
720012.7
726166.7
743738.2
756280.1
756806.8
758169.6
758488.2
758781.5
759097.1
759473.4
774350.2
793191.9
800565.4
832385
840426.9
842379
846809.8
848291.6
848657.7
848989.3
849305.4
849814.2
850279
851251.1
851984
860208.8
862893.8
875916.4
910135.6
910617.5
911064
911117.4
911437.5
912009.1
917368.2
918103.7
918947
919719.5
937486.8
941955.8
978246.4
1001953
1004117
1020802
1021888
1023169
1023382
1023672
1023935
1024581
1024910
1025242
1025707
1036196
1056214
1056641
1057040
1067148
1068202
1069205
1105966
1106756
1112719
1113463
1147963
1148367
1148872
1150276
1150628
1151195
1152373
1163275
1164038
1166032
1168583
1170298
1207569
1236001
1236540
1237103
1238805
1244620
1257300
1273524
1273924
1275368
1276106
1276461
1277224
1277645
1278070
1278774
1280293
1280630
1282236
1316594
1316938
1317415
1318454
1320706
1363743
1370781
1372330
1373631
1380509
1386831
1387293
1387935
1388332
1388688
1389401
1391524
1394634
1412758
1416070
1419294
1423778
1427414
1428255
1428486
1428941
1429323
1429799
1430641
1431332
1432100
1488674
1489130
1489447
1489970
1490414
1490903
1491272
1493191
1493924
1494459
1509535
1510730
1534289
1545561
1545960
1546414
1546802
1547165
1548165
1548877
1563078
1569522
1573069
1574331
1579463
1586386
1615753
1617598
1625944
1627179
1627560
1679496
1703068
1704053
1711769
1712609
1735866
1736760
1737344
1757080
1758088
1800802
1809795
1822952
1845606
1849249
1866736
1867725
1868131
1868950
1879563
1910380
1921837
1936836
1938287
1944300
1945167
1945944
1946598
1948540
1949668
1950373
1978736
1979213
1980998
1983606
1988185
2008574
2010522
2018570
2019567
2025080
2051981
2052751
2054339
2056613
2057304
2057644
2058112
2058674
2062809
2083096
2083718
2087288
2088226
2088632
2089064
2137530
2138029
2138392
2139444
2140472
2141383
2148523
2148961
2149625
2151182
2151668
2152100
2153077
2154881
2157667
2158249
2163861
2164508
2165087
2165680
2166110
2167077
2167622
2170098
2170687
2177962
2178696
2179178
2182782
2188053
2193916
2200426
2227315
2273515
2274244
2286698
2290053
2290637
2292474
2293333
2296605
2300544
2315920
2354900
2355524
2356122
2357286
2360807
2370166
2371215
2373007
2374518
2420277
2443849
2445912
2452947
2455328
2455469
2456821
2457113
2457471
2458046
2459478
2471922
2472737
2473727
2475472
2476194
2476707
2477275
2477865
2483713
2484125
2487097
2487837
2507822
2508350
2510124
2510557
2510995
2511696
2532430
2537912
2539245
2547856
2550426
2550686
2551172
2551974
2574072
2575285
2655347
2656390
2657004
2657299
2657847
2658427
2659872
2676151
2676350
2701096
2701537
2701963
2702368
2702967
2703518
2703871
2704318
2704859
2713724
2723586
2725169
2728299
2731763
2745329
2745797
2771076
2775939
2783630
2784429
2789484
2799295
2800732
2803787
2804448
2804860
2805666
2806191
2808516
2819431
2819903
2820665
2837829
2839757
2851884
2852294
2852732
2853546
2854226
2854974
2855523
2855938
2856271
2857531
2859523
2860007
2878953
2880026
2880582
2881385
2887175
2897390
2898697
2900157
2902276
2903272
2904369
2905231
2905999
2906411
2907026
2908309
2908592
2909294
2911344
2932136
2933877
2934580
2935409
2941418
2957762
2958291
2959600
2970890
2973171
2973652
2974038
2998803
3014032
3014508
3015018
3015669
3030881
3032444
3032895
3033896
3036407
3038097
3065817
3066865
3092034
3095497
3098547
3102057
3119846
3120476
3128442
3129109
3131229
3179540
3235204
3235561
3236765
3237730
3238092
3238594
3239193
3239750
3240209
3240936
3259210
3259816
3260449
3261025
3268017
3363885
3377337
3379109
3379874
3381655
3384213
3386326
3387186
3388200
3389296
3395226
3397040
3407939
3408729
3411282
3419060
3419581
3420110
3437415
3440569
3441953
3446069
3464215
3497179
3514114
3515313
3516396
3517241
3518911
3520901
3530965
3532000
3565190
3573428
3578474
3579256
3580177
3632065
3632705
3633466
3634601
3635881
3642245
3649215
3651097
3651761
3655015
3655635
3656676
3657679
3658133
3658516
3658927
3659651
3660154
3660748
3661823
3682006
3682379
3683283
3690030
3691440
3692148
3694303
3695563
3697243
3698325
3699644
3700313
3701277
3701730
3703052
3707191
3711908
3719162
3720193
3720841
3721798
3722336
3735231
3735530
3736004
3736358
3736744
3737314
3737841
3738787
3739208
3739540
3740291
3745419
3792565
3796231
3821957
3822624
3847990
3849045
3852031
3854184
3860153
3895502
3896104
3899526
3901159
3941999
3942452
3943601
3945250
3971662
3972709
3972959
3973465
3973782
3974128
3974814
3989269
4000611
4003001
4007263
4009692
4011128
4012846
4013321
4013990
4023888
4053988
4069075
4070962
4071588
4083940
4100742
4101172
4101688
4102097
4119872
4120591
4121649
4121964
4122256
4147954
4157212
4184246
4185192
4185574
4198999
4199861
4200946
4202206
4205467
4212512
4273228
4274193
4277825
4300499
4317452
4317976
4321200
4322304
4334647
4336596
4341664
4359038
4363009
4371711
4373784
4377086
4384220
4403218
4404284
4405048
4405831
4406298
4406648
4407186
4416411
4427870
4428371
4429635
4446559
4447129
4517566
4524278
4524799
4525455
4526854
4546302
4547082
4547524
4548333
4549281
4549672
4563820
4564299
4566762
4598387
4603632
4604910
4605405
4629442
4630818
4651548
4652792
4654715
4654990
4655362
4665721
4681738
4689395
4707819
4721631
4728752
4754306
4755137
4756430
4761367
4763541
4764189
4764704
4781343
4783650
4795464
4795861
4796283
4797610
4798562
4799037
4799537
4800030
4800625
4803376
4803708
4803965
4804178
4804414
4804640
4805107
4805678
4805910
4806150
4806408
4807014
4807318
4807738
4808134
4808943
4809542
4811329
4814631
4821502
4826970
4829234
4830070
4830572
4833683
4833977
4834399
4835142
4835756
4838692
4839899
4840888
4841865
4842534
4842926
4843410
4843941
4845701
4846073
4846932
4848578
4852254
4858910
4873611
4875142
4894588
4912110
4920316
4921822
4950064
4950870
4951586
4957173
4965142
4965853
4976438
4981388
4984531
4984942
4987847
4989296
4989781
4991007
4991434
4991980
4995221
5000458
5006616
5017728
5019022
5019703
5049092
5049657
5050105
5059519
5060322
5060792
5061425
5062128
5063232
5068549
5080125
5114898
5140519
5158322
5169327
5169981
5170384
5171899
5182830
5183218
5183623
5184001
5184807
5202794
5204004
5204525
5205898
5206567
5207311
5207755
5208042
5208479
5208863
5210408
5211549
5219335
5220732
5222033
5223505
5238734
5265579
5266192
5266790
5267354
5268732
5269257
5288576
5291380
5330392
5331291
5335063
5338770
5340307
5347687
5415677
5422948
5428179
5428551
5428807
5429637
5430205
5433435
5466894
5484967
5485577
5486397
5487137
5487866
5506121
5509629
5510529
5511452
5512401
5512800
5513666
5514351
5515375
5516881
5519999
5521747
5540592
5547674
5547971
5548294
5548746
5549505
5550126
5552045
5555890
5556340
5562225
5599737
5600222
5603649
5605251
5606090
5609592
5610662
5611445
5612319
5612771
5613010
5613421
5632179
5637761
5638391
5668465
5669063
5681712
5713678
5714725
5715784
5716469
5718592
5719943
5722468
5722970
5726677
5727912
5735196
5736622
5773608
5777058
5777908
5778814
5779581
5782033
5783448
5792133
5793699
5806281
5806756
5807655
5819836
5820656
5821561
5861829
5862910
5909385
5933330
5961428
5961775
5962152
5962618
5963008
5963390
5963818
5964213
5974015
5974530
6002382
6002799
6003434
6008843
6009870
6012668
6042189
6042749
6083107
6091216
6095041
6095711
6096302
6096838
6109034
6112852
6119319
6119811
6123750
6126873
6127633
6128146
6129079
6156580
6158174
6159515
6173000
6173805
6182654
6194657
6219853
6255696
6270600
6307309
6316900
6340195
6340759
6341170
6345902
6346239
6346548
6346974
6364055
6365860
6366879
6367777
6368431
6383360
6390348
6391764
6410394
6411570
6457706
6502035
6502425
6502977
6503685
6504167
6531468
6552676
6553367
6554676
6555763
6563328
6568641
6576987
6578278
6578864
6595420
6595789
6596108
6596436
6596837
6598032
6598866
6603832
6618514
6623356
6630660
6643011
6649964
6685841
6707595
6708513
6709464
6726859
6769018
6770477
6771495
6774041
6787261
6806961
6809210
6822106
6822544
6822911
6823212
6823487
6823840
6834880
6851719
6854484
6856534
6862196
6863053
6863586
6864161
6877051
6878500
6879111
6879487
6879935
6880373
6880782
6887035
6887397
6887806
6888617
6889079
6889529
6890026
6890489
6891655
6942905
6943885
6944599
6950445
6953144
6953514
6954366
6980418
6986157
6987212
6997902
6998915
6999289
6999700
7000020
7001196
7004690
7005504
7009062
7010980
7011540
7012028
7015893
7016296
7016694
7017177
7017638
7018549
7019634
7020690
7030251
7031064
7031661
7032149
7033300
7033817
7034358
7034823
7035468
7036876
7043593
7050908
7058361
7064326
7066028
7067277
7078078
7111185
7113377
7113804
7115452
7118755
7123514
7124436
7125343
7126932
7128026
7128599
7166516
7170150
7174547
7215343
7215791
7237351
7237838
7238807
7251757
7252550
7253993
7255373
7255851
7256535
7256898
7262836
7263550
7264283
7275937
7276392
7276832
7277462
7277866
7300769
7302088
7314503
7316919
7333413
7334344
7335485
7336984
7344637
7353380
7362816
7394921
7426330
7429083
7429629
7431111
7431711
7457828
7458790
7459747
7464070
7464395
7467334
7467948
7473825
7525783
7526307
7526570
7527048
7527438
7527941
7528572
7529214
7529641
7530168
7565378
7583723
7594161
7595033
7595768
7596180
7596723
7599542
7600192
7600821
7602853
7607333
7611038
7622349
7623867
7654243
7656321
7656768
7657172
7657490
7659453
7659888
7663416
7667537
7668844
7669556
7670221
7671345
7671784
7673753
7688980
7689840
7706952
7707745
7708837
7711248
7717347
7739800
7747109
7760124
7772748
7773367
7773738
7774789
7779956
7786466
7790816
7792038
7792472
7814441
7821936
7835977
7836758
7837669
7838271
7838594
7839179
7843283
7854759
7891904
7892300
7895977
7899463
7917734
7918604
7919151
7921191
7921672
7922644
7934806
7956430
7957498
7959056
7963127
7968004
7972758
7973301
7973550
7973798
7974174
7974611
7974991
7975374
7975985
7986770
8005747
8006793
8007469
8009015
8010003
8011332
8015461
8016845
8021337
8022138
8022577
8023038
8023359
8023772
8025898
8027917
8032486
8033048
8033473
8040012
8040889
8044745
8045899
8048520
8059118
8059512
8060062
8060610
8075140
8078503
8078947
8100121
8100965
8102789
8104520
8105208
8106958
8136878
8142166
8142748
8143741
8144114
8144732
8153352
8154118
8166856
8167413
8169177
8187945
8188713
8189218
8189544
8193103
8193852
8195247
8197003
8202386
8203434
8204040
8212723
8217789
8222404
8222971
8223577
8224085
8225576
8228012
8232392
8232811
8233176
8234035
8234927
8243073
8244022
8245846
8246336
8247157
8247534
8250259
8250922
8251698
8252498
8253104
8254222
8256078
8263314
8293481
8294705
8295252
8315840
8327713
8349357
8349822
8351031
8378160
8379180
8379920
8381173
8382143
8383417
8384586
8394401
8398493
8398935
8400232
8420189
8423601
8424492
8424763
8425107
8425449
8426518
8427214
8437637
8438170
8438542
8439973
8446115
8449639
8450851
8452524
8453196
8453833
8454383
8455290
8455931
8457542
8492153
8506005
8555240
8556877
8558514
8559248
8560120
8561274
8563383
8575855
8577163
8579361
8579933
8580413
8580859
8581849
8582512
8583375
8584256
8584674
8585580
8587994
8588442
8589733
8595810
8597231
8600984
8601342
8601640
8602286
8602882
8603412
8604539
8605799
8606750
8608013
8612198
8618012
8620480
8621114
8623873
8629186
8630362
8631872
8635692
8637123
8649302
8650148
8651280
8652709
8655580
8657850
8658863
8659129
8659390
8660100
8660324
8660584
8660954
8661511
8662473
8663126
8664457
8670269
8680495
8681200
8681533
8681808
8682175
8682644
8683087
8683409
8683982
8693151
8696029
8696540
8697068
8697514
8698652
8699869
8704001
8705055
8705418
8706586
8708139
8729461
8731705
8732646
8733238
8734177
8752948
8756358
8760235
8762376
8769495
8770080
8770928
8777016
8781129
8781900
8782669
8783333
8783775
8784829
8785587
8789003
8789741
8792392
8793219
8794157
8794591
8795275
8795981
8801934
8802526
8803285
8804221
8805617
8806207
8812934
8815378
8823243
8824530
8830071
8831095
8832087
8833081
8834226
8838819
8858917
8859938
8880317
8881098
8881771
8882391
8896586
8904671
8905013
8905914
8906228
8906798
8907204
8908673
8909049
8909443
8910870
8925630
8926805
8936797
8955790
8956430
8957121
8967332
9001975
9004463
9005112
9005844
9006634
9007020
9007390
9007964
9011013
9027280
9029354
9030732
9031712
9034976
9035423
9036748
9037784
9038592
9039191
9039923
9045071
9046022
9050927
9060434
9060940
9061615
9062182
9080654
9082382
9083877
9084321
9100211
9113624
9114010
9114919
9116006
9125576
9127031
9130089
9130675
9131920
9133528
9134136
9145796
9154260
9181064
9189213
9190085
9221611
9227638
9228605
9229145
9229804
9231389
9238693
9239011
9239786
9245909
9255437
9256313
9256681
9257040
9257972
9258322
9258735
9259270
9260303
9260695
9261648
9262465
9263777
9264123
9265673
9276603
9278459
9280923
9281729
9284359
9284752
9301030
9301672
9303159
9304337
9304694
9305231
9317279
9323017
9330160
9331579
9332159
9338129
9339103
9339744
9340192
9340519
9340944
9341368
9341743
9342579
9342791
9343076
9343527
9344563
9345871
9346821
9349329
9365795
9368912
9369445
9370222
9381091
9387171
9387794
9393374
9429252
9456769
9474577
9475269
9475665
9476752
9499491
9499969
9500505
9501050
9501597
9515494
9516689
9537381
9538221
9567434
9567899
9569139
9569559
9572933
9592627
9593220
9603491
9604557
9605219
9606373
9606896
9607246
9614554
9625287
9625716
9626831
9627358
9645769
9659301
9685017
9711096
9724347
9729500
9731627
9732603
9733021
9734002
9734727
9735832
9737562
9746485
9747338
9761959
9769985
9771197
9771710
9777443
9785371
9786922
9787656
9789805
9791675
9792504
9793844
9809999
9810509
9811035
9811518
9812473
9814997
9816318
9844154
9844929
9845509
9851070
9852355
9853859
9865728
9868281
9868842
9869611
9870220
9870700
9871271
9871721
9922030
9923854
9924817
9938872
9939266
9939472
9940002
9954262
9954990
10015809
10016487
10016930
10017839
10019530
10020221
10020667
10023206
10024581
10025762
10026568
10027072
10028855
10031694
10042533
10050235
10051361
10056941
10064965
10092510
10102525
10115451
10117867
10118586
10120376
10160379
10160904
10161599
10162677
10164622
10171320
10173879
10188092
10188923
10189348
10189904
10190473
10223227
10226126
10226799
10241947
10261457
10262239
10262791
10264002
10275135
10279069
10280235
10291189
10292482
10295235
10299340
10299710
10300479
10305526
10313866
10314564
10328421
10328979
10359365
10381742
10390787
10397141
10407223
10416907
10447641
10448090
10449079
10484677
10493641
10494534
10496837
10502197
10502670
10502974
10503312
10503657
10504140
10566923
10567905
10568500
10568970
10569981
10570756
10583095
10583707
10588882
10589241
10589781
10596212
10597238
10598806
10608970
10610109
10610308
10611608
10611935
10612628
10613823
10639786
10640952
10661557
10662120
10663350
10664189
10670270
10671056
10671733
10674197
10678203
10682847
10683239
10683836
10684507
10685464
10686147
10687498
10688283
10688854
10690221
10691098
10691511
10691893
10692538
10703299
10746114
10747219
10747691
10748106
10836034
10851580
10853494
10856004
10891636
10893273
10893698
10903286
10944197
10953090
10957501
10969494
10969886
10970347
10971004
10992412
11001588
11003191
11007093
11057026
11057451
11059088
11061721
11063088
11069900
11070277
11071010
11072045
11075182
11086998
11106680
11108213
11120242
11135406
11138106
11138756
11139085
11145844
11149357
11156094
11157024
11157570
11158429
11170443
11171087
11180769
11182362
11201951
11202668
11205110
11205496
11214496
11219417
