3332.191
10116.67
14290.45
14339.81
14781.2
14979.78
15138.95
15937.26
16152.43
16354.96
16784.78
17510.5
17549.52
17587.96
17753.76
20641.8
21592.84
22526.68
22821.18
23531.71
23784.45
24521.08
24999.77
25063.52
27579.32
28312.31
28358.24
29127.41
32823.05
34004.34
36019.43
38834.78
39098.81
39981.08
42958.59
44759.84
45814.92
46422.56
47888.74
48281.32
48291.15
49043.86
52916.58
53830.2
54415.29
54415.96
55301.78
56040.24
57865.82
58702.15
61918.69
62748.66
63321.84
64038.04
65279.43
65901.84
68172.17
69215.13
70030.31
70558.76
71618.83
75093.12
75973
81383.42
81850.28
82164.46
82671.28
83243.04
83800.18
84774.98
85393.83
85888.99
86969.25
87083.21
87186.3
87188.04
88292.69
88313.7
90210.17
90841.7
92137.98
92180
94698.55
96620.97
96956.54
98021.22
99683.68
100653.1
103235.3
104412.7
104642.6
106035.7
106656.3
108118.4
108571.9
109724.6
110293.3
111844.2
113123.2
114063.7
116031.7
118125.2
121533.6
121816.3
121978.6
122458.1
122799.7
125594.2
126575.3
130793.6
131836.2
131959
132034.6
132973.2
133151.9
133602.5
135064.9
137189.2
137416.5
137928
138484.3
141912.3
144482.7
144832.9
147268.6
150272.1
150482.7
151142.4
152759.7
154789.3
157190.2
158169.9
160364.8
160983
164649.9
165560.4
167453
168094.1
171261.3
171545.8
171687.3
174051
174839.1
177354.3
183958.9
183981
184170.5
184379.3
185554.1
185973.1
187607.8
189196.5
189654.2
190778.5
191549.4
193214
197036.6
197353.3
197760.5
200498.7
204596.9
207130.3
207552
210572.3
210845.6
211815.6
213406.2
213449.9
216624.9
217140.8
218163
219343.7
219731.7
220228.3
220985.9
221975.4
221992.5
223465.2
224666.4
224721.3
226227.3
227239.9
228816
228878
229566.6
229872.6
229931.1
231316.4
231847.8
232422
233076
233287.1
234095.8
238656.1
239114.8
239372.9
239435.1
239568.4
240203.5
240656.2
241504.5
242282.9
243357.2
243723.7
245203.2
246012.9
246593.9
247062.8
247699
247700
248352.3
248795.7
248904.1
250136
250283.1
250878.9
252973.9
253402.3
255051
256914.4
257872.9
258627
258735
259938.7
260817.8
262693.1
263131.2
263197.7
263629.3
264251.9
264363
264931
265561.9
266651.3
266651.4
267057.1
268644.7
269086
269145.1
272166
272479.4
273253.8
274689.3
276546.5
276607.5
278067.4
279722.8
279967
280071.1
280719.1
282208.6
282906.4
284022.1
287066
287250.9
288535.6
292082.6
299197.7
302805.5
304895.9
305176.8
307159.6
309378.5
310032.6
313848.8
318095.1
318624.8
322027.8
322835.3
323288.4
326336.9
326942.6
327751.4
330524.5
331374.8
331697.8
332685.8
333497.3
333815.5
333927.5
334433.9
334847
335610.1
337179.2
338485.9
340564.1
343666.5
344610
345990.4
346170.1
349482
350511.7
350918.9
353399.8
356352.9
358679.5
359639.6
360782.7
360841.5
363566
364616.2
365038
366325.2
367712.4
369009.6
371937.5
373096.8
377630
379316.6
379396.3
380488.5
380830.3
381614.3
381813.7
382503.1
382555.3
383581.3
385799.1
386829
387940.6
388330.4
388571.6
390008.5
396056.8
398101.2
398755.4
400270.9
401024.6
401421.6
401772.9
401820.8
401821.6
402756.8
403499.1
404089.5
405174.4
407730
408179.2
408718.5
409677.3
413896.7
414067.9
414555
415260.1
416246.9
417231.5
418685.5
420150
422487.6
429895.4
452125.6
452639.1
452643
452685.2
453945.3
455346.6
460183.1
472464.2
473686.2
474564.6
475067.8
476412.4
477500.6
477850.1
478852.5
480566.6
485073.6
486606.5
487215.2
487772
490609.1
493868.3
494510.5
494643.6
495091.5
495545.3
495601.7
496197.2
496300.6
496712.5
496832.9
497398.1
498639.6
499607.8
500320.1
500492.3
501372.2
505784.5
507068.1
508327.4
512462.8
515343.9
522201.4
523121.2
526478.1
528699
531047.3
534991
536475.6
536978.3
537031.2
537752.6
539313.4
541419.2
541559
542505.5
542688
542959.3
544339.1
545454.4
546119.5
547857.9
547943.4
550447.5
552726.7
554926.8
556576
556644.3
562325.9
562327.2
563371.4
565164.3
571086.7
573314.7
574660
579999.6
582860.4
584535.1
585807.5
589463.4
590113.8
590194.4
591483.9
592116.2
592426.6
592575.7
594419.5
595679.7
595960.7
602201.4
603930
604352.7
605841.6
607370.5
610865.4
612690.2
613289.7
613470.6
614237
614352.9
615595.8
616361.6
618166.7
618797.3
618806.3
619374.2
620200.7
621952.6
623146.7
623623
624685.9
626571
628165.5
628528.6
631184.6
633611.1
633709.2
634141.8
634470.9
635636.6
635868.3
638215.4
638984.5
639660.9
639660.9
640694.3
646070.2
646704.4
646778
647008.9
647595.7
648130.9
650032.9
650084.2
653820.8
654382
655232.6
656610.4
658001.3
658671.8
659462.6
660162.3
660787.9
661179.1
662226.4
663976.4
664747.1
666128
668272.8
669285.3
669653.9
670128.3
670149.3
673720.5
676148.9
676832.4
677017.2
678611
680360.9
681432.5
685454.7
687815.4
691773.7
695301.3
695799.2
700308.3
701505.8
702541.5
702588.2
704868.5
707403.6
708166.6
708177.9
708306.8
709604.9
710877
711464.6
713595.3
714742.7
715776.4
715822
716839.2
717239.1
719484.2
720091.4
722396.5
723098.7
724160.7
724641.5
725634.9
725927.6
728001.7
731705.6
731757.4
732735.9
735783.1
737492
741061.5
741123.2
741129.6
744685.4
745600.2
754063.3
755183
756172.2
756417.6
756742.3
757014.5
757235.5
757600.8
758422.9
758809.4
759295
759718.7
760285.9
760908.3
764298.9
767696.4
770109.7
770698.4
776067.1
777577
777824.1
778063.4
778129.7
781514.2
783334.3
783951.6
784329
784648
784995.9
787201.3
787389.5
787744.7
787783.6
788093.5
788578
788890.4
789194.6
791311.7
792199.4
793753
793808.3
794234.4
794840.5
795669.7
797773
798272.1
800667.1
805917.4
806483.2
806881.4
807232.1
807277
807429.9
808784.8
813942.3
814105.7
814937
816834.1
818931.8
821389.5
821488.8
822093.4
822182.4
824889.8
827231
827274.6
827818.3
828101
828819.5
829060.1
830074.5
830975.4
831063.7
831963.5
831964
833840.7
833941.6
834579.2
835825.3
837587.1
838018.1
841348.7
841475.5
842083.1
842397.5
843847.6
846181.6
849659.3
851884.6
854838.2
855263.6
855628.1
856423.2
859149.7
862979.6
864926.7
865547.1
867508.4
867588.3
868589.4
868602.5
871037.4
872196.9
873807
874080.9
874484.9
874612
875260.3
875618.5
875716.7
877087.7
877565.6
880326.3
901717.3
902474.7
903346.5
903424.9
904725.1
905366.5
905980.2
906184.3
907217.6
908293
909013.7
909801.3
909842.9
911294.3
912413.7
912697.6
913783.4
913830.6
914086.2
919868.5
921363.8
921857.7
922734.9
922796.5
923713.4
924242.6
930522.1
930843.3
935661.7
935677.8
939017.2
939305
939352.1
941877.2
944503.5
944926.1
945280.6
945501.9
949876.3
949965.3
949981.1
950716.7
950987.7
954660
955295.2
959372.2
959753.2
962582.9
964856.4
966265.3
966869.3
966876.4
968151.5
973040
975227.9
975582.5
976157.5
977389.1
978786.2
979617.6
980943.2
981621.7
981622
983296.5
984866.2
992587.5
994743.8
995205.6
995707.7
996276
996880.6
996900.2
997555.2
997810.1
997813
998522.2
999170.8
999435.6
1000216
1002158
1002550
1006231
1007144
1011097
1011467
1020901
1021358
1021643
1022569
1023038
1025138
1025869
1028561
1033084
1033318
1033360
1034241
1034901
1035680
1036502
1037085
1037840
1037924
1040369
1040917
1041219
1042145
1042846
1044423
1049891
1050377
1052494
1057649
1059833
1060399
1062768
1063743
1064616
1065389
1066042
1067871
1069957
1071008
1074121
1074510
1074791
1077003
1080243
1084227
1085787
1085818
1089294
1089384
1090319
1090834
1091008
1092983
1093300
1095784
1096437
1098122
1100607
1101182
1101456
1101519
1104114
1106785
1110717
1112710
1113613
1115582
1115684
1116189
1116789
1117857
1118621
1118933
1122919
1123501
1123722
1123828
1124854
1125565
1125672
1126292
1126308
1128659
1129255
1130109
1135654
1136180
1136444
1137333
1137334
1141828
1145105
1149884
1152860
1153676
1153845
1155277
1157167
1158548
1159854
1161745
1161928
1163283
1166330
1168347
1169867
1175127
1175586
1175796
1176286
1179702
1181511
1183380
1184872
1186060
1186957
1187037
1187862
1188105
1190522
1190767
1193302
1197098
1198704
1200083
1200705
1201453
1204466
1207747
1209370
1209888
1210681
1211745
1214854
1215486
1217027
1217039
1217544
1217804
1218249
1218768
1219933
1222692
1223094
1223961
1224100
1224721
1225571
1229005
1229005
1230885
1233432
1235398
1235439
1235527
1237011
1238762
1240391
1241999
1242698
1245838
1246804
1247272
1251032
1251679
1252826
1254539
1254773
1257615
1262146
1262445
1263130
1263744
1265028
1267750
1270873
1273421
1273734
1275392
1277067
1278404
1279572
1281275
1283888
1283921
1284783
1284839
1286108
1286986
1289703
1289805
1289842
1290690
1291860
1295455
1295951
1297454
1298452
1298726
1299109
1299528
1300896
1301606
1301621
1302177
1302277
1302396
1302463
1302842
1304946
1305908
1306526
1306996
1307609
1307718
1307804
1308610
1308882
1310711
1311352
1312469
1313716
1315585
1320687
1321282
1322307
1322994
1327170
1329542
1350859
1351358
1351796
1351811
1355472
1355762
1356142
1356856
1358619
1358798
1362116
1362446
1367883
1370852
1371619
1373392
1374777
1376056
1376856
1378834
1378874
1379568
1380218
1381090
1382979
1385970
1387542
1387661
1393738
1395458
1395505
1395509
1396713
1397272
1398081
1398304
1399643
1400415
1401726
1402358
1402581
1404184
1404239
1404307
1405204
1407590
1409001
1410922
1413425
1414172
1416121
1418518
1418612
1419118
1422288
1423685
1424752
1429958
1431175
1431896
1432654
1435268
1449600
1451695
1452492
1454466
1454506
1456111
1458264
1458456
1460746
1462135
1464495
1467018
1469602
1470872
1471309
1471913
1472363
1479697
1482268
1487051
1491847
1492592
1493634
1494138
1494594
1495100
1496314
1496337
1496807
1501460
1501522
1502016
1502050
1502054
1502218
1502580
1503177
1504167
1508311
1510047
1511219
1511679
1512053
1512545
1513942
1514321
1514691
1514986
1515116
1515688
1516158
1516559
1517843
1518482
1520411
1521908
1521917
1522089
1522378
1523960
1525241
1526156
1528636
1528898
1530315
1531148
1531900
1534324
1535168
1537023
1538231
1539966
1541130
1541231
1542558
1542767
1543865
1543936
1545591
1545702
1548562
1553845
1558693
1560661
1560970
1561456
1564684
1564693
1568625
1569175
1569516
1570827
1571964
1574033
1574429
1577141
1578723
1579281
1580163
1581627
1583968
1585063
1585123
1585687
1585804
1590917
1591953
1591953
1592601
1592601
1593493
1594117
1600850
1601721
1602122
1603397
1604372
1604825
1605184
1606244
1607238
1607238
1607826
1608972
1609171
1610485
1610507
1610591
1612498
1615391
1623136
1625393
1626693
1632872
1633502
1634132
1634499
1634697
1636243
1639991
1640397
1643142
1643666
1644217
1644743
1645307
1646454
1648526
1648591
1649551
1649552
1650845
1656813
1660851
1661343
1662174
1664583
1664771
1664832
1665355
1668122
1670845
1671149
1671555
1672449
1678663
1680771
1682271
1683709
1685754
1687879
1689744
1690326
1691057
1695117
1695185
1696671
1701193
1701377
1703095
1703352
1704815
1705862
1706666
1706805
1708863
1709705
1712105
1714885
1715749
1722353
1724068
1725421
1726228
1726242
1726788
1728048
1729032
1729636
1729654
1730011
1730486
1731376
1731569
1732308
1733713
1734218
1735146
1737968
1738325
1739179
1739955
1740894
1748191
1748750
1748795
1750532
1750945
1751530
1752333
1752825
1753390
1754801
1755923
1758073
1758221
1758992
1760808
1761433
1761910
1763773
1763825
1770099
1775184
1775239
1775703
1776235
1777233
1777644
1777768
1778388
1779013
1779736
1780212
1780914
1780918
1804696
1805082
1805524
1808043
1808249
1810203
1810563
1810577
1813462
1813799
1817536
1818437
1819782
1824256
1825242
1826171
1829585
1831067
1831075
1831653
1837460
1838268
1840528
1844696
1845055
1845273
1846371
1847532
1848675
1849442
1850572
1852427
1853509
1853943
1854422
1855128
1855131
1856884
1857480
1861671
1864835
1868470
1869720
1875303
1876610
1881067
1881874
1884968
1885371
1887409
1892110
1892825
1899803
1902627
1903120
1904015
1904548
1904951
1905691
1906027
1907394
1910346
1910404
1912561
1914061
1914505
1915026
1916608
1916761
1918473
1918544
1918930
1918932
1920711
1921404
1921699
1922355
1922593
1923289
1923861
1924407
1925079
1926357
1926808
1928781
1932431
1933193
1933808
1933919
1934747
1934751
1936175
1941178
1941385
1941549
1941964
1942537
1942603
1943103
1944221
1944597
1944934
1946287
1946287
1947784
1947785
1949105
1950089
1951242
1951245
1952080
1953375
1958515
1962020
1963080
1964706
1964839
1966065
1967994
1970404
1973029
1975263
1979300
1980639
1981661
1982000
1982418
1983096
1988448
1989555
1990839
1991943
1992056
1993178
1993916
1994280
1996087
1996164
1996164
1997117
1997993
1999203
2000352
2002355
2002439
2003367
2003782
2004914
2005314
2006964
2007663
2008025
2014254
2014307
2014817
2015237
2015662
2016462
2020826
2021010
2021816
2023251
2025535
2032081
2037197
2039386
2043012
2044208
2048532
2049402
2051720
2053334
2054110
2055655
2055810
2056553
2061046
2061696
2063500
2065912
2066414
2068292
2068495
2069680
2071344
2071939
2075682
2075691
2077858
2080166
2080273
2080581
2080844
2080973
2081591
2081640
2082322
2082899
2085673
2086262
2087136
2087508
2087892
2090935
2092010
2093125
2094868
2101781
2102423
2103000
2103211
2104215
2104309
2104489
2104785
2107947
2108835
2114494
2115000
2115580
2116938
2125196
2129133
2130358
2130360
2131590
2132396
2134109
2134665
2141469
2145275
2145802
2148456
2149369
2149509
2149880
2151472
2151699
2153318
2153367
2153526
2154562
2155186
2155239
2156397
2157189
2161101
2161747
2164484
2167225
2168068
2168133
2169056
2169385
2171198
2171764
2173706
2174937
2176080
2187410
2187477
2188090
2188667
2190154
2190379
2190529
2190614
2193427
2193547
2193937
2193948
2194061
2194660
2195064
2195139
2196685
2196717
2197656
2199437
2200054
2201144
2201180
2202952
2203680
2204668
2205975
2206241
2207467
2210500
2213308
2216575
2217829
2219237
2220537
2220961
2221208
2221463
2221514
2224547
2224897
2225923
2226459
2227590
2227775
2228413
2229562
2230100
2231303
2250623
2252953
2253395
2256993
2257983
2258509
2259976
2262990
2263448
2263564
2264307
2266873
2268033
2268556
2268970
2269424
2272182
2273161
2273605
2275369
2277455
2277943
2278068
2278915
2280129
2280131
2281209
2281566
2281775
2282574
2283671
2283938
2283952
2285572
2286380
2287247
2288049
2289393
2290469
2291120
2291170
2291774
2298753
2301248
2302201
2304433
2304487
2304938
2306424
2306466
2308444
2308835
2312342
2313784
2314647
2316206
2317667
2317996
2319416
2319831
2321028
2321276
2321843
2322219
2322741
2322999
2323149
2323425
2323661
2324935
2324947
2327397
2327825
2327827
2327877
2327901
2328341
2328651
2329762
2330931
2330984
2331040
2331298
2331767
2333754
2335359
2337652
2340473
2342327
2342509
2344204
2344366
2345577
2345698
2345825
2346722
2347292
2348378
2348407
2348417
2348577
2349022
2350137
2355098
2355643
2355842
2356245
2356886
2360820
2362498
2363320
2364355
2364863
2365930
2366030
2367129
2367693
2368830
2369037
2369420
2369421
2369475
2369773
2371482
2371518
2372380
2372426
2373291
2373522
2373793
2376765
2377098
2377281
2379745
2381905
2383692
2383828
2384688
2384811
2386314
2389887
2392127
2393641
2397243
2398673
2401845
2402491
2403003
2403150
2403752
2404550
2405463
2406208
2412992
2414443
2414918
2418234
2418923
2420178
2422099
2422318
2425567
2427479
2427678
2427887
2428339
2429015
2430021
2432837
2434164
2435313
2436060
2436794
2436895
2436978
2437629
2438717
2446051
2447778
2450522
2451363
2451458
2451888
2452151
2454845
2456212
2458464
2462021
2462444
2462700
2469596
2469596
2470446
2471618
2471620
2473043
2474578
2478121
2478127
2479265
2480241
2482417
2482421
2483138
2489892
2491097
2493803
2494429
2495374
2497033
2497335
2497352
2497405
2497888
2498438
2499140
2499983
2500060
2501453
2503435
2504260
2505145
2505442
2506111
2506943
2507496
2507845
2509889
2511357
2512150
2512154
2512622
2514424
2517878
2517880
2519139
2519661
2519704
2522327
2522366
2522557
2522938
2523245
2523726
2523972
2525111
2525174
2529909
2529917
2530166
2530747
2533449
2534280
2535673
2535721
2537329
2537845
2538522
2539502
2539627
2539944
2540452
2541430
2541571
2542666
2543833
2546230
2546540
2546804
2548192
2548805
2548846
2550037
2550239
2550346
2550816
2551246
2552627
2553634
2560865
2562226
2562552
2562562
2563313
2564446
2564859
2564953
2564998
2566046
2566341
2566729
2568122
2568461
2568626
2569016
2569117
2569677
2571112
2571186
2573518
2573676
2574967
2576520
2579538
2580701
2581255
2584294
2585393
2585395
2585452
2586290
2586360
2586768
2587338
2587338
2587497
2587907
2588063
2589181
2590739
2591306
2591528
2591537
2593692
2594175
2595606
2596061
2597416
2598832
2599480
2599482
2599923
2600228
2600348
2601734
2604056
2604781
2605569
2607051
2608375
2609442
2611501
2612761
2613127
2614609
2615638
2617554
2617670
2618508
2621848
2625329
2626146
2626368
2626979
2632717
2633116
2633219
2633830
2634146
2635060
2635864
2637906
2638328
2639088
2641094
2641955
2645541
2647541
2647859
2647941
2648731
2649096
2649153
2649596
2651029
2651030
2651161
2653522
2653525
2656936
2658720
2659501
2660886
2661026
2662112
2662260
2663201
2663210
2663830
2664470
2664516
2669311
2669685
2670045
2670537
2670698
2670848
2672734
2673266
2673699
2674872
2675940
2675972
2676141
2676952
2678214
2679189
2679429
2680009
2680060
2680458
2681300
2703691
2704065
2706427
2707649
2708110
2709242
2709911
2711917
2712860
2713651
2715031
2718886
2719376
2723640
2724904
2724949
2725312
2725521
2726322
2728052
2728703
2728763
2730929
2731466
2731655
2733551
2734555
2734899
2735409
2736782
2736904
2739583
2739631
2739639
2740316
2740635
2740655
2741457
2742199
2743897
2744235
2744627
2746376
2746884
2746964
2748103
2748235
2749215
2750119
2750150
2750591
2750784
2751091
2751580
2753099
2757260
2758312
2764353
2764692
2764945
2767352
2767434
2769365
2770116
2771321
2772246
2773648
2774121
2774356
2774893
2777438
2777483
2779671
2781814
2784860
2785410
2787159
2787191
2787270
2795452
2797613
2797834
2798391
2799517
2802026
2802498
2803041
2805903
2807163
2807913
2808810
2811081
2815181
2815344
2815394
2816623
2817182
2817404
2824196
2825008
2826160
2826977
2829316
2830193
2833951
2836493
2837773
2839187
2843675
2843859
2847297
2847636
2850701
2852172
2853935
2854624
2855055
2859950
2860324
2861990
2863417
2866053
2870761
2871987
2871995
2873325
2873337
2874991
2878687
2879497
2879964
2881105
2881492
2882486
2883920
2884091
2884954
2885732
2886567
2887254
2887942
2887950
2888026
2888413
2888916
2889926
2890517
2896225
2898647
2903251
2904932
2904952
2905284
2905537
2905604
2906226
2907267
2907596
2908993
2909200
2909542
2909855
2910203
2910775
2911302
2913132
2913472
2914726
2915834
2916418
2916467
2916597
2917295
2918104
2918356
2919023
2919570
2926954
2927680
2932482
2935161
2937746
2940158
2940279
2941986
2943036
2943416
2943592
2943606
2945459
2945506
2946860
2946996
2947698
2947747
2947772
2948040
2948458
2948913
2950931
2950967
2952053
2953236
2953710
2953801
2954195
2955165
2955668
2955766
2955903
2956804
2956851
2957232
2958076
2958389
2959282
2963307
2963340
2963359
2965326
2966891
2968033
2968899
2970061
2970582
2979964
2983634
2984144
2985272
2987371
2987371
2989792
2990940
2991118
2995869
2999444
3001511
3006074
3009313
3009927
3009947
3010248
3010981
3011144
3011774
3015251
3015318
3016368
3022739
3023975
3027118
3029630
3030787
3030991
3032202
3032836
3032880
3033231
3033811
3033956
3034649
3036506
3036992
3037066
3037132
3037561
3038636
3039351
3043045
3043070
3043217
3044146
3044860
3045525
3046160
3047875
3050457
3051242
3053294
3053685
3054285
3054928
3056610
3057502
3057641
3059208
3060664
3060705
3063605
3066045
3066086
3066164
3066579
3067147
3067872
3067939
3067999
3068634
3069231
3069291
3069963
3073669
3073958
3077710
3078466
3079412
3079414
3080398
3081565
3081791
3082237
3087641
3087753
3088558
3088851
3089618
3091424
3091982
3093256
3097919
3099598
3101614
3103472
3103759
3104512
3104971
3106787
3106943
3108423
3109566
3110681
3111153
3112265
3116508
3116803
3119315
3119685
3120678
3123409
3124564
3125823
3126846
3128729
3130442
3131070
3152040
3154204
3155780
3155944
3156530
3158265
3159727
3160471
3161888
3163722
3164963
3165983
3166922
3167058
3167209
3168226
3169392
3170335
3171258
3171290
3173924
3175419
3176443
3177539
3177546
3177633
3178383
3179420
3179749
3179940
3180208
3180809
3181314
3181897
3182125
3182708
3183058
3183212
3183322
3184064
3184510
3184548
3185991
3186139
3187122
3187897
3188532
3189495
3190179
3191510
3192499
3192821
3193538
3194745
3195551
3196283
3198695
3198754
3198785
3200223
3201650
3203722
3206022
3206734
3206812
3206870
3207350
3210404
3212857
3214929
3215532
3215953
3217031
3218312
3218657
3218688
3219552
3219943
3219966
3221439
3222625
3222878
3223855
3224535
3224768
3224950
3226535
3227334
3228402
3229220
3231837
3233741
3234354
3234980
3235253
3241254
3242740
3242764
3243111
3243213
3244289
3244330
3244787
3246119
3247928
3248854
3249556
3250920
3251967
3252820
3256984
3259013
3259458
3261737
3261838
3262232
3264144
3264738
3264916
3266457
3268634
3268868
3269775
3271080
3271579
3276333
3276380
3277034
3277412
3278066
3278266
3278333
3278684
3279496
3279685
3279837
3280259
3281145
3282623
3284966
3287072
3287992
3289574
3291569
3292450
3293474
3293537
3294184
3294542
3296868
3301411
3302088
3303222
3305826
3307674
3308680
3310089
3311341
3313730
3315890
3316061
3316064
3317285
3317562
3319444
3319502
3320831
3321101
3322234
3322727
3323051
3323709
3326507
3326861
3327635
3328048
3328742
3330701
3332164
3332643
3334535
3335025
3335460
3336828
3336873
3337691
3337874
3341073
3342211
3344040
3345741
3347572
3349450
3351612
3352158
3354087
3355243
3357217
3358596
3360202
3369874
3372022
3373300
3376133
3376776
3381253
3385412
3390970
3392836
3394173
3394645
3395887
3398119
3400250
3400252
3400526
3400972
3401067
3402039
3404345
3404551
3404750
3405113
3405376
3408711
3409028
3413502
3416220
3417220
3417989
3418300
3422223
3422710
3425049
3432900
3433834
3434981
3439354
3440045
3441289
3441813
3445914
3449401
3450930
3451930
3452085
3452718
3453997
3454756
3455378
3458865
3462295
3465322
3465397
3465443
3466178
3467017
3467995
3468135
3469234
3469719
3470852
3472304
3478261
3481014
3482339
3486590
3487247
3488773
3488809
3489283
3490667
3493413
3493425
3497381
3500210
3500727
3500870
3501717
3501723
3505168
3507431
3510807
3511362
3513220
3514445
3517357
3518657
3518660
3519211
3519751
3520056
3520276
3520712
3520756
3521845
3522876
3526368
3528659
3529955
3531931
3532047
3533221
3534634
3535489
3537302
3537304
3538431
3538637
3539489
3542752
3543555
3544618
3544983
3545145
3548400
3549992
3552870
3553489
3553809
3555921
3556433
3556575
3557163
3557181
3560134
3560278
3560993
3561454
3561826
3562698
3563295
3564690
3569987
3571663
3574595
3603346
3603822
3604100
3604108
3610487
3611655
3611897
3612633
3615394
3615443
3615970
3616028
3617005
3617105
3617700
3617700
3618139
3618903
3619406
3621048
3622617
3624250
3625474
3627145
3627192
3627480
3628320
3630211
3631189
3631480
3632746
3632747
3635040
3635674
3636603
3636911
3637295
3638087
3638266
3638396
3638615
3638781
3640679
3640766
3641883
3645266
3646279
3648918
3649736
3649843
3650605
3651460
3653162
3655437
3657506
3658055
3658685
3658956
3660527
3660717
3661272
3661339
3661952
3662000
3662927
3662945
3663676
3663834
3666209
3669979
3670555
3670705
3671848
3672946
3675730
3681461
3681927
3682999
3683732
3684137
3684786
3685043
3687607
3688211
3688694
3688755
3689349
3689388
3689536
3690336
3690338
3690681
3691266
3691432
3692809
3693031
3694575
3695255
3695771
3695982
3696998
3702439
3706426
3706466
3706842
3709382
3709439
3709506
3709560
3710136
3710814
3710952
3711800
3712158
3712160
3712802
3713106
3713561
3714558
3714632
3715721
3716275
3717308
3720198
3723441
3724509
3725290
3726490
3727637
3728796
3732106
3733715
3734221
3736475
3737497
3737644
3737674
3741229
3742189
3742439
3743941
3744146
3744948
3745792
3745989
3747293
3747445
3750102
3750481
3751075
3753599
3754214
3754760
3755968
3757468
3758317
3759707
3760892
3761072
3763940
3766140
3768480
3769592
3769655
3770672
3771114
3772596
3772755
3772929
3773033
3773662
3774669
3775131
3775537
3775551
3775938
3776454
3776493
3777381
3779003
3781612
3786483
3787854
3788608
3788853
3790168
3794484
3802069
3802919
3803810
3803969
3803978
3804072
3805212
3807236
3807359
3807417
3808581
3808651
3811549
3813979
3818020
3818173
3818584
3823025
3825367
3825409
3829246
3832773
3839735
3840425
3841024
3841531
3841805
3842473
3842863
3843312
3843924
3848209
3848991
3849357
3850708
3851375
3851414
3851733
3852819
3854646
3855561
3855894
3858207
3858563
3861239
3863030
3864561
3867928
3870987
3871201
3873104
3875682
3877310
3879060
3879921
3881251
3885319
3888640
3888897
3889464
3889998
3890632
3890924
3891154
3891832
3892195
3893166
3893248
3893550
3894959
3895784
3897689
3898547
3900649
3901143
3901425
3901489
3904916
3904927
3906797
3908334
3910380
3911677
3911685
3913372
3913763
3914254
3914867
3917403
3918686
3920401
3923901
3927111
3927206
3929281
3940690
3945289
3945289
3945788
3945789
3946530
3947096
3947140
3951970
3954163
3954166
3954688
3956002
3957410
3958759
3961956
3962571
3962753
3965334
3966048
3969313
3969565
3969567
3970190
3970874
3971195
3971735
3973850
3977430
3977639
3978229
3978671
3980744
3980753
3981288
3986044
3987512
3988784
3990811
3991715
3991753
3991774
3992376
3993676
3994035
3994267
3995070
3995239
3995293
3995941
3998306
3999807
3999874
4000153
4000240
4001684
4001961
4002834
4005368
4005610
4006319
4006339
4007130
4008374
4008374
4008592
4009867
4009956
4012129
4016367
4016932
4016993
4017054
4017732
4018735
4019393
4020051
4024954
4026907
4050049
4050066
4053175
4053479
4054014
4055452
4055535
4057387
4059377
4059475
4060112
4062158
4062517
4063383
4064187
4064334
4065927
4066954
4067169
4067264
4068020
4068749
4068994
4070247
4071906
4072368
4072695
4076317
4076701
4079603
4081913
4086061
4086906
4087674
4088070
4091898
4094152
4095454
4096663
4097541
4099090
4103653
4103900
4107723
4108415
4110086
4111776
4111841
4113429
4116849
4117628
4118230
4118321
4118815
4121874
4122209
4123367
4124123
4125886
4127880
4128604
4129960
4130068
4131027
4131030
4131485
4134505
4136438
4138166
4139091
4140235
4142475
4143210
4143947
4144087
4144711
4145390
4146691
4146935
4148829
4152867
4153862
4154407
4157012
4157127
4157585
4157589
4157863
4158903
4159665
4167694
4171865
4175413
4175818
4176303
4176313
4177463
4177514
4178754
4179865
4179908
4181314
4181436
4181473
4181957
4182665
4185101
4187030
4187467
4187564
4188757
4189332
4190292
4190329
4193573
4194694
4195589
4196943
4199838
4199867
4199997
4200536
4200547
4201628
4202209
4206930
4207292
4207582
4207635
4207637
4208938
4210930
4212532
4215535
4216268
4216423
4220522
4223106
4224877
4227681
4228763
4228808
4229970
4231169
4232533
4238662
4239279
4239968
4240735
4242171
4243859
4243985
4244957
4245223
4245846
4246446
4249668
4249785
4251577
4251695
4252187
4252859
4254881
4255394
4256822
4259900
4259908
4261320
4262420
4262421
4265441
4265550
4267135
4268415
4269270
4269847
4269847
4270079
4272232
4272943
4273592
4274989
4275647
4276210
4276757
4277104
4278093
4280061
4281913
4281962
4283170
4283565
4283696
4284716
4284773
4289780
4290160
4293086
4295151
4298547
4298828
4298830
4299065
4303487
4304175
4306237
4313905
4313907
4316430
4316754
4321807
4322606
4323412
4323466
4326209
4328089
4328306
4328836
4329849
4330853
4330862
4330960
4331542
4331708
4333240
4333965
4334886
4339718
4344829
4345532
4346384
4348135
4349967
4349971
4353647
4357064
4357692
4359838
4360274
4360540
4365352
4366562
4368333
4368749
4371669
4371949
4372435
4372646
4373039
4373267
4373557
4374028
4374652
4375448
4375590
4376175
4376194
4377093
4381127
4381275
4381769
4385717
4386756
4387621
4391697
4392627
4393104
4395092
4395179
4399198
4402616
4402851
4403313
4404767
4407030
4408218
4408285
4408940
4408987
4410582
4412541
4412998
4415852
4418562
4420477
4425026
4425029
4425689
4427479
4428415
4428733
4430708
4431711
4433289
4434972
4435480
4437206
4438546
4439190
4440473
4441130
4441267
4445330
4453554
4453704
4455670
4455700
4456502
4459236
4462165
4463455
4463920
4464006
4466440
4467437
4470656
4471006
4471624
4471759
4473360
4476453
4477310
4477805
4478187
4478981
4479033
4480291
4950386
4950915
4952575
4953552
4954283
4956971
4957282
4961842
4962477
4968680
4968688
4970662
4971906
4972702
4973828
4974332
4974738
4974828
4975099
4975509
4976097
4976729
4978841
4979774
4982676
4985104
4985618
4987074
4987589
4989131
4989131
4990635
4990904
4991612
4994329
4994611
4995379
4995623
4995645
4995794
4996642
4996923
4997786
4998163
4999810
5000692
5001165
5001215
5002241
5002394
5002848
5004608
5004703
5005740
5005952
5006815
5009088
5009262
5010787
5011884
5012237
5014170
5015201
5015292
5015299
5016627
5016694
5017719
5017982
5021540
5021594
5024076
5024822
5025475
5028513
5028545
5033649
5034769
5035639
5036085
5036406
5036470
5043515
5044063
5045311
5046892
5047347
5049609
5052186
5053059
5054093
5054316
5054500
5054509
5055508
5057312
5058487
5058627
5059782
5064318
5065442
5067228
5070865
5071570
5072545
5072588
5072888
5074917
5076753
5076767
5077482
5078583
5082442
5083446
5084539
5084854
5085635
5086508
5086555
5086610
5087515
5089128
5090854
5092480
5097531
5098620
5098875
5098900
5100458
5101308
5102054
5103340
5106722
5106770
5107690
5108071
5108750
5113269
5116499
5116527
5119804
5121323
5121410
5122595
5122657
5123659
5124068
5126093
5127497
5128462
5130864
5130971
5131660
5132413
5134191
5134841
5135747
5136719
5139927
5141487
5141549
5142545
5142620
5142797
5142833
5142906
5145704
5145706
5146378
5148474
5148917
5149222
5152493
5154571
5155184
5158318
5159322
5159684
5160249
5160973
5161316
5162560
5162695
5167378
5168458
5170085
5170089
5173835
5182576
5184393
5184794
5186371
5187332
5189725
5190187
5191225
5192511
5192551
5193362
5195197
5197255
5197457
5198401
5199838
5201115
5201786
5204866
5205976
5206855
5209130
5210230
5210813
5210814
5210983
5213376
5213795
5214538
5218705
5219126
5223920
5225098
5225371
5227003
5230114
5233147
5234055
5236627
5237573
5239254
5239269
5239995
5239995
5242555
5245336
5247723
5249016
5249366
5249960
5250646
5251633
5252224
5252581
5252761
5254141
5254785
5255288
5259360
5259590
5263296
5263765
5263916
5264072
5264451
5265244
5267584
5269114
5272001
5272097
5272335
5273084
5273491
5275255
5276069
5276223
5276723
5277060
5279615
5280484
5281604
5282083
5285787
5285836
5287024
5287348
5288735
5290859
5292288
5294003
5294021
5294890
5297000
5297051
5297929
5301546
5303664
5307551
5309922
5310625
5313624
5314740
5316830
5323864
5325083
5325133
5325808
5326834
5327048
5327583
5330273
5331189
5333132
5333248
5333870
5333987
5337160
5339784
5340790
5341458
5344175
5345844
5348327
5351044
5358958
5359121
5361816
5361873
5363792
5364355
5372203
5372496
5374106
5376189
5401607
5404105
5405072
5407727
5407801
5409059
5410209
5410259
5411993
5412066
5412733
5413248
5413678
5413937
5414277
5416239
5417014
5418218
5419081
5419218
5419478
5422712
5423889
5424392
5425632
5425741
5426142
5426361
5428432
5429009
5433144
5435198
5436391
5438568
5440398
5440898
5441939
5445667
5447839
5448340
5452096
5454437
5455368
5457518
5460609
5461772
5464827
5471440
5471585
5471664
5475511
5479113
5480457
5480533
5482138
5484156
5484456
5487201
5487515
5487661
5490893
5490953
5491653
5493039
5493767
5497139
5497301
5497351
5500436
5501664
5508221
5509563
5517852
5518180
5519845
5521047
5521074
5526946
5528299
5529204
5531919
5535237
5536395
5537755
5537771
5538824
5539507
5539573
5539823
5540445
5540980
5541902
5544056
5546421
5547163
5548335
5554993
5555852
5556626
5556663
5561268
5562220
5570926
5572506
5573641
5578409
5578451
5579078
5579088
5579684
5579852
5580846
5582027
5582814
5583845
5586318
5587104
5588761
5593275
5596429
5599283
5600845
5604142
5604977
5606586
5607323
5608370
5609853
5610771
5613582
5613939
5614707
5615755
5615758
5618556
5619970
5623084
5626835
5628898
5630454
5631609
5631954
5633868
5642168
5642451
5643052
5644932
5645967
5647142
5650325
5653851
5656320
5660670
5660801
5661121
5661209
5662094
5663215
5664775
5664895
5665351
5665589
5666069
5666826
5667185
5667629
5671527
5672042
5672679
5673740
5675434
5676805
5680576
5685272
5690447
5690967
5692425
5696148
5697092
5697167
5697170
5697471
5698152
5706330
5715784
5720695
5722698
5724035
5725364
5731936
5734213
5736760
5737405
5739233
5739443
5740258
5742718
5745268
5747507
5747650
5751405
5751661
5752907
5756527
5758395
5758814
5759849
5760147
5765212
5765226
5765322
5765646
5766204
5766484
5767580
5768147
5769435
5770581
5772652
5772781
5772862
5773995
5775241
5776008
5776545
5778594
5780688
5781599
5784046
5785145
5791808
5792508
5793696
5793808
5794381
5794811
5796894
5798578
5800621
5801507
5802706
5803783
5803880
5805281
5806776
5806776
5807955
5810185
5811297
5811312
5811351
5811908
5811981
5812371
5812937
5812988
5815086
5815342
5820270
5820271
5826288
5826330
5826710
5827572
5850219
5850822
5851690
5851737
5852596
5853376
5854407
5857523
5857700
5858464
5866210
5867031
5867034
5867964
5869949
5870056
5872248
5872716
5873193
5878050
5880179
5881407
5884859
5887297
5888162
5890060
5892245
5892878
5894440
5894641
5898921
5899923
5900747
5901580
5903448
5903838
5905989
5906456
5908082
5909665
5911381
5914744
5915716
5915797
5916789
5917670
5919998
5924453
5925391
5925557
5925833
5926750
5926973
5927532
5928294
5931212
5931645
5931858
5933029
5933432
5933802
5934434
5935548
5935994
5936321
5937823
5938535
5939408
5940296
5940435
5942197
5942838
5944023
5944093
5945515
5945566
5947272
5948471
5948743
5949360
5949631
5949741
5950638
5952891
5953516
5954064
5957230
5957717
5959072
5962686
5965149
5967473
5970140
5976904
5977965
5980068
5980499
5981022
5985998
5988350
5988598
5992927
5992934
5994478
5999612
6004693
6005168
6007337
6008443
6009167
6009214
6010310
6011567
6012455
6015776
6016706
6020568
6024992
6027652
6029004
6031014
6035541
6036347
6041423
6041462
6043816
6043869
6044835
6045281
6046302
6046771
6046955
6049202
6053027
6053452
6053522
6056920
6057498
6058446
6058633
6060813
6061906
6061939
6064371
6064712
6072299
6074071
6075594
6076042
6076166
6079558
6081849
6084121
6085964
6086228
6086499
6087645
6089718
6089858
6092575
6092663
6092793
6094153
6094440
6094803
6095022
6095031
6095269
6095973
6097900
6098040
6098102
6102148
6103623
6109838
6111117
6112045
6113232
6113980
6114476
6115050
6117566
6119340
6120707
6123284
6123285
6127758
6128267
6129697
6131076
6135460
6136903
6141159
6142369
6142972
6154266
6155607
6157355
6166325
6166454
6166465
6169270
6170286
6171637
6171732
6172529
6172805
6173263
6173782
6173928
6174020
6174485
6175677
6175732
6176281
6177196
6179059
6180444
6183621
6187952
6189600
6189776
6191994
6194974
6196311
6198017
6199650
6200337
6202809
6206570
6208459
6208947
6212321
6212340
6213049
6213265
6217712
6219684
6221510
6222268
6222350
6227396
6228008
6228144
6232432
6235042
6247938
6250270
6253673
6254049
6254339
6255198
6256230
6256787
6257365
6261340
6264834
6267197
6267696
6268985
6269089
6269740
6269979
6274592
6277178
6278357
6278885
6279672
6280161
6301284
6303267
6303934
6304623
6305389
6308064
6308608
6308627
6309825
6310076
6310178
6310630
6311087
6312475
6312859
6313444
6314000
6315011
6316070
6317097
6317508
6317796
6324784
6325898
6326325
6326943
6327599
6331570
6332704
6334455
6335540
6336795
6337664
6338079
6339456
6340524
6340882
6342230
6343665
6346565
6346588
6347293
6348939
6351295
6352461
6352503
6357461
6360757
6361470
6361607
6363067
6366994
6367244
6367531
6368559
6370237
6372716
6375257
6375458
6376804
6377851
6378749
6378773
6379729
6380407
6382559
6389486
6390621
6391916
6393488
6396581
6397506
6401635
6402791
6403794
6404347
6404804
6405534
6409036
6413957
6418798
6423360
6423412
6427170
6427743
6428332
6428537
6428699
6431112
6431814
6431853
6434168
6434698
6437662
6438787
6441362
6443560
6443967
6445345
6445406
6447377
6449349
6452387
6454759
6454916
6454927
6455917
6456719
6457682
6458901
6459089
6459647
6459741
6462996
6463704
6464233
6466063
6467303
6470356
6471306
6471846
6473453
6479415
6481405
6482311
6483905
6486727
6488582
6492909
6493198
6498875
6500172
6501222
6503240
6503474
6504848
6505206
6506752
6507535
6507732
6511905
6512591
6512839
6517173
6518921
6519641
6521187
6521731
6523032
6524370
6525866
6526500
6527635
6528542
6535730
6535737
6540442
6544014
6544763
6544776
6544812
6545641
6551530
6552666
6553035
6553926
6554933
6555389
6558112
6560125
6564894
6567077
6569558
6570124
6572024
6572699
6576001
6577024
6578657
6580156
6580619
6584238
6586469
6589318
6589643
6589886
6590468
6590497
6592887
6593786
6595240
6595437
6595895
6597874
6598470
6599202
6600313
6601621
6601943
6603122
6606166
6607854
6609452
6611787
6612375
6612973
6612986
6616401
6617686
6621877
6624505
6624568
6624693
6625796
6629638
6630032
6631754
6633096
6633700
6636212
6638434
6639088
6639706
6640697
6642401
6642935
6643143
6643455
6645352
6646505
6647387
6647859
6647904
6655060
6655060
6655511
6659670
6669056
6670065
6671360
6671997
6673989
6675232
6676687
6678407
6678745
6679198
6679820
6679821
6680568
6683223
6685869
6686711
6690746
6700478
6704365
6707728
6707783
6709207
6710097
6710271
6710664
6710709
6712078
6712635
6714755
6715803
6716245
6719214
6720461
6721740
6722518
6724892
6727868
6729380
6753841
6753852
6754236
6755347
6757120
6757620
6759152
6759424
6761885
6762370
6762581
6765493
6768340
6768378
6772914
6779820
6781271
6782407
6783609
6788614
6791991
6792620
6800357
6802706
6802861
6804048
6804180
6805179
6805358
6805529
6806029
6807692
6808364
6808715
6808990
6810114
6811021
6812048
6817651
6817709
6819648
6820124
6820661
6820682
6821862
6821915
6824756
6825189
6826945
6827234
6827298
6828546
6829611
6830980
6831153
6831232
6831784
6832659
6833905
6835739
6843569
6844611
6846244
6846662
6847736
6850134
6851839
6860108
6860551
6860561
6863539
6866935
6868819
6869352
6869970
6870698
6870817
6872471
6873657
6873674
6875996
6876075
6876263
6880702
6882722
6884151
6886493
6889002
6889179
6889677
6890601
6893817
6896195
6903435
6906034
6909311
6910135
6910587
6911036
6911044
6912119
6912803
6913260
6916728
6918096
6919461
6921574
6926404
6927531
6931114
6932596
6938651
6939907
6940242
6945588
6946156
6946729
6947002
6949036
6950903
6953625
6953878
6957582
6957856
6958699
6958840
6959081
6959283
6961522
6965276
6967112
6970395
6972360
6974816
6976365
6977111
6984833
6986956
6988677
6989331
6990634
6991567
6995209
6998702
7000045
7002172
7002810
7002921
7003790
7006800
7007221
7007820
7011757
7012833
7013632
7015199
7015451
7015902
7017235
7017946
7018737
7022563
7024402
7026801
7027078
7027274
7027316
7029512
7029603
7031247
7032333
7033453
7034094
7034970
7037316
7039223
7051321
7052043
7054409
7055218
7056519
7064545
7064553
7067141
7068177
7069539
7071113
7072871
7078024
7080152
7084898
7086520
7087617
7087774
7088629
7090681
7091338
7094860
7096813
7102619
7107035
7109551
7111194
7112881
7113652
7113709
7117349
7119624
7119912
7120854
7121156
7121964
7123154
7123280
7126769
7127868
7132859
7137661
7137676
7139764
7144441
7148594
7150135
7150872
7151549
7152291
7153024
7154036
7157159
7158094
7158445
7159114
7160440
7161239
7161998
7166997
7168785
7168891
7171490
7171623
7172295
7173987
7174147
7174170
7175424
7176590
7206621
7206705
7207957
7209343
7213226
7214048
7215115
7217061
7219606
7221655
7222838
7223142
7224725
7226313
7229425
7231375
7231633
7233426
7237870
7237888
7239430
7249836
7250780
7251279
7252552
7252711
7253694
7254022
7255027
7258871
7260337
7261332
7264317
7271422
7271456
7272765
7272771
7273246
7275383
7279969
7282913
7285695
7285995
7287874
7290197
7293410
7293514
7306925
7308584
7311142
7312887
7313203
7315263
7316755
7319098
7319912
7319921
7321754
7322655
7323934
7324326
7324628
7326084
7327022
7329512
7330014
7330014
7332723
7333216
7333891
7339599
7343776
7345537
7346287
7347633
7350086
7351152
7351665
7357227
7361338
7362709
7364198
7367082
7368443
7369788
7370687
7370693
7372660
7373180
7373776
7374361
7374838
7376541
7379413
7381210
7382578
7385443
7386648
7389903
7396996
7397846
7406362
7407781
7409745
7410142
7410391
7411314
7411736
7416017
7417796
7418186
7419488
7420174
7420176
7420492
7420910
7422243
7427817
7430171
7430911
7431040
7432121
7432375
7433349
7434041
7434836
7435116
7437992
7439079
7443019
7443040
7443178
7443923
7444692
7445956
7446153
7446902
7447498
7448330
7448759
7450823
7451089
7451608
7451733
7453831
7453890
7455384
7455448
7456844
7458332
7458895
7459461
7460846
7461631
7467247
7467262
7469655
7471500
7475066
7480651
7480720
7481388
7482838
7485582
7487296
7489506
7491625
7493762
7495532
7499331
7499586
7502766
7503434
7503702
7509332
7509866
7511192
7512123
7512967
7514602
7519021
7519032
7519481
7522922
7523263
7525991
7530587
7531426
7535557
7535939
7536678
7537344
7538961
7539250
7541110
7542753
7542817
7542987
7543603
7544179
7544591
7548530
7549080
7549538
7549894
7550484
7550519
7551229
7551509
7552116
7553595
7555226
7556776
7561687
7562726
7564511
7565321
7565357
7565940
7566546
7569982
7574607
7574937
7575267
7576182
7577646
7580173
7580384
7580579
7580662
7581102
7583657
7584494
7585838
7586496
7588402
7589214
7591132
7592117
7592487
7597358
7598365
7601633
7601983
7602049
7602435
7603105
7605691
7605699
7605832
7607330
7608604
7609525
7609839
7610136
7616433
7616919
7617141
7618871
7619146
7619320
7620031
7622389
7625882
7626983
7628550
7629733
7630811
7651013
7651014
7651782
7652461
7656528
7660827
7667379
7669520
7670469
7672341
7673015
7673216
7673822
7676023
7676025
7676124
7679486
7680121
7680953
7682690
7683370
7684277
7685230
7688045
7689960
7690092
7690980
7693753
7694966
7696732
7697495
7698237
7698828
7699984
7700302
7701864
7702186
7702686
7704142
7704587
7705217
7706042
7706095
7707309
7707837
7709487
7709622
7717317
7718055
7718393
7718445
7719140
7719961
7721288
7724944
7725785
7727444
7728082
7730159
7731423
7733041
7733345
7734917
7736833
7737457
7742749
7747343
7750117
7753043
7754175
7755545
7755698
7768018
7768789
7769353
7769493
7775966
7776711
7778624
7780374
7780782
7781226
7786533
7786759
7789794
7789963
7790877
7792766
7792767
7793028
7793846
7794540
7795269
7799225
7799678
7800545
7800606
7803162
7803246
7804650
7805700
7806707
7807029
7807079
7807101
7807169
7812850
7814246
7814496
7818448
7819717
7821635
7823364
7823401
7825549
7825593
7826444
7826597
7826821
7827331
7829671
7830917
7831164
7832101
7834596
7836212
7836578
7838910
7840580
7840697
7841162
7841520
7844032
7846521
7848550
7849285
7850250
7852065
7852837
7853076
7858453
7861319
7862856
7864490
7866795
7869034
7870119
7872061
7876341
7876548
7877540
7878165
7879772
7881190
7890814
7894854
7899148
7899787
7901147
7902258
7905229
7906869
7910032
7917727
7918526
7921814
7928455
7929938
7931076
7931902
7932472
7941962
7947508
7949727
7953295
7955502
7955505
7957837
7957888
7958887
7963369
7963769
7964722
7965410
7967645
7970018
7970256
7971484
7972753
7973365
7978451
7982942
7984670
7985591
7986547
7988817
7988895
7989659
7991982
7995315
7996318
7998108
7998752
7998840
7999057
8005453
8008952
8009011
8010471
8021315
8022509
8022822
8028860
8034855
8035798
8037213
8037346
8040910
8041637
8041648
8042643
8044129
8044822
8045445
8053476
8056594
8057020
8060191
8061142
8064752
8067076
8068163
8070285
8071135
8071810
8074136
8074782
8077443
8080238
8100439
8102074
8103254
8103804
8104583
8104586
8106557
8107722
8108740
8110646
8111781
8112461
8112987
8113711
8114232
8115719
8116127
8116171
8117028
8117544
8118823
8119463
8121185
8122172
8122498
8123628
8124314
8127459
8127678
8129059
8134150
8136847
8138366
8139791
8140487
8144136
8146391
8146866
8148612
8152965
8155550
8156968
8157008
8162252
8163872
8164499
8165099
8165393
8165689
8165786
8166042
8166857
8167019
8167377
8168363
8169258
8170793
8170802
8171461
8175548
8177912
8178955
8179281
8183279
8184545
8185344
8185818
8186890
8187110
8188352
8189237
8190113
8190173
8190833
8191962
8196214
8198047
8200607
8200724
8202039
8203025
8206929
8208281
8209502
8213577
8213913
8214608
8215077
8219932
8220452
8221373
8223581
8223990
8225124
8226840
8228705
8230014
8230137
8231894
8232935
8233419
8235789
8236333
8236560
8238552
8239085
8240335
8241270
8243862
8244291
8245898
8246520
8247678
8247688
8252812
8254101
8254896
8260545
8260549
8261174
8261967
8262119
8263095
8264518
8265970
8266567
8267397
8268006
8268582
8269997
8270293
8272774
8273990
8274387
8274665
8275600
8278856
8279681
8281227
8281540
8281785
8282404
8282805
8283100
8283311
8283599
8283750
8284096
8285802
8287327
8288912
8290847
8291210
8291409
8291879
8292472
8293369
8294659
8297024
8298031
8299135
8300525
8301203
8302940
8304311
8304510
8305296
8309173
8309516
8310413
8310416
8312482
8313159
8314239
8315866
8315892
8317690
8318409
8318446
8319996
8324645
8328041
8330431
8331018
8331111
8334308
8334853
8335618
8338333
8342291
8344660
8347293
8352013
8352265
8353328
8358655
8359230
8361493
8363322
8364756
8364867
8366837
8369319
8371945
8372281
8373068
8373642
8382861
8385083
8388948
8388989
8389807
8391084
8391847
8392508
8393660
8395929
8399154
8402065
8403590
8405294
8406481
8410384
8410500
8411244
8414486
8415301
8416924
8417343
8418902
8421972
8421973
8423546
8431690
8434465
8442257
8443691
8443723
8444393
8444713
8445942
8447408
8448971
8449911
8451620
8453585
8454081
8457437
8459859
8468438
8474025
8474088
8474465
8474853
8479650
8482309
8482921
8486609
8488759
8489597
8492599
8493045
8494004
8494318
8496426
8496750
8499252
8499471
8500673
8501511
8504071
8504834
8505959
8506322
8510480
8510480
8510554
8511779
8516817
8520033
8522524
8523557
8526740
8528731
8551838
8555648
8556578
8558754
8559238
8559372
8560043
8560045
8562548
8567525
8568638
8572368
8575720
8575763
8576337
8576424
8576980
8577873
8578461
8578729
8578793
8580134
8581242
8581289
8582690
8582972
8585302
8585908
8585911
8588756
8591163
8593418
8597931
8597931
8601623
8603776
8609700
8610265
8610366
8610893
8611598
8615281
8618203
8618606
8621480
8625294
8626756
8627295
8627632
8634129
8636105
8636144
8638433
8640061
8640813
8641116
8642154
8645039
8645734
8649561
8651567
8652352
8656352
8658408
8661619
8662605
8666523
8668580
8672451
8675180
8676720
8678013
8679556
8680165
8680721
8681190
8681483
8682620
8683745
8684992
8686382
8688192
8689748
8689934
8690591
8693390
8693991
8694168
8694315
8694786
8696833
8696939
8697070
8697818
8698825
8699039
8699114
8704069
8706448
8708527
8709129
8709516
8710962
8712039
8712551
8713488
8714810
8717042
8718548
8718921
8720722
8721088
8722323
8723145
8723831
8724275
8724710
8724981
8728919
8735958
8736065
8738635
8739620
8741474
8741674
8742065
8742264
8742916
8744893
8745184
8747197
8747612
8748608
8748956
8749139
8751859
8758284
8763206
8764392
8766433
8768469
8768951
8770189
8775351
8776232
8779307
8780705
8781549
8785986
8787898
8787971
8788795
8789032
8790279
8792403
8795033
8796423
8799923
8800887
8807141
8808633
8809049
8810525
8811658
8813249
8813595
8814868
8816252
8817264
8823640
8823787
8823856
8824489
8826022
8826507
8826676
8829498
8832692
8834197
8835073
8838408
8841502
8842072
8842128
8843718
8845633
8845806
8848887
8851486
8854897
8858834
8859730
8860152
8860399
8860555
8861130
8861518
8862071
8862634
8863654
8864892
8865421
8865427
8866549
8867101
8868807
8869803
8870603
8871196
8871217
8872030
8877396
8877930
8878897
8879191
8879760
8880908
8889299
8892339
8892385
8895521
8896119
8897696
8898008
8901124
8906322
8908405
8909998
8911579
8915571
8915725
8915732
8916575
8917642
8918708
8919409
8922170
8922509
8924072
8924633
8929421
8931483
8935206
8937277
8937356
8940108
8940128
8943479
8943934
8947169
8947670
8948658
8948923
8949918
8954425
8957454
8957663
8958669
8962730
8964336
8965594
8968824
8970103
8972914
8973033
8973192
8974168
8976423
8978647
9458149
9458799
9458841
9462051
9462249
9464525
9465168
9467105
9468936
9469097
9469212
9471363
9472619
9472811
9473405
9474705
9474729
9476755
9476818
9477060
9478937
9480094
9480857
9481628
9483801
9484213
9484845
9487031
9487377
9488284
9488727
9489325
9493188
9494700
9494881
9496133
9496456
9497293
9497436
9497902
9497972
9499347
9500233
9501445
9503657
9504292
9506052
9506990
9507064
9507289
9508540
9509023
9509473
9510740
9512694
9513971
9521154
9528078
9529249
9531428
9531711
9535458
9535469
9537213
9538403
9542287
9543279
9546945
9546961
9548555
9550038
9553843
9556070
9556165
9558915
9559293
9559984
9560146
9563263
9563387
9564534
9565843
9568916
9568939
9572448
9573952
9574066
9575118
9575523
9577137
9577765
9583303
9583649
9586054
9586098
9586405
9587642
9590806
9592641
9593731
9594627
9594837
9595218
9597027
9598142
9598315
9599289
9599292
9602157
9604578
9604653
9604685
9607349
9607677
9607921
9609984
9613633
9615183
9615339
9615788
9618856
9619216
9619596
9620350
9620450
9621591
9622257
9622852
9623421
9624044
9624380
9625404
9626520
9629728
9630286
9631552
9631761
9642015
9644631
9645688
9647604
9649510
9656642
9657040
9660386
9663215
9665398
9665832
9665914
9666262
9667135
9667596
9670524
9676363
9676753
9676924
9678014
9680875
9681545
9683399
9685979
9689583
9690018
9692180
9692544
9694395
9695479
9696955
9697742
9698218
9698613
9699676
9699895
9700903
9702272
9704121
9704752
9705205
9705888
9708052
9708921
9715449
9716076
9723559
9723805
9723852
9724241
9724588
9724696
9727470
9730805
9731107
9731852
9732252
9732782
9734247
9734689
9735923
9736972
9740732
9742176
9747324
9753273
9754659
9755305
9757370
9759389
9763926
9763991
9766876
9766987
9768327
9768443
9768511
9770436
9773111
9773797
9773861
9774065
9774108
9775233
9775733
9776481
9776782
9779371
9779793
9785011
9785798
9786612
9786878
9790293
9791254
9794580
9802460
9802683
9811168
9811225
9811499
9811523
9812021
9812183
9814583
9816277
9817567
9822886
9827190
9827213
9827291
9829980
9829983
9830257
9832522
9834439
9836580
9836785
9836854
9837956
9840111
9840684
9841099
9843577
9845113
9845889
9846541
9847995
9848665
9853035
9854287
9855465
9855466
9859292
9859856
9860671
9865164
9868163
9872185
9873771
9875382
9877626
9879311
9880160
9880464
9880959
9900789
9900961
9902385
9903495
9904374
9906481
9907352
9909993
9911500
9913494
9913970
9915831
9916012
9916020
9916367
9916421
9919079
9920911
9921015
9921767
9922040
9922337
9923841
9924550
9924980
9926472
9927075
9927572
9928748
9929208
9931003
9931915
9936942
9940115
9940123
9941469
9942713
9945166
9946154
9947299
9947332
9949159
9949185
9951175
9952818
9955474
9956551
9960299
9961245
9962993
9963766
9965456
9970218
9971379
9972905
9977052
9978524
9980308
9981046
9981368
9982693
9990231
9993498
9993752
9994039
9994118
9995148
9995792
10000280
10000982
10001329
10001455
10003538
10004449
10004676
10007042
10007136
10007375
10007965
10011356
10012027
10012045
10014124
10014361
10015717
10015872
10016152
10016526
10016887
10019058
10020966
10021912
10022698
10023349
10026646
10027770
10029868
10033535
10034385
10035304
10038392
10039411
10045270
10046655
10047777
10050110
10051935
10053476
10056192
10059531
10059851
10059984
10060289
10060649
10060978
10061776
10062204
10062379
10063913
10064701
10065185
10065884
10066256
10073234
10074853
10075619
10076802
10077462
10077692
10079963
10080572
10081639
10086125
10089129
10090078
10094446
10096250
10100313
10102144
10103222
10104956
10108682
10110270
10110811
10111925
10114830
10118481
10122099
10129355
10129588
10130751
10131213
10132967
10135075
10135147
10136017
10137928
10139699
10141213
10145606
10154168
10154730
10155387
10156986
10157366
10158359
10159977
10160624
10161637
10162469
10163737
10167740
10168598
10169027
10169945
10170511
10172493
10173822
10174018
10174937
10176532
10184670
10184970
10185112
10185504
10185710
10188544
10188899
10189698
10191347
10195986
10196810
10198023
10198640
10198681
10199286
10200968
10202237
10202332
10202912
10203310
10211459
10212834
10213166
10213289
10214264
10217371
10219141
10219931
10220322
10220386
10221079
10221419
10221491
10221509
10221876
10222172
10222368
10222848
10222985
10224853
10229553
10230621
10231955
10233821
10235127
10237370
10237783
10239445
10240492
10241047
10244017
10244022
10244088
10246773
10247373
10248892
10250226
10250257
10250280
10251673
10251690
10251821
10252423
10252595
10253706
10254370
10256034
10257037
10257115
10258563
10259229
10259470
10260280
10261408
10263632
10264239
10264771
10267080
10271344
10272458
10272958
10276074
10277852
10278481
10281202
10281681
10282908
10284792
10285204
10287593
10289202
10290648
10292202
10292574
10292912
10294012
10296023
10296411
10296512
10297636
10298745
10300948
10301090
10302671
10302738
10304900
10309227
10309227
10310738
10310778
10312412
10313429
10314093
10317608
10317664
10318488
10318775
10319270
10320435
10321876
10321877
10323225
10324538
10324638
10325455
10326614
10326881
10328257
10328852
10330245
10330658
10331194
10331388
10353684
10357603
10359013
10360010
10362606
10370904
10374946
10375313
10376476
10377932
10379105
10380270
10380304
10381078
10381983
10383648
10385068
10386543
10387074
10390050
10390872
10391277
10395984
10395985
10398000
10398848
10401219
10401994
10402186
10404447
10404471
10405854
10406051
10406549
10407982
10408147
10410600
10411156
10411535
10411556
10411934
10414572
10415631
10416593
10417688
10418008
10419535
10420495
10420655
10423147
10423529
10424784
10426233
10427544
10428021
10428505
10431970
10432400
10432462
10432529
10433014
10433367
10439353
10439353
10439735
10444103
10446039
10447890
10452717
10452717
10452818
10454654
10456190
10457238
10459493
10462835
10463739
10463944
10464523
10465948
10467625
10467643
10468495
10469192
10469252
10470329
10470767
10470871
10474255
10474534
10474702
10476079
10477223
10477370
10481450
10484439
10484640
10485107
10485163
10487087
10489699
10492268
10492766
10494111
10495867
10496009
10496409
10496417
10497499
10499261
10499304
10499696
10500228
10500541
10503395
10503475
10504061
10504509
10504671
10505806
10506570
10507119
10507313
10507788
10508319
10508730
10509715
10509825
10510332
10510557
10511909
10512436
10514413
10517073
10517645
10519335
10520267
10521830
10522308
10522854
10524532
10525702
10525747
10527163
10527549
10528054
10528974
10529183
10529207
10529673
10530261
10531042
10531257
10531894
10534562
10537089
10538675
10539821
10542042
10543331
10543875
10544963
10547283
10548141
10549545
10550308
10550517
10550998
10551823
10551916
10553384
10553690
10558720
10559431
10560776
10561687
10562523
10562926
10562927
10566712
10567047
10567399
10567865
10567991
10568840
10573051
10574941
10575498
10576017
10576444
10576631
10577044
10577331
10577668
10578013
10578276
10578505
10579509
10579641
10579716
10583618
10584166
10585125
10586324
10586460
10586912
10587221
10592682
10593930
10594384
10594574
10595321
10597123
10597320
10601139
10604481
10604755
10612574
10615836
10616014
10616991
10617791
10619635
10619678
10619777
10620590
10621023
10622201
10622331
10625436
10627135
10628344
10628781
10629488
10635113
10636186
10639480
10639921
10640232
10640891
10641764
10642070
10642297
10643697
10647908
10648615
10650395
10653708
10654659
10657038
10660139
10660979
10661586
10662441
10662648
10662705
10663542
10663572
10663997
10665395
10665741
10666805
10667020
10678185
10682282
10684116
10684635
10688777
10689276
10689642
10692449
10692663
10693109
10694107
10694219
10694411
10696015
10698289
10700460
10700570
10702322
10705770
10706328
10706949
10707030
10707829
10708111
10709131
10712107
10712924
10714411
10714999
10716001
10716448
10717232
10718166
10719187
10719733
10719821
10724561
10724839
10726120
10729505
10732614
10734187
10738002
10738462
10739389
10740355
10741195
10742325
10742537
10743260
10743933
10749005
10749300
10750242
10751417
10756672
10757794
10758108
10759420
10761296
10762996
10764812
10764824
10766809
10766869
10768135
10770445
10772152
10773053
10774239
10774609
10775105
10775386
10781087
10800051
10806724
10807594
10808960
10809480
10813140
10818566
10818687
10819039
10820620
10820679
10823662
10825340
10829023
10830873
10832555
10833335
10838397
10839596
10840658
10842356
10842929
10843046
10844931
10847904
10848288
10848642
10849789
10851272
10853466
10854100
10857751
10859404
10860765
10861009
10861801
10863568
10864347
10864851
10865388
10865944
10866548
10867238
10869862
10872228
10875268
10875785
10876698
10877113
10877884
10877997
10877997
10878731
10878792
10882731
10882976
10883722
10883738
10884632
10885580
10886510
10887119
10887145
10888458
10890149
10890943
10892806
10892888
10894594
10895108
10895373
10896556
10897410
10899207
10901448
10902174
10904553
10906701
10907308
10908022
10909205
10909822
10912174
10913638
10913797
10914703
10914746
10915029
10916212
10916376
10917357
10917664
10918369
10918410
10918774
10919523
10919532
10921718
10923304
10923950
10924891
10925766
10927204
10936648
10936729
10936912
10937651
10939104
10940053
10940373
10946634
10951540
10961121
10963483
10963794
10963971
10964400
10964423
10964898
10966271
10968836
10970024
10971126
10972556
10977992
10978153
10979307
10981025
10981554
10983064
10985475
10989269
10992717
10993038
10994370
10994541
10996220
10998622
10998723
10999496
11000136
11002804
11002813
11003609
11004884
11007767
11008587
11009298
11009453
11009928
11010632
11011678
11017393
11019371
11019429
11019431
11029048
11029476
11030771
11031388
11031783
11033103
11033550
11034434
11034493
11035393
11036306
11036893
11037284
11040414
11044194
11049934
11056025
11060502
11061091
11063076
11063376
11063794
11064206
11071655
11072131
11072661
11076162
11078240
11080459
11081906
11082437
11083285
11083947
11084260
11084436
11084787
11085351
11090498
11091188
11093188
11093646
11094353
11095580
11096453
11099668
11101108
11102143
11102829
11103583
11103837
11106003
11106285
11106627
11108012
11108794
11109974
11110060
11111933
11113613
11114778
11116690
11117090
11118877
11118909
11119346
11119870
11121455
11123271
11123498
11124783
11126148
11128563
11129591
11130260
11135303
11135613
11136482
11137483
11140900
11141104
11142823
11143303
11144881
11146296
11152476
11153667
11153877
11154395
11154449
11155451
11155869
11156347
11156347
11157887
11158057
11158107
11159182
11161926
11163789
11166021
11167037
11167903
11169883
11170450
11174036
11174916
11177586
11184451
11184960
11185182
11186204
11186253
11186254
11187658
11189114
11189354
11190648
11193094
11194604
11194888
11195548
11195667
11196341
11196352
11196604
11196862
11197741
11197910
11199345
11201708
11201830
11201831
11202469
11203216
11203600
11204419
11209468
11210134
11210858
11211393
11212834
11217149
11219063
11219180
11219409
11220803
11221097
11221219
11221245
11222031
11223597
11224743
11225754
11226940
11227316
11228185
11229477
11251908
11252675
11261262
11263563
11264583
11265093
11265318
11266657
11268389
11269125
11269649
11269766
11270292
11270738
11271592
11275814
11277829
11278128
11278507
11282208
11283281
11285633
11288416
11292095
11292245
11292264
11294075
11297551
11302695
11303392
11304854
11305388
11308482
11310387
11311438
11311739
11311741
11314994
11316686
11317888
11323129
11325829
11327353
11330200
11330438
11332597
11337123
11338686
11341130
11342221
11342684
11343065
11346910
11347662
11347950
11349191
11349794
11349839
11350960
11352274
11353331
11355196
11356461
11357072
11357974
11358408
11358667
11358871
11358922
11359373
11360428
11360996
11363640
11363642
11364353
11365681
11367080
11367685
11368803
11371151
11371624
11373053
11374780
11375434
11377326
11380493
11386495
11387606
11388185
11389096
11390900
11392182
11393647
11393746
11394586
11395138
11410565
11410594
11411870
11411883
11412175
11412661
11413327
11413415
11414909
11416624
11420123
11420190
11423838
11424728
11428556
11431028
11431193
11431766
11431777
11432052
11432650
11432761
11432977
11434533
11437489
11438431
11442120
11443734
11444331
11445767
11450955
11451057
11454015
11454837
11456782
11457435
11458387
11458393
11458490
11458673
11461153
11462114
11464272
11465915
11469334
11469710
11469831
11470054
11470882
11470902
11471377
11471462
11471521
11472133
11473145
11474414
11475957
11477251
11478399
11478965
11480435
11480460
11489253
11489909
11492228
11492634
11493757
11496010
11496945
11497749
11498467
11500381
11500915
11503937
11504295
11506822
11514295
11515829
11519408
11519533
11520730
11522101
11522933
11523090
11524075
11524469
11527628
11529529
11530376
11530755
11530997
11532019
11533162
11533170
11533627
11535002
11537525
11541414
11545337
11545393
11545555
11546046
11546277
11546387
11547179
11547916
11548211
11548391
11550025
11550702
11551619
11551799
11552468
11559121
11559678
11560225
11564400
11564708
11565759
11567221
11568486
11573336
11574041
11574693
11575520
11583016
11583844
11583869
11585047
11586123
11586993
11587736
11588294
11589208
11589441
11590098
11592941
11594388
11594569
11594971
11595302
11595616
11596555
11600091
11600509
11600654
11601294
11601394
11604483
11606674
11609116
11611552
11616428
11618324
11620535
11621956
11622887
11624914
11624938
11625616
11626261
11626352
11626430
11626454
11626823
11628308
11629128
11629166
11630041
11630320
11630322
11630355
11630991
11631630
11632044
11633735
11634795
11639060
11640808
11641771
11642579
11643435
11643540
11645116
11645709
11648098
11648368
11648572
11651590
11655913
11656233
11656280
11656597
11657872
11658143
11659486
11663980
11664078
11666237
11668187
11668664
11668877
11669108
11669607
11669659
11671016
11671559
11672020
11672366
11673006
11673294
11673823
11674051
11676124
11676481
11677031
11677147
11677834
11677835
11677954
11680102
11681086
11702429
11702882
11703135
11703449
11705345
11705442
11705473
11705514
11706391
11706572
11707143
11707321
11707820
11708030
11708147
11710360
11710897
11711807
11712296
11712341
11713479
11714157
11714364
11715138
11717303
11718723
11719010
11719831
11722144
11722446
11724669
11726275
11727187
11728097
11729053
11729197
11729635
11731311
11731751
11731956
11733032
11733714
11733850
11746274
11748879
11755561
11756002
11757283
11757334
11757669
11761542
11761856
11762811
11764229
11766883
11768874
11770484
11777707
11778099
11781268
11784095
11789063
11790079
11792446
11793339
11794065
11794548
11794991
11796503
11797151
11800609
11801395
11801448
11805541
11806948
11811272
11812007
11813875
11813895
11814387
11815573
11816953
11820622
11821247
11824550
11825522
11829304
11829630
11830322
11830351
11830888
11831125
11831378
11831916
11832922
11833242
11833530
11834136
11836691
11837026
11837665
11841436
11841937
11844088
11848428
11850452
11850550
11850726
11851879
11852027
11852149
11853464
11853758
11853886
11854167
11854347
11855441
11859156
11862322
11862919
11864838
11865564
11866378
11866539
11867662
11867742
11868319
11868429
11868894
11870565
11872160
11874942
11884551
11885997
11887113
11887325
11887462
11888050
11888443
11888515
11888515
11889313
11890711
11892503
11892877
11894039
11897364
11901802
11909980
11910049
11914300
11916250
11916871
11916882
11920786
11921929
11922081
11922653
11923176
11923185
11923294
11923338
11925643
11926289
11926762
11926876
11927100
11927537
11928298
11934226
11937356
11937419
11937869
11940738
11943714
11945823
11946029
11947291
11947909
11950871
11953571
11956588
11957512
11958077
11958403
11960120
11960162
11961721
11963334
11963761
11964167
11964639
11964980
11965573
11966044
11966599
11969370
11971970
11972602
11973704
11974474
11975247
11975485
11976028
11976325
11977676
11978719
11979488
11979695
11980044
11982114
11982808
11984852
11985722
11991028
11991635
11993027
11994962
11995844
11996986
11997935
11999017
12000632
12002650
12002701
12003363
12003363
12007506
12008199
12008987
12010734
12010827
12012248
12013433
12013446
12013896
12014402
12014954
12015621
12015698
12016280
12016404
12016985
12018443
12018834
12020551
12021919
12022216
12022908
12023051
12023780
12024683
12026769
12026797
12027468
12029649
12030606
12031836
12033972
12035396
12036546
12037930
12038775
12039736
12040024
12041030
12041559
12042314
12042727
12042748
12043890
12045542
12046207
12046804
12047311
12049481
12050779
12052166
12053071
12053983
12054528
12057390
12059377
12060513
12063860
12063889
12065064
12066041
12067008
12069435
12069442
12071917
12074456
12075995
12077052
12078658
12079470
12080791
12084341
12087343
12089703
12090410
12090596
12091766
12092057
12092688
12094695
12099476
12099477
12105167
12105213
12107188
12107653
12110160
12110372
12111034
12120899
12120984
12121873
12122432
12122514
12124265
12124914
12125559
12125993
12126002
12126543
12127082
12127434
12127681
12129599
12150183
12151335
12152846
12153072
12153740
12154391
12154650
12154686
12155042
12155307
12155760
12156321
12159107
12160139
12167115
12168596
12172384
12173610
12174549
12175074
12180162
12181644
12182204
12184710
12188153
12193639
12194227
12194711
12194931
12195344
12195797
12196004
12198043
12198245
12198321
12199263
12200252
12200826
12201987
12202395
12202686
12203251
12205088
12206674
12208445
12209238
12210168
12211129
12212409
12213306
12213919
12214452
12214536
12215250
12215419
12216436
12218475
12218864
12218964
12219148
12221661
12223732
12223788
12224477
12226540
12228373
12229521
12231862
12232195
12232292
12233205
12234005
12234832
12235625
12237222
12237408
12238015
12238068
12238596
12238645
12239554
12240025
12240575
12242794
12243395
12245354
12246781
12247288
12247343
12247344
12249416
12250422
12250496
12250948
12252716
12253248
12258690
12259388
12263366
12263376
12264150
12270722
12271095
12271724
12272610
12274250
12274547
12275148
12275553
12275567
12275870
12275909
12276965
12277030
12277287
12277398
12278712
12278802
12280709
12283269
12283879
12285625
12286419
12289193
12289325
12290201
12291028
12292782
12293755
12294515
12294585
12296069
12296441
12298659
12303673
12303968
12304079
12305226
12305704
12306471
12307062
12307077
12307968
12310316
12312391
12318374
12324414
12326697
12327305
12327406
12329556
12330209
12335950
12336568
12338798
12339258
12339948
12340898
12341117
12341714
12342124
12345646
12346166
12347126
12349486
12349878
12350497
12351659
12352513
12354153
12355946
12357010
12357589
12360189
12361732
12361741
12362483
12363316
12364263
12367890
12369163
12369729
12370150
12370231
12370544
12370701
12371038
12371586
12373350
12373844
12374992
12377285
12381884
12386831
12390282
12393896
12394559
12398843
12399912
12402591
12403159
12403753
12404576
12406923
12407970
12408626
12409327
12410716
12410961
12412226
12412969
12413032
12413946
12414791
12415365
12416710
12418496
12419259
12419437
12419681
12419950
12420600
12421161
12421926
12424877
12427039
12428924
12429743
12430596
12430709
12433583
12434248
12436447
12436633
12439342
12440026
12440499
12441196
12442800
12443431
12443821
12444455
12444966
12445640
12447474
12448887
12449960
12450580
12451014
12452981
12454284
12461657
12461685
12461788
12465268
12466658
12468098
12470623
12471194
12471416
12473360
12473653
12475149
12475149
12476684
12477173
12477245
12477530
12477862
12478032
12478309
12479161
12479367
12479665
12480595
12484576
12489237
12492484
12492598
12493094
12493819
12495488
12497171
12497220
12499500
12500385
12500424
12500801
12501012
12508783
12511840
12513292
12513326
12513693
12514528
12516775
12522778
12523701
12525844
12526051
12528930
12529156
12529320
12529870
12533672
12534226
12534283
12534671
12535002
12535654
12536163
12536288
12536944
12539962
12540122
12540248
12543051
12544415
12544989
12545517
12546193
12549190
12549739
12549773
12550632
12552116
12552179
12554525
12562885
12562907
12562936
12563392
12566794
12567376
12571266
12572238
12572609
12572864
12573331
12573403
12573747
12574037
12574076
12574204
12574648
12574925
12575401
12576181
12576875
12577490
12580754
12580769
12581102
12600075
12600118
12600478
12601446
12601547
12601896
12604599
12604992
12606282
12606988
12609873
12609910
12610990
12614014
12614307
12614743
12615766
12616446
12616490
12617366
12617422
12617986
12618165
12619079
12619950
12626242
12626783
12626900
12627429
12628223
12628832
12631063
12632524
12639052
12640500
12640628
12641157
12641215
12642551
12642898
12643207
12643869
12645102
12646390
12646827
12650099
12651844
12652082
12652083
12655046
12655049
12656304
12657246
12658852
12659130
12659399
12659627
12660579
12661383
12664341
12664598
12665864
12668618
12668656
12669165
12669205
12669368
12670056
12671169
12673744
12679145
12679354
12680003
12680753
12681202
12681281
12681477
12681490
12682571
12683220
12683734
12685014
12685787
12686869
12687992
12688528
12690286
12690666
12691363
12692682
12694144
12694205
12695100
12700479
12702007
12702171
12704777
12705048
12707198
12707244
12708050
12708052
12709716
12710587
12713281
12713903
12714655
12715545
12716462
12717407
12718820
12720225
12722641
12724302
12726365
12727067
12727596
12729198
12729546
12729757
12731590
12733367
12733406
12736472
12738271
12738603
12739456
12740710
12740749
12741873
12741912
12744732
12744822
12746397
12747414
12747539
12747681
12747984
12749629
12752857
12753290
12754345
12755465
12760958
12767674
12768517
12770104
12772370
12772435
12772993
12773356
12773455
12774016
12777989
12780298
12780593
12781142
12781299
12781424
12781822
12782748
12782859
12785392
12786115
12787529
12788569
12789354
12789987
12791253
12791887
12792052
12792411
12793103
12797232
12798449
12798702
12798859
12799074
12800636
12801223
12802099
12802209
12802841
12807235
12807334
12808195
12811076
12811135
12811309
12812342
12813676
12814114
12814393
12816841
12817322
12819674
12820465
12822693
12824784
12825984
12827056
12828727
12828775
12829197
12830850
12835333
12835412
12839617
12840856
12843249
12843423
12843949
12844445
12845846
12846953
12847503
12848090
12848920
12849126
12849482
12850002
12851007
12851915
12853294
12853547
12853871
12855212
12855650
12856096
12857667
12857992
12862718
12862834
12865323
12865746
12865908
12868806
12870784
12872290
12874444
12877765
12882770
12883240
12883459
12884861
12886477
12887041
12892094
12892183
12892192
12892580
12893692
12893780
12894224
12894876
12895874
12898164
12898693
12898702
12899089
12900680
12900700
12902592
12903444
12904148
12905732
12906584
12909385
12910122
12911894
12912481
12912634
12913129
12913342
12913715
12914073
12914467
12914621
12915103
12916559
12917781
12918152
12918758
12921119
12921912
12922322
12922911
12923050
12923499
12924625
12925960
12926304
12927614
12927683
12928460
12929799
12930680
12934165
12935476
12936735
12937530
12939501
12944078
12948657
12949544
12951591
12951757
12951770
12955102
12958244
12958508
12959498
12959875
12960810
12962175
12966458
12967250
12967834
12968539
12968732
12968811
12968999
12969948
12970307
12977866
12978900
12979839
12982305
12984116
12984390
12986637
12992053
12993358
12994992
12995254
12996875
12998705
13001067
13002219
13003215
13003468
13005558
13005999
13006209
13008188
13008403
13008519
13008558
13009545
13010828
13010850
13011151
13011835
13012535
13013690
13017355
13018195
13019564
13020069
13021162
13023019
13023183
13026997
13027842
13028924
13028958
13029747
13029999
13050270
13052971
13053600
13056200
13056875
13056989
13057058
13058730
13059181
13060623
13062212
13063490
13064289
13065979
13067716
13067921
13068597
13071329
13071966
13073979
13074833
13074981
13075602
13076119
13077317
13078639
13078679
13078727
13080535
13082898
13084597
13086080
13086703
13089689
13090019
13090815
13092061
13093122
13093137
13093593
13093756
13094104
13094604
13099239
13100014
13102672
13102735
13102819
13104209
13105973
13106923
13110908
13111830
13112023
13113085
13113649
13114027
13114597
13114627
13115301
13115739
13115782
13116206
13116751
13116989
13117155
13117435
13118347
13118660
13119043
13120332
13120744
13121212
13121987
13122006
13122948
13126466
13126612
13128241
13128321
13130001
13130217
13130903
13131575
13131878
13133167
13135830
13139553
13140315
13140483
13140697
13141253
13143228
13144339
13147823
13148864
13149763
13150134
13150902
13150905
13151318
13155232
13157142
13157171
13158304
13158908
13159906
13162106
13162954
13164690
13164823
13167104
13168997
13169279
13169312
13169715
13169912
13170958
13171201
13171695
13172874
13173025
13174480
13178159
13179887
13180222
13180316
13180477
13181855
13182260
13182318
13182357
13182422
13182775
13183544
13183567
13184194
13184815
13184878
13185590
13185819
13186569
13186613
13186696
13187122
13188249
13188685
13189076
13190625
13195561
13196400
13196539
13197345
13204336
13205139
13205257
13208038
13208204
13209339
13210022
13210576
13211172
13211729
13211970
13212312
13212584
13212816
13215304
13215364
13216462
13216586
13217223
13217318
13221173
13222274
13222334
13222802
13227412
13228215
13228295
13228486
13229225
13230782
13232811
13233678
13234060
13234529
13235625
13236761
13237485
13237871
13238048
13238736
13240366
13241302
13243388
13244672
13244876
13245509
13246809
13248797
13249762
13251112
13252847
13253009
13255774
13259880
13259936
13261229
13261369
13262947
13263159
13263473
13264108
13264194
13269475
13269870
13270224
13271511
13271601
13273679
13276693
13277572
13277745
13278730
13278990
13279353
13279438
13280818
13281563
13282043
13282272
13282770
13283988
13284907
13284911
13285949
13286352
13287501
13287992
13288418
13289158
13289353
13289500
13290702
13291643
13291993
13292029
13293115
13293340
13294033
13294495
13295480
13296103
13296656
13296848
13297303
13297566
13298457
13299399
13299847
13299847
13299972
13299994
13300339
13300561
13301477
13301650
13302758
13303642
13304545
13306325
13306692
13311496
13311897
13314307
13314889
13315187
13321417
13321805
13324010
13325010
13325843
13327684
13329306
13329314
13332612
13334922
13336830
13338241
13338797
13339224
13340688
13341999
13352986
13354816
13355276
13355499
13355991
13356500
13356629
13357529
13358139
13358316
13358317
13359350
13363617
13364445
13365736
13366403
13370953
13371625
13372752
13373220
13373530
13373832
13373962
13374063
13374783
13376075
13376282
13378005
13378724
13381351
13381487
13382927
13383707
13383734
13385876
13386538
13386939
13388343
13388532
13388684
13390268
13391450
13391614
13392920
13395544
13397809
13398234
13398430
13398868
13399304
13400301
13403884
13405475
13406001
13406682
13406961
13411108
13412156
13412426
13415419
13417578
13418308
13418553
13419899
13420525
13420610
13422523
13424337
13425586
13430517
13431273
13435259
13438447
13439085
13439599
13440434
13440538
13441660
13442849
13442914
13443481
13445063
13445323
13446002
13447445
13448309
13449657
13450718
13451937
13452633
13453419
13453813
13453833
13453902
13454753
13459415
13460450
13461165
13463735
13465671
13466488
13467800
13471919
13475388
13477158
13477772
13480779
