6584.564
7581.164
8913.939
10578.75
11084.62
12925.72
26945.56
40871.37
42981.77
63977.68
64317.52
64981.33
69962.87
71210.15
71827.87
72542.65
78388.2
79054.5
85077.86
90772.19
92432.58
93383.49
107453.6
115993.7
116969.5
117454.4
118006.1
118452.2
119167.1
151387.5
156824.5
157532.1
157937
158283.3
158541.7
158758.7
159000.5
159207.1
159459.3
159683.9
159933.1
160524.4
160805.7
161298.1
161652.9
162209.3
166146.4
172759.4
173886.4
175151.3
198261.8
198974.1
200195.6
200602
201129.8
204183.9
204814.1
205492.8
205935.9
206571.1
212256.3
237256.7
238976.4
239840.5
240483.4
240973.5
251730.7
252351.4
253696.4
275409.9
276004.2
277126.5
277588.9
278756.4
279159.8
279554.8
280190.1
281360.1
283834.9
284949.7
288355.3
299055.8
299657.5
300221.2
300817
303957.6
304588
304935.7
305316
305690.3
306210.6
312654.4
314387.5
315178.6
316142.9
322095.9
333348.5
343985.1
346745.2
347373.5
347824.4
348380.4
348857.3
349376.8
350085.2
365576.2
366367.3
367924.4
370251.7
370995.5
371615.8
372535.5
378889.5
379708
380293.1
380709.5
381639.3
383181.4
408053.4
408914
410574.1
413752.9
414254
415678.2
416281.2
417268.2
418295.3
418967.8
419596.2
420368.3
421331.2
457928.5
467288.7
467877.3
470835.4
475392
476534.9
477162.6
477575.2
490974.6
494265.5
495385.3
495871.6
496861.8
497308.4
497862.5
498501.1
500491.2
501057
501423.5
502066.3
502417.4
502786.8
503389.4
503861.7
505755.9
519272.7
519797
520894.1
522417.5
523150.4
523596.5
527663.3
528271.5
533312.4
534131.6
537412.3
537554.2
538540.2
556308.9
556897
557363
557782.6
558384.3
574539.3
575095.8
582284.3
583759.2
587513.9
588756.6
589487.1
591000.7
605383.8
605887.2
606430.6
606716
607120.5
607451.3
607787.3
608332.7
609304.7
610312.5
613270.3
614008.3
614504.2
614808.2
615168.4
615608.2
616152.3
616610.7
616876.3
619126.5
619476.7
619980.5
620652.5
621557.4
643455
644608.7
645389.7
646704
647929.8
650095.9
650562.2
651711.8
657268.2
657989.8
658667.5
659136.3
660464
660989.6
661681.8
662682.1
663773.5
664582.8
665111.8
665820
666519.5
667125.2
667583.3
671746.1
692765.2
705154.1
706666.8
723959
724708.5
734677.8
741448
741918.5
742778.1
743685.2
766321.9
766987.4
767719.5
768838
769765.6
784650.4
786159.3
787001.1
787873.1
793369.9
794392
795098.2
802152.2
802712.3
803811.7
804158
805145.3
816658.8
817256.3
825273
835375.6
839818.5
840961.4
857480.6
858560
858998
859851.1
864592.9
867529.8
868108.3
868507.8
869351.6
878124.4
900246.9
900652.4
901307.1
902745.1
903606.9
904020
904444.6
904924.5
905297.8
907811
908402.8
929662.3
941164.8
942000.7
942708.6
943205.9
943550.4
943729.3
944185.9
956619.3
956777.3
975727
976103.5
976564.4
976880.4
977144.9
977423.6
977734.6
978097.4
978557.9
980134.7
980669.4
981459.6
996193.1
999902.4
1000383
1000796
1001177
1001702
1003164
1006970
1008005
1011084
1023985
1026800
1027130
1027468
1027868
1028754
1032944
1033953
1034589
1036486
1037322
1037930
1038521
1039357
1043093
1043685
1044203
1045970
1056365
1056693
1057045
1057335
1057571
1057884
1058096
1058381
1058638
1058912
1059329
1059645
1060157
1060484
1061034
1061751
1069581
1070287
1070710
1071108
1072239
1107636
1114883
1115447
1116729
1117535
1119186
1121503
1122172
1133378
1133824
1134567
1135128
1135750
1136105
1136900
1137344
1138277
1139067
1140263
1140862
1141606
1143844
1148416
1148806
1149121
1149576
1149997
1150944
1152295
1153283
1157317
1160150
1161067
1167605
1178623
1179162
1179499
1179889
1180356
1180971
1183224
1183682
1184160
1184540
1184884
1185176
1185444
1185786
1186124
1186896
1187768
1188291
1189709
1192644
1193300
1197783
1198779
1199279
1201332
1204445
1207607
1217658
1218298
1218330
1219712
1220348
1221004
1221087
1223365
1226157
1230502
1231696
1232978
1243460
1244344
1244820
1245274
1245645
1246078
1246804
1247270
1248075
1258125
1258587
1259567
1260645
1261227
1288475
1300002
1300952
1310954
1311945
1312515
1313023
1313446
1313859
1314555
1322757
1327623
1328469
1328920
1329395
1330673
1369383
1370016
1370486
1371191
1372548
1373019
1373769
1374997
1375832
1378385
1378763
1379482
1379969
1380404
1380815
1381292
1383972
1384829
1385863
1386544
1386978
1387420
1388215
1388727
1391003
1398177
1398841
1399200
1399554
1399948
1400408
1407590
1408089
1408928
1409639
1410472
1410889
1412698
1413561
1413970
1414455
1415008
1415391
1415847
1427552
1429389
1433663
1447653
1448348
1448824
1449280
1450733
1451358
1451930
1452338
1453091
1454467
1456052
1456881
1457818
1459285
1467960
1468559
1469495
1470233
1471038
1472201
1474235
1483642
1497730
1505542
1506090
1506618
1507037
1507390
1507730
1508040
1508360
1508661
1509015
1509537
1510135
1510883
1511347
1511787
1512586
1518872
1519520
1520807
1521407
1539621
1541759
1546205
1546902
1547893
1558400
1559305
1560016
1576758
1577689
1579567
1592119
1603200
1630833
1631542
1634519
1640260
1640722
1641208
1641768
1642272
1642675
1643163
1652260
1653321
1658104
1658791
1659690
1660631
1661060
1661560
1662543
1664133
1672874
1699946
1700687
1701131
1701637
1702260
1702916
1712015
1715867
1717023
1717444
1717979
1731775
1732627
1733101
1733673
1735698
1737198
1745617
1746330
1747083
1755793
1756257
1757180
1757997
1758725
1763950
1770223
1770695
1771447
1771880
1774279
1774696
1775230
1775761
1780282
1780641
1781287
1800541
1802359
1821764
1822229
1822809
1823237
1824613
1826466
1827466
1828609
1829304
1829995
1830564
1831761
1842761
1845421
1845840
1846352
1846945
1850158
1850859
1851243
1851611
1852057
1852621
1857884
1858658
1861813
1862554
1864961
1869631
1870525
1870912
1871162
1871481
1871871
1872290
1873109
1893099
1893497
1894069
1894601
1895850
1897167
1906394
1906794
1907185
1907588
1907962
1908628
1910160
1916674
1924469
1925183
1926067
1931459
1932152
1934369
1935154
1935711
1936210
1936879
1938107
1948868
1949353
1950043
1950661
1951456
1954578
1956179
1957598
1958036
1958714
1959348
1960050
1960689
1961121
1963941
1965023
1965835
1966427
1966918
1967358
1967867
1968674
1969911
1971109
1972781
1973455
1974160
1975926
1986219
1987380
1988108
1989694
1994342
1996434
1996925
1997334
1997867
1999122
2000460
2021076
2022118
2025009
2026057
2027022
2027982
2028433
2028810
2029292
2037211
2038810
2041459
2042360
2043422
2043951
2044605
2046150
2046827
2047579
2048596
2066192
2067127
2078409
2078957
2082367
2082974
2099926
2100988
2116939
2117866
2118651
2126366
2127206
2128278
2128962
2129388
2129795
2130270
2131018
2133327
2133935
2134367
2134889
2135575
2139532
2140728
2141741
2142870
2143866
2145141
2145849
2146248
2146747
2147150
2147630
2148158
2148954
2149670
2150299
2151057
2162206
2163002
2169762
2173722
2174606
2175808
2176431
2177082
2177738
2183425
2184016
2184741
2185091
2185764
2186772
2187410
2188250
2188744
2189507
2189863
2190673
2209500
2210164
2210798
2211195
2212053
2212866
2213329
2213857
2215438
2216224
2217426
2217972
2218479
2219261
2219787
2220113
2220618
2221661
2263301
2264436
2265188
2266364
2267246
2268105
2269000
2269848
2270623
2272333
2274141
2274940
2276270
2276804
2277875
2278251
2278970
2279873
2280637
2282333
2300854
2303512
2304851
2305811
2308285
2309121
2310695
2312912
2313630
2314364
2315810
2317169
2320913
2321660
2322192
2323427
2324175
2325070
2333679
2334127
2335570
2336328
2348971
2349961
2355378
2356135
2356455
2356953
2357823
2358861
2360939
2361669
2362886
2369900
2370431
2371963
2401255
2401753
2402135
2402519
2402926
2406736
2407295
2407743
2408047
2408379
2409089
2409513
2409947
2410423
2412025
2414927
2419812
2441279
2447608
2448343
2461498
2461957
2462443
2463259
2463935
2464714
2466340
2467096
2467625
2472331
2472883
2473428
2473913
2474394
2474878
2475316
2475823
2476239
2476847
2477585
2498451
2500145
2500892
2519350
2519677
2520435
2521947
2523397
2524000
2526432
2527302
2530116
2530975
2532047
2533532
2534256
2535269
2537238
2538602
2551013
2551551
2552473
2558543
2559348
2561017
2562081
2563605
2564099
2564557
2564879
2565219
2565660
2566106
2578252
2579002
2588887
2589006
2589353
2589675
2590561
2591213
2591745
2592196
2592628
2593420
2594886
2601101
2601603
2602037
2602666
2603162
2603776
2604664
2615397
2615829
2616227
2616779
2617219
2618896
2619779
2620681
2622082
2622713
2623741
2624192
2627693
2657135
2657836
2659011
2660085
2661149
2668826
2669477
2671605
2704959
2705519
2706011
2706747
2707134
2707707
2708972
2734766
2735415
2736349
2736671
2737079
2737591
2737957
2738452
2738836
2740468
2749261
2753034
2755032
2757184
2769685
2770189
2770741
2771250
2776692
2780047
2781873
2788760
2789618
2790173
2790607
2791737
2795878
2796526
2797089
2797566
2797996
2798477
2798805
2799304
2801406
2802156
2803027
2806865
2807738
2810158
2810640
2811201
2811783
2812320
2813123
2828208
2828739
2830451
2843369
2843992
2844498
2856623
2857482
2858033
2858306
2858734
2859039
2859440
2860127
2860736
2861351
2861885
2862207
2862600
2863082
2864544
2869099
2889501
2889982
2890374
2890839
2891290
2891704
2892204
2892707
2893318
2894208
2923897
2924579
2925391
2926017
2926641
2927524
2928483
2960431
2960991
2961418
2961808
2962192
2963071
2964112
2964790
2966291
2967010
2967720
2968356
2968769
2972115
2972878
2973963
2980209
2981216
2981777
2986771
3000287
3001091
3001795
3002338
3003115
3004126
3010461
3011093
3012494
3020623
3021311
3022123
3022654
3023068
3024330
3025812
3029807
3030380
3031615
3032439
3033580
3034139
3034816
3035697
3036415
3042395
3042998
3046201
3047066
3047844
3048488
3049275
3077988
3078654
3079136
3079786
3080123
3080709
3081762
3082547
3083161
3093045
3093588
3094369
3095626
3098646
3099620
3100212
3109912
3112105
3112723
3116284
3116782
3117129
3117617
3118018
3120205
3121004
3123349
3125287
3125768
3126293
3126819
3127543
3128133
3128502
3130232
3131217
3157411
3158391
3159098
3164407
3165086
3166142
3166697
3167405
3168354
3168901
3176645
3177780
3183051
3183685
3185909
3189099
3194277
3218234
3219567
3219937
3220352
3220808
3221275
3221623
3221952
3222376
3223087
3225431
3255411
3256105
3256816
3257218
3257873
3258751
3271736
3272706
3286961
3287688
3288379
3289462
3291443
3292897
3293828
3294540
3295129
3295544
3301915
3304999
3305364
3305834
3306344
3306949
3307690
3308533
3309329
3309942
3310317
3311090
3311582
3317509
3318144
3318585
3318959
3319341
3319738
3320105
3320609
3321610
3336266
3336700
3337264
3337741
3338192
3338676
3344385
3348527
3350260
3353821
3354570
3363333
3363885
3364488
3365124
3366296
3377807
3379765
3380265
3380598
3381092
3381469
3381861
3382313
3382785
3383328
3383809
3384437
3392813
3393547
3398811
3399942
3400991
3417346
3420094
3425282
3426082
3427053
3427575
3429448
3430891
3433194
3444762
3445898
3454180
3454816
3455399
3456156
3456893
3458889
3468350
3468922
3469634
3470367
3471593
3474252
3474941
3486892
3487406
3488137
3489146
3489543
3489960
3490390
3490792
3491183
3492935
3496405
3498070
3499047
3500472
3501352
3504033
3505314
3511380
3526275
3527153
3539663
3540127
3540784
3541160
3541489
3541836
3542175
3542994
3549744
3550311
3551481
3553882
3554332
3617335
3618509
3619925
3622346
3624740
3626565
3627801
3639854
3640428
3641045
3658007
3658854
3669303
3671553
3673793
3674526
3683095
3684226
3707465
3711367
3712672
3713409
3713920
3715063
3716343
3717372
3751505
3754785
3756226
3756785
3757577
3758205
3759138
3759476
3760028
3760593
3760969
3761398
3761864
3763507
3764098
3764953
3766182
3767381
3768033
3768492
3768898
3769346
3769849
3770202
3770764
3771216
3771802
3781230
3782069
3789151
3789931
3801073
3801799
3802664
3803597
3804188
3808577
3811580
3815021
3815591
3822745
3823324
3824071
3837701
3847996
3849634
3865254
3865744
3866105
3866609
3866897
3867352
3868127
3868504
3868842
3869375
3870081
3875267
3875946
3876482
3877022
3888570
3889769
3891508
3892290
3892830
3893636
3895719
3899104
3900630
3908895
3918054
3923257
3926300
3930930
3932376
3933256
3933946
3935364
3936049
3936852
3937557
3937974
3938604
3939006
3940094
3941431
3946178
3946945
3947768
3948441
3948975
3949314
3949699
3950074
3950539
3951303
3951832
3952477
3956409
3959328
3963129
3963692
3964290
3966329
3967411
3968995
3975865
3976293
3976824
3977337
3977900
3978476
3983934
3984936
3985413
3985844
3986186
3986998
3987681
3994015
3997023
3997634
3998163
3998543
3998869
3999297
3999573
3999890
4000260
4000581
4000868
4001372
4006560
4006927
4007311
4007770
4008248
4008723
4009696
4013783
4014349
4018755
4019772
4020571
4024014
4030855
4051492
4052836
4062016
4065030
4065677
4066295
4071277
4082169
4083588
4084262
4084988
4088512
4090987
4091489
4091948
4092318
4095083
4096303
4096990
4097499
4098156
4098586
4106918
4107826
4111694
4114731
4124127
4124887
4125806
4135449
4163749
4186193
4194521
4195070
4195977
4196393
4196788
4197141
4197528
4197905
4198239
4199236
4202340
4202758
4203424
4204066
4204608
4205418
4207888
4208475
4209192
4209683
4210309
4210878
4211357
4212117
4212909
4213779
4214519
4215132
4215558
4220385
4220938
4222289
4224155
4257442
4257830
4258282
4258708
4259133
4259686
4261053
4277706
4278201
4278712
4279474
4280505
4293915
4294913
4295738
4296244
4296619
4297216
4304308
4310034
4349458
4356528
4357032
4375641
4376219
4376797
4377321
4377649
4378147
4378807
4380372
4383450
4387825
4388512
4389174
4390143
4390950
4391899
4392497
4394287
4397394
4398277
4399640
4400237
4400909
4403034
4403950
4405984
4406601
4407189
4407842
4409048
4409529
4410012
4410449
4411189
4411793
4423581
4424002
4424651
4425237
4426641
4444660
4445168
4445909
4446487
4452055
4452770
4453278
4453796
4474063
4476007
4477936
4501500
4501895
4502274
4503161
4503616
4503963
4504379
4504726
4505119
4505474
4505850
4506259
4506725
4510327
4511154
4512323
4512950
4514216
4516942
4517786
4518141
4518771
4519441
4520023
4521640
4522269
4523126
4525214
4525791
4541695
4550943
4552190
4553251
4577958
4580761
4581346
4597321
4604498
4608647
4611535
4612060
4618402
4619962
4620536
4621087
4622434
4636237
4636859
4637406
4638052
4646768
4650195
4651006
4651691
4652294
4653667
4654234
4654745
4655142
4655499
4655863
4656282
4656686
4657043
4657316
4657679
4657967
4659994
4661345
4665508
4666004
4667185
4667616
4668353
4668700
4669056
4669327
4669655
4669917
4670214
4670471
4671065
4672963
4676556
4692622
4693623
4694343
4697937
4699159
4699827
4700490
4701037
4701441
4701848
4702113
4702492
4702985
4703584
4704365
4716306
4717211
4726529
4735263
4740445
4741159
4742069
4760431
4761663
4765514
4766121
4766498
4767554
4768564
4769022
4769447
4769795
4770110
4770412
4770812
4771112
4771481
4771864
4772274
4772639
4773325
4783624
4784617
4790951
4794181
4794909
4820698
4821287
4822356
4822814
4823204
4823525
4823850
4824261
4824610
4824974
4825704
4826087
4826464
4839289
4849069
4849983
4851076
4852401
4853013
4853443
4854546
4855015
4865016
4870005
4877141
4877793
4878254
4878991
4879652
4880670
4882691
4894191
4912940
4918256
4918835
4922936
4923894
4924925
4925398
4925758
4926305
4926912
4927961
4930222
4930692
4931157
4955391
4956002
4961896
4964440
4965045
4983808
4984262
4987574
4992212
4995338
4997068
4999366
5004829
5005650
5007293
5008022
5008374
5008845
5011056
5011995
5029511
5039684
5040476
5041469
5045059
5046935
5047821
5048500
5049528
5050265
5056798
5057218
5057962
5058789
5068295
5068784
5070498
5081671
5083381
5086415
5087813
5093514
5094083
5102768
5103174
5104700
5105888
5106501
5106935
5107635
5107872
5108261
5109023
5109510
5110028
5110712
5111200
5115749
5116570
5117639
5118213
5118877
5119272
5119674
5120013
5120385
5120881
5121655
5142831
5143830
5145104
5146589
5147333
5147992
5148519
5148847
5149158
5149432
5149776
5150282
5150768
5166897
5172784
5173673
5209164
5222648
5223592
5224039
5224446
5224992
5237949
5238665
5239339
5240226
5246404
5247531
5247996
5248721
5252512
5253307
5254453
5258066
5262121
5263168
5263809
5265386
5305336
5310967
5311449
5311852
5312401
5313465
5314297
5315657
5316054
5318311
5319434
5320785
5337604
5338438
5349545
5349905
5350209
5350727
5351233
5351815
5362005
5362837
5363443
5364396
5372440
5373396
5374621
5376911
5380134
5381201
5400636
5401038
5401628
5402158
5406788
5407175
5407611
5408178
5408660
5409659
5410216
5410586
5411132
5411621
5411960
5412651
5413095
5413409
5413868
5424114
5424769
5426188
5427036
5427646
5456461
5456862
5465411
5466075
5467555
5468067
5468816
5469410
5470258
5471323
5480089
5482719
5483133
5483952
5492358
5498160
5498728
5500224
5511797
5525507
5528432
5532343
5533243
5545385
5545880
5547069
5547792
5548340
5548830
5549415
5549767
5550218
5550643
5551179
5551555
5551972
5552967
5553805
5554517
5558934
5559633
5560134
5560781
5561218
5562525
5563145
5563929
5564339
5565053
5566155
5567509
5569081
5569882
5570767
5571488
5594232
5596582
5597213
5637912
5638544
5639188
5639543
5639941
5640282
5640583
5640928
5641426
5642647
5647906
5648440
5649521
5659175
5660350
5661219
5671433
5672764
5678566
5679483
5683465
5685304
5694346
5696138
5697831
5698449
5717850
5720425
5726386
5726934
5727664
5730181
5738033
5739999
5740578
5741020
5741455
5741926
5744474
5748010
5749663
5755008
5756114
5758393
5763386
5782966
5790636
5791036
5791430
5791851
5802243
5803429
5808467
5808918
5814013
5820592
5821060
5821391
5821800
5822346
5822991
5824335
5827123
5850460
5852112
5852666
5857941
5863309
5864022
5864557
5865310
5865794
5866340
5867103
5876873
5900874
5904380
5905316
5906451
5907554
5909449
5914828
5919371
5924764
5925972
5927092
5927449
5927923
5928591
5931264
5954665
5955545
5957907
5959049
5964907
5966032
5978726
5979501
5980760
5982029
5983205
6004826
6005321
6005784
6006059
6006420
6006672
6006990
6007310
6007722
6008193
6008456
6008849
6009594
6009972
6010394
6010767
6011195
6019094
6019643
6020205
6021206
6021843
6038187
6038632
6039401
6044580
6044918
6045540
6046435
6047055
6048013
6055139
6063603
6064451
6078377
6079089
6079716
6087400
6098415
6107824
6110161
6111309
6117619
6118914
6119748
6120940
6121281
6121746
6122219
6122638
6123099
6123458
6123794
6124071
6124375
6125071
6125389
6139811
6140220
6140776
6141622
6142103
6142506
6143023
6143670
6144879
6148202
6148667
6149019
6149484
6149881
6150405
6153423
6156477
6189597
6190135
6190623
6191318
6192004
6193316
6193739
6194830
6196763
6197425
6198577
6201075
6201492
6202002
6202765
6203151
6203577
6204376
6204749
6205132
6205781
6244285
6245461
6246016
6254488
6258826
6259398
6261315
6264357
6265254
6267824
6270359
6271359
6271823
6272177
6272711
6273282
6273718
6274231
6274955
6275834
6276303
6276911
6278021
6279026
6300284
6309862
6312010
6315679
6316227
6317466
6325918
6326350
6326617
6327264
6327601
6327842
6328961
6329330
6329975
6330541
6332039
6332680
6333440
6335235
6336352
6344676
6345271
6351521
6352075
6361479
6362211
6362804
6364441
6365718
6368296
6368782
6369355
6369888
6370436
6381301
6382423
6382860
6383256
6383775
6384311
6384834
6385175
6385554
6386058
6386569
6387392
6390354
6391069
6391668
6392206
6404306
6405101
6405829
6406455
6407077
6408250
6408860
6409899
6410622
6419969
6420865
6421417
6422332
6424660
6427542
6428244
6428787
6429574
6446147
6447599
6447703
6448505
6448979
6449514
6449957
6450413
6450794
6455724
6456231
6456854
6457145
6457549
6457890
6458277
6458617
6459192
6459608
6460241
6468086
6469186
6469805
6471033
6489320
6489917
6490434
6490952
6491589
6492184
6512799
6513947
6514990
6517008
6517701
6518082
6518801
6529698
6530567
6531819
6532411
6533669
6544607
6545312
6545744
6546040
6546415
6546776
6547134
6547632
6548213
6548649
6549027
6549478
6550984
6573717
6580396
6587522
6588365
6589642
6594140
6595780
6600836
6601501
6601880
6602359
6602720
6603244
6603594
6603921
6604523
6605291
6609376
6630542
6632006
6645636
6646310
6652875
6653579
6653954
6654393
6654757
6655214
6655594
6656164
6656729
6657539
6658159
6660127
6660745
6662323
6663120
6705017
6719100
6719609
6721828
6722665
6727333
6728095
6728984
6775613
6794275
6796231
6799498
6800193
6808683
6812944
6814987
6817925
6825041
6827792
6828981
6834263
6837885
6840142
6849877
6851453
6859524
6860275
6861614
6863094
6864133
6864961
6865850
6867193
6869460
6870218
6871922
6874568
6875367
6893123
6894184
6895350
6896412
6905893
6906238
6906533
6906942
6907221
6907802
6908343
6909211
6909923
6910398
6910815
6911470
6912048
6913375
6915841
6916530
6921176
6922082
6923508
6924554
6943783
6946537
6948899
6966552
6967045
6968242
6973987
6974601
6975089
6975721
6976060
6976496
6977121
6977951
6980995
6981659
6983128
6985858
6986282
6986687
6992657
6995225
6996236
7009663
7020689
7032791
7034508
7048983
7050480
7051173
7051652
7052231
7052606
7053063
7054784
7055251
7055624
7056162
7056854
7065799
7066345
7066931
7067708
7068490
7069598
7070698
7084460
7086524
7093484
7093864
7094401
7095357
7096069
7096924
7104274
7105180
7105668
7106314
7106759
7107153
7107552
7108020
7108636
7129609
7138510
7139087
7139615
7140638
7151755
7153579
7158533
7162337
7163675
7164346
7165252
7167358
7168015
7168419
7168839
7169501
7170257
7170934
7171442
7171952
7179432
7180601
7202545
7205272
7205822
7206198
7206627
7214780
7215391
7217965
7219461
7220540
7221006
7221430
7221776
7222229
7223959
7225682
7232435
7233056
7233477
7233806
7234309
7234957
7235393
7235776
7236171
7236739
7237064
7237930
7238668
7239640
7248819
7264571
7266125
7267699
7268274
7268861
7269567
7273808
7276866
7278718
7282703
7283532
7284063
7284844
7285284
7285894
7287960
7290484
7291300
7291800
7292356
7292824
7293426
7299898
7301695
7302321
7302940
7303466
7304067
7305764
7307295
7308439
7324930
7326419
7334386
7334862
7335481
7343842
7344388
7345313
7346803
7350078
7350866
7355725
7356314
7356693
7357080
7357463
7357868
7358226
7358531
7358856
7359219
7359637
7360282
7360713
7362871
7363756
7364550
7365108
7365508
7365874
7366722
7367702
7370138
7393419
7394322
7395610
7399481
7403924
7405293
7407689
7409207
7411644
7412377
7412943
7414276
7414719
7415209
7415574
7416244
7416642
7417104
7419277
7420961
7421475
7422076
7422704
7423414
7423930
7440411
7441045
7441454
7441840
7442282
7442907
7443472
7457727
7458168
7459354
7460421
7461663
7472624
7474057
7475736
7494936
7495385
7496003
7496665
7497289
7498040
7498742
7499454
7501059
7502472
7503331
7503933
7504693
7507841
7511488
7512533
7513254
7514753
7516721
7517666
7518711
7519403
7520780
7522054
7540039
7541370
7541933
7543029
7543769
7549287
7554506
7555187
7555914
7557322
7562926
7566190
7567011
7567547
7567969
7568590
7569305
7569960
7571222
7584382
7585959
7588161
7589549
7590052
7590442
7610034
7610688
7611199
7611609
7612096
7629072
7629755
7630627
7652532
7653346
7654156
7654545
7654904
7655381
7655867
7656181
7657252
7658087
7682875
7702055
7703902
7704381
7704771
7705220
7705555
7721522
7747393
7749656
7761971
7763077
7766826
7776263
7777098
7777601
7778134
7778829
7779575
7780497
7781129
7782176
7784547
7793118
7801012
7801981
7803046
7805655
7806040
7806426
7806723
7807166
7807921
7808255
7808673
7809078
7812938
7813696
7814272
7814781
7815485
7816696
7817926
7819713
7820412
7842318
7846619
7847868
7849449
7850074
7855136
7856201
7857350
7857931
7858824
7859444
7859979
7861048
7865806
7866988
7868685
7869447
7870235
7870894
7872635
7874496
7875779
7879558
7886355
7886914
7887916
7896078
7896605
7897188
7898012
7898446
7898826
7899173
7899699
7900467
7901205
7928907
7929552
7930323
7930765
7931171
7931638
7934488
7935336
7939525
7941123
7942153
7943837
7955955
7956776
7966870
7967327
7967760
7968199
7968966
7969749
7971878
7973906
7976555
7977726
7979757
7980726
7980781
7982739
7989222
7990670
7991638
7992167
7994650
7995105
7996534
7997279
7997928
7999603
8009660
8011700
8012291
8012774
8013575
8014429
8014959
8015983
8028419
8028857
8029175
8029521
8029933
8030250
8030726
8031451
8032144
8033032
8033613
8034669
8035107
8035842
8036963
8040000
8040328
8040697
8041072
8041545
8042268
8046496
8047674
8048187
8048946
8050416
8057735
8058205
8058660
8059119
8059551
8060087
8060920
8078747
8102969
8104265
8104697
8105577
8107038
8110840
8111539
8112303
8112769
8113513
8128308
8129770
8132942
8133338
8133737
8134229
8134925
8135307
8136763
8149705
8159432
8160134
8174401
8193596
8194828
8195808
8196387
8196890
8197424
8197894
8199094
8199914
8200798
8201669
8202106
8202669
8203788
8213888
8215999
8216540
8216986
8217396
8217906
8218320
8218905
8219482
8220087
8224746
8228484
8229344
8229839
8230568
8237136
8240475
8240840
8241259
8242254
8245000
8251977
8253424
8254072
8254972
8255905
8256396
8256956
8257300
8257705
8258120
8258634
8259091
8259593
8259973
8260493
8261338
8261903
8262696
8263374
8264156
8266194
8266890
8267662
8268488
8269946
8300920
8302576
8302969
8304089
8305379
8311367
8321106
8321714
8323358
8329864
8330517
8331101
8331566
8332407
8334500
8341106
8350214
8358265
8358955
8359335
8359762
8360320
8360786
8361134
8361504
8362536
8363655
8367034
8369342
8370305
8371240
8395316
8396499
8398109
8399045
8399913
8401011
8416969
8417362
8417946
8418758
8421207
8422184
8422789
8423275
8423713
8424193
8424841
8425711
8449254
8451149
8452121
8452698
8453215
8455149
8457270
8458578
8459100
8460083
8460636
8461023
8461362
8461828
8462235
8466669
8467327
8477308
8482091
8482819
8483464
8484957
8500175
8501138
8501937
8502521
8503734
8504557
8523286
8524488
8526565
8527191
8527859
8551529
8560643
8561254
8561847
8582855
8590368
8591022
8591508
8592040
8592472
8592949
8593510
8593886
8594397
8594752
8595370
8596489
8600386
8601297
8602029
8602641
8602991
8603431
8604057
8605751
8606582
8607223
8607710
8620918
8621276
8623139
8624068
8624537
8625073
8626191
8626832
8627263
8627701
8628466
8629217
8647136
8663965
8664705
8665384
8697846
8698879
8699482
8700262
8700683
8701511
8702845
8703479
8704106
8704569
8706725
8708021
8716227
8716688
8717385
8718343
8722091
8728266
8746751
8747112
8748011
8749438
8774399
8775236
8783588
8784641
8785633
8786031
8786628
8787031
8794421
8795124
8796382
8802617
8803402
8805450
8813075
8813656
8814260
8814755
8815227
8816087
8816848
8822820
8823393
8848064
8849049
8849394
8849794
8850170
8850514
8851185
8852357
8860315
8864688
8883805
8884468
8885176
8885663
8887121
8889969
8890966
8903300
8903935
8910181
8911872
8912628
8913610
8914594
8915276
8915764
8916179
8917163
8919265
8928876
8929582
8955427
8956282
8970541
8971354
8972154
8973075
8973629
8973958
8974519
8975045
8977715
10352698
10353364
10353885
10354391
10354783
10355218
10355648
10356192
10359474
10359982
10360417
10361467
10362851
10366573
10376817
10377526
10411908
10419808
10421787
10423738
10428605
10429755
10430654
10431563
10432090
10447492
10448125
10448648
10449295
10459267
10459867
10460666
10471727
10472528
10473299
10475716
10476253
10482132
10484115
10484917
10485746
10504860
10505580
10507504
10507852
10508158
10508467
10508742
10508948
10509240
10509612
10510037
10516993
10517549
10518149
10518652
10519215
10519574
10520093
10520570
10521136
10522258
10523702
10537703
10538512
10551651
10578805
10579639
10585672
10586316
10586992
10588137
10607683
10608294
10608942
10609260
10609671
10610211
10618835
10621101
10624077
10624993
10657927
10658930
10659379
10663990
10664460
10664926
10665345
10666038
10670086
10671702
10690285
10695005
10697943
10698948
10703339
10704360
10705464
10707865
10709522
10710194
10710701
10711204
10711939
10712730
10715524
10716120
10729552
10730038
10730914
10731572
10732350
10732862
10733256
10733656
10734260
10741600
10755768
10756322
10756812
10757401
10764288
10772822
10808588
10809416
10810217
10815537
10816110
10816428
10816866
10817262
10817812
10818559
10820415
10821981
10849759
10854029
10854649
10855318
10855962
10856752
10857185
10857550
10857891
10858359
10858782
10859290
10863161
10863863
10864413
10864871
10865350
10866102
10866780
10867447
10868281
10881513
10882391
10883042
10883410
10883958
10884498
10888550
10897424
10897885
10898962
10900314
10916978
10926896
10936869
10937826
10940719
10941202
10941611
10942167
10942789
10943488
10944962
10945570
10946015
10946439
10946859
10947295
10948042
10948576
10949049
10949519
10956934
10957384
10957749
10958121
10958514
10959217
10959730
10960686
10961428
10962351
10962856
10963251
10963655
10964085
10964627
10965407
10965821
10966400
10966965
10967623
10968824
11018067
11018671
11019965
11021668
11037463
11038766
11039578
11040120
11040876
11041352
11041985
11042724
11043530
11044089
11044490
11045218
11054015
11074939
11075384
11076170
11082571
11083171
11083614
11083895
11084282
11084641
11084970
11085328
11085713
11086723
11103854
11104512
11108510
11129151
11129674
11130482
11130890
11131214
11131571
11132339
11154895
11155646
11159147
11163146
11165189
11165778
11166587
11168063
11169447
11170053
11172071
11194665
11195527
11197819
11199092
11200378
11219366
11220023
11220619
11221484
11227103
11252951
11256860
11257396
11257818
11258167
11258839
11260092
11277092
11280438
11288097
11297957
11300279
11300696
11301063
11301461
11301936
11302562
11303241
11328651
11332401
11338498
11339039
11339406
11339855
11340263
11340917
11342548
11350865
11365831
11366592
11369492
11370558
11371270
11371763
11373736
11374995
11408353
11408737
11409026
11409380
11409739
11410199
11410478
11410803
11411211
11411827
11412225
11412752
11413161
11413534
11413886
11414207
11415097
11415659
11416174
11417471
11418383
11419206
11449459
11450406
11452912
11454303
11455160
11455781
11456151
11456561
11457631
11458686
11460294
11491545
11492320
11499288
11500033
11500572
11501175
11501935
11504983
11515294
11516449
11517264
11517693
11518072
11518427
11519546
11520212
11522230
11523155
11523661
11524277
11526112
11542648
11543159
11547751
11548140
11548588
11548820
11549194
11550964
11555921
11601066
11609743
11610613
11611176
11611753
11612659
11621119
11621863
11622474
11623505
11626203
11631274
11634500
11635648
11636388
11636858
11637433
11638636
11639145
11640891
11641757
11645444
11645986
11646484
11646945
11647599
11648085
11648549
11649489
11708254
11708754
11709340
11710197
11723585
11724193
11724779
11725838
11727711
11728235
11728709
11729550
11731490
11739038
11740024
11751255
11757648
11765437
11766642
11787588
11788256
11796824
11797589
11798393
11798699
11798979
11799377
11799731
11800089
11800542
11800968
11823689
11825090
11825782
11826757
11831390
11832229
11832849
11833293
11833679
11834041
11834437
11835280
11851284
11852679
11853375
11854066
11856177
11856718
11857074
11857607
11858361
11859019
11859729
11866077
11867203
11868107
11868963
11869430
11870750
11871368
11872421
11900951
11905180
11906909
11907346
11929986
11930547
11931170
11931620
11932097
11949210
11949951
11950382
11950735
11951311
11951770
11952284
11953798
11973252
11975192
11975953
11976391
11976874
11977315
11978093
11978637
11979159
11979835
11983903
11985586
11998635
12011238
12012013
12013518
12014029
12015568
12017183
12018070
12018655
12019343
12019802
12020512
12021482
12022195
12022805
12024188
12025281
12036253
12037474
12040197
12066008
12066638
12068007
12068504
12069073
12073698
12074224
12078613
12079260
12079586
12080033
12080832
12081482
12082815
12092263
12092819
12093355
12093890
12094191
12094551
12095409
12097720
12098538
12099078
12099560
12100003
12112233
12123742
12172101
12187929
12188464
12188855
12189954
12194246
12203560
12214864
12215328
12215791
12216101
12216563
12217689
12219162
12221936
12222334
12222748
12223149
12223483
12223802
12224158
12224678
12249764
12250273
12251672
12252591
12255496
12255999
12256964
12259165
12260269
12261439
12261986
12264220
12265852
12266259
12266619
12267177
12267970
12269000
12270054
12281055
12281896
12285793
12289363
12290004
12291314
12292165
12292836
12293256
12293762
12294353
12296025
12297446
12297957
12298453
12299358
12308353
12308946
12309595
12310041
12310693
12311288
12311929
12312936
12313343
12313709
12314908
12315450
12317078
12318438
12319214
12320090
12357964
12358617
12359471
12381670
12382002
12382449
12382733
12383080
12383439
12383821
12384351
12384724
12387887
12391791
12392211
12392633
12393381
12393953
12394567
12395668
12410168
12410765
12413176
12433284
12433735
12434268
12434654
12435046
12435672
12436121
12436620
12437317
12438113
12438458
12440768
12441388
12441769
12442257
12442661
12474290
12478523
12480321
12497798
12498297
12498768
12499263
12499630
12500126
12501353
12502393
12506855
12507402
12507931
12508476
12508889
12509731
12510501
12528900
12529676
12530378
12530951
12531403
12532102
12533410
12534114
12534715
12535365
12536142
12550317
12574131
12600434
12600861
12601253
12601580
12602135
12605347
12605725
12606041
12606572
12608264
12621736
12622228
12622794
12633814
12634607
12635541
12636205
12636811
12637217
12637641
12638504
12650924
12654158
12655383
12656575
12657063
12657830
12658423
12659081
12671235
12674674
12675152
12675792
12676643
12677844
12678450
12679293
12686901
12719220
12719771
12722133
12722940
12724734
12725228
12725778
12726439
12727759
12728790
12729363
12731058
12732566
12733918
12742360
12744054
12744875
12755890
12756205
12756528
12756915
12757211
12757579
12757874
12758737
12759384
12760330
12761056
12761653
12762280
12764127
12765244
12766415
12768380
12769086
12769752
12770392
12770858
12771304
12771912
12792664
12822656
12823939
12825385
12826431
12827029
12827946
12833888
12834602
12835070
12835735
12836692
12852466
12853291
12855348
12866776
12868727
12869508
12870078
12870520
12871551
12873593
12881522
12889983
12890640
12891167
12891656
12892002
12892487
12893029
12893572
12894100
12894708
12895152
12895449
12895799
12896657
12898596
12899212
12899623
12900030
12900374
12900877
12901436
12905865
12906908
12907805
12911993
12912851
12913479
12913969
12914873
12923672
12924427
12925164
12925638
12926199
12926590
12927042
12927386
12927875
12928318
12928702
12929040
12929510
12930353
12931263
12934853
12935526
12942241
12947031
12955505
12956312
12957611
12958714
12961142
12962307
12963934
12966455
12967170
12967760
12968757
12969782
12970558
12976871
12978142
12979607
12982467
12984122
12985914
12987069
12987929
12988886
12989457
12990007
12991935
12993628
12996006
12996814
13011499
13012118
13012545
13013110
13014571
13020616
13021146
13021581
13022102
13022613
13026122
13029217
13029950
13030469
13031411
13050444
13052143
13052709
13053143
13053559
13054320
13054763
13055463
13072802
13073493
13074715
13076554
13086642
13087768
13109856
13110490
13125474
13125858
13126268
13126674
13127006
13127433
13127866
13128280
13128955
13132745
13140244
13141040
13141723
13144686
13145828
13146430
13147002
13147455
13148125
13152072
13152553
13153233
13153796
13154582
13155054
13155390
13156093
13156884
13157719
13158071
13158464
13158839
13159311
13159687
13160021
13160341
13160733
13161270
13161770
13162309
13162839
13189079
13189738
13190109
13190402
13190686
13190995
13191293
13191825
13192265
13192739
13193609
13205884
13206534
13207119
13208308
13210153
13210671
13211181
13211558
13212158
13212652
13216127
13216873
13220383
13242314
13243069
13248584
13249473
13262482
13264501
13267464
13267767
13268159
13269333
13277919
13278748
13281201
13285121
13285768
13286172
13286788
13288472
13291668
13292310
13310943
13311517
13313017
13313584
13314457
13317400
13317940
13318306
13318717
13319117
13319523
13319864
13320312
13320829
13321573
13324541
13325630
13332594
13333402
13345234
13345889
13346229
13346606
13347006
13347600
13348492
13348905
13349787
13355031
13355709
13356224
13367235
13367541
13367800
13368081
13368316
13368565
13368848
13369254
13369653
13370155
13370880
13373364
13373822
13374523
13375065
13376134
13376956
13399095
13400029
13400463
13400904
13402196
13407698
13408359
13409691
13410081
13411090
13412365
13418595
13419356
13419846
13424159
13425091
13425547
13426097
13426814
13427298
13431108
13435484
13436231
13436881
13437337
13437880
13438775
13445857
13446610
13472021
13473276
13473935
