25895.42
29833.24
30315.9
31111.48
31592.19
32225.5
33508.58
35688.71
52652.6
120275.7
122785.9
132324.9
135570.2
136534.8
209487.1
252295.1
252941.4
253603.7
257533.8
258545.5
263326.3
264409.6
266268.2
267438.3
268727.8
270149
272496.6
275548.7
305472
308556.9
338164.8
339921.6
340824
341798.3
343033.4
344492.2
345103.7
345691.8
347372.3
364068.6
365469.2
404500.4
456128.7
493377.6
534300
549527.4
552434.8
553131.5
629920.3
630740.2
631610.9
632749.6
637894.8
639596.3
653916.9
657150.9
659993.1
662025.3
665349.8
667355.1
668097.6
668877.5
669501.8
672053.9
673535.5
678935
682382.2
691409.9
692370.8
693761.1
694672.3
704012.1
704858.7
722785.6
730877.5
746058.9
801737.9
803383.1
803876.6
804426.1
805197.7
807562.5
813425.1
815219
835387.2
836980.7
838020.2
845151.1
847102.5
851489.4
864470.7
906096.1
907431.1
908618.1
910000.2
916662
919858.2
935635.7
941751.5
942604.5
954694.1
955421.3
957423.4
980126.2
984326.4
1034721
1047494
1048621
1062298
1066594
1067233
1072150
1100789
1102474
1105603
1107283
1109305
1110063
1115139
1118696
1121722
1191432
1207698
1213996
1228070
1229689
1231231
1243230
1262988
1274705
1285784
1286394
1357442
1367163
1403901
1406417
1407462
1481530
1487069
1488677
1493701
1495100
1501914
1513095
1513874
1561393
1562164
1562770
1563517
1596043
1598055
1599516
1601554
1604668
1629927
1630844
1632509
1634333
1637692
1638793
1683928
1705695
1718156
1766437
1803528
1857366
1859009
1860838
1861406
1914532
1915676
1981761
2061408
2101602
2105829
2155690
2156961
2158033
2160055
2215278
2216846
2219059
2219602
2220368
2221402
2231084
2253637
2266172
2291804
2363467
2368381
2376816
2425628
2437811
2447465
2458552
2482420
2484113
2486250
2558426
2559508
2632778
2652332
2676252
2719856
2745163
2747785
2749460
2762342
2778105
2859378
2893676
2894749
2911813
2940036
3019994
3020890
3021619
3035195
3056399
3090354
3097011
3150158
3150805
3152515
3156534
3181330
3212293
3216592
3218342
3302436
3318908
3319557
3320427
3325145
3331568
3389477
3397749
3399767
3418316
3438746
3466570
3486446
3514510
3526268
3557667
3630893
3631827
3642708
3643476
3644996
3665535
3669837
3710801
3739463
3754302
3770914
3771584
3772020
3772551
3773157
3774067
3775396
3776573
3789286
3792141
3802956
3831087
3835635
3842109
3849644
3850817
3858542
3859625
3860245
3861063
3865170
3887103
3888410
3889264
3890483
3892079
3919451
3930562
3936774
3937829
3950643
3952506
3953366
3954611
3955147
3956973
4017329
4029329
4030267
4053142
4054064
4126529
4127674
4128294
4128842
4129845
4130612
4131654
4138182
4144301
4145612
4146374
4163937
4212747
4236881
4238880
4244500
4245856
4251321
4307457
4318683
4319480
4331665
4348475
4356317
4373307
4385358
4386400
4387068
4388291
4425567
4436866
4437575
4438644
4450092
4477759
4511977
4526155
4527147
4553000
4556813
4564245
4569584
4576357
4628667
4652590
4665637
4666485
4667959
4671521
4678269
4680432
4687342
4700207
4716162
4717360
4775030
4777953
4778870
4779722
4795676
4796886
4799606
4807641
4822486
4839630
4840723
4842817
4843738
4848230
4849794
4887220
4927311
4966638
4967271
4970020
4979740
5030857
5090880
5120883
5130350
5131437
5133447
5134764
5135876
5147320
5150826
5153022
5155302
5175160
5217545
5219420
5237305
5249939
5251457
5260446
5261759
5295596
5296492
5335940
5364290
5405744
5415090
5417950
5430076
5434840
5438400
5439450
5440474
5444710
5488119
5489406
5493140
5494949
5497073
5499908
5501216
5502228
5503373
5511414
5538496
5543010
5549531
5561098
5564784
5606221
5610859
5611954
5612937
5649785
5692947
5696871
5702838
5782231
5783140
5789474
5810963
5818330
5823401
5825999
5917379
5946790
5966393
6001436
6018625
6027003
6028289
6029703
6030927
6038644
6146474
6162816
6187741
6231019
6263869
6266660
6274388
6276193
6277245
6278210
6279122
6304784
6305589
6306408
6353029
6354443
6390740
6425452
6467813
6486680
6497339
6498521
6504449
6522927
6524582
6525792
6606262
6607094
6607984
6609212
6610488
6618835
6627655
6650022
6658106
6660497
6701499
6715677
6716351
6717309
6731237
6751849
6759467
6760853
6762222
6789242
6795809
6799649
6807574
6814709
6839441
6841566
6856270
6858061
6869218
6888900
6889614
6890180
6891335
6950497
6959420
6966867
6974109
6974723
6975614
7015370
7016871
7017490
7018258
7019835
7021928
7029836
7030694
7032735
7034642
7035802
7037801
7056970
7081937
7082680
7083635
7086433
7087631
7090378
7091175
7092302
7093069
7094043
7094948
7096193
7097882
7100783
7101385
7102025
7104047
7121002
7128663
7129898
7130781
7131623
7134342
7141834
7211152
7216115
7225026
7237127
7241026
7246665
7248359
7263587
7268759
7298637
7299226
7299815
7300596
7311451
7314017
7319911
7334728
7349598
7350745
7352384
7353955
7357915
7389772
7441273
7442995
7451428
7452197
7453027
7483545
7484499
7485792
7504575
7505624
7509087
7510971
7512750
7513497
7514444
7517063
7518846
7608389
7609091
7659462
7664724
7665649
7680546
7682587
7684538
7712674
7725571
7734510
7739208
7740490
7743919
7745259
7756649
7757593
7762942
7767967
7813861
7819934
7821592
7828542
7892132
7893223
7929833
7930577
7931131
7931714
7932588
7934025
7935210
7939382
7941522
7975920
8000627
8006137
8042159
8074139
8100367
8105868
8118029
8120137
8133388
8134117
8136043
8142874
8209051
8222033
8223569
8282589
8311927
8348215
8349015
8350334
8387037
8434471
8436021
8440765
8444738
8468133
8478400
8479493
8552939
8554417
8556510
8567778
8578939
8579847
8581819
8582811
8641678
8686790
8687674
8688655
8689348
8690832
8704660
8708355
8712611
8717173
8723521
8724641
8727737
8728373
8815965
8817190
8818136
8819174
8825865
8827898
8836149
8864559
8866296
8867572
8910037
8919874
8929845
8931655
8933595
8938856
8939410
8939919
8940735
8957442
9023013
9024983
9036733
9080728
9115063
9119180
9120594
9164624
9177690
9182989
9183741
9184611
9197287
9198983
9200333
9219413
9230045
9240825
9250340
9260155
9262069
9263582
9264944
9265873
9282587
9299047
9333528
9335410
9383212
9463359
9464649
9465383
9465933
9466745
9523063
9525048
9526544
9578704
9593198
9618812
9622873
9663932
9670802
9680681
9738214
9816793
9845246
9852909
9857296
9858307
9868570
9875063
11251745
11253737
11335153
11342001
11400028
11400917
11407026
11408492
11411634
11412640
11438068
11440893
11461243
11462542
11463137
11463745
11465861
11467518
11468776
11470714
11489558
11490177
11490903
11498472
11534789
11565073
11566894
11602951
11610403
11645111
11670109
11670873
11671735
11712653
11805093
11886253
11911402
11929247
11933755
11943896
11953601
11960931
12002749
12003502
12004141
12004958
12006240
12011993
12025423
12026042
12027052
12027625
12047008
12051646
12052774
12053889
12194068
12196569
12249459
12249960
12250603
12250973
12251393
12251965
12252654
12253562
12254135
12254720
12257648
12258899
12271145
12272226
12273279
12274075
12278320
12279251
12285737
12301749
12324773
12325726
12408851
12427948
12434856
12437283
12438524
12461163
12508343
12510537
12511457
12512483
12513299
12519252
12521657
12524468
12525337
12525909
12526419
12527315
12528112
12529447
12531798
12539298
12541708
12561807
12562830
12563500
12565107
12566488
12567799
12569513
12570912
12572288
12574987
12576117
12577722
12578230
12578847
12579679
12580744
12601189
12602701
12604622
12605301
12606610
12607776
12610469
12626314
12627156
12629598
12632991
12633803
12634533
12635461
12636533
12643684
12677763
12681213
12686508
12688555
12706390
12713832
12734625
12735183
12845542
12847007
12854882
12923978
12932567
12962605
12965934
12968084
12975193
12986678
12995216
13011443
13027642
13028245
13052548
13054408
13061006
13064127
13066984
13069450
13084453
13085577
13086748
13103677
13112966
13118676
13185240
13193917
13195637
13197499
13202877
13205797
13207920
13216224
13228093
13229125
13230017
13231144
13232728
13235127
13235962
13236972
13238350
13239581
13245415
13264298
13265261
13265709
13266849
13348380
13358482
13372642
13373557
13375188
13382745
13403128
13404291
13420692
13427859
13428610
13429394
13430378
13458745
13468291
13478526
13479162
13480043
