11700.64
12473.09
39700.94
55275.27
67405.91
69379.54
73241.58
76106.13
77231.9
78436.36
84909.72
85220.58
86705.16
102740.5
103737.1
108090.4
117412.6
122479.7
123196.1
123606.3
124219.7
124960.1
125522.3
126294
126783.9
127706.5
139749.5
140294.4
140713
141731.5
144804
145989.3
148497.9
164694.5
166447.4
181142.9
184372.8
184719.1
185074.8
185377.5
185821.2
186104.6
186426.7
186744.9
187158.4
197985.5
200205.6
211659.7
216158.7
216682.5
217124.7
221238.3
245131
250839.6
271698.4
329406.8
332189.5
343258.1
344093.6
345209.4
345839.2
346234.1
347288.3
356648.9
357432.8
365602.6
365967.2
372599.6
372985.1
373375.8
374109.1
374424.1
376745.6
382319.9
383426.7
388948.4
410031.3
411005.7
412778.2
420201.5
457486
461044.1
466703.1
467625.2
468237
478390.5
479106.2
479898.3
480618.5
481541.5
494764.4
496878.6
520206.7
520818.5
522003
531894.5
532614.3
533746.4
556360.8
557373.5
558720
559531.8
559913.8
560623
581726.1
582517.6
583234.3
583693.8
585165.9
586033.2
592594.6
593435.7
594612.3
625028.2
651699.6
652250.1
677877.5
695161.4
695813.9
699331.1
700567.3
701128.1
701842.8
702962.8
703574.8
704156.7
705276.5
708156.9
713538.6
735239.4
735888.5
737051.8
737418.6
738524.7
744953.5
747938.2
788210.8
788766.6
823628.5
824455.1
841904.3
850867
864261.4
865820.7
873437.5
873993.4
874746.6
876549.8
877221
877766.9
881138.8
912068
912739.6
955003.4
955564.9
956137.6
956968.2
958030
959153.6
960974.2
961537.9
970883.2
977100
987820.5
991086.6
991670.9
1006505
1037425
1037784
1038036
1038361
1038831
1039223
1039774
1040341
1042641
1043716
1044132
1044995
1058372
1081887
1086759
1087609
1088911
1125712
1126209
1127206
1127669
1128612
1129005
1129474
1129847
1130180
1131441
1152438
1170263
1185472
1186184
1187140
1189952
1200545
1201407
1201845
1203736
1234320
1234753
1238399
1239181
1239921
1245504
1246301
1252533
1263333
1286827
1288634
1289863
1295171
1302992
1311732
1313102
1314150
1315635
1317455
1317926
1322703
1323583
1324586
1326481
1327026
1327523
1328112
1354398
1355513
1391176
1391487
1398423
1399133
1406418
1415359
1416885
1421208
1422591
1423170
1424544
1434478
1470816
1472528
1488884
1504638
1505750
1542274
1542916
1544482
1550080
1557642
1558179
1559482
1563211
1563892
1587533
1588079
1603784
1604340
1610323
1610865
1613415
1620437
1621550
1629598
1630034
1641066
1648125
1662383
1672323
1673580
1674395
1676445
1716444
1756374
1757047
1758426
1777646
1803389
1803933
1807341
1818612
1822864
1823887
1824845
1846121
1847248
1855246
1855811
1920532
1927721
1927991
1928601
1928964
1979709
1980294
1982488
1982807
1983970
1986677
1999075
1999548
2001128
2001849
2009134
2009768
2011280
2011806
2012625
2013011
2013642
2048796
2049256
2056794
2091803
2094322
2094668
2095292
2096507
2111652
2112664
2113300
2114704
2116075
2131222
2157860
2173579
2174057
2174924
2176325
2182262
2191257
2192896
2194140
2194459
2194907
2214122
2214461
2214934
2216970
2217325
2217642
2218129
2268207
2285581
2286876
2289763
2297666
2300499
2301223
2301718
2303900
2304402
2313214
2313602
2314525
2315966
2316529
2317820
2319334
2324243
2327101
2327492
2328373
2378120
2382630
2409863
2434842
2435875
2439238
2443923
2468615
2468985
2470065
2470523
2471852
2472466
2476213
2476668
2484035
2485762
2492807
2497228
2529783
2530233
2530736
2584247
2592986
2604342
2605372
2610305
2610643
2611320
2611952
2617018
2622830
2630621
2633717
2657922
2674956
2675916
2676496
2719336
2719626
2742372
2748667
2749934
2750518
2779491
2787454
2794907
2795307
2795907
2796332
2796691
2797993
2802797
2807235
2825933
2832020
2832897
2844900
2877108
2878033
2882844
2950326
2951185
2951461
2951835
2952100
2952334
2952599
2952716
2952872
2953247
2955013
2956073
2968908
2979768
3000597
3001531
3003193
3013954
3028861
3029475
3075945
3076590
3082532
3092740
3093398
3129655
3172052
3173494
3180137
3183647
3201528
3222613
3222966
3224198
3224450
3268636
3269261
3276801
3296627
3298101
3300792
3301401
3301808
3332613
3340830
3342266
3342657
3362444
3369539
3370037
3371089
3371770
3403146
3404320
3405059
3406028
3406695
3407116
3408389
3410184
3443352
3443969
3447847
3448460
3449510
3475067
3476283
3489898
3491606
3493579
3495415
3501494
3507505
3508148
3524284
3524517
3524857
3526711
3527578
3530087
3545249
3547019
3563936
3570628
3571199
3633488
3639149
3641246
3642985
3649133
3664200
3666738
3667387
3668004
3668506
3670130
3670498
3699780
3700881
3731470
3731844
3736687
3737365
3739024
3739659
3740094
3742429
3787417
3796080
3800248
3800675
3801884
3804212
3806920
3807927
3809229
3829239
3842656
3843914
3845119
3845518
3848645
3863863
3864841
3868095
3873529
3881498
3903935
3904736
3906073
3907790
3917048
3920938
3950994
3952140
3969058
3969796
3972874
3973222
3973471
3973847
3974802
3975305
3977568
3979768
4018741
4058506
4071288
4082576
4085262
4091531
4091923
4092244
4103093
4127178
4128560
4128893
4129335
4129714
4130142
4130816
4146736
4158721
4160184
4160818
4161295
4161948
4162906
4163557
4163888
4164383
4167282
4167683
4168498
4187508
4188118
4190002
4190458
4201830
4243710
4254080
4254630
4255043
4255356
4266913
4268229
4269730
4271078
4271780
4272587
4274616
4275116
4275137
4275510
4275854
4276205
4276756
4277203
4278380
4279013
4279690
4280127
4280703
4284437
4292163
4292698
4293632
4294590
4322891
4323582
4324465
4326606
4332467
4332959
4333478
4336051
4362232
4363461
4363860
4387724
4408088
4408961
4410507
4411533
4426377
4427091
4427433
4429273
4447204
4447471
4447909
4448949
4449679
4449958
4450264
4450573
4450792
4451025
4451260
4451648
4452966
4455554
4456423
4457546
4458587
4460246
4467198
4468546
4469270
4514770
4515903
4522435
4523014
4523541
4524056
4530458
4533129
4533492
4535337
4543905
4558790
4559501
4560356
4564391
4571381
4572000
4574604
4575466
4576287
4576925
4581708
4608071
4608877
4609249
4609591
4610297
4617022
4620923
4632089
4638891
4646697
4648150
4648623
4651712
4664105
4675217
4675955
4676404
4676782
4677532
4677695
4678192
4683289
4684225
4686104
4686605
4690905
4691602
4692448
4695711
4696271
4696796
4697166
4697607
4698650
4709755
4715224
4719132
4720138
4723371
4724062
4724918
4726959
4727446
4733453
4740129
4744299
4744665
4745188
4745749
4746093
4750302
4752603
4756396
4773428
4786476
4786901
4787929
4823004
4831763
4848738
4849551
4851828
4854276
4854844
4855555
4857094
4862708
4873355
4874253
4874964
4876819
4890296
4890890
4891579
4892224
4893720
4896154
4896988
4897706
4898052
4910057
4910612
4911240
4921769
4953913
4956238
4957106
4971161
4972221
4977557
4978621
4979437
4980179
4984568
4985120
4985631
4994295
4994769
5000704
5001761
5002255
5015832
5017070
5017810
5032342
5034009
5034559
5035020
5035672
5036278
5037605
5046532
5059442
5067136
5073022
5074411
5075383
5075789
5077097
5095231
5095823
5096241
5098759
5100000
5106381
5107178
5107962
5142083
5142358
5142636
5142991
5143344
5144072
5144543
5145127
5146107
5171969
5181743
5182479
5183198
5184769
5185316
5185920
5187647
5190637
5219545
5226591
5227119
5228848
5231829
5232884
5235646
5236119
5237041
5237746
5238355
5239098
5239759
5241912
5242638
5254024
5262022
5286393
5287777
5288947
5295343
5324042
5324511
5324902
5325142
5325395
5325710
5326173
5326942
5327936
5328834
5336958
5337544
5338296
5348661
5350068
5365818
5369339
5370149
5370820
5371294
5371741
5373162
5400503
5400899
5404768
5405167
5413673
5422794
5429467
5430010
5431079
5435313
5442232
5443179
5444359
5444666
5453803
5454666
5455080
5456495
5457903
5458479
5459218
5459518
5459996
5460567
5460722
5464742
5465219
5465765
5466266
5466596
5466960
5467289
5467659
5468200
5472749
5473252
5473938
5474404
5474890
5501054
5503227
5505732
5506552
5510580
5511771
5514435
5520073
5539560
5541131
5541572
5557723
5568781
5578143
5578980
5579313
5592452
5594375
5594753
5595279
5595631
5596765
5597014
5597430
5619131
5619676
5620488
5620841
5621178
5621585
5622303
5622683
5652132
5652663
5653596
5654528
5654953
5655364
5655889
5659144
5660353
5664457
5666461
5673877
5675023
5677560
5685100
5696788
5698163
5698663
5699357
5703137
5719262
5719626
5722435
5733482
5734531
5735099
5735707
5736184
5736667
5737042
5739356
5740588
5754909
5780700
5782795
5783223
5785623
5786017
5794985
5801591
5822570
5890997
5891470
5892131
5897377
5905690
5906148
5907563
5908043
5908608
5909081
5909842
5911861
5912596
5912964
5913442
5937389
5979809
5980697
6005602
6030403
6033968
6047809
6048128
6048622
6049146
6049896
6051195
6052776
6054029
6055057
6055276
6055799
6056226
6056991
6057604
6058581
6061453
6070758
6073743
6076043
6076621
6077510
6079160
6079608
6080426
6085341
6086435
6095209
6095650
6115623
6118259
6134904
6139208
6159600
6160256
6161250
6161662
6162216
6169887
6196590
6210524
6213993
6215445
6215853
6217028
6218342
6220192
6220786
6239585
6241916
6251972
6253388
6259361
6259823
6271382
6301781
6302217
6302903
6322791
6323691
6326945
6354962
6355520
6377540
6379130
6404755
6405546
6416621
6422547
6430645
6431766
6432505
6432996
6433679
6437312
6449986
6450613
6500199
6508402
6549209
6553862
6554400
6555231
6555612
6569338
6569992
6572052
6591275
6614062
6614427
6614763
6615083
6615582
6616388
6619025
6642876
6643834
6660997
6689937
6691980
6692224
6692516
6693270
6693899
6695959
6701227
6701620
6718666
6719229
6723621
6728188
6751271
6762962
6767577
6781503
6787945
6796706
6814464
6815026
6824127
6839028
6839535
6839829
6840307
6842186
6849046
6849537
6850109
6852165
6853169
6853193
6853670
6854818
6868445
6871880
6872289
6873052
6914902
6938129
6938782
6948538
6949262
6957179
6957647
6958149
6959413
6961610
6962034
6962939
6974112
6974762
6990854
6993342
6995852
6996100
6996559
6996918
6997435
6998114
6999084
7016295
7031331
7055428
7083198
7098512
7098965
7103811
7110249
7116021
7150074
7154461
7155700
7159294
7159887
7160478
7171101
7171732
7173618
7203328
7206511
7210656
7227306
7233592
7291043
7304746
7305673
7307490
7314033
7314573
7315020
7318767
7320588
7341899
7371756
7393115
7393390
7400829
7413108
7418345
7424642
7438532
7439415
7450553
7479643
7480164
7481082
7482347
7482874
7483915
7487926
7492405
7532280
7533557
7534088
7534765
7536617
7538317
7540343
7541232
7543016
7543721
7544527
7545557
7561041
7563943
7583319
7615800
7619343
7623705
7623978
7624380
7625849
7629283
7658008
7658323
7658651
7659178
7659862
7667500
7754086
7758373
7779653
7780807
7781306
7782445
7793230
7810383
7825583
7835835
7837267
7838195
7839057
7839858
7840913
7867244
7886361
7894254
7900200
7900707
7920942
7921738
7923705
7925113
7925977
7928327
7940179
7940622
7941596
7943255
7943737
7944269
7944607
7945188
7946453
7947290
7948186
7957801
7958257
7958880
7959408
7960248
7962570
7975141
7976269
7990917
7992712
7999746
8000127
8000574
8006014
8031090
8047353
8063644
8069644
8069911
8070220
8070594
8071007
8072455
8072856
8074309
8077202
8104378
8104835
8105173
8105704
8106047
8116350
8122071
8124068
8139961
8140305
8140696
8143197
8154149
8154943
8155904
8156368
8157883
8159021
8167288
8169453
8169862
8171341
8195740
8197355
8199510
8200287
8222457
8223032
8223520
8225162
8225473
8225975
8236031
8283271
8293362
8293783
8294267
8308482
8322250
8323038
8333102
8333601
8334168
8335996
8337188
8337683
8338664
8339908
8340654
8356244
8359475
8376615
8394981
8402096
8424015
8436320
8436828
8456587
8464172
8465005
8485444
8502893
8503653
8504229
8511726
8513173
8513699
8514394
8514987
8520945
8521438
8522018
8522843
8526109
8526837
8527662
8528387
8529901
8531375
8550792
8553174
8562880
8579833
8587198
8587881
8588433
8588770
8589054
8589658
8595564
8606988
8609580
8610322
8617463
8642055
8654858
8660671
8661679
8677861
8687579
8695869
8701606
8702216
8702736
8737121
8738023
8743733
8780840
8787909
8788319
8798603
8808036
8812939
8820501
8839263
8865655
8866209
8868311
8868748
8869350
8877380
8903753
8904299
8904583
8904856
8905121
8905594
8905766
8906016
8906380
8906647
8906932
8907719
8907999
8908734
8911276
8911652
8912607
8912990
8913596
8914049
8915428
8917200
8919273
8924822
8925696
8925996
8926521
8927535
8928022
8928731
8929205
8931168
8932838
8933285
8934341
8944453
8950388
8954108
8973316
9009053
9013332
9013704
9014258
9018793
9019342
9028428
9053003
9053604
9090515
9091151
9091949
9092659
9093181
9100269
9100856
9101114
9101310
9101780
9102258
9105746
9106241
9120110
9158714
9158753
9168754
9177925
9192375
9193271
9193693
9194383
9194887
9205623
9210765
9211079
9211536
9212096
9227340
9254643
9255932
9257433
9258724
9259166
9259477
9260251
9260713
9261094
9264128
9292820
9293476
9310412
9311739
9314343
9323116
9335014
9345032
9348770
9359478
9359986
9365828
9394489
9394891
9395326
9396327
9407282
9417335
9419160
9430709
9431350
9451443
9460259
9460679
9461080
9461569
9462064
9468072
9468872
9470557
9470874
9471385
9471774
9472261
9472974
9473367
9473907
9474620
9475016
9475431
9475834
9476478
9477040
9477483
9478045
9479209
9479655
9480045
9505524
9545234
9546678
9563706
9576642
9590692
9591982
9606525
9606821
9607584
9608210
9629066
9630509
9630806
9631389
9632436
9633260
9655972
9665512
9666842
9668072
9668869
9669342
9669667
9670287
9675436
9681521
9682402
9683348
9684524
9686267
9693200
9694391
9699109
9699651
9700146
9702425
9704379
9704813
9706412
9723071
9724232
9725082
9733007
9758654
9759713
9760461
9761425
9762219
9762687
9795341
9796615
9803147
9811642
9817505
9818195
9819545
9823314
9829842
9830767
9855027
9880828
9902622
9903219
9905404
9915489
9917098
9917697
9918688
9918974
9919233
9928227
9928557
9930164
9930783
9931766
9937824
9939456
10000429
10005993
10007317
10008222
10012533
10016549
10022333
10023823
10024437
10046202
10047494
10048060
10048962
10049884
10058779
10073568
10076757
10084258
10087824
10088220
10088733
10089091
10089516
10090197
10092365
10093257
10093774
10114002
10114641
10118389
10118912
10119698
10138498
10155444
10155486
10155893
10156808
10158756
10167191
10168786
10175082
10185030
10187845
10188834
10189543
10190235
10191284
10199766
10200489
10205309
10218145
10245731
10246648
10248372
10249158
10253014
10253858
10259610
10260152
10260826
10261311
10262263
10269806
10287518
10292237
10294123
10294974
10295793
10298335
10311732
10312349
10313658
10314263
10329555
10351453
10354592
10355344
10356051
10356508
10377900
10379177
10381672
10403869
10404298
10404616
10405072
10411137
10413230
10413970
10429647
10430143
10431009
10436054
10439443
10471308
10471922
10483904
10484844
10486333
10487579
10488483
10504360
10506309
10523120
10533122
10533716
10534125
10535553
10539519
10539994
10541889
10542322
10543061
10543494
10543859
10544739
10547003
10557862
10574884
10575716
10576216
10576933
10577587
10578721
10581399
10581825
10582203
10582619
10594764
10604477
10606448
10619418
10621120
10622349
10623162
10633900
10634455
10635876
10636576
10637463
10640380
10642766
10643419
10643895
10644272
10644294
10645381
10645859
10654701
10655567
10656535
10657669
10658358
10660032
10661419
10664733
10665271
10665595
10665833
10666976
10680434
10682147
10688771
10689715
10704628
10708526
10711499
10717671
10725164
10726135
10726607
10728668
10735634
10737058
10737571
10738040
10738568
10739171
10739267
10741128
10748809
10768924
10771064
10771502
10775965
10776289
10776509
10776844
10777117
10777395
10777705
10778109
10778642
10779222
10779825
10780224
10781445
10834110
10839801
10840341
10840852
10842263
10842720
10843430
10844574
10848760
10849439
10850724
10851844
10853711
10861461
10870139
10874567
10878929
10880248
10880946
10886250
10886961
10902257
10904248
10911241
10913044
10918327
10918707
10941973
10952361
10952693
10953095
10953675
10987592
10998453
10999578
11001324
11003358
11013480
11016209
11022481
11025877
11027222
11027809
11028758
11029806
11063486
11064704
11065448
11073319
11075501
11087852
11092238
11092963
11094356
11094833
11103889
11110512
11115189
11115601
11116830
11117495
11118433
11125494
11126075
11127551
11133649
11163218
11179729
11188902
11189609
11190164
11190743
11191046
11191412
11191804
11196647
11197033
11197944
11206423
11209563
11250580
11272368
11283989
11285238
11287181
11287701
11290159
11294016
11295135
11296397
11296736
11297131
11297612
11302909
11305148
11308166
11308856
11309828
11310337
11316364
11317123
11317707
11318852
11328628
11329111
11333917
11336286
11337116
11337865
11339109
11342946
11343432
11344095
11352077
11354416
11387252
11404764
11424118
11426723
11428850
11429880
11430257
11430580
11430955
11431382
11450514
11465845
11466833
11468094
11468399
11497981
11500226
11500874
11508917
11541425
11542341
11542398
11543731
11544309
11544984
11548672
11549326
11549744
11550114
11551917
11553093
11564523
11567047
11573048
11573692
11573970
11574436
11574971
11575547
11591577
11603488
11621770
11623922
11624543
11625108
11627525
11637339
11637775
11638572
11673338
11673677
11674042
11674446
11674964
11675690
11676086
11676709
11681026
11705375
11717861
11718369
11719180
11719972
11735937
11737668
11738270
11739107
11746853
11751131
11751869
11779557
11779995
11780708
11782560
11782959
11784369
11786460
11794763
11808017
11824528
11835139
11867564
11874903
11876871
11877519
11877822
11878148
11879036
11884832
11885105
11886105
11895044
11895489
11920957
11922029
11922472
11925843
11926521
11927382
11935772
11958894
11968866
11995672
12002465
12004149
12041943
12042339
12042633
12042965
12043448
12060424
12074565
12075991
12087209
12088187
12088496
12088917
12093948
12100001
12100426
12101155
12127415
12197988
12200107
12200906
12201396
12204490
12206877
12207778
12208414
12209149
12221350
12234900
12237597
12248427
12248863
12249507
12250013
12250949
12270061
12270669
12271876
12272419
12272710
12283622
12285006
12291178
12293047
12293370
12295334
12329537
12330574
12332231
12340018
12344103
12354005
12360602
12363927
12364390
12365630
12369614
12370848
12371388
12372019
12394553
12395197
12434419
12452709
12455306
12467085
12467760
12468174
12469344
12470480
12471379
12471951
12472369
12481717
12501391
12526629
12526972
12527430
12528176
12530083
12531872
12542524
12563107
12570092
12573519
12574330
12574963
12575522
12576667
12602403
12603419
12605707
12606331
12607437
12607910
12608504
12609145
12609880
12611121
12612820
12613535
12614735
12617807
12624000
12625533
12626563
12629012
12630028
12640299
12669860
12670103
12670405
12670706
12671651
12672795
12673330
12674285
12674898
12675333
12682865
12683743
12689764
12693332
12693717
12694341
12697780
12698300
12699171
12699928
12703264
12703565
12703783
12714283
12718314
12736010
12740770
12753852
12755902
12767825
12791305
12791944
12792831
12809015
12809559
12809914
12810783
12821267
12837343
12837905
12838465
12864134
12880920
12881213
12881816
12882246
12882961
12884236
12884821
12894471
12917796
12926941
12938226
12947147
12947883
12948495
12963697
12964877
12973939
12982592
12989827
12994458
12995015
12995895
12996380
12999955
13000400
13069334
13069885
13070393
13079994
13085164
13086314
13132737
13133086
13133421
13134054
13134424
13138352
13140769
13141263
13160287
13160785
13161809
13162257
13163662
13164142
13191455
13191868
13192294
13193504
13234723
13235824
13236754
13237457
13238005
13238542
13241247
13246448
13263706
13266201
13267744
13327955
13328297
13329545
13330702
13338130
13355789
13356112
13379694
13380705
13381094
13381635
13382046
13382832
13383738
13385074
13386261
13393625
13436665
13440768
13443148
13455795
13456298
13479496
