22904.37
24087.33
24459.44
24753.45
25133.51
25585.11
33108
62748.12
63588.96
89786.41
102104.7
103108
103807.8
120463
133976.5
135081.7
135651.3
136087.6
137044
138048.6
218322.4
219095.9
219679.1
223148.7
229874.5
230582.6
240607.6
245295.1
246280.6
247033.9
252321
252928.7
253357.8
254426.1
258632.3
259654.8
267516.2
286966
287492.9
345454.8
392136.7
395153
402862.5
403407.5
404633.1
406115.9
417196.7
462426.2
462873.3
463240.1
464108.9
464577
465385.1
467793.2
531947
546970.5
555687.3
556138.6
556624.6
557190.9
559627.1
565390.1
574390
577932.4
579226.8
606493.2
607226.6
608352.5
609508.5
610173.8
610649.1
643178.6
645202.4
646049.5
649140.6
657773.9
661291.6
661668.7
662175.2
663180.8
663583.1
668938.4
672447.4
679855.5
684601.3
686307
687359.5
687857
688599.9
689550
689942.1
690248.5
690623.4
702652
765153.1
766099.5
766854.8
767919.8
768996.2
786998.4
788012.5
803320.6
804567.6
812763
813074.4
813694.2
842925.6
843830.2
844958.2
845638.3
849390.6
865274.1
869582.8
877600.3
908386.6
922490.9
958856.9
966110.8
972842
975126.1
983506.6
1001479
1009177
1018448
1018859
1020163
1020548
1020869
1021442
1028562
1028885
1029342
1030367
1032176
1054669
1055068
1056613
1062057
1093945
1095075
1109105
1110559
1110879
1111391
1132509
1133484
1135769
1154097
1155465
1155841
1156874
1158507
1165825
1166459
1167104
1169046
1169509
1169935
1170731
1171150
1184189
1186495
1205239
1214231
1216239
1217162
1217632
1224854
1231479
1231795
1232202
1240471
1260004
1260439
1260997
1262267
1262720
1263641
1263955
1265103
1269607
1270059
1270862
1271614
1272206
1273260
1274058
1275178
1287472
1318329
1319915
1320541
1321533
1322985
1327390
1327956
1350088
1350993
1353626
1363519
1364675
1365694
1372458
1380452
1420914
1426567
1430926
1437556
1484555
1485345
1490028
1494817
1501068
1518923
1563419
1564020
1569181
1582860
1584747
1599330
1600050
1600617
1632783
1633721
1640682
1645789
1647824
1648363
1661319
1689948
1703931
1705145
1705522
1736014
1736646
1737592
1748713
1769586
1770484
1771005
1772573
1773101
1776326
1777500
1800273
1802026
1805500
1806231
1807817
1808323
1811831
1812179
1812451
1812806
1813147
1813445
1813962
1815463
1815774
1816778
1819125
1819822
1820233
1821693
1822057
1823518
1824085
1825621
1826917
1827374
1829309
1830183
1838087
1841939
1842748
1854625
1881020
1891450
1892230
1893742
1895075
1899578
1911817
1914039
1915570
1916624
1920337
1921062
1926507
1927067
1935999
1940838
1947130
1947827
1948486
1952452
1952789
1953792
1954199
1954505
1954998
1958895
2010919
2013021
2013531
2014059
2014522
2015144
2015789
2028440
2029842
2034696
2036857
2042296
2049932
2051201
2052272
2068130
2082369
2088691
2089728
2090320
2091120
2094090
2094990
2095656
2109740
2110870
2120413
2121006
2122715
2123363
2135146
2136882
2142756
2146522
2150397
2153300
2165223
2166703
2168227
2168985
2169324
2169758
2170377
2178199
2191915
2192363
2202335
2203137
2203860
2220348
2256897
2257243
2257484
2259768
2261346
2264533
2276565
2276967
2279236
2280365
2283484
2290022
2296261
2300464
2330986
2352112
2353180
2354045
2367830
2379815
2380523
2385868
2398186
2399898
2404720
2405428
2411858
2443136
2462213
2463752
2465871
2468779
2469353
2471100
2472369
2482995
2483476
2483981
2484303
2485174
2487311
2487840
2488316
2489537
2498963
2514530
2521149
2521595
2522338
2522804
2523799
2534651
2549675
2560766
2561509
2562268
2563045
2564914
2565645
2566100
2567612
2568425
2569415
2571629
2579059
2580547
2582490
2583298
2585512
2586633
2600125
2601042
2601730
2603701
2604673
2616570
2618172
2619020
2620605
2621034
2626068
2628096
2631144
2631774
2632631
2633216
2634030
2634627
2661482
2675137
2675587
2676176
2676902
2677441
2677967
2681125
2714420
2735681
2736381
2739000
2741468
2747746
2751318
2752474
2766002
2767721
2768733
2769314
2770030
2775571
2776962
2780803
2783274
2787141
2787660
2788174
2789107
2789592
2790042
2791504
2832761
2834321
2842178
2847528
2848022
2851397
2851967
2853690
2854251
2855243
2855580
2885774
2888802
2889684
2900419
2910782
2916426
2917012
2917533
2918010
2918818
2919102
2919502
2919928
2929694
2934064
2935081
2940297
2941274
2941797
2942531
2943016
2959328
2960836
2962614
2972165
2981073
2982096
2983103
2983981
2984953
2992525
2993015
2996783
2997641
3012209
3029333
3029687
3035284
3037230
3061720
3062437
3069911
3071021
3071590
3072660
3073157
3073748
3075794
3082957
3084441
3093623
3094088
3101504
3107123
3107756
3108246
3109259
3111223
3111784
3113637
3114197
3114505
3114984
3115546
3116142
3118907
3150231
3150727
3151022
3151444
3152301
3170850
3193509
3193952
3209136
3209568
3210424
3211661
3223239
3240301
3240620
3241266
3241605
3243864
3244842
3245517
3245906
3246398
3247612
3248155
3269808
3270282
3270917
3271531
3271906
3272657
3273394
3293596
3318214
3318598
3319258
3320499
3325566
3360178
3361393
3361766
3362617
3363817
3367113
3367535
3369574
3371661
3372250
3372713
3374530
3382618
3390653
3392349
3395826
3410007
3424358
3473320
3491407
3493407
3496270
3497262
3510359
3511001
3536371
3540493
3541066
3542285
3542877
3543799
3545925
3547147
3554774
3555665
3556042
3556805
3558145
3558933
3568360
3615452
3623192
3629078
3629823
3630111
3630874
3645983
3667116
3669953
3670474
3671325
3672133
3681878
3682347
3689821
3690753
3701882
3704581
3727455
3727897
3731502
3750892
3752140
3752743
3754911
3755954
3757129
3758401
3773287
3774215
3796383
3808595
3809122
3809643
3810816
3811299
3819995
3821577
3842204
3864629
3882752
3883271
3883706
3884357
3888884
3891521
3891865
3892256
3892740
3893077
3893484
3897903
3898425
3899387
3903947
3906877
3907396
3942812
3943224
3943733
3948876
3954445
3980640
3983307
3989229
3989710
4006308
4007190
4008656
4014942
4016573
4017104
4025817
4030377
4031036
5412327
5415670
5416414
5417343
5422873
5424363
5424644
5425081
5425535
5433980
5435023
5447149
5447565
5455815
5456172
5488413
5508404
5509265
5518499
5519353
5520147
5520969
5552288
5552696
5553447
5554480
5587811
5588665
5589172
5589704
5590540
5624677
5662314
5668637
5681536
5682347
5691028
5691937
5704573
5704940
5705318
5705888
5706208
5706540
5706837
5707413
5708608
5740910
5743926
5745804
5746455
5747027
5749059
5755578
5755868
5756191
5760287
5760830
5761666
5763429
5767970
5774584
5786029
5786641
5802773
5803466
5804052
5804668
5805116
5805910
5807422
5809890
5814752
5815463
5815955
5820858
5822386
5823298
5825592
5825965
5826491
5855188
5863084
5864616
5865285
5865763
5866222
5866929
5867340
5867782
5874920
5875715
5876161
5887849
5894084
5894517
5894897
5895342
5896290
5896614
5896909
5897340
5897670
5898167
5920337
5927281
5931489
5946182
5946723
5947096
5947392
5947766
5948035
5948663
5953396
5960239
5962550
5977349
5980100
5999513
6000237
6000716
6001201
6001897
6002349
6002871
6003896
6005874
6047102
6049163
6049586
6050460
6055734
6056567
6082183
6082505
6083449
6083754
6084243
6086074
6093681
6096310
6099791
6101177
6102024
6102723
6108759
6109685
6110266
6142463
6143271
6144509
6144924
6145863
6146868
6153054
6154706
6155502
6156933
6157592
6160890
6161548
6166693
6167231
6170580
6171528
6172277
6172977
6173592
6174415
6174744
6175052
6175753
6176111
6176475
6177050
6178037
6178445
6187839
6188444
6213840
6214322
6215654
6222023
6222407
6222850
6235062
6258214
6259564
6261913
6262493
6266938
6303877
6305130
6305704
6319269
6320205
6320626
6322951
6333920
6334543
6336830
6339078
6340284
6341015
6346056
6347432
6347755
6348346
6348861
6349237
6356460
6356970
6357799
6358169
6358645
6364605
6365479
6374389
6375511
6379754
6380608
6381876
6403830
6404477
6404978
6405432
6406212
6420222
6420731
6421265
6422189
6423007
6423499
6424240
6425452
6427936
6428457
6428746
6429181
6429871
6430771
6431188
6431906
6432531
6445255
6499109
6499657
6500861
6501356
6501898
6503772
6513602
6514559
6535739
6556091
6585114
6586765
6587266
6595684
6596605
6597770
6600081
6602214
6633949
6651932
6680865
6681642
6681942
6682516
6683002
6683790
6684263
6684902
6698100
6698531
6700404
6702603
6723140
6750904
6751199
6763797
6764957
6765770
6777472
6777869
6778155
6778421
6781129
6782706
6783113
6797946
6798652
6799750
6800369
6801802
6803336
6804554
6805244
6810408
6811535
6823534
6830595
6834340
6843893
6844243
6854108
6878338
6879013
6884835
6885350
6886798
6891765
6892099
6892518
6892862
6933821
6934579
6934919
6935561
6938855
6939437
6939993
6943786
6958570
6965593
6966054
6966338
6967120
6967376
6968061
6976397
6978856
7004188
7004701
7005934
7006345
7006746
7009704
7009993
7010487
7011185
7039927
7040498
7040954
7041360
7041882
7043123
7043762
7044381
7080171
7081513
7082130
7083263
7088043
7093932
7094441
7095110
7096083
7111290
7111631
7112152
7113214
7115681
7120506
7122917
7123695
7124945
7137330
7138406
7143689
7144524
7176312
7236723
7250613
7250953
7251470
7251901
7252244
7253483
7259921
7269425
7287556
7293273
7294841
7295458
7295793
7296395
7296696
7297945
7298248
7298716
7299109
7299818
7319087
7327027
7336944
7340090
7344011
7344898
7358004
7363401
7443797
7444612
7455884
7456599
7465432
7472196
7472881
7473514
7473969
7492106
7492723
7504756
7506158
7506980
7515360
7518267
7518768
7520238
7521490
7524966
7525669
7526143
7526650
7527580
7528046
7528357
7528731
7530091
7530538
7531129
7534598
7539492
7550302
7558701
7559691
7560527
7561014
7561668
7564407
7589855
7590880
7592898
7593200
7593651
7594174
7608733
7618157
7618540
7619278
7620662
7659674
7663470
7678186
7679575
7680292
7681013
7681599
7683294
7684133
7684612
7686250
7687206
7687602
7704003
7705091
7705665
7706434
7708273
7708855
7709446
7711976
7726550
7727239
7728398
7730006
7731519
7732874
7737425
7744970
7746269
7746831
7747198
7748293
7749106
7752395
7752824
7753659
7754448
7755799
7784472
7802418
7806163
7806941
7815224
7829736
7831193
7831529
7832002
7832357
7871001
7888803
7903999
7904520
7905184
7905713
7906157
7906539
7907265
7908328
7921652
7922446
7961699
7963445
7967066
7968631
7976380
7976866
7977725
7978711
7982515
7984552
7989254
7989581
7990098
7990727
7999457
8015719
8016658
8017061
8017673
8020020
8021146
8021901
8025717
8026909
8063411
8104617
8119960
8125614
8128131
8129988
8131152
8131634
8132287
8132868
8161968
8182970
8184628
8193441
8262978
8282991
8283529
8287308
8289248
8289924
8290425
8290524
8290942
8311195
8335907
8349227
8351171
8394777
8395525
8397012
8397956
8398344
8398663
8398948
8399320
8400894
8418252
8420730
8421769
8424433
8434042
8435630
8441043
8442582
8443221
8443786
8455765
8457757
8461393
8472464
8472957
8488871
8489132
8489456
8489958
8495168
8495541
8499659
8500682
8515714
8516366
8517146
8523163
8523696
8524052
8524524
8525323
8526698
8603886
8604417
8604922
8605447
8606438
8633279
8658512
8659279
8659648
8659970
8660273
8661358
8661765
8662167
8672990
8674299
8675311
8676801
8679276
8692569
8694106
8695220
8695636
8705657
8707043
8714484
8762739
8768285
8768736
8769646
8770730
8771128
8771525
8774621
8775529
8776985
8789102
8792091
8808996
8810773
8811336
8812480
8825174
8830686
8832004
8832479
8833784
8834704
8835840
8836392
8840700
8847588
8848041
8849510
8856077
8857200
8867150
8867541
8885513
8887580
8888630
8895787
8909618
8910241
8910705
8911089
8911443
8911753
8912293
8913215
8922703
8924144
8925444
8926005
8928222
8930689
8933149
8933652
8958096
8958817
8959618
8960301
8960943
8980817
9003360
9063920
9071435
9080616
9082305
9083007
9083842
9085380
9085912
9086531
9087207
9088318
9089148
9089621
9091011
9116221
9117319
9117633
9118146
9121610
9122167
9123191
9123959
9125568
9126124
9128419
9129197
9130800
9148093
9155909
9156670
9157675
9158191
9184520
9186710
9187951
9223326
9241399
9250332
9251220
9252335
9276603
9313764
9315877
9316577
9317238
9318210
9319698
9321269
9322362
9323354
9324327
9326320
9327336
9334387
9335020
9335821
9336247
9336663
9337629
9345265
9347248
9348342
9349617
9350180
9350526
9350958
9363647
9364276
9365253
9375905
9381512
9382549
9408797
9412097
9413850
9421627
9452180
9494613
9496030
9496985
9502765
9504101
9505877
9512860
9513673
9525101
9525618
9526349
9526728
9536914
9557735
9560258
9560698
9561230
9562398
9562731
9563135
9563912
9569423
9570130
9570433
9570759
9572652
9579882
9587592
9588209
9588514
9588878
9589242
9589724
9590533
9591050
9592209
9595027
9598713
9600839
9601435
9617247
9618392
9618655
9630858
9648720
9649155
9649728
9651003
9652406
9652986
9692834
9693787
9694226
9694950
9695262
9695542
9695882
9698257
9699236
9700571
9701317
9721711
9723888
9724733
9725645
9726811
9727676
9736626
9738676
9739831
9740693
9758890
9765607
9768003
9768558
9779483
9784272
9792624
9796352
9796696
9797091
9797814
9798276
9798767
9803458
9804141
9812933
9813706
9814072
9814507
9814935
9815238
9815617
9815982
9816351
9817281
9817700
9818461
9818945
9820279
9825999
9826468
9828561
9829207
9829725
9834092
9834972
9836525
9840314
9842681
9843243
9843612
9844096
9854749
9872297
9874655
9875182
9875753
9876173
9876826
9877323
9878029
9904043
9905313
9926819
9929927
9935324
9936323
9952620
9966916
9969197
9971020
9971694
9972576
9973165
9973716
9974464
9975010
10005477
10006304
10006714
10007165
10009835
10014987
10016074
10016956
10017370
10020464
10021763
10022416
10024882
10026057
10058768
10077207
10094368
10095311
10095806
10107219
10108793
10109447
10109992
10110703
10111677
10112164
10113006
10115753
10116743
10117273
10117738
10118736
10126117
10126869
10127354
10127833
10128187
10128830
10129230
10130094
10134149
10141203
10142130
10143357
10150081
10150836
10159508
10160779
10161230
10161714
10163773
10164562
10174836
10176163
10178396
10179345
10180098
10180995
10181724
10186385
10186877
10215374
10260903
10261121
10261697
10262785
10263682
10264318
10271578
10272304
10273481
10273917
10275086
10275511
10276131
10286527
10287419
10288514
10302724
10304239
10310123
10317210
10317719
10318402
10319650
10320469
10321225
10323105
10325818
10326182
10328272
10328801
10329596
10330391
10330682
10331350
10361275
10362156
10362835
10370646
10371101
10372764
10380355
10381085
10398285
10399557
10404680
10405888
10406896
10412133
10425724
10426830
10427696
10428090
10438622
10454738
10458263
10470249
10480480
10481837
10482796
10483657
10485191
10486898
10503168
10503764
10504895
10505855
10506188
10506559
10506923
10507278
10529263
10532456
10533395
10534355
10534660
10535146
10535428
10535758
10536166
10536469
10537386
10538347
10539152
10540844
10545039
10552605
10555235
10555919
10556430
10556914
10568587
10570035
10595719
10596309
10597391
10597832
10598414
10599076
10599991
10600730
10602246
10603074
10603735
10604144
10606050
10624709
10625562
10634530
10651580
10652261
10652745
10662868
10668184
10668572
10669163
10669569
10670138
10688814
10689604
10689864
10690239
10690595
10692515
10697291
10699541
10750299
10750801
10751349
10751641
10752191
10753970
10754654
10755090
10755919
10756449
10757534
10758830
10759771
10776844
10778545
10779444
10813672
10814128
10842948
10848711
10849649
10867136
10874387
10901178
10901844
10902797
10904120
10907515
10908846
10912436
10914431
10923727
10924624
10926010
10944158
10946615
10948659
10948936
10949307
10949693
10950182
10951232
10953949
10961525
10962186
10984462
10993221
11025191
11027341
11028230
11028866
11029811
11031011
11032144
11042834
11047272
11048950
11063324
11064626
11065808
11067508
11074098
11074987
11093183
11094869
11096703
11097176
11104188
11112582
11118409
11133204
11148595
11170201
11177063
11177544
