52.45573
854.0262
2359.607
2884.393
3397.502
11314.81
12146.03
19848
21425.52
42052.34
55340.77
68798.55
69262.53
71360.97
72407.57
72470.73
81394.96
115948.7
119153.9
120114.7
120652.3
129411.3
129811.6
131075.8
132715.3
133115.9
133471.6
134263.8
134949.9
135371
136682
137328.3
137743.8
138424.6
138996.8
147137.2
175846.6
177207.9
177746
178040.6
179170.5
179829.4
180311.2
183063.5
183552.4
183960.6
191490.2
192105.2
194067.3
196082
197349.7
203984.9
211082
211583.6
212388.5
212829.4
218820.7
220167.6
221459.5
223426.5
224192.3
227163.1
230396.9
230924.2
234988.3
261296.2
263625.8
264472.4
265060.2
265484.9
265810
266433.6
267085.4
267569.7
277830.9
278219.5
280540.5
282812.3
284196.8
284713.7
290181.7
290923.3
298967.2
320904.2
324491.9
344614.5
347658
348383.5
349905.9
350424.8
351712.7
352228.8
353112.7
368922.1
369834.3
373003.1
384113.9
397693.9
398601.8
401575.4
403074.6
403412.6
404224.2
404539.2
404922.5
410636.7
412521.4
452539.6
453707.5
454602.5
487523.7
488449.4
489605.2
490733.2
502647.5
510827.8
511589.5
512042.2
513037
518263.5
518753.6
519294.2
520414.6
537607.7
538368.3
541553
543437.2
550546.1
557040.7
557695.9
558429.2
565935
587902.9
590242.8
599360.5
599665
600802.7
601292.2
601401
602716.3
606849.5
607195.6
639844.6
640709.1
641307.1
642073.6
642524.5
650947.1
654691.1
655624.7
663155.6
664145.1
664887.5
667925.1
668360.6
688553.2
690148.6
700449.8
709854.1
712916.8
714816.5
723172.9
724050.3
735699.7
737180.2
738164.2
742563
743309.5
744002
744441.4
746449
748667.4
754443.8
760218.2
760405.5
761017.1
761885.8
762252.8
762828.6
763271.8
763741.8
763922.3
764503.6
773085.9
775733.5
776293.6
776828.5
780627.1
781508.6
782174.6
782481.9
782829.8
783214.2
783712
793644.6
796034
796689.4
797713.8
802485.2
804574.2
814374
814945.2
828530.6
829550.3
831500.3
840185.1
848239.2
850431.4
857859.9
864740.9
865448
875470.5
900424.2
901099.1
901870.9
903430.3
903937.3
923276.6
925050.5
926490.7
927266.3
927758.1
940370.6
944180.2
944549.4
945534.6
947624.5
950124.2
950443.6
951105
951396.8
951758.2
952341.9
957263.6
958316.3
963796.9
965024.7
966560.1
967589.9
986597
987081.6
987718.3
988309.6
988573.5
999643.8
999669.2
1002934
1003592
1004778
1005474
1008605
1023446
1030689
1046540
1047255
1050340
1050680
1051556
1052110
1076420
1079017
1080959
1081714
1082174
1083091
1084264
1084840
1085427
1085820
1086666
1087496
1087885
1089820
1090503
1091025
1091397
1093472
1099470
1107894
1109627
1110130
1110542
1111024
1111420
1111930
1112742
1113872
1118794
1119419
1122817
1124857
1133732
1135773
1136119
1136532
1136898
1137311
1138042
1141700
1142154
1144849
1150551
1155795
1156307
1156973
1157292
1157557
1158355
1161542
1164762
1167473
1169894
1170433
1173323
1174016
1174870
1175574
1176834
1177656
1178761
1179785
1180812
1184979
1185610
1186409
1187047
1197088
1197616
1199154
1201054
1202262
1208212
1209548
1222083
1248341
1248802
1249691
1250179
1262511
1269142
1280282
1310264
1311055
1311799
1318568
1319293
1319945
1320363
1329083
1354834
1355676
1356575
1357109
1357742
1358394
1365960
1366601
1367134
1368029
1378037
1379220
1380676
1381098
1419665
1421766
1422241
1423768
1432610
1433178
1434253
1447231
1448029
1448340
1448827
1449275
1450917
1453969
1454412
1460448
1466932
1487002
1493428
1494496
1495091
1495489
1496298
1497020
1498847
1500573
1501219
1509794
1532114
1532505
1533784
1534901
1542214
1545157
1546103
1546501
1568908
1569488
1577401
1588146
1589658
1590443
1591257
1592088
1592515
1593625
1607275
1607605
1618047
1619165
1620013
1620422
1621134
1629515
1630006
1630462
1632234
1633376
1636248
1637370
1648456
1656382
1656678
1656700
1658676
1660408
1665317
1673754
1674952
1694443
1698875
1703698
1704509
1705157
1707412
1717736
1718153
1719162
1719790
1720136
1720558
1721152
1721935
1728192
1728778
1729495
1734633
1735075
1735906
1736217
1737029
1747413
1773490
1807409
1852397
1852983
1894879
1895843
1896167
1898139
1918726
1923496
1926065
1927221
1947936
1951945
1952313
1967286
1967573
1974026
1996262
1997271
1997652
1997927
1998716
2015025
2021814
2022626
2024322
2024995
2025843
2026582
2027240
2027839
2030118
2037198
2039848
2040648
2055738
2057947
2058729
2059957
2060409
2060987
2062111
2062652
2063583
2087548
2088246
2102964
2106805
2120531
2121474
2123702
2153731
2154886
2156368
2182085
2192211
2197486
2198273
2198694
2206237
2210206
2218284
2222443
2224078
2224160
2228918
2256760
2287799
2311066
2311518
2312408
2314446
2320569
2321016
2322024
2324146
2337940
2338340
2339129
2340880
2342598
2353660
2354307
2355635
2365137
2365547
2368505
2381829
2382710
2390585
2393218
2395363
2434274
2434594
2435022
2439052
2439377
2439736
2440154
2440501
2440893
2441946
2451496
2456199
2456768
2458395
2467363
2467838
2468164
2468598
2468965
2472333
2485686
2487312
2501307
2503781
2504471
2525648
2526510
2526930
2527563
2529963
2564826
2579175
2591565
2602307
2616710
2634595
2635387
2635978
2647299
2647651
2648110
2648300
2648510
2649643
2650502
2654623
2655993
2656875
2670434
2676184
2676587
2676931
2677384
2678797
2680124
2680389
2680814
2681118
2725816
2726427
2732641
2791409
2797747
2826169
2826508
2829493
2830018
2845754
2853559
2857566
2876819
2901373
2928943
2930066
2930292
2930920
2931972
2934641
2935877
2943134
2962115
2963290
2968830
2969288
2969760
2999559
3001870
3002607
3003346
3008820
3011518
3019983
3020564
3027583
3039014
3072162
3073690
3074331
3074775
3075986
3077179
3077691
3078251
3078780
3079482
3079919
3090398
3090986
3091271
3092444
3093135
3094547
3125155
3130417
3161453
3161870
3162777
3163291
3163740
3167249
3168492
3169052
3169666
3170105
3171272
3206105
3227498
3230944
3239406
3245286
3245588
3245999
3246411
3256257
3267425
3267903
3269478
3270319
3270636
3303059
3304296
3307866
3317017
3338546
3340253
3340592
3341596
3354434
3354970
3355995
3358521
3360455
3360887
3385232
3385867
3386923
3388820
3390652
3392505
3392960
3393326
3393641
3394015
3394444
3395766
3406908
3407446
3408480
3410837
3412225
3432923
3435175
3482041
3482871
3494355
3494845
3495355
3495728
3501180
3516607
3533860
3542792
3543276
3557840
3558257
3566880
3567764
3568408
3568923
3570955
3573852
3574241
3600328
3614090
3639984
3646657
3647156
3648574
3649015
3669348
3670065
3670945
3672930
3673683
3689385
3698119
3698978
3701744
3719961
3721209
3721896
3722928
3724670
3729848
3740380
3742853
3763443
3782042
3782859
3800311
3811132
3811526
3825498
3827111
3828743
3834564
3837811
3839890
3842669
3843421
3843889
3844293
3856045
3856984
3867972
3869019
3870390
3871525
3888811
3889594
3892683
3895738
3895805
3896447
3897088
3902522
3902771
3903261
3903471
3903648
3903796
3903934
3904087
3904245
3904668
3904821
3904987
3905146
3905553
3905836
3906093
3906434
3906843
3907299
3907686
3908022
3908585
3909203
3913958
3915934
3916601
3917194
3917559
3918032
3918394
3918684
3919589
3919705
3920148
3920634
3921384
3921749
3922360
3922838
3923151
3923732
3924193
3925174
3940724
3941761
3962891
3971548
3972159
3973164
3974753
3987130
3989205
3999009
4000212
4002222
4002722
4003406
4003847
4004422
4085895
4096508
4098622
4099316
4099879
4100777
4103683
4109678
4118214
4126115
4127544
4127832
4128193
4128923
4129414
4129893
4131938
4132385
4132721
4132979
4133286
4133541
4133834
4134465
4134830
4135646
4136205
4136683
4150992
4152022
4152455
4152866
4153256
4153581
4155952
4158201
4162733
4163507
4163954
4164731
4165156
4165617
4166135
4169334
4170636
4198943
4200394
4202313
4202858
4204519
4236509
4237213
4240185
4242619
4243405
4245227
4255624
4256773
4257499
4264397
4272409
4273053
4273520
4274075
4274553
4281087
4281642
4282300
4282855
4286222
4296016
4296614
4297298
4304410
4311846
4312377
4321380
4322152
4325970
4344180
4345291
4345312
4348067
4349247
4353308
4356164
4362265
4363069
4363514
4364290
4365048
4411760
4413199
4413796
4414656
4434676
4437639
4441362
4442666
4443525
4473588
4476249
4476700
4477248
4480994
4508390
4509137
4509587
4515254
4515763
4516256
4517575
4524267
4524782
4526633
4541241
4541660
4541892
4542248
4542562
4542970
4543292
4543654
4544042
4544411
4544918
4619871
4620524
4621125
4621753
4622243
4623282
4624079
4624642
4628156
4647533
4678476
4679147
4684336
4686572
4687796
4688523
4691832
4706711
4708198
4727744
4728195
4728690
4729138
4729820
4730611
4731216
4736691
4738286
4739099
4746263
4757925
4759877
4763300
4764276
4787814
4794617
4795591
4800296
4817580
4819374
4829595
4834789
4840214
4841677
4920958
4921250
4921639
4921942
4922306
4960193
4960727
4962417
4975017
4984523
4985923
4986311
4986763
4987033
4987323
4987717
4988215
4997314
5029776
5030253
5049518
5053496
5053834
5054210
5055147
5055783
5056417
5057315
5065963
5077245
5088162
5089956
5090270
5107641
5108490
5143501
5144089
5144786
5146245
5146818
5147720
5148704
5157824
5158600
5189099
5195676
5196974
5212836
5213946
5216891
5217236
5217743
5225703
5226997
5227961
5228880
5234282
5236313
5247057
5247522
5249699
5250197
5253685
5254046
5254443
5255124
5274326
5275245
5283902
5287821
5288311
5289324
5297054
5297350
5297904
5298299
5298665
5300001
5314958
5315697
5328911
5330363
5330890
5339714
5340295
5342280
5372735
5374548
5374988
5375846
5400587
5401630
5403134
5404076
5405056
5410753
5416587
5417159
5431467
5451627
5465825
5471578
5476231
5476778
5477350
5477812
5480379
5481178
5485653
5502483
5517586
5522754
5523459
5524258
5524776
5533735
5539336
5541216
5548852
5568904
5583598
5586565
5587129
5587852
5587872
5588474
5588698
5592988
5594936
5595335
5595891
5596321
5597793
5598426
5611164
5625062
5626290
5649490
5649884
5651199
5672658
5673076
5675365
5675725
5676130
5676511
5676851
5677617
5678182
5679086
5685656
5692600
5716978
5721050
5723563
5759830
5765140
5766926
5768823
5770703
5771269
5775252
5776123
5790544
5801575
5810548
5824536
5825519
5853514
5853944
5854504
5855429
5856330
5867889
5868648
5884157
5885585
5886028
5888011
5888828
5898016
5900077
5900661
5910108
5911937
5912507
5936691
5943552
5950082
5951686
5971836
5972584
5999638
6028636
6029858
6046900
6063013
6067807
6068165
6074138
6078337
6079194
6080143
6081183
6085065
6096259
6104038
6104778
6105966
6113391
6115864
6116358
6117784
6120279
6121499
6122298
6128660
6130458
6145095
6155116
6156681
6159941
6160921
6165411
6173364
6181125
6183502
6184866
6185930
6192833
6193393
6194206
6195155
6195766
6196165
6197077
6200819
6201245
6245842
6253713
6254828
6256916
6257305
6267660
6268243
6268758
6269280
6270046
6300222
6300705
6310691
6349682
6357316
6358834
6359264
6359752
6360107
6361960
6372074
6373047
6374207
6374810
6388784
6390325
6390914
6391976
6392907
6393814
6395282
6396496
6415030
6419884
6443363
6443923
6448098
6456591
6457258
6458106
6470761
6483579
6484341
6509501
6517289
6532348
6536639
6561152
6580883
6581308
6581932
6582361
6587229
6592915
6594377
6609248
6617184
6617984
6629889
6630525
6631048
6631475
6632299
6634579
6635653
6637737
6664247
6664639
6672434
6695235
6695518
6703084
6703810
6704618
6707393
6715595
6715984
6716553
6717286
6718084
6718741
6719158
6719865
6720048
6757453
6758146
6759432
6781518
6782130
6782658
6784991
6807133
6845982
6847019
6847342
6847795
6875604
6876467
6879742
6883249
6883986
6884410
6885282
6891173
6904430
6905026
6926695
6934860
6936438
6937569
6941861
6943875
6944636
6945633
6946842
6953069
6954097
6956281
6956806
6965868
6966625
6996530
6997651
7013464
7046210
7046838
7048018
7048758
7049108
7049418
7052648
7060838
7066927
7067347
7082730
7084770
7086405
7087159
7087949
7088319
7088763
7089291
7099877
7109499
7110496
7111037
7112770
7119275
7119771
7120119
7120498
7121059
7121457
7121988
7122450
7122881
7123534
7124802
7136388
7137160
7146542
7147058
7147480
7148010
7148450
7149161
7149922
7156794
7163819
7172688
7173461
7200253
7209636
7210480
7212076
7212842
7218613
7219450
7228735
7228963
7230174
7230680
7234030
7237715
7238535
7239656
7239961
7240337
7250573
7280373
7282186
7293708
7300340
7302657
7303006
7303731
7318169
7318730
7321851
7324724
7337232
7338122
7338451
7349487
7350057
7350730
7351088
7351760
7353197
7382132
7406534
7407311
7410936
7426917
7427813
7428373
7436541
7437206
7438099
7439802
7440241
7440725
7441085
7441566
7442180
7443246
7444485
7446695
7452346
7453001
7453489
7454480
7455561
7480932
7482061
7497115
7497723
7498241
7498619
7498997
7499400
7500038
7504006
7520781
7521547
7537317
7538446
7542180
7551978
7571937
7579910
7580438
7582811
7585496
7586034
7586472
7586769
7587438
7588476
7589842
7605484
7608333
7608780
7609123
7609494
7610060
7612710
7621581
7623236
7623937
7624839
7651226
7683110
7683505
7687370
7709639
7710228
7710513
7710915
7711464
7739514
7741029
7759996
7761458
7768704
7769523
7780406
7781081
7781764
7792313
7793498
7795570
7796856
7798093
7803521
7804026
7804058
7804663
7805969
7807832
7832776
7850257
7851064
7852361
7853912
7854904
7855470
7857722
7865140
7865825
7876225
7882215
7895916
7896385
7896818
7897246
7897981
7898584
7914312
7914684
7915402
7915776
7916547
7922614
7924541
7929923
7942938
7944063
7953573
7954306
7995787
7997227
7998618
7999136
8003511
8004505
8005417
8006023
8006420
8007491
8008536
8018520
8019081
8020520
8049745
8052692
8053259
8074041
8115312
8115897
8126375
8141227
8171397
8173486
8178440
8179064
8185814
8186765
8188019
8189333
8191273
8227563
8228159
8229041
8229806
8230177
8230735
8242436
8242912
8243366
8245012
8280143
8284774
8285493
8286368
8287068
8287931
8288451
8288974
8289405
8295417
8296288
8307613
8308219
8308669
8309819
8330487
8333637
8334054
8334932
8336557
8379229
8379973
8380881
8405982
8406442
8406827
8407642
8409430
8413524
8414132
8414967
8416587
8418046
8423587
8424981
8426702
8428333
8470071
8474034
8474457
8475402
8475864
8476334
8490969
8508426
8510265
8511111
8511430
8511836
8516821
8562809
8563097
8563512
8563838
8564108
8564657
8581037
8582702
8583574
8590676
8591310
8592088
8623270
8623893
8625155
8625792
8626418
8627585
8631467
8631890
8632181
8632557
8635005
8662770
8663577
8664066
8664460
8665298
8673594
8677282
8678676
8736354
8743816
8751019
8752377
8758577
8778723
8779961
8786256
8787191
8788700
8789702
8793590
8805235
8824260
8835816
8836285
8836706
8837083
8838155
8846506
8847612
8848165
8849601
8868013
8877388
8882884
8883412
8890822
8906094
8906589
8906887
8907672
8917820
8919103
8919553
8919988
8920547
8921006
8921682
8939110
8940867
8961925
8964213
8965894
8967116
8967385
8971277
8972834
8974286
8975090
9003941
9036347
9038808
9048333
9049233
9050265
9050935
9054299
9058046
9058677
9060800
9061317
9081985
9083001
9085328
9109003
9109609
9132517
9133970
9134979
9152150
9155817
9174147
9199035
9199477
9201454
9202560
9214956
9215351
9216643
9218136
9235659
9236852
9237132
9239065
9239445
9242463
9242871
9247546
9247957
9248393
9248911
9257557
9295968
9309731
9310344
9311513
9312691
9313585
9344410
9345314
9346334
9352913
9368981
9371062
9377780
9378549
9381298
9381986
9382507
9392675
9404022
9405194
9409965
9410414
9410797
9416764
9418205
9419321
9419838
9420130
9421092
9422183
9422709
9423263
9423636
9425130
9450713
9451706
9452099
9452461
9452983
9453418
9454111
9455046
9456603
9457764
9467663
9468167
9472721
9514104
9515281
9516465
9524376
9526208
9527432
9528353
9529752
9531150
9547326
9571096
9579476
9581591
9589583
9602902
9606632
9630926
9638333
9646883
9647395
9655705
9658179
9678514
9693223
9694701
9695064
9695618
9699602
9700229
9702331
9705848
9706779
9708241
9727967
9729792
9740571
9742456
9762273
9775052
9776315
9814282
9814708
9819209
9844880
9847770
9851914
9856291
9866466
9866995
9867274
9867595
9868948
9869472
9869941
9870344
9870719
9871665
9877045
9878147
9878719
9963803
9989342
10016063
10046806
10078483
10080264
10080805
10081094
10081422
10084926
10085781
10086218
10087813
10092619
10111349
10111806
10112383
10112956
10113584
10120045
10123885
10134006
10134733
10135175
10135541
10136040
10136697
10184288
10186337
10187651
10195179
10198694
10199015
10199625
10200789
10222928
10225094
10226984
10265946
10267821
10285573
10288898
10290612
10291545
10299092
10302404
10302773
10303532
10304911
10307073
10307606
10309576
10311834
10314410
10315521
10317244
10318616
10319229
10327315
10329931
10353655
10355308
10386576
10401049
10403566
10403748
10404636
10421487
10440686
10444346
10445280
10454569
10455998
10461627
10462038
10462882
10463444
10464112
10478216
10479738
10480208
10480784
10481467
10481919
10482690
10483119
10483508
10495090
10495898
10498272
10498659
10499365
10499577
10499788
10509067
10532188
10532676
10533123
10533600
10534149
10535168
10535524
10536006
10536485
10546856
10557680
10558737
10563177
10579654
10580495
10592659
10596234
10596716
10598161
10600130
10615714
10616153
10617661
10619800
10637307
10638967
10697016
10708002
10708810
10709497
10720158
10727182
10729513
10731409
10732009
10732438
10763423
10767123
10767702
10773006
10810233
10814124
10826709
10829734
10830902
10832665
10833967
10840523
10841773
10844446
10845363
10854066
10876185
10877293
10877887
10881578
10881903
10882306
10883552
10886091
10887303
10915426
10916644
10918222
10920803
10946872
10976496
10980610
10981417
10988068
11003327
11003835
11004600
11013185
11014309
11021136
11022701
11023876
11024491
11025169
11051633
11054237
11063268
11066408
11066919
11067616
11068843
11074515
11075873
11078457
11087246
11091944
11092591
11098538
11099075
11100522
11101943
11103086
11143753
11147321
11152131
11177748
11178522
11179848
11192688
11197183
11198814
11199353
11200904
11261483
11287803
11328054
11337519
11350796
11357986
11360766
11384923
11385628
11388889
11402045
11442097
11445580
11475874
11520396
11521611
11522164
11530322
11542411
11543567
11549306
11549919
11574655
11576251
11576793
11613204
11616550
11617742
11637709
11638159
11638584
11639238
11640526
11641951
11656482
11657176
11658350
11671720
11674347
11676045
11676759
11708915
11773712
11782342
11803051
11823172
11835380
11836379
11862837
11891451
11905985
11906756
11907276
11908038
11908785
11909183
11909904
11918777
11942562
11943365
11943995
11944843
11945413
11946787
11947984
11957315
11959097
11959975
11960626
11961293
11962175
11964141
12000949
12005354
12008754
12009193
12010760
12012738
12054483
12059335
12059877
12060343
12061470
12084831
12085185
12086090
12086549
12087433
12087950
12088775
12089649
12090226
12090950
12104257
12153075
12153487
12154735
12155010
12155659
12161067
12193455
12198247
12207670
12212558
12213126
12213567
12214161
12214503
12215092
12218656
12219551
12220288
12220839
12221323
12249115
12253041
12254017
12254639
12255232
12255589
12256296
12259873
12260584
12263424
12274527
12275019
12275557
12276195
12276670
12276937
12277254
12277606
12278352
12278834
12279694
12281208
12283242
12284936
12285659
12286002
12294980
12295215
12295940
12305086
12321237
12323616
12338556
12339102
12339474
12340182
12346177
12349220
12349955
12350862
12354779
12395860
12396220
12397060
12398323
12398767
12399302
12399744
12410256
12412902
12432646
12434912
12435951
12436035
12436350
12436762
12437120
12437832
12439970
12440937
12441406
12441912
12442630
12443979
12444377
12444822
12449534
12449845
12450236
12450577
12451159
12452475
12469437
12492461
12492998
12493461
12493902
12494510
12495190
12495682
12508973
12510286
12526509
12535100
12545721
12546470
12548414
12549746
12555439
12573430
12575390
12577139
12577639
12578857
12603192
12617393
12645943
12661321
12673405
12685467
12695885
12698273
12714688
12715674
12730191
12735644
12736645
12737271
12739688
12740623
12741474
12779589
12782175
12782652
12783539
12799305
12799964
12801945
12805235
12810944
12811848
12814748
12815428
12816041
12836095
12836913
12842107
12842864
12843168
12843595
12845564
12873426
12874413
12875324
12875720
12876083
12894783
12895142
12895448
12897238
12939111
12939435
12939875
12941926
12977177
12977887
12995928
13024019
13059593
13060160
13060659
13061248
13061926
13062366
13103620
13105433
13105998
13108881
13119664
13120541
13121588
13122642
13144465
13154609
13155251
13156198
13157340
13157996
13158352
13172189
13172565
13172930
13190808
13191888
13195269
13195606
13195937
13196567
13197251
13197639
13198116
13219971
13236368
13238332
13239535
13244122
13270815
13271083
13271688
13272859
13273389
13274614
13275021
13275353
13275987
13276591
13278889
13279759
13302950
13314758
13315766
13317331
13326795
13328343
13330261
13330807
13340962
13342186
13365827
13366387
13366721
13368208
13389279
13390395
13395033
13417374
13418166
13419556
13420443
13426328
13426755
13427568
13428300
13428966
13429443
13445524
13458624
13461290
13464873
13473699
13477479
13479611
13480495
13481003
