2753.391
3179.204
3919.38
11980.55
12553.03
20530.96
38086.51
43208.04
43989.72
46092.25
46894.34
52189.59
59430.49
60149.26
69528.18
70426.97
70976.41
72413.12
84095.46
85103.91
85646.33
86117.09
93236.97
93895.78
94369.92
95056.19
98046.91
99193.05
104152.9
105510
108088.6
108702.3
109269.5
109969.6
110732.1
116637.8
119476.5
120078.8
120782.1
122079.5
139622.7
140700.7
141959.1
144330.6
144765.3
145225.4
145812.1
146280.8
147152.5
147608.8
148021
148729
153152
153884.9
154534.3
155096.1
157200.6
157927
158340.8
158886.6
164011
164786.4
165475.9
167712.5
168660.2
169768
170687.8
171299.3
176695.6
177279.5
178393
179053
180210.3
180785.5
181221.1
181690
182356.9
183076.4
183480.1
183880.4
201109.4
202214.6
202782.6
203460.5
204308.6
205563.6
206612.4
219448.5
227133.9
234446.9
235809.5
247175.5
247892.3
248257.2
249013.6
249560.2
259797.3
260602.4
261431.5
262571.3
276110.8
277346.5
278066.1
278932.5
279590.7
280487.5
293545.1
294526.8
294875.9
295378.6
296025.7
296915.9
311490.3
316438.9
320110.3
329998.2
342658.3
343259.2
344196.4
345302.8
346273.4
347206.7
348744.8
349356.5
350123.5
350858.4
351474
352011
359543.5
362108.4
362884.2
363278.1
363809.3
364639.3
365617.7
366367.8
367324.9
373837.8
377074
383810.5
389337.3
389679.3
390091
390538.1
390980
391451.7
392236.1
400735.9
401921.7
402343.3
402857.7
404857.6
405650.7
421571
422049.6
422741.4
423897.7
428236.1
428714.3
429706.3
452479.4
453381.8
453815.6
454339.7
454912.9
455384.2
467322.9
467867
468610.4
481707.3
482774.5
483422.1
484078.4
484625.2
485362.8
486039.2
486659.3
488103.2
488687.6
489121.2
489816.8
491127.3
492422.5
504181.2
505958.8
507218.7
507853.3
510406.5
511929.3
512778
517139
517565.5
518036
518457.5
518990.9
519711.9
520366.3
520925.6
531365.3
532192.6
535794.6
537384.6
538433
541639.5
542579.1
545633.2
546325.1
557092
558536.4
559741.8
562166.2
563374.2
564318.1
565243.8
566927.6
573858
575753.6
582909.5
585777.7
587370.5
588858.2
592153.3
592874.1
600779.5
601840.5
602853.9
604798.7
605711.7
606218
607111
616761.4
617759.6
628100.3
628564.5
629512.2
630580.1
631221.5
637358.4
652276.5
658850.1
659391.6
662945.6
670339.5
670990
672305.3
677645.8
678443.4
679482.9
680119.4
680910.6
681577.4
688543.3
688992.6
713101.4
714403.2
720129.6
721454.3
734342.5
734964.9
736268.5
749431.5
751595.9
752116
753121.2
754357.5
754805.5
755364.1
756216.2
760985.9
764196.7
770247.2
775377.3
777898.7
778450.3
778988.9
779616.9
786328
786933.3
787522.7
787994.5
788480.1
788876.7
789214.3
789683.7
790140.9
790898.9
792159.8
793006.1
793597.6
794025
794585.6
806974.6
807709.5
808923.5
810027.7
831732.6
836032
851222.4
851606.1
851908.7
852406.4
852780.8
853228.4
854376.5
855065
856180.4
870198
874973.7
876043
901093.7
901694.5
902413.5
903428.2
904574.3
907998.2
914729.2
916025.2
916748
937627.2
958379.6
960263
961417.1
965244.4
966366
969590
981979.5
986765.2
995736.5
1001476
1005000
1005561
1006107
1006614
1007138
1014374
1016289
1017101
1017846
1019343
1043118
1044074
1046970
1048431
1053385
1054016
1054653
1055462
1055942
1056532
1057473
1061140
1062678
1063279
1063895
1068173
1068857
1069398
1069752
1070140
1070663
1071075
1071555
1072836
1073603
1074408
1075039
1075537
1076022
1076413
1076840
1077874
1088788
1089242
1089753
1090161
1090653
1097849
1111801
1112534
1113790
1115458
1116179
1118747
1119371
1125799
1126297
1126934
1127463
1128083
1129146
1139596
1141321
1142081
1148110
1148740
1149696
1170260
1185436
1187072
1188192
1189779
1190217
1191029
1216923
1225870
1231135
1231712
1232065
1232545
1233092
1233858
1248062
1249010
1251999
1260996
1262172
1262752
1263493
1264132
1265537
1286194
1287513
1288201
1289129
1293968
1294502
1294849
1296148
1299319
1300310
1302026
1302865
1303484
1304661
1312999
1313427
1350446
1354352
1356852
1357401
1357930
1358371
1359468
1360050
1360559
1361185
1361618
1361962
1362401
1363092
1363745
1364989
1367941
1369732
1371023
1377260
1395932
1396394
1396850
1397230
1397671
1398035
1398520
1399980
1413306
1423327
1434218
1436666
1443115
1444354
1445149
1446050
1456830
1457957
1459075
1459716
1460278
1460913
1479935
1481838
1488884
1489523
1489945
1490512
1491045
1491568
1492543
1493085
1504152
1504541
1504982
1505503
1506427
1507494
1508320
1508923
1509618
1510169
1510674
1511160
1512834
1517648
1518301
1518814
1519529
1524456
1559252
1560160
1560728
1561838
1563612
1564894
1565574
1566966
1568336
1569351
1583982
1588020
1595001
1595604
1596283
1598422
1626479
1627059
1627558
1628188
1628689
1629010
1629407
1629784
1630285
1631932
1632812
1633662
1638223
1639469
1640459
1641328
1646577
1647460
1649471
1654032
1655577
1658716
1659218
1661373
1676791
1677780
1678448
1681309
1687397
1687913
1693604
1700798
1702315
1708282
1708684
1709382
1709934
1710613
1718155
1718835
1719455
1719884
1720879
1721568
1722016
1722840
1723426
1723935
1724587
1725525
1726444
1727257
1739752
1740358
1740865
1741256
1741739
1742323
1743132
1752890
1757819
1758999
1759809
1760455
1760884
1761311
1761806
1767280
1768089
1768754
1772682
1773136
1773469
1773998
1774618
1775739
1776441
1778093
1779012
1779775
1817825
1837216
1838722
1840095
1840917
1841465
1842438
1860088
1861015
1863554
1865295
1874870
1887180
1888065
1889178
1890410
1890745
1891265
1891768
1892318
1892767
1893303
1894042
1900319
1902030
1902866
1907772
1908377
1915066
1929921
1931401
1937652
1938340
1938759
1939997
1947564
1952767
1953211
1953684
1954265
1955148
1957281
1960278
1960871
1961841
1962958
1966343
1967924
1975942
1983896
1986637
1987424
1990036
1990895
1997559
2036755
2038816
2039379
2040533
2041030
2041954
2049272
2049697
2050288
2051660
2067697
2074246
2086218
2086744
2087763
2089398
2094678
2096011
2107365
2109956
2110508
2111028
2111620
2112305
2113221
2142772
2143747
2144386
2149451
2151331
2152172
2154643
2169687
2170460
2171941
2185689
2186639
2187891
2193915
2197622
2198927
2200125
2201355
2202189
2204064
2204590
2208408
2209865
2218456
2221401
2222760
2254244
2265352
2265810
2272931
2294678
2295515
2300191
2300785
2302266
2305991
2315217
2316102
2319425
2320593
2327892
2336940
2342393
2343252
2344174
2346076
2353504
2355121
2360422
2361296
2361657
2362057
2362970
2369947
2370670
2372364
2372939
2373715
2374083
2374889
2375546
2376613
2396527
2397293
2397723
2398237
2398724
2399655
2400368
2401572
2402806
2409128
2409768
2410700
2411679
2413135
2413646
2416113
2417191
2423116
2423904
2424852
2425626
2426326
2430311
2431856
2434749
2438235
2454132
2454503
2454812
2455219
2455834
2456937
2466862
2468023
2470603
2471106
2471514
2471922
2479877
2480352
2481106
2481586
2482881
2483453
2483921
2484356
2484712
2485356
2486542
2487343
2488013
2488674
2492765
2493132
2493843
2523340
2524618
2525364
2533933
2535159
2535877
2548518
2557861
2559213
2560056
2565765
2572253
2582416
2583227
2584302
2586006
2588362
2589748
2600066
2600895
2601394
2601829
2602150
2602511
2603330
2604731
2605122
2605633
2606219
2606757
2607433
2608597
2622688
2623206
2628394
2629495
2630159
2630643
2631099
2631705
2632217
2633560
2633965
2634560
2635205
2635867
2649698
2651576
2652441
2679189
2679732
2680951
2710673
2711316
2718516
2719163
2719610
2720001
2720828
2723280
2726232
2726678
2727263
2728013
2728592
2731950
2733276
2736739
2747509
2749649
2750226
2750956
2752140
2752891
2753451
2756914
2764190
2764823
2813342
2814252
2815151
2816356
2817232
2828567
2830745
2831884
2837690
2838007
2838722
2841482
2849278
2852654
2886104
2887940
2889371
2889820
2890256
2890682
2891731
2892173
2900267
2902695
2903126
2903670
2904444
2905262
2906724
2911612
2912360
2913181
2928254
2931530
2947984
2949700
2951743
2952534
2953108
2954006
2955479
2956906
2957367
2958496
2959658
2963022
2963468
2964944
2987872
2988451
2989443
2989871
3001826
3002565
3003563
3004607
3005345
3005917
3006637
3007350
3008275
3008906
3011700
3012380
3029710
3031368
3032288
3032898
3033831
3035392
3036732
3049882
3050482
3050967
3051440
3052382
3052765
3053123
3053705
3054202
3054605
3054978
3055320
3055673
3056129
3056569
3059873
3066354
3074195
3074729
3076165
3077353
3078342
3079248
3092281
3092804
3093323
3098428
3108123
3108730
3114367
3115161
3115905
3116630
3117404
3118346
3120168
3122788
3123816
3124341
3126005
3126939
3154943
3155780
3156759
3167355
3168082
3169353
3172515
3187141
3187679
3188233
3189341
3190259
3191563
3192463
3193934
3195174
3216313
3220891
3221276
3222168
3223389
3224578
3225136
3225685
3226219
3244381
3245173
3245609
3246067
3246572
3247240
3247716
3248140
3248697
3273836
3277925
3278554
3279391
3280259
3280736
3281264
3281692
3282289
3284411
3290947
3291351
3297640
3300410
3301167
3303194
3305008
3305784
3323760
3334895
3335876
3350747
3363561
3364659
3365857
3369093
3370570
3371509
3372126
3372581
3375177
3375945
3379137
3388148
3389290
3390244
3393263
3393966
3398855
3399764
3400677
3404401
3414194
3420738
3421842
3430841
3432040
3450873
3451495
3456173
3457163
3459769
3460891
3462022
3467871
3485116
3494227
3496507
3501723
3502382
3503240
3535448
3535920
3536677
3537414
3543107
3543574
3544017
3544393
3544763
3545070
3545322
3545900
3546741
3556887
3557420
3573919
3626603
3647336
3650748
3652064
3653999
3664915
3666154
3666824
3667424
3668206
3679125
3679925
3689020
3689458
3689916
3690623
3695021
3703364
3705191
3705824
3707741
3708187
3708893
3709424
3709820
3710390
3711268
3712342
3713301
3715049
3715812
3716776
3718170
3719160
3727029
3727939
3739625
3740691
3741151
3741532
3741979
3742386
3743008
3743555
3744432
3745220
3747128
3749539
3751720
3765749
3766946
3767468
3767805
3768344
3768875
3769508
3770666
3775221
3776361
3782700
3784439
3784932
3785244
3785581
3785944
3786397
3786743
3787358
3788242
3788802
3790770
3792178
3792853
3794131
3794834
3795283
3795949
3798594
3800069
3818540
3819158
3822932
3823776
3824614
3826643
3835367
3847997
3848900
3850964
3851525
3851988
3852444
3853632
3854565
3859357
3860527
3861216
3861898
3863309
3864553
3865272
3872078
3876075
3885037
3886413
3887222
3894216
3921880
3922680
3923573
3924285
3925868
3926895
3940773
3948420
3953397
3955221
3956036
3957122
3958196
3964867
3965417
3966134
3966927
3979717
3980675
3985227
3985643
3986130
3986600
3987584
3988146
3988735
3989807
3990628
3993216
3994325
3995101
3995722
3997084
3997719
3998494
4000084
4000550
4001233
4001695
4002148
4002523
4003155
4005442
4007983
4008578
4057639
4076529
4084352
4085140
4085994
4086627
4087432
4088044
4112938
4123294
4123892
4124266
4124614
4124920
4125364
4125721
4126111
4126484
4127004
4127750
4128967
4142129
4142768
4143324
4144193
4149200
4151288
4152100
4152596
4153273
4157698
4158222
4160623
4164743
4168814
4171482
4180093
4181134
4181631
4182034
4182370
4182786
4183208
4183793
4184148
4185557
4185893
4186391
4188460
4191771
4193252
4194451
4205729
4206505
4207031
4207916
4208878
4211875
4218325
4219081
4219737
4220527
4221101
4221701
4224286
4224951
4250969
4251935
4252978
4254461
4264753
4269469
4270283
4271240
4280490
4296508
4299744
4303526
4307361
4317938
4331665
4338399
4341084
4344271
4345054
4346942
4348263
4355354
4357966
4358575
4359675
4360842
4362550
4363474
4365867
4366475
4367787
4368654
4372922
4373479
4374485
4375220
4376919
4378182
4385926
4386721
4387624
4390994
4392073
4392985
4393753
4394714
4396249
4397683
4399687
4400939
4402320
4403218
4403896
4405366
4410797
4411629
4412687
4413313
4413770
4414279
4414703
4415210
4416168
4431315
4432091
4434086
4434765
4436145
4438401
4440376
4441755
4442361
4442849
4443540
4444266
4444671
4445093
4445739
4446638
4447184
4449102
4462332
4469698
4470130
4470753
4472193
4500133
4509668
4511928
4512383
4513103
4518331
4539446
4540378
4540789
4541493
4572759
4574851
4578692
4579554
4617953
4618952
4619547
4620290
4621649
4623555
4629106
4643947
4652473
4653772
4656741
4662487
4663402
4664310
4665135
4665701
4666549
4670895
4672389
4673772
4675036
4675827
4680222
4681888
4682918
4683494
4684057
4684623
4685559
4686052
4686674
4687324
4687952
4689059
4695956
4705440
4715330
4715873
4716394
4717186
4719754
4728781
4729578
4730158
4730994
4733276
4736957
4737783
4738343
4739055
4739652
4758150
4758733
4763263
4764183
4765923
4767116
4767806
4769539
4772568
4773522
4775433
4785001
4789489
4790000
4791210
4797015
4797763
4806255
4824241
4824969
4825805
4826792
4828171
4833463
4851242
4859742
4860844
4861364
4861708
4862099
4862621
4863274
4884115
4885096
4885707
4886191
4886797
4887639
4888350
4888815
4889267
4889763
4890368
4891246
4893242
4895051
4902887
4952137
4954580
4961725
4962828
4972006
4972535
4981448
4985402
4986045
4986577
4987034
4987595
4995126
4996506
4999184
4999794
5000925
5035430
5036845
5037422
5041706
5043851
5054114
5064772
5065828
5066567
5067297
5068199
5069087
5070323
5071967
5079391
5081347
5082013
5082589
5083573
5085641
5086711
5090293
5092237
5122791
5123531
5124512
5125459
5141576
5154219
5168883
5173357
5176469
5179399
5182953
5197705
5198367
5198769
5199077
5199455
5199751
5200302
5209196
5211592
5215658
5216702
5223761
5224766
5225633
5226326
5235088
5235989
5237592
5240459
5241010
5241472
5241983
5256484
5258335
5264525
5265424
5266262
5266967
5267754
5269122
5270063
5296581
5297444
5298145
5299221
5309093
5310204
5310629
5311229
5312482
5313449
5334677
5336784
5337511
5339322
5341507
5343273
5345854
5347189
5347980
5350510
5351195
5351717
5352151
5353081
5353926
5362064
5362635
5363329
5365026
5366569
5400640
5401279
5402228
5402761
5404064
5404751
5405341
5408999
5413268
5414052
5414681
5415217
5415674
5416063
5416662
5417452
5418390
5419158
5427717
5444032
5444895
5446357
5447506
5448508
5465805
5469686
5470424
5489517
5491476
5493378
5494142
5494622
5517507
5518246
5518741
5519517
5520331
5520943
5521483
5522383
5526672
5532756
5533295
5533840
5534314
5534752
5535171
5535730
5559259
5559696
5560247
5563234
5564782
5585204
5589640
5590651
5595633
5600271
5600989
5613736
5624964
5627741
5628311
5629474
5630528
5631295
5631859
5632386
5632978
5633606
5636028
5649239
5652705
5664580
5671258
5672574
5673209
5675105
5680606
5689800
5692281
5692941
5693622
5694337
5695068
5695974
5696679
5697428
5697998
5698670
5702242
5721844
5722597
5724640
5731610
5732075
5732795
5733373
5741841
5742506
5743128
5744148
5744924
5745409
5746531
5750101
5751650
5756876
5761695
5762548
5763181
5763697
5764162
5764479
5764806
5765363
5766715
5767807
5768952
5769506
5770269
5771734
5772897
5773563
5774462
5774871
5775426
5776049
5776860
5813383
5814877
5816427
5826106
5865823
5887600
5888031
5888443
5890250
5912616
5924910
5925697
5934545
5937904
5938345
5938970
5939487
5940008
5947463
5958628
5959687
5961399
5962232
5963025
5963736
5964743
5965540
5966116
5966472
5967345
5982848
5983260
5989745
6003459
6004348
6004924
6007023
6007698
6008031
6008381
6008763
6009121
6019009
6027437
6039252
6040294
6063976
6067294
6067906
6068782
6069547
6070305
6070832
6071165
6071490
6071783
6072286
6072649
6078054
6079303
6091535
6092381
6093070
6093707
6094914
6100873
6101812
6102597
6108535
6109559
6110857
6111328
6111801
6112621
6113679
6135281
6138602
6150809
6152949
6153900
6158537
6163818
6164525
6165212
6165873
6167334
6168004
6169083
6169628
6170054
6170585
6170999
6172343
6189300
6189723
6190176
6190597
6190968
6191601
6191981
6192547
6193421
6194099
6212840
6234665
6235159
6235719
6238445
6264186
6268437
6272444
6274191
6276959
6301425
6302717
6303609
6328654
6329647
6330249
6330816
6331625
6332210
6332975
6333522
6334808
6336219
6337257
6337771
6342973
6343941
6345629
6346273
6346891
6347198
6347493
6349578
6351289
6353232
6357049
6358501
6359345
6360208
6366089
6366846
6367330
6369389
6369974
6371043
6380158
6383159
6383666
6392201
6393914
6394442
6395908
6398654
6399288
6400841
6402353
6412676
6414601
6415323
6416413
6418175
6419459
6420163
6420949
6421572
6422119
6444540
6445245
6450496
6463443
6479653
6487463
6489617
6492158
6522530
6522972
6523592
6524291
6540115
6541236
6541676
6552055
6552464
6554743
6555856
6558690
6559548
6561360
6562929
6565800
6567604
6569718
6570231
6571184
6571844
6572474
6573985
6574750
6575924
6577215
6581963
6584119
6585008
6586653
6595879
6597668
6625970
6627136
6633021
6645472
6666447
6667219
6668269
6669701
6671793
6672575
6673137
6673642
6674206
6674825
6675281
6675663
6676345
6677328
6696947
6697635
6698248
6698894
6705020
6705585
6706093
6706565
6707094
6707823
6709990
6710878
6714629
6715607
6716381
6726350
6727463
6730719
6769069
6776868
6781774
6782389
6782818
6783297
6783738
6784632
6785664
6786435
6797958
6799245
6799660
6800204
6800692
6805298
6805989
6807377
6807906
6808249
6808961
6821986
6822872
6823710
6824381
6828672
6829261
6829841
6833963
6834632
6835054
6835913
6836530
6837107
6838225
6839053
6839624
6840401
6841429
6845343
6850345
6855259
6860343
6861731
6863036
6863697
6865396
6890550
6896012
6896453
6897116
6897611
6897913
6898280
6898691
6899490
6900032
6920111
6923153
6923850
6937924
6939163
6939688
6940079
6946782
6948651
6949564
6958279
6966132
6977501
6983216
7001673
7002718
7005653
7006807
7011397
7022130
7022629
7037803
7038750
7039448
7040310
7040693
7041660
7042857
7044874
7046170
7056369
7057613
7059958
7060781
7061486
7062024
7062432
7063134
7067097
7070105
7071117
7071582
7072192
7072647
7073251
7086286
7086917
7087514
7088073
7088893
7089291
7089729
7094596
7114120
7114801
7115547
7116570
7117470
7117909
7119102
7120127
7121272
7127571
7128747
7141228
7147434
7148219
7149083
7150956
7151703
7153363
7155296
7156618
7159021
7159900
7160672
7161146
7162277
7162777
7206717
7207606
7215120
7216286
7234081
7240569
7242168
7243927
7244708
7246215
7251923
7252520
7267518
7269038
7270023
7277837
7279674
7280477
7281190
7288330
7289038
7289534
7290185
7290876
7292863
7294052
7299063
7300195
7307763
7308779
7311851
7312806
7313948
7315056
7315570
7325138
7326784
7327745
7328932
7345409
7347023
7348182
7351735
7352348
7353182
7367032
7367750
7377515
7378197
7379012
7384039
7390994
7399452
7410856
7412082
7412646
7413207
7413756
7419790
7420477
7421032
7421421
7421874
7422300
7422635
7423013
7423364
7423939
7424681
7425352
7435735
7436372
7436824
7437276
7437855
7438932
7439890
7441063
7441874
7444079
7444991
7445518
7457527
7458766
7460168
7461691
7464640
7465435
7466190
7466715
7467418
7468165
7468675
7470156
7471622
7472850
7490817
7491894
7502767
7504612
7505641
7506108
7507018
7507763
7517504
7518028
7519687
7521113
7544755
7545877
7585684
7596138
7597908
7601051
7602957
7604366
7604812
7605516
7606587
7607403
7616389
7620041
7620745
7621717
7622194
7623159
7624729
7625142
7625514
7626329
7626843
7628628
7629408
7630309
7659047
7660585
7661293
7663900
7666343
7668437
7669029
7669686
7673365
7677608
7678335
7689348
7691480
7703087
7706561
7707679
7708559
7718591
7719036
7719680
7720323
7721769
7722629
7732738
7735038
7735869
7753868
7754746
7759154
7767730
7768607
7769159
7769719
7771676
7772562
7782980
7783846
7784304
7784918
7785385
7786331
7793472
7794183
7794765
7809945
7811444
7822906
7826112
7839667
7840073
7840701
7841264
7842039
7842523
7843753
7844351
7845418
7847981
7850937
7852882
7853767
7864381
7865204
7866040
7866595
7867288
7882114
7882925
7895043
7897459
7898355
7898923
7899290
7899631
7900082
7900627
7902393
7902859
7903384
7904229
7905105
7905571
7906162
7909308
7911756
7914710
7918426
7919238
7920623
7921193
7921653
7936175
7936908
7937797
7938361
7938748
7939145
7939929
7942793
7950832
7952801
7954257
7956932
7959053
7959610
7964744
7967280
7967922
7972698
7973354
7974392
7998777
7999827
8000780
8001386
8002168
8002845
8004053
8005234
8016159
8023700
8025002
8025608
8026129
8026750
8028275
8032523
8033347
8034174
8035821
8037332
8044253
8046050
8049604
8055275
8055790
8056562
8057282
8059899
8070362
8072961
8073404
8073986
8074684
8075943
8105276
8114381
8115488
8116024
8118436
8130822
8132077
8133232
8133882
8134849
8152968
8154525
8155249
8157246
8159518
8160499
8161669
8162792
8163915
8187357
8188116
8188683
8189325
8195076
8195781
8203515
8204101
8204553
8204999
8205375
8205846
8206637
8210335
8211149
8212478
8213477
8214782
8217378
8219018
8219757
8220445
8221016
8222090
8224302
8224729
8225143
8226085
8226741
8227184
8227660
8228959
8229944
8230632
8231024
8231662
8233406
8234504
8237882
8238511
8247081
8247892
8249086
8250443
8251446
8252075
8252928
8257334
8258176
8266307
8266850
8267288
8267625
8267950
8268423
8268950
8277601
8285089
8288110
8288610
8289096
8289453
8289991
8290540
8294773
8295710
8307100
8307684
8308183
8313790
8314601
8315818
8333467
8334551
8356536
8356978
8357859
8358539
8359077
8361310
8369295
8371168
8386544
8394182
8394672
8398891
8399583
8400281
8400624
8401076
8401679
8402345
8402995
8403480
8404037
8404803
8405573
8411621
8416325
8418111
8418750
8429140
8436391
8437689
8468999
8488923
8490309
8497339
8498076
8505899
8506753
8508078
8514390
8519373
8521149
8522094
8522752
8523348
8523776
8564633
8566743
8567562
8568525
8570749
8571515
8572456
8573018
8584947
8585968
8586477
8587267
8587794
8588847
8590226
8590767
8591498
8592982
8593876
8598788
8604717
8611011
8611827
8613809
8617881
8628906
8629755
8630493
8631307
8657872
8659015
8660408
8666454
8667998
8677645
8697093
8699556
8706370
8707449
8712860
8726919
8727768
8729606
8739957
8740435
8741025
8741667
8742661
8743453
8744076
8744784
8746361
8763051
8764092
8764687
8765442
8767511
8783523
8809530
8810291
8811857
8812618
8813834
8824016
8825253
8826122
8826740
8832327
8845499
8851199
8851961
8852568
8853480
8853943
8854475
8857727
8859385
8875873
8876440
8882898
8884392
8887740
8899348
8922758
8923491
8924346
8926625
8927576
8932758
8933753
8934935
8935489
8936342
8937692
8942628
8943073
8943491
8943976
8944959
8946563
8954832
8959033
8962064
8963015
8963759
8964511
8968543
8971315
8972539
8973649
8978062
8978966
9029697
9030305
9030903
9032693
9040398
9041283
9041956
9043232
9043874
9044740
9052286
9053875
9067973
9068698
9070390
9083142
9083870
9085294
9093879
9095337
9105128
9106018
9107326
9111337
9117339
9118196
9119289
9122212
9133300
9134325
9134728
9142479
9144960
9188575
9212451
9213004
9220726
9221311
9221864
9224318
9225430
9226071
9226785
9230126
9230956
9231369
9232661
9233313
9233955
9235100
9235945
9236723
9246215
9246703
9247106
9247378
9247691
9248037
9248312
9248656
9249023
9249534
9250077
9250732
9251570
9252420
9253756
9254413
9255220
9257183
9272805
9273457
9273990
9274421
9274801
9275482
9277410
9281939
9283453
9294550
9302154
9302595
9303866
9304532
9305201
9305750
9306659
9308971
9327433
9327860
9328731
9342232
9345933
9357222
9360844
9362098
9370966
9371417
9371976
9372575
9376133
9377158
9378426
9395222
9396614
9398598
9415027
9451466
9451975
9452464
9454189
9458611
9459731
9460182
9460798
9461237
9464775
9467409
9468003
9476008
9477002
9480040
9481024
9481566
9487880
9488486
9489154
9489878
9493316
9494335
9542901
9544561
9545193
9545529
9545897
9546442
9547121
9547860
9562386
9563214
9563619
9564346
9566314
9576247
9577357
9579504
9594388
9595737
9596455
9596894
9597414
9598102
9599158
9615831
9617511
9621409
9623897
9624815
9625557
9626283
9626774
9627315
9627989
9630614
9634767
9635300
9635837
9636583
9637744
9638298
9640773
9641354
9643702
9647069
9648816
9650423
9650874
9651584
9652193
9653217
9653905
9654472
9655043
9659881
9660666
9661272
9662061
9662679
9663502
9674705
9676667
9677405
9678812
9679907
9701385
9705242
9705913
9707779
9709371
9718395
9718807
9719732
9721119
9722489
9723104
9734068
9741510
9753780
9755091
9757087
9758348
9759562
9760623
9765574
9766264
9767321
9769056
9770754
9781923
9782817
9796565
9802540
9803363
9804659
9806313
9807854
9829035
9829519
9830009
9830611
9859362
9863949
9864915
9866250
9866871
9867535
9869813
9870641
9871312
9872572
9873283
9873933
9874489
9874923
9876912
9879149
9879684
11267801
11269989
11277236
11278030
11278758
11279482
11280629
11282266
11303610
11306280
11309962
11310882
11311751
11312819
11313709
11315226
11316678
11322203
11329562
11330178
11332101
11358429
11375048
11376934
11380186
11381056
11381485
11381955
11382512
11383062
11384130
11385427
11386808
11399351
11399979
11401026
11401971
11403546
11407738
11408744
11411191
11411702
11412561
11415103
11416543
11417362
11426942
11429280
11430013
11430571
11431351
11438728
11439533
11441172
11442877
11454337
11454859
11455562
11456968
11465030
11481049
11482194
11488336
11489209
11498285
11526257
11527355
11529917
11531549
11548787
11557822
11558635
11560275
11561577
11567903
11568263
11568703
11569383
11576744
11577479
11577883
11578739
11582098
11584061
11586427
11587520
11588066
11588958
11589643
11593467
11594145
11594580
11594912
11595296
11595880
11596483
11598125
11617283
11618144
11618914
11619949
11623990
11631426
11632547
11635875
11654760
11655412
11657042
11657773
11675921
11678636
11702245
11703989
11704443
11705816
11717223
11718611
11721406
11735187
11736064
11739602
11741010
11741641
11742573
11743752
11748402
11748877
11762398
11768905
11770398
11771265
11782618
11783378
11784161
11784562
11785044
11785884
11786722
11787260
11787842
11788770
11791664
11792495
11802290
11803062
11803838
11804870
11805512
11806715
11818953
11819527
11820216
11821243
11822127
11823200
11823734
11824001
11824487
11825009
11828133
11834900
11842522
11844121
11845191
11845941
11846680
11847408
11847889
11848222
11848517
11848785
11849133
11849456
11849954
11870050
11871059
11887269
11891792
11892392
11892962
11894403
11895600
11910448
11911756
11912713
11926933
11929349
11930349
11931214
11940342
11941075
11951499
11953102
11962038
11968744
11973086
11976912
11979013
11979815
11980765
11982823
11983807
12035504
12041719
12042086
12042363
12042672
12043210
12043514
12043819
12044136
12044589
12045705
12048868
12049686
12059346
12064837
12065298
12065802
12066317
12067078
12067680
12068285
12068748
12071236
12072493
12073222
12074234
12074713
12076513
12092935
12094188
12104253
12104708
12154140
12155174
12166001
12167467
12168082
12168841
12169351
12169668
12170027
12170603
12172737
12174208
12174888
12177266
12178414
12179483
12181962
12183795
12188771
12189363
12189929
12190971
12201384
12209154
12209924
12211670
12226942
12227522
12227947
12228550
12230430
12245998
12246580
12247154
12247764
12248119
12248490
12248953
12250023
12252440
12255927
12256535
12257712
12258880
12260071
12268657
12269347
12270275
12271941
12274198
12280166
12280929
12281452
12281931
12282372
12282914
12283316
12283993
12288286
12300680
12301297
12303396
12304519
12312553
12314398
12315026
12316313
12317652
12318570
12319742
12320152
12321130
12326750
12330221
12331110
12332449
12332971
12333539
12334087
12356018
12356970
12357709
12358628
12359840
12360584
12367118
12367677
12383081
12387742
12390779
12391632
12393879
12394227
12394705
12395323
12403594
12404359
12404845
12406460
12407687
12408152
12408792
12409455
12411551
12426470
12427134
12428095
12441463
12442093
12442643
12443314
12445570
12446184
12446828
12447992
12455961
12478265
12479913
12481993
12482507
12482979
12483532
12483981
12493237
12494107
12504887
12508427
12514421
12516740
12517634
12518344
12518955
12519407
12519846
12520660
12521014
12521747
12522567
12523179
12523691
12524721
12531871
12534376
12546625
12547581
12550465
12551537
12552503
12552888
12553340
12554023
12565590
12566206
12567342
12570164
12572238
12572945
12573667
12574097
12574475
12574874
12575381
12576011
12577550
12600556
12601268
12618015
12625408
12626192
12632486
12633276
12654119
12658088
12659007
12659828
12660435
12660967
12668438
12687438
12690261
12690877
12693875
12724106
12726107
12726894
12727879
12735282
12744628
12750449
12751010
12751447
12751841
12752295
12752837
12753340
12753890
12754646
12762586
12767440
12770400
12771481
12771983
12772634
12773224
12773708
12775167
12786562
12788078
12791529
12796465
12808217
12808826
12810151
12811024
12817860
12818693
12821402
12822048
12822606
12824013
12825054
12828996
12830468
12845504
12846484
12847015
12848357
12856951
12857985
12858699
12859426
12859998
12860719
12861530
12862040
12862632
12863027
12863840
12864579
12865458
12867736
12875203
12876066
12876807
12877553
12878528
12879201
12879878
12890999
12896502
12897844
12898723
12911186
12912482
12913574
12916936
12919330
12919819
12920695
12922556
12927341
12928069
12928582
12929364
12929790
12930649
12932216
12934002
12934632
12936140
12940796
12945490
12964783
12965450
12976714
12977469
12977899
12979065
12984985
13022972
13023754
13024517
13025210
13056825
13062615
13063599
13064675
13076022
13076466
13076823
13077198
13078037
13078797
13079797
13080335
13080968
13094754
13100493
13101812
13102645
13112384
13112987
13113975
13114873
13116500
13118677
13124205
13125559
13126133
13126557
13126932
13127756
13136082
13136840
13140423
13141129
13148897
13149364
13150072
13150487
13151081
13151724
13153387
13154334
13154937
13160412
13161306
13162328
13166911
13172043
13173559
13175190
13176339
13177340
13189287
13196013
13199469
13221554
13225469
13233903
13241939
13242831
13244040
13245411
13256962
13257937
13258623
13269353
13283162
13283837
13284221
13284722
13285113
13285791
13286430
13294048
13294866
13306166
13307062
13308307
13309476
13319720
13321444
13323636
13324840
13326424
13327878
13328858
13330082
13330507
13331043
13331842
13340059
13340679
13342565
13348906
13365427
13366121
13366806
13367502
13371728
13372321
13373166
13391635
13413387
13422920
13423440
13434074
13435014
13448561
13449954
13451707
13452090
13452608
13453375
13453895
13454572
13458816
13461886
13463098
13463855
13464756
13465379
