270.6544
644.424
1172.326
2347.054
2885.434
3377.572
4225.48
4890.979
16622.52
18051.66
25247.06
47227.56
57634.81
65549.26
66503.55
78996.22
88944.52
89839.71
91095.29
94116.29
95485.95
96014.94
96606.37
99707.58
100126.9
101039
101704
103540.8
109565.2
111053.1
114718.8
116680.2
119247
120213.9
120816.7
121459.2
126592.7
128227.9
128785.5
137157
137895
140284.2
141450.8
147818.5
148231
148787.9
159715.3
177698.1
185822.6
190306.1
191093.5
192529.8
196792.2
197770.5
198661.3
201838.9
217173.4
217880.6
218290.6
221044
221810.3
223469.2
232925.1
235545.1
237361.4
238645.4
239856
240518.9
242544.7
243507.1
244700.5
245474.3
246027.3
246561.1
251700.7
252546.3
253298.6
253950.4
254356.5
254922.4
255604
256458.1
257706.7
259154.1
261146
275208.3
275855.3
276882.3
277646.4
278855.2
279757.7
283996.1
285499.9
288550.6
289276.4
289671.2
290189.7
297369.1
299526.3
300151.4
300864.2
301610.4
302373.5
305694.7
311262
312644
313242.1
329380.9
338960
347012
348611.7
349554.9
350849.1
351626.6
352193.3
354648.4
355466.8
356105.6
356698.9
357141.9
357431.1
357870.6
358286.5
358694.2
359207.6
359561.5
360099.2
360727.3
373821
376472.8
376930.9
378231.4
384363.7
384833
385320.4
386317.3
388333
394138.4
394832.4
395492.8
396916
397438
399405.5
399811.4
400659.6
401171
401475.7
401791.1
402092.9
403088
404427.5
410357
411910.4
416927.3
417402
418040.9
419122.5
420429.8
421179
421700.3
422695.1
424016.5
426322
429153.4
429886.5
430491.5
450151.3
450948.4
451636.6
452175.6
452540.2
453050.8
453400.2
453765.1
454269.5
455262.5
456061.3
456341.4
456761.5
457265.3
457883
460543.5
461333
461787.4
462342.4
485415.8
486038.4
487025.5
487936.8
488445.3
489020.3
489711.6
490870.4
491688.6
496383.4
498294.2
499337.7
499961.2
507592.8
508401.5
512793.6
514256.3
524298.3
525225.5
533524.1
535297.4
541562.2
547365.5
548763.7
552795.1
554107.9
554521.3
555016.8
555565.9
556903.4
557441.5
557836.5
558209.6
558573.4
558925.2
559562.8
559930.2
560272
560672.6
561188.2
562669.8
563648.4
565717.1
572819.4
573729.7
582148.6
590884.7
591590
592166.8
621208.9
633195.5
634125.3
637663.3
638220.4
638792.4
639483.7
639972.5
640790.6
642630.5
643141.4
643541.6
644252.5
645518
646416.9
649805.8
650492.6
651019.8
651616.6
653735.4
655366.7
658083.7
675127.8
675827.1
676448.3
678065.2
679280.6
679869.6
680300
682353.4
683221.3
684427.7
687414.2
692339
692933.1
706059.4
709271.7
709911.4
710389.5
710806.4
711368.8
721124
722122.8
723585
741458.7
742171.3
743483.5
747200.6
748946.6
749673
750280.7
750833
751419.4
752028.5
757348.6
758306.1
763526.2
764601.9
765244.1
766915
767540.1
777762.2
778715.5
779099.4
779505.8
780091
785185.8
794698.4
803101.6
803811.9
804418.8
804847.8
806849.8
807594.2
808034.1
808515.5
809146.4
810771.8
812779.2
817055.5
821229.7
822696.4
823674.2
824565.7
832037.4
843114.5
872934.6
879085.3
879480.5
879861.8
881164.4
923576.3
924963.6
925715.8
939129.9
940176.9
942098
942693.4
944835.8
945813.6
946725
971365.4
971926.9
982009.6
995960.5
996456.4
1009490
1010202
1010769
1011247
1011678
1012192
1012728
1021203
1025863
1027032
1028671
1030077
1042126
1042661
1043224
1044247
1085880
1086454
1086873
1087392
1088312
1112411
1120390
1121205
1179212
1187999
1188644
1197444
1197895
1208977
1210127
1210724
1211956
1237738
1239690
1241206
1241700
1242246
1242545
1242924
1243277
1243840
1245030
1245628
1247705
1248869
1264742
1270125
1282273
1288335
1301398
1302378
1322807
1324871
1325659
1326106
1326699
1327576
1328138
1328793
1329425
1330596
1377630
1381869
1389842
1402076
1402784
1403392
1413289
1425968
1426774
1429049
1429871
1430569
1431456
1432793
1434146
1435386
1435792
1436825
1454075
1455332
1459159
1460524
1461434
1466475
1467180
1468778
1489204
1491750
1534983
1535389
1535839
1536452
1537740
1543987
1544457
1545023
1545683
1546999
1547712
1556225
1557499
1558610
1577077
1581011
1581975
1591349
1594121
1596301
1601173
1601792
1603071
1609679
1610197
1611328
1627936
1629133
1629687
1630644
1631563
1642037
1643392
1648723
1649680
1650410
1651207
1653895
1654837
1655579
1660483
1666922
1667555
1668228
1669241
1670073
1679042
1685106
1685694
1686433
1686961
1687426
1688016
1689498
1690663
1694648
1695335
1696358
1698603
1699618
1700620
1701144
1713154
1713936
1719405
1720127
1720720
1723041
1723822
1725415
1727912
1728809
1738406
1749706
1755212
1756116
1757011
1807149
1808327
1808915
1810178
1810876
1812835
1814630
1821938
1823893
1824451
1825104
1825745
1826369
1827180
1835676
1836372
1851324
1851980
1853562
1854121
1854591
1855138
1855728
1856554
1863158
1863679
1864529
1864958
1865443
1867015
1878647
1879486
1880211
1880811
1886122
1886555
1886929
1887877
1889191
1894501
1895616
1896021
1896768
1897139
1904146
1913897
1914428
1915086
1916263
1917566
1920921
1931870
1951395
1967544
1974328
1975295
1976479
1977126
1990964
2002744
2007198
2009488
2010052
2011227
2011616
2018625
2022925
2033754
2034209
2034559
2036068
2036561
2055216
2056416
2056999
2064367
2065183
2068109
2070802
2071627
2078285
2078903
2081310
2082295
2082982
2092752
2093262
2093767
2094425
2094906
2095937
2099142
2119404
2123181
2123709
2129121
2130146
2138110
2139566
2140424
2145918
2159949
2160503
2160948
2161414
2167378
2173407
2175026
2187387
2207028
2207765
2210015
2210441
2210981
2211508
2211876
2212360
2212906
2213311
2213850
2219525
2250189
2251036
2265582
2269785
2270252
2270764
2272940
2273536
2275095
2276228
2291482
2298284
2299449
2303681
2315618
2329375
2331526
2332885
2333548
2334856
2335358
2336191
2337321
2337883
2340471
2341213
2341768
2342335
2382588
2389580
2392249
2393075
2398676
2439010
2446907
2447522
2448014
2448411
2448779
2449230
2449743
2450123
2450778
2451346
2454858
2493440
2504170
2505557
2506028
2506540
2507125
2507728
2508635
2509332
2509839
2510267
2510933
2518811
2519600
2520362
2520921
2521770
2529339
2529727
2551047
2553188
2559463
2559937
2560751
2561754
2562997
2563539
2564123
2564559
2566535
2567335
2567743
2568400
2569194
2569741
2571829
2572301
2573017
2596897
2597312
2597925
2601867
2603029
2605518
2606208
2615295
2616440
2617098
2617945
2618758
2619452
2619904
2620339
2627819
2637639
2638548
2639114
2640273
2659728
2662787
2673699
2674478
2674959
2675557
2678154
2678838
2703660
2704220
2704833
2705472
2707612
2708131
2708813
2711221
2712058
2713836
2714724
2715288
2717389
2718023
2718810
2722833
2723940
2740327
2740976
2756111
2758070
2758678
2760175
2762659
2763769
2769349
2786703
2790544
2791420
2798407
2799142
2816831
2823862
2836285
2837027
2838138
2838644
2839365
2842051
2876626
2877531
2894004
2899763
2900686
2907722
2911598
2916486
2917134
2925053
2929744
2939544
2943506
2945168
2946206
2947387
2948204
2949129
2949963
2951037
2952355
2968132
2968842
2969404
2976358
2987641
3060864
3061647
3062144
3062548
3062960
3063912
3077777
3078372
3078803
3079325
3080399
3098123
3098514
3098957
3099397
3100329
3119371
3121163
3122637
3130384
3152327
3153563
3154788
3161871
3162397
3162787
3163183
3163566
3164169
3164886
3166052
3178100
3178515
3183729
3193551
3194050
3194554
3201485
3202465
3208564
3209287
3218037
3218950
3232125
3254979
3258571
3259557
3263644
3264320
3274818
3281378
3302872
3322219
3336726
3337464
3337999
3338400
3338821
3339293
3339837
3350588
3351082
3373473
3373961
3374572
3386244
3390056
3399177
3400768
3401477
3402390
3402722
3403324
3412634
3413513
3414542
3415656
3416668
3426319
3427208
3428179
3429577
3434183
3435680
3436310
3436883
3445279
3446126
3447724
3449339
3452809
3465641
3467833
3469569
3470115
3474587
3475226
3492949
3499081
3499726
3500106
3500500
3500892
3505123
3505657
3506041
3506547
3507123
3507718
3533645
3534241
3535437
3537984
3539130
3539839
3546796
3547478
3548348
3558367
3560316
3562586
3569470
3603324
3604438
3604905
3605868
3617131
3618180
3618762
3622402
3623051
3624658
3625186
3626407
3627312
3646532
3647001
3647368
3647722
3648150
3648626
3649888
3706734
3707349
3707966
3708481
3709029
3714715
3716374
3717340
3718662
3719955
3724292
3725630
3726388
3727319
3728481
3734789
3735568
3736660
3737397
3738134
3738855
3744011
3751086
3751595
3753171
3773051
3774047
3775484
3776343
3777998
3778698
3779156
3779558
3780233
3780894
3782753
3783596
3795534
3799852
3814831
3820208
3820776
3821300
3822153
3828077
3828927
3851466
3858289
3859801
3861042
3864204
3867943
3868352
3871237
3877202
3879555
3887653
3888578
3890670
3897288
3898618
3902167
3931693
3933714
3935903
3936900
3938992
3952598
3955692
3972343
3973281
3981323
3982075
3989843
3991719
3992264
3995426
3996636
3998619
3999152
3999761
4006345
4013622
4022060
4022871
4023566
4024121
4024668
4025564
4027806
4030242
4050337
4050776
4051675
4052262
4059375
4060719
4067367
4071905
4079601
4083132
4083751
4086634
4087473
4092251
4092761
4097072
4102720
4110129
4120121
4121846
4124088
4124831
4125489
4126404
4126936
4128783
4129205
4129655
4155500
4163921
4165098
4179311
4180054
4196827
4228850
4241282
4242167
4265752
4267079
4269074
4275383
4279056
4280123
4280971
4289182
4290011
4299051
4300869
4306738
4308056
4308783
4313371
4314060
4317229
4318339
4318867
4319703
4320248
4321025
4321483
4321916
4322614
4333042
4345044
4349499
4350409
4353042
4353893
4354784
4360108
4360939
4361423
4362298
4392187
4393099
4394732
4396237
4397188
4425463
4426369
4427509
4428083
4429050
4430552
4431040
4431645
4434110
4434932
4444493
4445401
4445850
4446530
4452200
4466036
4467072
4467695
4468222
4472184
4475172
4480800
4500340
4501659
4502728
4503485
4504930
4515335
4516170
4516857
4548123
4548966
4557905
4559671
4560427
4564994
4565727
4567424
4568794
4569381
4570095
4571053
4572237
4573928
4591759
4592244
4592640
4593073
4593499
4594051
4595790
4596288
4596787
4597203
4599074
4600260
4618666
4619511
4620235
4620901
4621566
4622489
4623318
4632037
4632442
4632952
4639867
4642858
4645208
4645932
4647918
4648705
4651153
4651712
4652438
4653209
4686366
4688821
4692967
4694799
4698104
4699515
4726939
4727498
4727964
4728424
4728980
4729582
4729976
4730336
4730970
4731607
4732325
4732954
4740950
4744431
4744889
4745767
4746815
4747569
4748088
4748538
4748968
4749497
4750377
4763894
4771477
4773162
4781726
4783202
4783919
4784341
4784637
4784955
4785337
4785651
4786439
4787305
4791945
4797521
4798483
4799322
4799769
4805603
4806545
4806940
4809606
4810276
4814797
4816226
4817198
4859849
4860393
4864728
4882234
4883149
4884882
4891579
4891927
4892265
4892684
4893059
4893337
4893625
4893934
4894279
4894653
4895213
4895821
4913912
4916542
4917727
4918309
4927028
4928535
4929137
4963457
4964634
4966202
4975350
4975776
4976242
4976643
4977040
4977877
4978448
4979793
4980921
4984287
4985341
4986608
4990909
4991934
4992273
4992819
5001309
5002095
5018113
5031514
5032622
5033044
5033439
5033804
5034261
5049876
5056549
5060407
5061036
5062499
5066392
5075736
5079109
5079903
5087445
5088871
5090269
5099391
5100256
5100404
5102463
5119464
5120058
5123690
5124725
5162012
5170662
5181084
5186192
5186750
5187488
5191148
5191646
5192383
5193276
5193987
5194704
5195284
5196723
5200375
5200782
5201254
5201990
5202712
5203033
5204029
5205293
5206027
5206717
5207161
5207545
5207882
5208348
5209207
5211927
5214898
5215349
5215853
5216701
5229836
5230253
5236883
5243745
5244648
5245384
5251931
5252588
5258370
5259007
5259579
5260365
5261543
5276927
5282600
5284340
5284938
5285537
5287673
5289647
5290257
5293780
5315812
5316306
5317357
5318981
5330723
5331207
5344442
5346431
5355901
5357085
5357989
5358581
5361586
5362191
5362752
5366363
5367344
5403583
5410139
5418288
5418790
5427124
5446186
5447239
5450358
5450939
5451900
5462924
5464388
5481053
5482710
5483172
5483604
5484093
5484457
5484885
5485194
5485535
5485966
5486232
5486984
5487938
5499200
5499952
5500753
5502053
5505671
5505980
5506625
5508371
5510049
5510637
5512228
5523162
5524715
5525212
5526765
5537904
5546211
5587425
5587963
5588312
5588631
5588914
5589329
5590039
5590751
5609867
5611009
5633258
5634013
5637034
5663309
5666893
5668374
5674829
5691053
5692534
5694264
5707119
5707880
5716510
5717030
5719156
5720504
5722053
5722572
5723054
5723463
5724097
5725209
5744576
5745288
5753864
5755733
5756529
5757356
5768534
5799311
5800181
5801174
5801706
5802817
5803458
5804737
5807052
5808239
5812208
5813237
5822393
5823386
5824067
5824449
5825165
5828375
5850976
5857674
5860215
5862245
5863268
5904557
5914211
5914830
5916368
5917363
5918940
5919708
5920428
5926307
5936562
5937706
5939837
5940462
5941102
5941900
5942823
5943778
5944223
5944825
5949672
5951956
5952496
5953263
5954082
5975913
5977451
5977957
5979132
5979705
5982113
5982803
6029581
6030312
6030951
6031568
6032424
6033722
6034312
6035980
6037079
6042385
6042929
6043388
6049934
6051025
6051522
6051954
6058731
6060040
6063990
6064333
6065658
6066255
6070837
6083155
6084754
6095670
6097379
6098000
6098770
6099203
6099636
6100097
6100679
6102037
6102676
6103188
6103641
6104017
6104470
6105059
6113220
6114456
6116917
6117892
6118506
6118953
6119461
6119856
6128835
6129587
6130113
6130602
6131734
6132310
6133226
6133965
6134525
6136720
6164411
6165052
6166678
6167891
6174000
6183118
6185513
6194627
6195774
6196311
6203930
6204491
6204818
6205862
6206433
6207024
6208078
6208456
6210693
6218097
6219458
6220487
6221415
6222444
6223625
6224501
6225010
6225474
6225957
6228324
6229131
6229695
6230129
6230802
6238073
6238655
6239374
6240058
6240929
6242580
6243933
6245558
6246359
6248468
6253522
6254811
6255619
6257548
6264633
6265257
6266084
6268141
6270345
6270778
6271272
6271811
6272527
6273854
6275688
6277795
6278407
6278951
6280284
6319588
6320435
6321127
6321586
6322271
6323006
6326286
6326855
6327694
6328715
6329334
6365176
6365772
6366733
6369514
6373073
6377726
6387125
6393457
6397717
6399742
6411005
6418136
6419228
6430546
6431476
6434479
6435647
6436387
6436795
6437442
6437768
6438545
6439321
6440273
6445020
6476532
6483794
6484275
6499016
6506673
6510026
6510654
6526972
6527860
6538101
6550733
6559299
6560639
6563182
6563745
6564625
6579185
6582627
6584389
6585562
6609362
6609769
6610234
6611069
6612020
6623691
6624271
6624985
6625449
6626039
6627064
6627641
6628144
6628860
6629383
6635146
6635784
6636319
6637001
6638782
6639712
6641274
6642941
6644625
6645660
6646208
6648092
6648706
6649354
6649701
6650284
6650848
6651439
6651992
6652568
6653771
6654739
6662210
6662923
6663459
6666192
6666775
6670606
6671091
6671694
6672166
6672500
6672914
6673302
6673766
6674403
6674929
6675891
6677118
6678269
6679127
6679952
6680692
6681360
6682037
6683090
6683780
6685800
6686410
6687494
6688690
6689046
6689640
6690152
6694781
6699683
6700903
6701473
6702370
6712773
6715433
6716257
6717579
6718241
6718756
6719363
6723860
6724789
6725876
6750980
6752892
6754423
6755887
6757136
6757932
6758530
6760358
6761029
6781674
6783184
6783565
6783945
6792714
6793319
6794910
6795698
6796445
6796992
6804850
6808293
6808815
6817042
6820078
6850419
6851260
6851788
6852243
6852710
6853197
6853588
6854379
6855467
6862400
6874016
6874823
6876906
6877395
6878309
6892901
6894528
6896552
6900844
6902777
6905644
6906230
6921381
6930512
6932602
6933845
6935805
6938407
6940517
6941481
6943445
6947227
6948056
6948499
6949024
6949542
6966122
6966691
6967252
6967885
6968930
6994962
6998062
7006360
7009489
7010296
7011225
7013587
7014244
7026559
7030520
7031167
7031614
7031977
7032406
7032824
7033216
7033579
7036030
7036760
7037850
7040628
7041280
7043528
7044365
7045828
7046978
7052196
7052687
7053344
7054092
7065810
7066437
7067068
7067907
7115320
7115859
7116366
7125529
7126344
7127099
7149754
7156795
7174769
7207809
7235756
7236262
7237786
7238418
7272291
7272872
7273513
7288440
7289175
7290210
7290837
7291334
7293407
7294678
7296796
7297287
7297865
7298294
7301835
7303869
7304977
7305821
7306320
7312354
7324521
7325721
7326125
7326575
7329758
7330410
7330987
7331402
7331774
7332536
7340855
7341400
7341819
7342572
7361996
7373893
7374261
7374764
7375648
7382915
7384102
7385145
7385882
7386785
7387294
7387899
7388721
7390778
7391197
7391699
7392079
7392521
7392987
7394651
7404295
7405251
7405987
7406326
7406741
7407283
7413687
7414676
7415714
7416152
7416580
7419495
7420523
7421491
7430898
7431498
7432166
7434947
7435740
7436325
7436871
7437587
7439157
7454211
7454965
7458534
7472554
7473628
7494754
7497289
7501552
7519459
7523094
7523929
7535954
7585751
7595409
7596018
7596784
7597485
7599940
7604655
7619535
7667919
7669214
7669870
7675516
7689211
7694594
7707022
7711892
7712637
7713262
7714164
7719513
7720071
7720770
7722342
7723072
7725127
7732490
7733241
7734037
7735017
7735528
7736253
7737434
7744050
7745036
7745843
7746871
7747717
7748738
7757583
7760546
7761037
7763865
7764998
7765428
7765839
7766272
7767060
7767762
7768432
7775975
7776639
7777336
7778041
7786326
7787099
7789311
7789746
7790167
7790884
7794466
7797781
7798455
7799666
7809260
7825842
7827536
7829015
7829544
7830047
7841114
7855371
7857153
7860949
7861359
7861830
7862470
7867824
7868614
7869762
7870740
7873517
7874518
7879463
7880312
7881502
7882074
7884208
7885097
7886053
7886506
7887006
7888119
7888989
7897307
7898222
7900174
7901251
7902582
7908073
7908800
7909560
7912227
7913922
7923571
7925291
7925970
7926418
7926799
7927591
7928085
7928680
7929285
7929992
7936936
7937362
7937824
7938425
7939608
7944720
7953443
7955998
7969383
7972682
7983762
7985703
7986183
7986902
7987364
7987821
7988826
7989709
7990531
7995673
8008053
8010259
8025393
8026621
8030550
8030805
8031244
8031910
8037154
8038277
8041005
8041927
8043022
8043571
8043993
8044541
8057601
8058083
8058503
8059547
8060461
8062765
8063421
8063907
8064342
8064910
8075991
8077963
8149319
8151548
8155346
8155803
8156827
8173644
8174197
8175140
8176367
8177273
8180824
8184045
8214192
8226779
8228978
8229826
8230343
8235211
8238873
8243738
8246278
8246948
8248198
8249873
8254249
8254856
8257018
8258010
8258760
8278153
8278897
8289893
8290816
8302833
8303927
8305671
8306549
8313472
8314261
8316332
8316887
8331142
8331767
8335481
8341161
8342423
8342991
8348404
8366288
8367047
8367607
8368061
8368482
8368970
8369791
8371041
8397620
8398107
8398906
8399816
8400546
8404441
8407934
8408933
8409680
8419263
8420346
8420912
8421450
8451467
8462560
8472630
8473774
8486720
8487119
8487506
8488474
8502436
8503912
8515506
8516198
8517030
8518696
8522193
8523211
8529625
8550291
8550726
8551192
8551520
8551926
8552273
8552753
8553282
8553793
8554738
8555911
8561146
8561935
8562922
8564709
8567756
8568297
8568796
8569483
8571232
8586872
8587494
8588145
8588768
8611237
8611875
8612737
8613452
8615717
8620927
8621388
8621917
8637939
8646397
8647459
8648573
8649633
8650517
8665802
8675966
8679633
8680565
8736237
8742218
8750687
8751284
8751922
8759781
8771547
8772859
8784719
8819031
8836429
8837100
8837790
8844523
8845068
8845659
8847807
8859800
8884330
8885067
8885868
8892692
8897725
8898863
8900329
8904223
8905101
8913607
8919776
8920815
8921957
8926986
8932129
8940119
8941585
8942264
8942706
8943252
8943795
8944313
8944810
8945455
8946807
8947702
8957047
8957759
8958880
8961890
8973618
8976108
9000470
9025432
9028851
9029802
9033756
9035808
9051065
9052417
9052925
9053561
9054071
9054951
9057415
9057953
9058466
9059218
9060662
9065264
9065885
9066526
9067107
9069031
9071542
9080153
9093672
9095482
9114662
9119002
9119835
9127934
9140158
9141501
9142537
9143881
9147909
9148429
9148966
9149429
9149878
9150573
9151126
9151756
9161441
9171288
9172091
9172941
9179656
9193465
9207264
9223411
9247143
9251697
9252358
9257457
9259355
9260217
9260786
9262068
9268302
9269315
9275903
9276703
9283375
9284620
9289587
9291527
9294325
9295915
9298336
9315704
9316875
9317381
9318661
9321995
9322538
9322970
9330575
9331507
9350717
9365728
9366227
9373097
9383420
9385512
9401885
9402929
9403544
9425078
9425945
9460809
9461919
9462586
9462947
9463609
9469663
9470355
9471602
9483165
9483639
9495104
9495797
9496912
9525249
9562262
9563875
9564698
9565796
9600103
9601249
9623629
9632118
9646553
9647137
9647927
9648531
9649032
9649513
9653058
9654623
9657632
9658715
9659983
9668745
9669660
9670417
9671324
9674145
9675085
9684685
9685442
9686575
9714398
9714975
9716156
9720817
9721539
9722086
9722599
9729188
9734339
9738049
9740357
9741605
9745955
9747286
9748055
9749003
9750701
9753749
9754520
9755159
9775591
9778237
9780968
9781737
9782682
9783614
9784874
9789516
9789963
9803606
9804543
9807160
9810330
9815059
9822544
9824845
9825651
9827849
9828904
9829921
9849398
9851672
9852592
9853128
9853685
9854635
9857076
9859511
9861546
9869423
9870418
9901638
9902177
9902936
9903660
9912373
9913237
9914227
9940497
9941158
9952226
9953108
9954310
9962057
9962729
9963215
9963655
9964411
9965308
9965850
9966932
9967743
9969493
9970241
9972867
9973246
9973947
9974950
9978726
9979653
9980618
9994098
10003516
10004397
10013565
10020308
10025117
10025947
10036837
10037714
10038673
10039308
10040593
10041519
10052184
10055105
10071576
10077567
10078450
10080421
10083273
10085981
10105267
10105842
10106262
10106754
10107580
10109669
10110206
10111748
10113540
10117187
10118193
10122996
10124355
10125247
10125513
10125913
10126383
10126732
10127458
10128345
10129771
10131019
10131778
10134750
10135587
10135977
10137274
10139137
10140426
10158351
10159630
10161195
10161839
10162570
10166113
10167348
10169900
10171247
10178873
10208365
10226321
10227702
10234308
10236009
10242963
10243527
10244398
10244995
10247117
10270161
10283437
10285942
10287194
10291424
10292308
10292980
10293448
10294005
10294416
10295798
10296771
10304280
10305762
10307055
10316593
10320105
10321381
10322124
10368501
10376274
10377609
10378096
10378648
10382180
10383284
10389202
10397781
10398349
10405302
10409767
10421057
10421761
10437821
10438407
10439272
10439969
10440649
10441410
10447949
10448661
10449360
10450443
10450881
10451272
10451830
10452334
10452864
10453326
10453857
10457288
10465370
10468415
10469909
10470717
10471573
10482958
10486912
10487551
10488813
10493267
10493741
10494575
10495824
10496692
10498782
10500058
10500664
10501102
10502074
10503044
10527370
10529014
10530433
10532055
10532796
10534764
10542840
10548391
10549755
10550512
10552367
10563800
10564791
10566250
10566920
10569837
10572782
10573543
10574408
10587673
10598490
10599517
10608411
10609141
10616415
10617768
10620532
10625928
10636199
10636931
10646248
10646833
10648112
10653566
10654394
10654989
10655826
10663526
10665910
10714067
10721135
10723470
10724165
10724711
10725104
10725416
10726836
10729025
10730408
10730955
10731504
10732159
10733742
10738736
10739626
10740272
10740819
10742065
10742685
10753265
10754726
10755618
10756465
10758019
10759757
10775377
10776386
10781151
10805991
10806506
10807069
10807581
10808067
10808808
10817693
10818063
10818599
10820050
10821778
10822705
10825257
10825963
10841551
10858903
10860408
10860965
10861531
10862407
10863160
10881236
10886811
10887520
10888686
10890834
10892283
10901095
10901982
10902661
10903221
10904148
10907120
10907907
10909161
10909757
10910247
10912477
10913426
10918415
10919470
10919946
10920475
10921118
10922172
10922868
10924226
10930050
10936643
10941497
10941884
10942258
10942604
10949599
10950215
10950745
10951058
10951422
10951911
10968913
10969987
10979228
11009714
11036039
11036924
11042966
11043585
11044117
11044693
11045341
11046000
11046929
11047702
11049621
11050406
11051188
11051795
11063005
11063549
11064065
11066434
11074182
11075438
11081438
11082279
11096395
11096913
11097273
11119331
11121878
11122315
11123064
11123688
11124575
11129174
11129912
11132117
11154670
11155242
11181225
11189852
11190732
11191436
11195210
11195770
11196560
11197481
11200870
11211798
11212578
11213570
11225918
