1051.879
24437.2
24848.96
28277.5
36632.65
37679.37
38827.79
50570.32
71748.57
84006.81
92621.76
93540.86
96161.63
97199.17
100435.1
104612.8
105104.9
113585.3
119879.1
120378.2
121919.4
127372.5
135390.4
143437
151464.3
152044.5
152619.4
177184.6
178523.6
203283.8
207199
212049.2
217278.8
222341.4
223152.7
226579.3
227090.6
236616.4
247877
248326.7
261591.7
273861.2
275964.2
276771.9
278153.8
280898.6
329944.1
333601.6
334427.5
338793.1
339208
339755.4
368117.8
368575.4
370964.8
377549
378755.1
379895
381643.4
383307.9
385258
385790.1
386362.6
386993.8
387924
389091.5
394330.3
421429.9
468264.6
469168.8
475587.3
476042.5
476601.7
477021.3
477797.4
532018.8
532586.8
533920.9
536536.9
552460.1
553862.3
555374.8
598127.2
598706.2
599997.2
600833.9
601185.5
626520
627131.6
627730.5
628444.7
629160.7
630174.7
630598.7
631019.1
631837
632681.8
634980.6
640452.1
641457.1
643370.2
645932.4
646682
647498.8
647927.2
648347.9
648925.5
649349.5
650303.9
650743.2
652575.7
653353.8
653962.2
654420.3
654769.9
655254.1
659016
659805
667686.7
669292.3
684010.5
686064
690377.1
693746.6
695169.1
698413.2
699433.7
701582.7
704537.7
706029.5
706975.1
707887.5
709456.9
710186.8
734435.9
735524
740351.5
743971.6
744651.4
745307.5
762784.4
779716
825772.2
828591.8
829189.7
836745.3
840704
841794
842549.8
843481.5
844253.2
848208.4
849151.6
853753.9
856166.8
856537.5
857480.7
861008.7
861706.5
864034.6
900250.4
900622
900981.9
902321.2
904770.1
909498.3
915780.9
916625.9
917756.9
920090.5
921780.3
929741.9
930683.4
931580.3
932527.5
945467.4
946384.4
947392.2
947954.5
948952.1
949655
950372.9
953146.5
980443.9
985380.8
991782.1
1045687
1047223
1053380
1074275
1075780
1076394
1077049
1078446
1079665
1083943
1084682
1085375
1088416
1097200
1097779
1098672
1102219
1111089
1112370
1113638
1114266
1138866
1139808
1147318
1163847
1165194
1166057
1167345
1184490
1184993
1185602
1186478
1187181
1207784
1213851
1214867
1216959
1231253
1235071
1235739
1258397
1279069
1279743
1280068
1280463
1281061
1281497
1281982
1282783
1284599
1285632
1286329
1287220
1287941
1295600
1296012
1297042
1308961
1316822
1317536
1318803
1319637
1322801
1323212
1323596
1324387
1325562
1326310
1326671
1327190
1351296
1351888
1352223
1352642
1353905
1354750
1355211
1355649
1356208
1364874
1365329
1365875
1370033
1370672
1371241
1372500
1373597
1374364
1374926
1375669
1376894
1378292
1382916
1383859
1388159
1388870
1389497
1389906
1390516
1393284
1402401
1423879
1435431
1436190
1437370
1468610
1470305
1470961
1471537
1532626
1533685
1535191
1535763
1536199
1538702
1538958
1539320
1559280
1560090
1569422
1581041
1601535
1602167
1602832
1604744
1607018
1608884
1609674
1613177
1614359
1620546
1621158
1623786
1624402
1626312
1626785
1627803
1628742
1629190
1634719
1641856
1642628
1643486
1643928
1644644
1686176
1693277
1710236
1710773
1712179
1714167
1715120
1716035
1719520
1720361
1721587
1724577
1729889
1738376
1743989
1748601
1752252
1752947
1754554
1755144
1755761
1772898
1773630
1774391
1777301
1778663
1816092
1846080
1846560
1848106
1851701
1855898
1856775
1857523
1868181
1868616
1868997
1869675
1870795
1885175
1886438
1896143
1931110
1932078
1933556
1934371
1934971
1937864
1938700
1940274
1953973
1993372
1994019
2026034
2026430
2026869
2027161
2029072
2035496
2073338
2073945
2074538
2076612
2077382
2080249
2081324
2083444
2093696
2094506
2095090
2104062
2111174
2111929
2112466
2143627
2144667
2146634
2148089
2148857
2156341
2162785
2181103
2181591
2182296
2206072
2206925
2220449
2221049
2221993
2222764
2225110
2225508
2226018
2226520
2227120
2227511
2227978
2228272
2228811
2229299
2229868
2230686
2231138
2252796
2271284
2278819
2283787
2284683
2285151
2285534
2295577
2319846
2320659
2328568
2334132
2341819
2342432
2346286
2346868
2347380
2348113
2351826
2360338
2361790
2363790
2367795
2377913
2378787
2388373
2397313
2430233
2431827
2432289
2432699
2433044
2433616
2434589
2435141
2436189
2437467
2454376
2460379
2461263
2461790
2462363
2466012
2475293
2476053
2479221
2480156
2483752
2484415
2486897
2487527
2498192
2498988
2501163
2501736
2502211
2502774
2504195
2506454
2506912
2507353
2518090
2518570
2519103
2519598
2521962
2522371
2522789
2541753
2542297
2542894
2544787
2545373
2546607
2549776
2550875
2551729
2552272
2567430
2568171
2572137
2583033
2584194
2585654
2592045
2592974
2595375
2597221
2597864
2602746
2603215
2618373
2618932
2619621
2632451
2633016
2633479
2634138
2635175
2635725
2636305
2640500
2641317
2641853
2642434
2644044
2644631
2646013
2647299
2655588
2703030
2703807
2704374
2704909
2708201
2709185
2709800
2712280
2722243
2736581
2747380
2749136
2749799
2750517
2762436
2769340
2791879
2792450
2793422
2793833
2794313
2795287
2883005
2883673
2890152
2909055
2910025
2910891
2924542
2952474
2953313
2954716
2969600
2977487
2979467
2980702
2982235
2982746
2983425
2983980
2985834
2986581
2987098
2987742
2989793
2993943
2995187
2998702
3016912
3017367
3020436
3020812
3021316
3022217
3023479
3032638
3048698
3060669
3071675
3083307
3083887
3092538
3096428
3097518
3156907
3161613
3167897
3175777
3186489
3196013
3196402
3196994
3197665
3203828
3204739
3205303
3207245
3213895
3215670
3216508
3217186
3220017
3225432
3227466
3228125
3228890
3230955
3239946
3240413
3241008
3242670
3243530
3244341
3245385
3246132
3249894
3265012
3284807
3287733
3288540
3290707
3291115
3291602
3303867
3322145
3322787
3343057
3344011
3345774
3346441
3347118
3350074
3353386
3353911
3354261
3354821
3364504
3367205
3374619
3377081
3377824
3379497
3388091
3388717
3389188
3389836
3390286
3390783
3391368
3392071
3395963
3400875
3402452
3403918
3404474
3405728
3406239
3407392
3410152
3423480
3424752
3455791
3462320
3463018
3472111
3472595
3473380
3473847
3474358
3475194
3478638
3479342
3479973
3480860
3483954
3484800
3489626
3490215
3490931
3491435
3492375
3502702
3521550
3537443
3539289
3543617
3554155
3554997
3555785
3557737
3558616
3561235
3564897
3578220
3578800
3579280
3579815
3603633
3606285
3608371
3610515
3612748
3613646
3615111
3615710
3616802
3617616
3623901
3624826
3625880
3626802
3627710
3628296
3629370
3630344
3631049
3631932
3634082
3634965
3636049
3638283
3639038
3644537
3645685
3647931
3649298
3650330
3655405
3657058
3661148
3661779
3662285
3663197
3703303
3704877
3714614
3718522
3721028
3725833
3726394
3726896
3735969
3736525
3739514
3744404
3782618
3783712
3785179
3788565
3796298
3805802
3806851
3807980
3809056
3809774
3810358
3811498
3812131
3812814
3841217
3844212
3851693
3852452
3858669
3860239
3861445
3862450
3863345
3865695
3866146
3866665
3867597
3883146
3885047
3886106
3886999
3888287
3888886
3890263
3890913
3891636
3917015
3923998
3924399
3945067
3950083
3952890
3955017
3955723
3956083
3956588
3962441
3968946
3970128
3970432
3970795
3971333
3972236
3978397
3979623
4004521
4004860
4005222
4005645
4006122
4006482
4007000
4008785
4009414
4010093
4019257
4020040
4020617
4021062
4021445
4022170
4024427
4050500
4075729
4076718
4077278
4077726
4080531
4100586
4101813
4102440
4104234
4106631
4108533
4117708
4118094
4123882
4124983
4125716
4126231
4126763
4127791
4128420
4129014
4132108
4132652
4133564
4134307
4135040
4136210
4141088
4142822
4144087
4144567
4147301
4148088
4148860
4149590
4149894
4150247
4150680
4151332
4152998
4155130
4162042
4163591
4164100
4164430
4164935
4186437
4192010
4192675
4193105
4193573
4193988
4194352
4194783
4195270
4195823
4196606
4201915
4202422
4204877
4226253
4227066
4236675
4237351
4242139
4243265
4245052
4245793
4246138
4246414
4246752
4247750
4248148
4248553
4249038
4260360
4276512
4277226
4277680
4278265
4305392
4305848
4306303
4308161
4309201
4330761
4331184
4331560
4332268
4332876
4340940
4341840
4348072
4353848
4356326
4357126
4358540
4361638
4362944
4364848
4369649
4371494
4392187
4392840
4394126
4394576
4395026
4395769
4426837
4427633
4428665
4431252
4434648
4435169
4435597
4438329
4439734
4440651
4442248
4442760
4443431
4444116
4444683
4445094
4447363
4448652
4450114
4450726
4456149
4464586
4465743
4466680
4470186
4470855
4471501
4477307
4477901
4478384
4479172
4479659
4480155
4481400
4500364
4512503
4512818
4514367
4520425
4521701
4522528
4524773
4525989
4528035
4531335
4532529
4533460
4534260
4535140
4536628
4539419
4542042
4542705
4543333
4547928
4548723
4583978
4585434
4586292
4587851
4589454
4589912
4599213
4599646
4599987
4614195
4614698
4615269
4615811
4626288
4627156
4627774
4628269
4628652
4629181
4639199
4639800
4640747
4641474
4641962
4650300
4656272
4679712
4680359
4681326
4685371
4685894
4686495
4686833
4687135
4687506
4689863
4690267
4690701
4691093
4691467
4691767
4692382
4694049
4695414
4722456
4736706
4738314
4745083
4752558
4752966
4753690
4760475
4774924
4777916
4778519
4779060
4780343
4780921
4781914
4784473
4784817
4785464
4786404
4787150
4787538
4787875
4788236
4788652
4788975
4790056
4790667
4791066
4791525
4792110
4792792
4801357
4801938
4802454
4803264
4804135
4813966
4816669
4817509
4829911
4830523
4830890
4831568
4837046
4837626
4843166
4846946
4848665
4849222
4853521
4855275
4855981
4857029
4862310
4929948
4930327
4951005
4952096
4954369
4954941
4973956
4974359
4974770
4984546
4985049
5017014
5041026
5043420
5045248
5050594
5052414
5059385
5065750
5070702
5095549
5096881
5101910
5102862
5103324
5111655
5131462
5132072
5133470
5137962
5138474
5139062
5146085
5146839
5147337
5147897
5148729
5150069
5157243
5157975
5158784
5159469
5197061
5208414
5239749
5240757
5265928
5266394
5267312
5288729
5290626
5291062
5291492
5299950
5300644
5303893
5304636
5316975
5317374
5317928
5320590
5321218
5332941
5333972
5334668
5335631
5337627
5338699
5339355
5342545
5343361
5344716
5346977
5439091
5441404
5441999
5442749
5448112
5449989
5480674
5481400
5485074
5489921
5516880
5517611
5518753
5536761
5538659
5539196
5539723
5563533
5575761
5576573
5577237
5579242
5589674
5592622
5605363
5605883
5606204
5606518
5606969
5614840
5615607
5616909
5617685
5618404
5618822
5620358
5620996
5621814
5623683
5624760
5633817
5637013
5640048
5640987
5641438
5642463
5645045
5645886
5646363
5646805
5647254
5647832
5649578
5660302
5660978
5675140
5676800
5677194
5678152
5678669
5679275
5685035
5710195
5710983
5711381
5711821
5712628
5713338
5719105
5719766
5720067
5720436
5720837
5721178
5721591
5725328
5742549
5743245
5744419
5745118
5745777
5746267
5746992
5747795
5754360
5755397
5787485
5787843
5788300
5788720
5789082
5789813
5791297
5792269
5794299
5801580
5802083
5802629
5803412
5804387
5805067
5810277
5811236
5812061
5812678
5813454
5817764
5829976
5859582
5864363
5865485
5866137
5866780
5868535
5879672
5880514
5880931
5881266
5881537
5881853
5882221
5882776
5884827
5932683
5933634
5937926
5941458
5957175
5957812
5958320
5960889
5961561
5986788
5994293
6026825
6028501
6032752
6034194
6034739
6089200
6089830
6090364
6090952
6091484
6093094
6111830
6112906
6113907
6116497
6117303
6126986
6128941
6139181
6141699
6142408
6143221
6147682
6149270
6164350
6179121
6179647
6187681
6188135
6189030
6190918
6200208
6200650
6219240
6222601
6223288
6223786
6224307
6224948
6225810
6226922
6227985
6228455
6250247
6265690
6267781
6268285
6272728
6273335
6274875
6276545
6278205
6279264
6280017
6280764
6302433
6318570
6319587
6324423
6339129
6339582
6340033
6340487
6341293
6341692
6341999
6342314
6342661
6343132
6343782
6344361
6353342
6357855
6360169
6361399
6363632
6364140
6365341
6370718
6371495
6372181
6372884
6373389
6375104
6397536
6399905
6483741
6484187
6484766
6485775
6486880
6508448
6511151
6513328
6514623
6515649
6516072
6516924
6520524
6521868
6522658
6523804
6524581
6527339
6537103
6537905
6538705
6547006
6547787
6548166
6548833
6551331
6551955
6553521
6555752
6556551
6557473
6558239
6558797
6559252
6560266
6560834
6561366
6562433
6563349
6567839
6568440
6581062
6598796
6609790
6611841
6671484
6672118
6672554
6673821
6683041
6719635
6722169
6751674
6752452
6762204
6771627
6773376
6776507
6777254
6778588
6781123
6785663
6786158
6786482
6786901
6787704
6791614
6794374
6802226
6806484
6807063
6829571
6831631
6832450
6833448
6834118
6840605
6841007
6841437
6842035
6846012
6853644
6854113
6854534
6855051
6855505
6855879
6856208
6857504
6858380
6861383
6861844
6862633
6863649
6864046
6864463
6870257
6873090
6873603
6874161
6875276
6885855
6886609
6892345
6932879
6946572
6949521
6950163
6951427
6952071
6952512
6955334
6960744
6961978
6962719
6964076
6964567
6965822
6966807
6967261
6967672
6968230
6994080
6995112
6996017
6996684
6999184
6999644
7021593
7023690
7024165
7025773
7067758
7068480
7068875
7069392
7069996
7072859
7080539
7080939
7082257
7083800
7084404
7088030
7089497
7090000
7092718
7093585
7093932
7094531
7095101
7096786
7113851
7115825
7117007
7120068
7120765
7121631
7123261
7134877
7140870
7142169
7158433
7158849
7159291
7159651
7159997
7160335
7160694
7161035
7161287
7161605
7161908
7163162
7163598
7164008
7164411
7165121
7169790
7170505
7171216
7180102
7180693
7181056
7224040
7226418
7239289
7242223
7243147
7243853
7244339
7244760
7245441
7246154
7247364
7254653
7255323
7256587
7272654
7273223
7273610
7274213
7274587
7275272
7279433
7279904
7280480
7281586
7294148
7295403
7297405
7298140
7298629
7299052
7299514
7306828
7307724
7312243
7312922
7313354
7313816
7314279
7314936
7315727
7321468
7330555
7332005
7332737
7333342
7333713
7334149
7335897
7336842
7337904
7338379
7338750
7339156
7339598
7340410
7341362
7352095
7352737
7353358
7367332
7368425
7373846
7375140
7379659
7381929
7382502
7385745
7386461
7388148
7391619
7392132
7394814
7397908
7410722
7412555
7413424
7418663
7420826
7422525
7426631
7428460
7430382
7435745
7441164
7441927
7463444
7464545
7464953
7466022
7481313
7482924
7484783
7485526
7493375
7511444
7532383
7532830
7533259
7533722
7534466
7535205
7537067
7538246
7539181
7540175
7540821
7541367
7542353
7542874
7546023
7547082
7557587
7584302
7586025
7587396
7588437
7590960
7592388
7593055
7596129
7597914
7601488
7602137
7604221
7604804
7623522
7624747
7627252
7628995
7650241
7651186
7651764
7658867
7665767
7673154
7673752
7674501
7676040
7676542
7677286
7677841
7679761
7683362
7685748
7686114
7686439
7686809
7687239
7687765
7688259
7689055
7699662
7700732
7709608
7719078
7719797
7720575
7729188
7735688
7752964
7770658
7777206
7781404
7792231
7793152
7795214
7801654
7827592
7831015
7831669
7832358
7832824
7833488
7841582
7843195
7854926
7863625
7876936
7887681
7893487
7902230
7902885
7932124
7940321
7943036
7950527
7951384
7956310
7965581
7966234
7966625
7967107
7978514
7979301
7980011
7997027
7997682
8004659
8006014
8007543
8008135
8017554
8018559
8019775
8020677
8021370
8022134
8022560
8022860
8023173
8023493
8024127
8024799
8026003
8029031
8030539
8039595
8040737
8042063
8046510
8051534
8052456
8053294
8055656
8056309
8057331
8060569
8061457
8062669
8063603
8070432
8102087
8102730
8103238
8104004
8104916
8107557
8124775
8125281
8125742
8126068
8126566
8127482
8133278
8133903
8134561
8135181
8135719
8136102
8136434
8136819
8141907
8142505
8143221
8144256
8164278
8164713
8165094
8165702
8166179
8166669
8167474
8168292
8168936
8169940
8170497
8171696
8177514
8178034
8178509
8179001
8179515
8180291
8181601
8182016
8182547
8183410
8184022
8184540
8185576
8185936
8186369
8186950
8188313
8189522
8195400
8196051
8196470
8197062
8197605
8198140
8198506
8198954
8199550
8200013
8200501
8204243
8204856
8205355
8206313
8206951
8207431
8208117
8210247
8211729
8220465
8227562
8228325
8230999
8231631
8232861
8236800
8246746
8291371
8293797
8295308
8298133
8299289
8300543
8301195
8302104
8307733
8308211
8308896
8309920
8310683
8311111
8328260
8329128
8332052
8332854
8347476
8348020
8348977
8350257
8363747
8367193
8367789
8368399
8370300
8374022
8374967
8375642
8397318
8405060
8405712
8407049
8414704
8415318
8436098
8437154
8438907
8439577
8440641
8442550
8443408
8444465
8444850
8445701
8453658
8454382
8454853
8455322
8455804
8457734
8458958
8464308
8464859
8465375
8466151
8467451
8468888
8472041
8472782
8494772
8508464
8510836
8511406
8512270
8514332
8514781
8515366
8516217
8525138
8526375
8527199
8527698
8553353
8554961
8556171
8556618
8557016
8557436
8557898
8559207
8568653
8569425
8570625
8574675
8575165
8600287
8600831
8607681
8619617
8620110
8621042
8631269
8644760
8647123
8648379
8658874
8659788
8660367
8669733
8678832
8688993
8690711
8691791
8692658
8693208
8693662
8694656
8696199
8697059
8703115
8703791
8712069
8712550
8728187
8733168
8733743
8734253
8755381
8756278
8756910
8757567
8768936
8773058
8773567
8774501
8775308
8778142
8801497
8802313
8803709
8807866
8808679
8809198
8809688
8810778
8811860
8815271
8826464
8834463
8836926
8838226
8844253
8845093
8847278
8852466
8855211
8855770
8856331
8858949
8859936
8870951
8871243
8871596
8872062
8873244
8894456
8895037
8896356
8902972
8914009
8915297
8919220
8927211
8928166
8934169
8934785
8940432
8941040
8945844
8947594
8948147
8948697
8952050
8962302
8972118
8973639
8981184
9000580
9001372
9003452
9004078
9004872
9005451
9006049
9006640
9007074
9007423
9007921
9008414
9008759
9009131
9009443
9009868
9010209
9010485
9011016
9011636
9013218
9013753
9014248
9014633
9014997
9015341
9015881
9016466
9016940
9017449
9017884
9018179
9018495
9018832
9019186
9019514
9019882
9020257
9020655
9035090
9038189
9038702
9039172
9040765
9041460
9042676
9043248
9045791
9054431
9054828
9055428
9062903
9063436
9063878
9064535
9064984
9065399
9065901
9066344
9066764
9067282
9068085
9068593
9068900
9069272
9069646
9070017
9070717
9074293
9082308
9087721
9088811
9089613
9090146
9090653
9114940
9115388
9116134
9120409
9121857
9124093
9135846
9136633
9137939
9139130
9139982
9141161
9143939
9144635
9145266
9147036
9148595
9149258
9150096
9150573
9150984
9151373
9151839
9152808
9172918
9206274
9207338
9210617
9212162
9213153
9214328
9215891
9234635
9235238
9238697
9293925
9299756
9310180
9310876
9311378
9311916
9312685
9312971
9313391
9313892
9314518
9315057
9315883
9319173
9319890
9320307
9320812
9322989
9323746
9324401
9325868
9326996
9329572
9330493
9331550
9334064
9334790
9335366
9336033
9336621
9337139
9337552
9338165
9338667
9339161
9339704
9341267
9342093
9358806
9360464
9366981
9380438
9381820
9387656
9388316
9388842
9389394
9400200
9400832
9401564
9402219
9405331
9405887
9406552
9407255
9408042
9408584
9409192
9409638
9410604
9411377
9412180
9417030
9418508
9419072
9419609
9420139
9420948
9462795
9463464
9464360
9469081
9470415
9475825
9478340
9478835
9479245
9479724
9480983
9482170
9482626
9483294
9486298
9498286
9502326
9522204
9522671
9523415
9530959
9531571
9532063
9532694
9533846
9534471
9535601
9535999
9536914
9541376
9542043
9543018
9546903
9547505
9548086
9555189
9555544
9555869
9556430
9564036
9569212
9569919
9571193
9571822
9576212
9577074
9577759
9578162
9578790
9579294
9579686
9580501
9581339
9586376
9587667
9588965
9590559
9591154
9642027
9642902
9643527
9644140
9645055
9648181
9648785
9689634
9690525
9694164
9702055
9718786
9719406
9720673
9721122
9721473
9722249
9724981
9733500
9734728
9742411
9742828
9743317
9743902
9744767
9750830
9763242
9763791
9764170
9764848
9765897
9767701
9768402
9769091
9770019
9770940
9779586
9780096
9781098
9788964
9792116
9795191
9796088
9796886
9804557
9805723
9814929
9815376
9815779
9816240
9816716
9817481
9820668
9838846
9844187
9845117
9848136
9848718
9851152
9852803
9853971
9854767
9855627
9857949
9858513
9858942
9859308
9860528
9861141
9861581
9862094
9864737
9866094
9870857
9872033
9876156
9877488
9878447
9880253
9881283
9909800
9910381
9910848
9911266
9911885
9912958
9913483
9913971
9914406
9915359
9915927
9916403
9919478
9920016
9920513
9921330
9922690
9923867
9924508
9925020
9925644
9926255
9927420
9931185
9931645
9932038
9932867
9933961
9935327
9936410
9937258
9944423
9945181
9946118
9950001
9951093
9951878
9957187
9957784
9958296
9959135
9959949
9961158
9961565
9962211
9967883
9968755
9977041
9985744
9986138
9986616
9987143
9988267
10025221
10025720
10026107
10026434
10027947
10028962
10029493
10030260
10031034
10032500
10036270
10037076
10046370
10079699
10080834
10081351
10100580
10109597
10111434
10114871
10125998
10128006
10131122
10134876
10135515
10135858
10136279
10138154
10140788
10144698
10149743
10152922
10154522
10156759
10175404
10175819
10176324
10176949
10177836
10180772
10181341
10181801
10182170
10182728
10183688
10201108
10201655
10201998
10202383
10202916
10214288
10218439
10219214
10224167
10236548
10237289
10238432
10242275
10242732
10243424
10248075
10249029
10249827
10265254
10267068
10267591
10268460
10269924
10270486
10271916
10273115
10275099
10287161
10296502
10297292
10297690
10298171
10299576
10303601
10304705
10317538
10318079
10318388
10318750
10319128
10319644
10320271
10320756
10322428
10322987
10324057
10325110
10355074
10355918
10356553
10357187
10358092
10359360
10360298
10361352
10362257
10362685
10363085
10363546
10363986
10364631
10365251
10365813
10366386
10366845
10367396
10372577
10377451
10378376
10380580
10381239
10381587
10384008
10384588
10385003
10385767
10390780
10393268
10394383
10405018
10406013
10407726
10417608
10418151
10423206
10424310
10424769
10425613
10440787
10441271
10451803
10471722
10472396
10473365
10473797
10474208
10475103
10477068
10479756
10481025
10481801
10483090
10497159
10498867
10499380
10499692
10500198
10501050
10501675
10502651
10522036
10523490
10527456
10528610
10539361
10541509
10542417
10542732
10543100
10543973
10544727
10550079
10572198
10573234
10573793
10574443
10575184
10578193
10579676
10580056
10580403
10591433
10592380
10593013
10596626
10600398
10605512
10607316
10607792
10608218
10608828
10609335
10610004
10610766
10611385
10620335
10631856
10637045
10653409
10653918
10654250
10654577
10654996
10655418
10655914
10656994
10657699
10661656
10663098
10663664
10671088
10672422
10672861
10673272
10673791
10674837
10678113
10678943
10702836
10705018
10705511
10709579
10710045
10710395
10710890
10715547
10716158
10716975
10722877
10725225
10731625
10732351
10755416
10757282
10757999
10759062
10763863
10764899
10765727
10773216
10806150
10809146
10819402
10851000
10853243
10854052
10854772
10855361
10856348
10857046
10864672
10865155
10865814
10866470
10868207
10868782
10869558
10870466
10871905
10872808
10874535
10882886
10890888
10892069
10893082
10900692
10901469
10905026
10916338
10916868
10917524
10918294
10919060
10919685
10921019
10921511
10922433
10923975
10924343
10924730
10925208
10925775
10928275
10935397
10942096
10942601
10943526
10946100
10969907
10971693
10972577
10992505
10994074
10995011
10995682
10998842
10999351
10999775
11000553
11003262
11004731
11015199
11015842
11016501
11017554
11037927
11038405
11043393
11044377
11044996
11045841
11056363
11057337
11057995
11059094
11063339
11073593
11074220
11078776
11079714
11080207
11080877
11081922
11082694
11083675
11085762
11088609
11089546
11091840
11092596
11094155
11095599
11096307
11097621
11098575
11100891
11101323
11102193
11102968
11113465
11113854
11114186
11114561
11115014
11115579
11116878
11117309
11117803
11119039
11120459
11124850
11125243
11125873
11134964
11135858
11144255
11154643
11155387
11160066
11172701
11173380
11183216
11183873
11185119
11186454
11192476
11193587
11194571
11195279
11195655
11196024
11196384
11197071
11204035
11204817
11205300
11205693
11206102
11207957
11208440
11208817
11209138
11209434
11209686
11209981
11210269
11210606
11211133
11213861
11214165
11214961
11216399
11221329
11222246
11222671
11223098
11223487
11223841
11224392
11224919
11225393
11225999
11226749
11227399
11228177
11230538
11231032
