5419.627
6205.437
6668.226
7235.893
16768.5
17198.11
17831.67
18238.08
18605.28
19035.96
19433.82
20954.58
22033.68
22782.51
23353.4
44971.28
52357.71
70183.58
70849.17
73291.18
80335.93
80822.6
80847.15
81198.28
82379.35
83233.02
83822.05
85094.3
85260.45
85652.54
85970.66
86193.56
91538.1
91550.43
99267.74
108348.4
109097.4
109988.4
121974
126482.6
126981.5
127379.5
128163.3
130359.6
143843.3
147878.7
148529.3
150171
161838.7
162503.4
163312.8
164197.7
164463.6
164786.1
165670.7
166897.3
169074.4
169468.8
170153.7
182544.4
184006.9
184561.8
186695.3
188437
196251.7
196752.6
197120.1
198031.7
198471.7
199037.5
221625.6
222245.7
222603
223641.9
224275.3
224796.6
225843
226746.3
230962.3
231416.3
231969.3
234340.6
237024.5
241887.6
242929.8
243995.2
244687.4
263127.4
274265
280621.1
288769.4
301620.7
302037.9
310661.2
311549.1
315663.2
316845.4
317348.9
317950.5
318471.3
318991.6
319591.6
321183
328231.5
337997.3
338797.6
339852
346574.5
347253.4
348688.2
350288.3
354302.3
354867.8
355348
356025.7
361743.6
367070.6
368337.7
382198.4
385259.1
387531.3
391375.9
392045.8
392586.9
396996.2
397712.9
398809.8
399625.7
400457.9
403738.8
404137
406997.1
407595.7
408518.1
409175.1
409296.9
418684.8
421489.6
425745.2
431219.4
456105.8
456725.2
473163.6
475408.8
475760.3
477338.3
477750.8
478347.2
479132.7
479707.8
480928
484402.5
485393.8
487628.8
488221
489513.2
490528.8
490919.3
491452.2
493176.7
493969.2
494530.6
496105.3
501186.6
501646.8
502083.9
502428.7
502805.6
503129.4
503511.3
503822.4
504469.1
508378.1
509151.8
509780
510980
512467.8
513875.2
518676.2
519117.7
519472.5
519908.5
520642.2
521171.2
522146.3
523530.6
523977.8
524398
525370.2
525890.4
526582.8
527199.4
527738.2
528150.4
528682.7
541297.6
542283.3
548601.6
548877.5
549308.3
549890.2
550676.5
553901.3
554491.8
555081.6
555654.2
575400.8
575894.2
576332.6
577127.6
577816.6
578620.3
579032.5
579558.6
579897.5
580654.1
585452.2
589284.8
611299.2
612490.1
613245.9
615992.9
616123.9
616898
617237.9
617489.2
617747.5
618128.3
618416.1
618701.4
618879.7
619248
619605
619910.8
620249.3
621122
622000.2
623377.8
623613.5
624129.5
624554.6
630907.2
640322.9
640696.5
641137.2
642143.3
651099.9
651912.2
653987.6
658797.6
660521.9
669748.9
670147.2
670709.5
673235.3
673920.9
674523.2
678304.3
680548.5
681764
683084.1
685031.2
685597.5
692903.6
704623.6
706864.7
707890.8
708724
709675.2
710398.8
710942.5
711524.6
712185.7
712689.5
714897.6
715655.4
720576.4
721762.3
722309.6
722677.6
722852
723094.4
726135.5
726862.2
727552.6
728109.8
728476.3
728896.7
729593.7
731055.9
740796
743463
751198.2
769765.7
770541.6
774344
775472.9
776222.8
776602.2
777728
779138.2
789150.5
792087.5
792618.5
794780.9
800074.7
802148.6
815232.8
816424.9
819684.2
821626
822184.9
822967.8
823597.2
837240.8
838845.8
856385.6
856847.1
857625.3
858222.6
858682.4
859736.7
860714.5
861202.9
863383.1
874177
875183.5
878610.6
880037.8
881072.2
905317.2
905829
906380.3
906768.5
907732.4
913157.3
916312.2
946446.5
947105.6
949135.2
949681.3
950766.7
951413.3
952092.5
952584.4
954077.1
954621.1
956627.8
957343.9
959684.5
960621.6
967152.3
976350.5
976794.4
977197.2
978033
979394.2
980049.7
980824.3
982269.8
982858.5
983205.4
983928.6
984406.6
984990.5
986093.1
989593.3
990153.7
994090.4
994832
995405.6
995853.5
996294.6
996639
997050.1
997470.8
997495.3
999021.5
1001092
1002138
1003568
1004087
1004656
1008607
1014390
1015036
1015590
1016059
1016854
1017707
1018530
1019414
1020516
1020666
1021660
1026287
1027791
1039305
1041284
1042487
1043219
1055243
1057647
1058374
1058927
1059439
1059994
1060618
1061056
1062123
1062810
1063408
1063815
1064522
1065020
1065412
1066261
1067612
1069056
1074740
1075435
1076048
1076513
1077216
1077721
1078942
1079532
1080342
1080956
1085749
1088198
1088905
1089917
1090849
1092362
1092840
1093331
1094629
1095012
1095346
1096200
1096664
1097217
1097847
1099956
1120802
1121271
1126481
1130285
1130810
1131748
1133551
1136837
1137402
1140362
1142058
1147559
1148666
1149375
1151652
1156220
1161660
1162185
1164275
1164937
1174088
1174573
1175196
1187327
1191317
1195426
1196222
1197756
1200226
1212674
1214822
1225049
1226721
1227332
1228563
1230867
1231938
1232641
1233245
1233793
1234395
1238394
1250639
1251354
1254410
1255100
1256486
1257181
1257638
1258080
1258826
1259572
1260608
1263063
1266815
1287651
1288314
1291983
1292716
1308665
1310433
1311266
1311684
1312998
1320797
1321220
1322425
1330785
1350949
1353028
1354690
1356138
1358665
1359568
1362081
1362691
1363367
1363781
1364773
1367234
1388373
1389213
1390068
1390571
1391633
1395062
1397065
1399355
1401483
1402344
1402954
1403443
1403879
1404324
1405086
1408340
1408681
1409171
1409862
1411688
1435127
1436238
1436748
1437227
1437958
1439531
1439974
1440748
1443057
1443776
1444161
1445735
1447010
1447038
1454468
1461618
1462219
1473226
1478492
1486600
1493553
1494238
1495629
1497096
1497945
1505956
1510089
1510644
1511452
1511949
1512397
1512890
1514375
1515067
1515180
1515893
1516416
1521990
1522578
1523940
1524514
1525396
1526079
1528048
1528480
1529225
1538166
1543433
1545683
1546588
1566724
1567616
1568398
1568995
1569778
1570308
1571359
1572107
1582448
1583038
1583829
1586334
1586772
1587957
1588849
1616630
1623748
1624643
1629735
1634180
1640485
1641126
1642205
1642653
1643511
1645387
1647585
1647630
1648294
1648834
1649591
1650632
1652567
1656588
1657533
1658066
1659003
1659821
1660331
1660744
1661382
1661975
1662437
1662957
1664275
1670737
1674780
1676183
1676687
1677053
1677532
1678015
1678604
1679101
1693138
1693603
1694565
1695471
1709221
1730171
1731061
1731683
1732119
1732459
1732780
1733175
1733697
1743205
1744010
1744333
1744753
1745291
1753764
1757632
1770806
1771564
1771960
1776398
1813123
1828426
1829075
1829709
1830141
1830835
1840700
1842599
1848332
1851761
1860153
1867788
1870420
1871203
1871807
1890654
1896488
1898397
1903099
1904242
1925961
1926852
1927289
1927953
1928583
1929706
1934807
1949616
1950325
1950701
1951139
1952049
1956218
1960095
1961124
1961763
1962343
1962746
1963671
1964469
1964978
1965369
1966031
1966670
1968552
1969317
1971325
1971905
1974085
1977447
1977940
1978520
1979024
1979461
1980073
1980648
1981343
1990340
1991473
1992239
1997640
2007291
2010523
2012410
2013803
2018957
2020930
2025486
2026459
2027142
2027865
2028534
2030023
2053544
2058755
2072274
2073298
2074230
2078177
2087359
2087618
2088171
2089192
2104757
2105353
2105970
2114203
2127293
2135390
2138878
2157652
2158241
2163667
2164256
2164858
2165453
2166660
2167170
2167667
2168379
2168791
2169795
2174292
2175310
2180888
2181592
2182190
2182900
2183406
2184366
2184951
2185790
2188432
2191811
2196267
2197369
2200202
2204017
2204532
2204857
2208932
2209500
2210010
2210605
2211658
2222320
2260270
2262375
2265741
2266491
2271608
2283484
2284064
2284749
2287580
2288278
2288796
2289552
2290198
2290707
2291435
2292861
2294649
2295838
2296976
2298001
2299189
2299619
2300182
2300560
2300998
2301438
2301982
2318712
2319738
2334655
2335593
2336156
2336637
2337147
2338014
2338580
2345932
2365378
2367339
2368369
2368846
2370264
2394089
2398424
2399809
2406695
2407355
2409595
2409987
2410378
2411164
2412569
2414136
2414542
2414777
2414902
2415611
2416554
2417305
2418139
2419145
2434681
2441991
2442678
2446600
2454994
2455488
2455960
2456859
2463464
2469994
2471252
2472767
2476362
2478999
2483355
2486807
2487716
2498184
2498603
2499408
2499865
2500002
2500728
2501423
2507425
2508157
2508596
2509455
2510407
2510779
2511131
2511726
2512250
2528525
2530581
2532833
2533798
2535142
2535740
2536882
2571808
2572455
2573294
2574879
2575715
2576259
2577791
2581593
2590953
2592148
2593079
2593592
2594043
2595493
2596125
2596485
2597374
2604534
2606108
2606719
2607697
2608261
2609029
2610034
2622379
2623968
2624777
2625464
2628741
2629681
2630332
2633531
2637232
2638107
2646507
2658226
2660145
2660853
2668236
2669568
2670323
2671168
2671970
2676378
2677938
2678490
2679362
2701508
2704016
2704738
2708621
2709618
2710361
2711674
2714265
2715849
2716622
2716965
2717434
2718062
2726745
2730957
2741656
2755324
2756385
2759400
2761268
2761910
2764685
2765020
2765540
2790999
2793719
2794629
2795219
2797203
2803103
2814154
2815954
2817075
2819232
2819797
2820553
2821113
2829455
2830674
2831427
2831938
2832275
2832842
2833431
2834248
2834360
2839714
2856066
2857864
2858361
2858805
2859578
2862857
2863271
2864105
2864586
2864909
2865331
2865682
2867886
2872408
2884197
2894950
2895435
2895769
2896379
2897424
2897913
2898432
2899309
2900172
2900662
2901295
2902071
2903232
2904192
2904988
2917805
2923785
2924495
2952289
2953449
2965227
2965674
2966373
2967018
2967507
2968352
2976230
2981688
2981716
2982376
2983046
2983517
2984456
2985207
2985843
2986716
2987508
3005684
3008694
3011954
3013569
3016413
3024545
3038530
3052774
3056835
3057502
3062323
3071995
3072929
3073818
3074684
3077308
3077759
3078658
3081554
3082502
3084010
3084886
3090004
3091879
3107122
3108536
3109579
3110251
3118107
3121413
3122519
3122837
3123773
3126782
3127367
3128075
3129808
3130663
3165889
3166858
3167945
3175333
3185580
3186120
3186877
3193831
3194706
3196627
3199663
3238749
3239300
3240763
3241442
3241843
3243088
3247047
3253748
3258360
3259852
3260302
3261752
3268700
3270127
3273074
3273497
3274171
3274594
3275255
3279503
3290517
3293917
3311400
3316575
3317256
3317815
3319070
3319968
3324528
3325085
3326208
3327394
3339745
3340381
3355235
3358309
3361228
3362490
3363072
3363463
3363954
3364664
3368241
3372746
3373466
3375351
3378935
3383957
3385679
3386831
3387236
3388080
3388608
3399649
3400219
3400949
3402512
3404676
3405245
3406598
3407136
3427353
3430119
3432437
3432907
3435729
3436749
3438628
3440299
3441333
3442413
3443768
3444668
3448279
3449384
3462951
3463607
3464365
3464982
3465533
3467277
3475603
3476306
3479171
3494835
3499232
3500153
3517549
3518304
3518983
3522345
3522677
3523993
3524498
3524981
3525508
3536689
3537138
3537559
3541377
3542703
3546735
3547855
3548875
3551718
3552980
3553972
3564530
3566060
3567106
3575795
3576815
3579218
3605751
3607597
3620732
3621494
3622290
3630739
3631388
3632183
3632543
3633185
3634396
3644999
3646170
3647748
3648709
3652938
3653380
3655072
3656094
3664702
3679003
3684118
3689450
3690364
3692374
3697812
3706087
3717792
3721488
3721886
3722137
3723284
3724851
3725601
3726619
3734431
3752140
3757838
3757959
3758536
3759226
3760318
3760867
3761576
3761713
3762058
3762430
3763102
3763750
3764212
3764893
3768520
3769907
3771000
3771582
3772206
3772852
3773623
3774936
3775510
3775621
3776074
3776471
3777000
3777554
3778217
3780526
3781142
3781987
3785650
3786403
3787258
3790004
3798597
3799223
3801904
3811241
3811608
3812390
3842090
3843014
3843621
3844538
3845917
3848993
3850211
3850920
3863541
3871481
3872136
3872797
3873622
3874076
3874411
3874801
3875384
3875929
3878241
3880374
3884331
3892847
3904568
3907727
3908584
3919968
3926435
3927125
3928359
3929859
3930784
3931649
3933685
3934619
3935676
3936154
3936807
3943559
3944471
3947992
3958747
3959846
3974010
3974927
3975640
3976173
3977004
3978857
3979305
3979999
3982538
3983143
3983783
3984768
3987121
3987994
3988515
3989274
3993871
3994567
3995207
4015743
5404839
5406361
5406970
5407808
5408961
5409799
5410567
5411102
5415900
5416725
5417566
5432241
5432922
5433356
5439139
5453436
5454074
5459869
5463863
5464534
5465064
5466084
5484204
5485795
5487669
5491402
5492148
5492715
5494683
5495939
5497481
5498505
5499769
5500471
5501050
5501816
5502450
5504182
5505047
5506088
5508221
5509406
5510021
5510743
5513432
5527308
5527880
5528528
5529157
5537756
5541179
5546851
5547802
5548529
5550594
5552034
5559803
5560475
5562076
5564252
5565104
5566107
5569572
5570132
5570671
5571385
5572025
5572545
5573355
5573871
5574690
5575982
5576894
5577277
5578145
5578744
5579402
5581030
5582017
5584301
5584828
5585682
5586311
5587463
5588883
5589519
5594220
5594750
5595238
5595847
5599153
5602259
5604139
5604839
5606330
5636921
5637666
5637922
5637998
5638547
5639132
5641469
5642238
5643849
5646491
5650345
5670681
5671215
5672021
5687951
5688519
5689406
5690116
5690622
5692463
5695323
5700623
5708172
5716081
5716548
5717173
5717758
5718810
5719366
5728216
5729825
5732925
5734255
5734366
5744465
5745053
5746210
5752538
5753537
5781226
5781247
5783196
5783641
5789673
5790683
5795497
5796421
5797298
5807371
5808112
5812392
5812827
5813395
5814014
5814547
5815172
5815733
5816213
5816686
5817336
5824671
5824997
5825303
5826047
5827352
5827578
5858857
5859429
5860089
5861319
5866862
5868676
5872635
5877327
5877812
5884684
5885111
5885569
5895471
5896365
5897043
5899236
5914552
5919262
5919909
5920704
5921224
5921907
5922521
5932407
5944545
5945647
5946580
5947640
5948531
5954531
5955221
5956127
5981007
5981751
5983036
5983889
5984523
5985135
5985859
5991730
5992311
5992833
5995678
6004249
6005323
6007125
6007170
6008883
6009688
6011887
6012453
6012742
6013399
6013924
6014370
6015138
6015850
6016594
6017129
6017646
6018201
6018790
6019664
6020417
6021109
6022111
6022876
6023464
6024285
6045019
6046752
6047283
6049373
6069524
6070148
6070882
6076330
6076591
6077167
6077762
6095495
6100711
6101954
6102799
6103680
6107167
6107858
6108425
6109284
6113727
6124416
6133597
6138836
6139463
6143036
6144049
6157845
6158757
6171207
6171800
6172764
6200204
6203827
6206189
6206727
6208254
6208725
6209229
6209850
6211931
6212999
6226491
6227338
6229711
6231310
6231851
6232829
6233477
6233841
6234554
6235712
6236094
6236483
6236534
6237191
6237942
6238681
6252932
6253519
6254326
6254977
6255754
6256323
6257159
6257700
6258447
6259323
6259898
6260545
6261120
6261560
6261966
6262807
6263310
6263617
6263999
6264372
6264844
6265316
6265764
6266237
6267209
6267516
6269356
6272744
6273664
6274487
6302879
6304178
6306718
6307691
6309619
6310517
6314367
6322165
6322907
6331166
6333055
6333783
6353863
6364211
6365421
6365995
6366798
6369345
6371258
6371881
6379175
6381359
6382864
6383447
6384644
6399822
6401420
6406612
6421856
6426717
6427275
6427734
6428191
6429445
6431063
6431704
6432397
6432854
6433779
6434596
6435090
6435942
6436750
6437431
6439071
6455734
6463910
6464495
6464880
6465334
6466092
6467925
6468351
6468714
6471244
6472969
6474818
6475733
6476330
6477026
6477655
6478105
6478501
6478839
6479127
6479645
6491924
6492380
6492999
6493583
6494112
6494587
6496379
6511884
6513155
6513993
6514955
6519769
6520854
6522592
6523049
6524365
6525051
6531898
6539882
6542890
6544459
6544922
6545275
6545667
6546097
6546482
6546839
6547203
6547577
6548275
6548662
6549632
6550202
6551468
6556199
6556940
6557702
6572853
6580647
6581429
6584022
6589624
6590211
6590731
6591892
6592528
6593335
6601188
6602043
6603733
6619388
6620135
6623367
6624584
6626828
6647523
6648279
6650517
6651211
6659788
6660614
6661281
6661896
6662721
6663257
6664046
6664770
6667485
6675617
6676468
6676906
6677588
6678361
6678795
6679221
6679655
6680403
6681369
6682470
6686327
6687779
6689714
6690177
6690721
6691305
6696010
6699762
6700342
6700983
6701594
6702738
6703338
6703851
6704264
6705451
6706714
6725387
6754201
6756676
6764631
6765349
6766300
6766944
6767864
6768794
6770519
6773715
6774000
6774520
6775159
6775560
6775881
6776925
6777787
6779520
6780220
6780730
6789869
6791175
6792817
6794151
6794944
6795823
6799783
6800576
6802588
6811726
6812690
6814349
6815084
6816100
6816928
6825336
6826143
6827326
6828569
6829420
6830154
6830912
6831746
6846852
6863224
6892819
6892948
6896861
6898529
6904411
6905856
6906739
6907648
6908196
6908608
6909068
6911384
6912030
6912830
6914344
6915759
6915973
6916892
6917508
6918381
6918885
6919644
6921129
6921647
6922221
6922906
6923423
6924093
6948693
6960767
6963922
6966815
6967692
6969461
6970608
6971856
6983459
6986657
6987174
6987894
6988422
6989111
6991256
6991374
6993178
6998947
7000196
7005556
7006893
7008184
7009490
7011833
7017453
7019209
7020342
7021348
7023640
7026440
7038801
7040364
7040746
7041182
7041802
7043049
7046360
7047252
7048193
7048894
7051299
7055768
7056891
7057891
7064577
7066050
7076832
7077343
7077937
7078497
7079006
7079356
7079460
7081061
7084585
7085847
7088227
7094219
7096324
7097064
7101508
7102229
7103135
7103533
7103970
7104435
7105090
7105717
7105968
7107446
7116214
7123878
7124545
7127245
7127970
7128558
7129455
7130715
7131174
7131662
7132032
7132639
7141084
7141685
7142381
7167896
7168513
7174281
7174836
7175386
7179453
7206300
7207575
7208157
7220437
7221417
7226354
7228469
7241976
7244545
7247320
7252877
7257501
7258021
7258672
7259432
7260198
7260858
7261440
7274981
7278346
7282715
7283429
7290559
7292726
7294505
7295497
7303551
7315428
7326426
7327441
7327923
7328369
7328641
7329141
7329503
7336756
7337823
7338720
7340416
7342300
7357754
7358992
7359538
7360290
7361712
7362269
7362825
7363876
7364349
7364986
7365105
7365709
7367187
7370656
7371303
7371905
7373445
7382472
7388827
7389495
7409683
7410070
7410620
7411307
7411854
7411995
7412692
7412966
7418331
7418888
7423315
7423471
7423898
7430933
7434113
7436426
7441793
7442197
7450637
7454973
7459262
7469293
7470545
7475475
7482577
7483765
7484737
7485294
7485740
7486384
7487450
7491667
7498570
7509737
7511065
7512193
7515988
7516817
7518321
7521515
7522177
7522210
7545791
7550998
7564129
7566206
7567308
7568040
7569607
7570944
7571684
7572466
7576871
7581099
7588538
7593509
7593986
7594345
7595118
7597856
7598578
7605594
7606243
7607622
7608127
7608608
7609518
7614884
7616424
7617268
7651022
7654140
7654358
7654582
7655779
7660804
7662091
7663182
7663828
7664704
7665592
7666268
7672565
7673214
7673679
7674419
7676825
7699053
7699758
7700474
7701041
7701342
7701653
7703296
7710823
7713477
7714842
7715663
7717708
7718637
7723409
7731098
7732429
7733138
7733819
7734811
7745702
7749511
7755913
7757056
7758194
7760431
7761149
7770176
7771690
7772104
7773110
7774110
7775187
7775838
7785918
7786914
7798691
7800098
7812746
7813150
7813732
7814392
7815645
7819206
7819314
7819325
7819743
7820258
7820868
7835831
7838283
7840522
7843188
7846850
7848106
7851997
7857840
7864344
7871153
7872259
7874227
7876688
7881383
7883937
7884419
7885321
7886864
7889864
7890602
7896547
7898349
7899955
7900644
7901214
7906685
7907543
7911232
7914919
7915450
7916127
7917736
7919142
7926315
7929711
7930645
7931822
7932646
7935077
7935649
7936349
7936977
7942564
7943351
7944237
7945481
7947994
7948924
7949535
7955333
7956646
7957299
7962312
7965501
7967760
7968707
7969877
7972910
7973979
7975316
7988890
7991345
7997688
7999206
8000006
8000962
8001712
8002578
8008285
8021845
8022920
8024384
8025115
8027807
8035727
8044904
8045721
8047392
8047659
8048427
8049463
8055573
8056358
8056976
8057520
8058131
8058843
8066053
8066661
8067748
8070519
8101437
8102076
8102781
8103709
8104588
8104801
8110016
8120243
8121302
8123327
8132009
8132685
8132824
8134050
8135175
8146526
8147067
8148041
8148835
8149651
8150886
8151554
8152407
8153545
8154200
8155335
8161499
8166683
8172099
8172931
8173345
8173968
8182971
8188027
8191833
8192154
8193222
8201630
8206712
8218963
8220670
8224438
8224994
8235392
8235926
8236602
8237560
8244493
8245688
8250450
8260903
8261222
8261735
8262101
8262560
8266026
8266616
8267828
8268376
8269792
8276681
8279048
8279647
8289957
8292247
8293188
8305242
8306034
8306224
8306630
8311346
8322910
8330471
8331568
8333135
8346080
8347544
8351098
8351767
8352223
8352853
8353340
8354118
8354696
8355666
8356096
8356775
8357194
8357600
8358098
8358497
8368064
8368879
8369400
8369911
8376274
8379081
8385941
8386627
8393108
8414844
8416929
8418824
8420221
8420757
8426475
8427293
8428335
8428815
8430024
8439090
8440369
8442617
8446554
8458821
8461870
8462433
8463434
8465012
8465995
8466620
8467292
8468148
8476963
8477369
8478778
8479252
8481956
8505652
8506226
8507310
8509855
8512693
8517023
8517826
8518904
8520459
8520952
8521176
8522518
8523482
8550421
8551604
8553674
8554542
8555522
8559021
8573914
8574289
8575481
8577500
8578076
8578589
8579319
8580263
8590996
8594060
8594957
8595791
8611797
8612623
8613530
8615761
8626074
8627868
8629705
8630208
8634078
8635500
8649518
8658129
8662622
8664098
8664651
8665205
8665859
8667051
8673465
8680247
8688132
8693660
8708238
8708997
8711265
8712607
8713140
8714103
8715121
8715838
8716673
8717100
8717510
8717906
8718964
8722350
8723993
8724817
8726152
8726887
8728407
8731097
8731940
8732760
8755584
8756648
8757291
8758672
8759606
8760390
8779833
8782773
8793348
8811511
8813755
8823245
8830013
8832845
8834055
8834477
8835125
8845372
8846220
8847135
8847632
8848162
8848567
8848589
8849413
8850094
8850845
8851847
8853077
8855194
8855912
8856337
8857128
8858248
8859835
8860347
8864202
8864944
8865630
8865953
8866446
8867089
8869780
8880482
8880936
8881396
8881969
8884242
8909963
8910494
8911088
8914640
8916178
8917397
8918025
8919672
8920576
8929780
8930617
8931117
8931788
8937723
8938850
8939203
8940368
8947198
8947620
8948445
8962590
8981277
9002637
9003487
9010230
9011084
9011688
9022773
9029531
9059429
9060213
9062404
9062698
9063433
9064468
9064904
9065364
9065759
9066127
9066446
9066875
9067205
9067301
9068741
9069784
9070379
9071992
9072555
9073091
9073656
9074325
9075371
9080436
9081263
9082210
9082799
9083486
9087796
9090404
9091283
9092727
9094309
9094693
9095342
9095718
9096258
9098953
9100085
9107404
9107923
9118267
9123058
9134843
9141157
9142466
9142846
9143266
9143710
9144299
9145042
9145865
9147239
9153906
9155227
9158658
9159204
9159799
9162835
9162865
9163624
9164111
9164554
9165076
9167419
9167908
9171561
9172554
9173153
9173577
9174050
9174482
9175068
9175872
9180627
9182154
9182986
9183683
9215006
9216629
9221821
9223169
9223968
9225070
9225593
9226727
9235408
9235972
9236959
9237789
9238875
9240255
9241364
9242566
9243549
9250511
9252284
9252857
9253355
9254520
9255736
9257660
9258475
9258851
9259496
9260059
9274720
9277143
9277420
9277855
9279304
9283922
9284830
9296724
9298458
9302626
9322588
9322803
9333359
9333876
9334365
9334854
9335571
9337988
9338875
9339408
9345019
9347326
9362117
9362860
9364036
9364812
9369283
9369764
9374586
9376235
9376770
9378012
9378494
9379128
9382581
9385177
9395423
9396042
9396068
9396817
9397383
9398180
9398843
9399781
9401848
9402707
9403103
9403469
9403974
9404401
9404982
9406109
9407154
9411740
9415411
9418376
9419337
9453752
9454634
9455616
9456614
9460583
9468640
9469152
9469559
9470092
9473153
9494335
9495094
9496030
9497214
9509154
9510286
9514946
9517357
9518016
9520360
9520956
9521524
9528550
9529888
9530506
9531435
9532048
9535720
9537729
9538292
9538760
9540037
9541608
9565337
9566104
9566609
9566995
9567496
9568605
9571640
9580985
9581134
9591453
9593219
9606249
9606334
9607282
9609047
9609481
9610016
9610772
9611460
9612466
9615249
9617636
9618009
9619108
9619431
9621678
9624326
9629008
9639606
9640296
9640943
9644068
9669975
9670967
9672253
9675472
9680324
9681534
9682116
9683548
9685039
9685473
9686058
9686775
9687801
9688599
9690173
9692132
9692834
9694260
9694527
9694999
9695469
9695905
9696730
9697475
9698542
9700376
9701501
9715782
9719009
9743619
9743817
9753836
9754618
9755511
9766144
9768214
9769765
9775030
9775360
9776384
9776504
9778233
9782319
9782838
9787878
9788715
9789253
9805117
9805140
9809304
9812855
9814021
9823966
9825052
9825920
9827216
9827858
9828688
9829122
9829160
9829626
9830196
9831054
9847751
9848558
9851531
9854289
9859101
9860237
9861957
9866201
9869365
9880843
9912002
9912760
9921569
9922159
9922658
9922797
9923880
9924415
9925193
9927257
9952683
9977481
9981316
9982340
9983003
9983468
9984227
9988191
9989419
9990768
9991606
9992661
9993355
9994556
10019387
10020129
10020642
10022652
10023163
10024096
10026026
10026486
10026968
10027339
10027837
10028897
10043609
10045686
10046619
10052925
10053376
10054498
10055101
10055545
10056078
10056619
10057411
10060276
10064440
10065151
10066926
10087645
10093120
10093998
10100113
10100545
10103965
10104546
10105089
10106464
10106944
10113603
10116226
10116246
10123046
10123167
10128646
10133656
10135686
10140846
10142341
10151714
10152312
10153580
10154220
10162197
10162265
10164932
10165388
10166341
10167196
10168498
10169144
10170239
10173446
10175857
10176899
10179719
10181023
10188421
10193586
10194229
10201247
10212011
10215606
10216286
10223012
10232574
10233616
10234422
10237396
10246772
10253963
10254398
10254897
10255681
10256466
10257758
10258176
10259807
10261095
10269820
10270955
10278677
10289610
10290334
10291398
10291886
10292353
10292837
10293870
10294551
10295047
10295571
10297467
10319355
10320532
10323519
10329596
10329628
10330828
10350310
10350851
10351387
10352008
10352519
10353116
10359414
10361759
10363382
10364460
10366558
10370685
10371076
10372347
10373054
10377816
10378479
10386169
10394780
10395225
10395792
10396306
10410682
10411514
10412050
10413110
10413971
10414485
10415526
10416642
10432319
10434777
10437383
10438442
10438895
10461104
10462030
10462804
10468535
10469385
10470170
10471040
10472713
10473362
10474136
10474408
10474614
10476052
10478828
10479336
10480178
10480926
10482856
10493257
10496720
10499011
10509377
10510468
10512933
10519231
10524887
10525687
10526097
10526462
10526893
10527694
10528178
10528506
10528892
10529232
10529691
10530123
10530709
10541717
10542431
10546439
10547832
10549413
10550289
10553453
10555079
10555975
10556593
10558787
10559441
10559868
10560234
10560986
10562065
10568618
10573777
10574610
10576807
10577388
10578398
10579183
10579741
10580711
10583784
10586479
10588614
10589060
10589484
10590059
10590563
10591490
10602980
10604126
10604854
10608469
10608596
10610974
10611790
10612186
10612519
10612901
10613327
10613878
10615141
10625982
10632677
10633518
10634304
10635392
10639225
10640267
10641027
10642008
10642826
10643491
10647136
10647771
10654174
10672063
10673421
10676805
10679999
10681609
10682251
10682877
10683733
10686780
10687325
10687791
10688174
10690662
10727847
10731894
10734249
10735486
10736043
10737454
10740181
10744937
10745824
10746156
10746664
10747161
10749710
10750687
10751502
10752471
10753482
10756179
10775159
10776257
10776782
10777827
10779026
10808321
10812231
10830287
10831045
10839672
10841393
10843592
10844078
10849873
10860071
10875543
10876252
10878798
10881768
10890818
10891351
10891757
10892177
10892587
10892908
10893313
10893734
10894388
10895147
10897497
10897998
10911773
10918410
10919511
10920140
10920934
10925424
10925806
10926679
10927442
10928821
10953254
10957578
10960848
10964309
10965018
10965502
10965905
10966722
10967191
10967763
10968128
10968699
10969733
10970445
10971779
10972461
10979725
10980364
10987375
11015071
11015557
11016451
11017341
11017950
11018237
11018613
11019043
11019698
11028621
11029284
11039310
11039886
11041080
11041522
11042213
11042909
11043761
11047041
11048109
11054470
11054918
11055443
11056134
11057081
11059487
11060240
11061314
11062120
11063627
11064573
11071019
11071823
11072245
11072535
11072703
11073499
11074454
11075477
11076327
11077056
11078229
11102307
11103135
11113883
11114661
11120986
11123139
11123793
11124378
11131301
11132608
11134778
11135906
11141649
11142439
11149567
11150844
11166165
11170994
11173954
11178161
11178671
11179173
11179486
11179833
11180230
11182287
11184067
11186661
11187167
11187643
11188017
11189053
11192569
11193195
11193704
11195971
11198270
11198753
11199344
11213390
11215002
11215952
11216145
11216465
11217011
11217457
11217956
11218814
11222797
11224629
11225590
11228419
11229033
11229438
11229745
11230252
11230719
