5342.199
10804.12
11555.51
15225.18
15677.7
16261.27
16868.08
26089.09
31017.21
31609.67
47492.95
78887.3
87083.99
87621.75
88021.39
89334.03
104738
124811.3
125548.9
135955.5
138006.8
138884
139536.9
152035.8
156608.4
175353.2
184622.6
185529.1
188636.9
199769.1
213874.2
214520
236634.3
237201.9
237712.5
238490.5
246563.9
247033.9
249470.2
252925
254722.9
256103.8
265778.8
266534.3
270206.2
274314.9
296951
313775.6
314391.2
321160.9
321690
322483.6
323770.8
326242
326896.6
328907.2
329768.1
330953.8
333408.8
358614.7
391651.5
407744.6
410006.2
417738.8
419225.4
425172
452372.2
483562.8
505639.3
512432.8
513007.3
513408.7
515473.9
517180.3
524590.1
547151.5
574320.4
597168.6
604334.8
609467.1
610511.6
636967
637669.8
638428.3
642918.4
646411.6
647071.5
654257.3
657921.5
658447.6
716071.9
716683.3
736472.9
738107.5
738850
739475.1
743464.6
768213.3
778159
790466.1
807136.8
811849
813223
814263
815271.6
815957.8
817159.8
829016.8
829426.3
830303.9
831442.9
836317.1
838012.5
842452.3
851175.1
869218.3
870860.9
872455
873322.4
878394.7
905959.1
907511.1
912758.4
915143.1
916369.1
917082.1
933125.5
933795.6
934410.7
936758.8
937382.2
937827.5
970126.8
975004.8
980348.7
981756.9
982929.8
983928.1
985768.4
988950.1
989644.5
990254.6
1006908
1007619
1021581
1022518
1023308
1023990
1025383
1033606
1034850
1035605
1036485
1036989
1037465
1038436
1041883
1042546
1043320
1045728
1063151
1077834
1078269
1078954
1079760
1151869
1183079
1191563
1194810
1203139
1207348
1208146
1213126
1215853
1216697
1217791
1218652
1219785
1221062
1222806
1239778
1241593
1242071
1242427
1255699
1291276
1292603
1375857
1392626
1393969
1448245
1457285
1458564
1459223
1460594
1460980
1461357
1494397
1498708
1499127
1502583
1507474
1517818
1525418
1525989
1541659
1544654
1545653
1560516
1572573
1574283
1581044
1604933
1606090
1614667
1620543
1621042
1622209
1623815
1624566
1625003
1629350
1629879
1630895
1633996
1634755
1640788
1651074
1651779
1653852
1655026
1658063
1664224
1667418
1668279
1677739
1687392
1690935
1693846
1704460
1707289
1707965
1718223
1719243
1720355
1744554
1765842
1766936
1767496
1768082
1768854
1779978
1802484
1805095
1805905
1806865
1811759
1812746
1815501
1817240
1818636
1842240
1842851
1843524
1844107
1844533
1845820
1846279
1847215
1855290
1857278
1857632
1858897
1864812
1865560
1885552
1907213
1909021
1915545
1925689
1936653
1938129
1938795
1941132
1948986
1951183
1951636
1953363
1968780
1970797
1978954
1980007
1994610
1995098
1995938
2005079
2005624
2007856
2049360
2049897
2050489
2051340
2057511
2058153
2067932
2069847
2080154
2083107
2084836
2104734
2106924
2107689
2125547
2126178
2208413
2211142
2255316
2258751
2270920
2271707
2279445
2280823
2281294
2281651
2281988
2282383
2282860
2290001
2306696
2307961
2308430
2308926
2314714
2318370
2318998
2320320
2333523
2335979
2339352
2342680
2367668
2371520
2374260
2384701
2386371
2388298
2411986
2412388
2412783
2413261
2414865
2418227
2427111
2429884
2448081
2449300
2450396
2451094
2451857
2453127
2455503
2460985
2461841
2470859
2471451
2472143
2473011
2478881
2508370
2570641
2571173
2571731
2572543
2572900
2582540
2584310
2621761
2629294
2652370
2668308
2670653
2711593
2720325
2732081
2774875
2777842
2778769
2779647
2808828
2809301
2829493
2837743
2838672
2843847
2844963
2845321
2846387
2852604
2905347
2906225
2907634
2913121
2929881
2935577
2948557
2958374
2959698
2980435
2984858
2993653
2994293
2997770
2998365
2999331
3005532
3017350
3036354
3037548
3040830
3047544
3049898
3050937
3056193
3068029
3070547
3071401
3088133
3088736
3151278
3155386
3156162
3157373
3168558
3174307
3182931
3185720
3189458
3190132
3192889
3214074
3214770
3215337
3215860
3227543
3229206
3267833
3268851
3269513
3276322
3279530
3293606
3299419
3299876
3302076
3303211
3304491
3305081
3305781
3306934
3307660
3328921
3335305
3335937
3355957
3356724
3363183
3389650
3391041
3392472
3401217
3408979
3415401
3416177
3423946
3426653
3430723
3441109
3446413
3462661
3466175
3466882
3469737
3471383
3472082
3474842
3489209
3489863
3494258
3508771
3537863
3542209
3547349
3547794
3564398
3579922
3580629
3657316
3662326
3663353
3669937
3670396
3670889
3686863
3688403
3690813
3692535
3722465
3723103
3732441
3733128
3733787
3735812
3736954
3737799
3747115
3749298
3761852
3775360
3793626
3852801
3855383
3856332
3856812
3885306
3887017
3894059
3894678
3895587
3923823
3925051
3925775
3946530
3958894
3972017
3973291
3975074
3994133
3995636
3996060
3996967
4003568
4005665
4006769
4007117
4012181
4030010
4054762
4055550
4056047
4056818
4057495
4058413
4059429
4067870
4072708
4076300
4088227
4090489
4103072
4104539
4120711
4121388
4134380
4160285
4167818
4171213
4187478
4229383
4230417
4282569
4283576
4284103
4285052
4285903
4333389
4377081
4403967
4437429
4471381
4478199
4986887
4997492
5002767
5004145
5004657
5011213
5012165
5013824
5014293
5019590
5021210
5021551
5021882
5022219
5022572
5022990
5024486
5024697
5029163
5036447
5045520
5048937
5051492
5054947
5058029
5059545
5059985
5060649
5061445
5062752
5063365
5070625
5072199
5072900
5074074
5077805
5081695
5082393
5083223
5085772
5086830
5087171
5087639
5089186
5089638
5092587
5099927
5102327
5103130
5106654
5107169
5107700
5121789
5138504
5139579
5145385
5146159
5165069
5166101
5167278
5170150
5191088
5191742
5193136
5203975
5205716
5216197
5217035
5227772
5230064
5230595
5232363
5234868
5248867
5249378
5261214
5262196
5262562
5262860
5263307
5266594
5267098
5267902
5268833
5270122
5270785
5271791
5272265
5272630
5273984
5274367
5276080
5277232
5288144
5293961
5303282
5304216
5304622
5305677
5306267
5306921
5307677
5312742
5313283
5318652
5319071
5319728
5336570
5337191
5338403
5339081
5339440
5347990
5350543
5359455
5359494
5360919
5371075
5371979
5404328
5414742
5431162
5431899
5432723
5433304
5433911
5434780
5441659
5447254
5447793
5448207
5448671
5449137
5451477
5452986
5458344
5459493
5460733
5461304
5478873
5479944
5481199
5481762
5482158
5483734
5487100
5489966
5490851
5491750
5493390
5504075
5504913
5515404
5527051
5528141
5536847
5541402
5551759
5552447
5603359
5605730
5628819
5631357
5633654
5640362
5663339
5676422
5676826
5677376
5679503
5680137
5681291
5681976
5682285
5682711
5684089
5693946
5694540
5695092
5696071
5696484
5698414
5699050
5705995
5707382
5723163
5724863
5725270
5726341
5728413
5729259
5734131
5736205
5737149
5786963
5789160
5790921
5791863
5794472
5804467
5806329
5807636
5809852
5811364
5853169
5862713
5867224
5870365
5871114
5875475
5878072
5878644
5884831
5920262
5943322
5944460
5946107
5946759
5951848
5954430
5957240
5959588
5960270
5968667
5991455
5997984
5999024
6026159
6031153
6043165
6053399
6059478
6110630
6111186
6114992
6120583
6127534
6129075
6129538
6133542
6154360
6159831
6167226
6167968
6168701
6173336
6190629
6210814
6211605
6212273
6217655
6255097
6257065
6258048
6262641
6305386
6306068
6307651
6308076
6308868
6310190
6314011
6330056
6336760
6349263
6351863
6354145
6357440
6359545
6360452
6370507
6417414
6431481
6435178
6447126
6447577
6448787
6451150
6451378
6453537
6493196
6505945
6516290
6523845
6525429
6529214
6549187
6551483
6557075
6557758
6577332
6578023
6583512
6587388
6589630
6590479
6595870
6608624
6624017
6626778
6645661
6650390
6651225
6654142
6676419
6678842
6680410
6681119
6682608
6694675
6756470
6757489
6758374
6759163
6759437
6759803
6760238
6761225
6762790
6763653
6787914
6788562
6789061
6795232
6796197
6816009
6823096
6828222
6835752
6842201
6855214
6857402
6860096
6862751
6882628
6884491
6914114
6916529
6926690
6927468
6939082
6956083
6956884
6991216
6992433
7020215
7021181
7025309
7025895
7035262
7035737
7096206
7111519
7116944
7117893
7119387
7121948
7122405
7122826
7123045
7123381
7123879
7124744
7132158
7157813
7158679
7159445
7160845
7179952
7208771
7232840
7233411
7234015
7234325
7234718
7235468
7236248
7245805
7259639
7261153
7270590
7271276
7274274
7294877
7308735
7309753
7346971
7368612
7369208
7375602
7378229
7380709
7381309
7418784
7421471
7424650
7430589
7432035
7452583
7456845
7464989
7477065
7504026
7516500
7517780
7525059
7525795
7536981
7538171
7539269
7542421
7547295
7571382
7572117
7575049
7627368
7630626
7653032
7665418
7667272
7668472
7678530
7680028
7693235
7693711
7696719
7698838
7706757
7707349
7708742
7710256
7710774
7711431
7712218
7718011
7734134
7746035
7749326
7776569
7780287
7803249
7804191
7804633
7805066
7806456
7810669
7813307
7826307
7829795
7842135
7843046
7856513
7860867
7872070
7890702
7891960
7893962
7912429
7913179
7913744
7915170
7917664
7956571
7986775
7989265
7990301
7995753
7996475
8011257
8012118
8023733
8024816
8042196
8051942
8056486
8103165
8108147
8110378
8110973
8112087
8113315
8113701
8114221
8115270
8116676
8117649
8132538
8149041
8152463
8153639
8155485
8156276
8160536
8161456
8166330
8174971
8175690
8206211
8232823
8235169
8263578
8264023
8264980
8267354
8268018
8269301
8270721
8271761
8272996
8273509
8274101
8275807
8284529
8286113
8287265
8287669
8294271
8294783
8295940
8297782
8298154
8298650
8301719
8303280
8303978
8308479
8309470
8321372
8322841
8323886
8327097
8328847
8329985
8335428
8336046
8337133
8337889
8339188
8340182
8347675
8353164
8353632
8353997
8355060
8357679
8358154
8360657
8363483
8365654
8377661
8417747
8420517
8427777
8428294
8440048
8441662
8443304
8473658
8474076
8474511
8483565
8484989
8485566
8489420
8492610
8493581
8494490
8498611
8499797
8505449
8518112
8518605
8519152
8519653
8519978
8520696
8521394
8521879
8522479
8558353
8558710
8570362
8578996
8596967
8599857
8612335
8673150
8675132
8695137
8715342
8716619
8718557
8719703
8728998
8735070
8736944
8737325
8737973
8741480
8748917
8749558
8775863
8779257
8805999
8821261
8827417
8832068
8832557
8838252
8864992
8866993
8868380
8870600
8872093
8897002
8898048
8898823
8901968
8911965
8914908
8923792
8956569
8958256
8959223
8960526
8961243
9453133
9453514
9453849
9454338
9455094
9457704
9463064
9482737
9485223
9504262
9507416
9513432
9513983
9521843
9522386
9522908
9524570
9535985
9540112
9540996
9541862
9542659
9547318
9547863
9548215
9548993
9549495
9550768
9551627
9553130
9555126
9562222
9564430
9565343
9566975
9589920
9590909
9594182
9595094
9596546
9597029
9597685
9598845
9600310
9618635
9619339
9621757
9622211
9629817
9631742
9633317
9664880
9676376
9681685
9710655
9711269
9711833
9712341
9713263
9713766
9718237
9718576
9720334
9722472
9724930
9752919
9753829
9754224
9755149
9755975
9757544
9764016
9766197
9768075
9768921
9775746
9778529
9789854
9790673
9791461
9793180
9810003
9811204
9820929
9822841
9827167
9828187
9828568
9829047
9829931
9830677
9831660
9833129
9833694
9834517
9852643
9853978
9854403
9855855
9880958
9921034
9922288
9923212
9928110
9928777
9929163
9929783
9930393
9930959
9931868
9933872
9934948
9946957
9953272
9963063
9963719
9976656
9978158
9979371
10007244
10013818
10046137
10062764
10067480
10068240
10072005
10075571
10077000
10077407
10077953
10080797
10081417
10084514
10085846
10133273
10136752
10137292
10138220
10144262
10159025
10160055
10161867
10162565
10168742
10183619
10184135
10184758
10185695
10187013
10193812
10195256
10202753
10203254
10203795
10204317
10204860
10205411
10246039
10250541
10257262
10257776
10258805
10259838
10261854
10282894
10294018
10298430
10300346
10313233
10320590
10321116
10326508
10327324
10330827
10331339
10377910
10378347
10378733
10379172
10401864
10402562
10408354
10413288
10413832
10414262
10415006
10415675
10416349
10416691
10417314
10419708
10420218
10421430
10421966
10424923
10437508
10439424
10448507
10450633
10451533
10452340
10454595
10455252
10469229
10470082
10470776
10471311
10471788
10472178
10472886
10499262
10505135
10507461
10508000
10508900
10541076
10542488
10549556
10563556
10569090
10570625
10571119
10571685
10572283
10581204
10585295
10659381
10661345
10666155
10666436
10667450
10667978
10684883
10685555
10686519
10707093
10713858
10714568
10715938
10761960
10762884
10764364
10765115
10804645
10818207
10820633
10863628
10872208
10876418
10891308
10900246
10901212
10905252
10907889
10909928
10913157
10915018
10921406
10921914
10923141
10923423
10930851
10931562
10946575
10947768
10983738
10984174
10984664
10985429
11010531
11011664
11012693
11013214
11013761
11014915
11016172
11029917
11030484
11031724
11032790
11033408
11037998
11048303
11049502
11052479
11054363
11054844
11055777
11056514
11057486
11058283
11059060
11067106
11088863
11092563
11094260
11096428
11097647
11106970
11124782
11125648
11126503
11127608
11143002
11145789
11146702
11169431
11169906
11170369
11171319
11171835
11200041
11200979
11203066
11204003
11205229
11205649
11206369
11207291
11211453
11212369
11214751
11226866
11250070
11250566
11250929
11251490
11252279
11253103
11270222
11276905
11277828
11299081
11300981
11302357
11310802
11311214
11325169
11328192
11347674
11348369
11365749
11366639
11368750
11371530
11372079
11372755
11376531
11377432
11390696
11398787
11399503
11403455
11404104
11404751
11405402
11405940
11407978
11421445
11422068
11422594
11423749
11424352
11438333
11442396
11464146
11464925
11466797
11473335
11474609
11476706
11491510
11493465
11494038
11494692
11495887
11496430
11498683
11499039
11500030
11501365
11501766
11502390
11529636
11535730
11536223
11536828
11539384
11540707
11541117
11541402
11542704
11543086
11545894
11546965
11547857
11548644
11549042
11550979
11553980
11556960
11576328
11576991
11581021
11597450
11598097
11598624
11599095
11599747
11600609
11609826
11610570
11611787
11612884
11613882
11614454
11615489
11618348
11619159
11632199
11646923
11648730
11650758
11651550
11654990
11658404
11659369
11660113
11661209
11666009
11667189
11668422
11669246
11670537
11671161
11672340
11672680
11673306
11673620
11674381
11676026
11701160
11706019
11707808
11709858
11710309
11711328
11712005
11712882
11715705
11729233
11731126
11736112
11736636
11738194
11738694
11739151
11745461
11754664
11756485
11779703
11780428
11798085
11830646
11832829
11854448
11879583
11881021
11882381
11885147
11886739
11887583
11888038
11888949
11892737
11929266
11942459
11945836
11947201
11976493
11978270
11979463
11989286
11989886
11990500
11991172
11991699
12007552
12064416
12069894
12077584
12092766
12100959
12101581
12102186
12126768
12131316
12152067
12153846
12166895
12167709
12178092
12179020
12200948
12201879
12230752
12231444
12231817
12232266
12233440
12237760
12254892
12255684
12256389
12258677
12280692
12280826
12283954
12305287
12305783
12307009
12309776
12314412
12314934
12315825
12316563
12320947
12336570
12337258
12337782
12351716
12370102
12378811
12379669
12380079
12380612
12381289
12388398
12395906
12396787
12417605
12419339
12429664
12445349
12459558
12459990
12460786
12465178
12466091
12466648
12474689
12475650
12476075
12477371
12477962
12482961
12500961
12501506
12502488
12508725
12509242
12510108
12510682
12511374
12513279
12547550
12549295
12553033
12556818
12568670
12569143
12569569
12570209
12575624
12576397
12601275
12606420
12607916
12608900
12610046
12613827
12614667
12615723
12616445
12617184
12617718
12642305
12643043
12646376
12705185
12705726
12732656
12750579
12751835
12752350
12760948
12780538
12787088
12787994
12800707
12851635
12876363
12877161
12884989
12885547
12886425
12887155
12888444
12891501
12914851
12915288
12920182
12920732
12921097
12921507
12921969
12927184
12927932
12929485
12930436
12944364
12949642
12951578
12967217
12968246
12968907
12969365
12971757
12972442
12973742
12974403
12975326
12977005
12987216
12988346
12989122
12989692
12991083
12998884
13004529
13020574
13022395
13022959
13024207
13051535
13052113
13053125
13054813
13058353
13080642
13086097
13087025
13092846
13100621
13102680
13106882
13107784
13108951
13109522
13110332
13116793
13118256
13120063
13153347
13190757
13191381
13194886
13206994
13211718
13235779
13236418
13238475
13278317
13280690
13284161
13285379
13287022
13288952
13292749
13294010
13294483
13296837
13298003
13298444
13298952
13301758
13305261
13330757
13382698
13384305
13395685
13396532
13398450
13400791
13412939
13413468
13413976
13414606
13425547
13426105
13426654
13427629
13431200
13440360
13448115
13455637
13456763
13458145
13459581
13460840
13464654
13465428
