8848.64
13413.8
14069.27
16121.6
18081.36
18455.09
19138.43
20216.85
20882.09
21509.15
21901.21
22317.53
23904.82
26530.79
48456.73
58861.84
59337.5
66985.35
68887.21
70110.71
75465.35
75936.18
85353.31
86104.96
86424.61
87050
92195.82
92760.66
93108.48
93629.3
94362.06
95613.44
96663.54
97387.07
97705.55
98125.39
99548.95
112833.6
117978.9
119180.7
137009.1
142707.8
143502.6
144037.9
144442.3
144767.1
145000.4
145328
145841.6
146571
147270.7
147865.5
150348.7
155826.9
161331.1
162664.1
163396.7
164001.8
165004
165611.6
172387.9
172955.7
173336.4
173821.3
174380.2
178830.3
179952.1
183718.6
184078.8
184764.1
208038
209816
213664.8
214192.7
216491.7
217504.8
218222.1
218627.3
219723.5
222491.1
224971.3
225873.6
226783.3
227471.8
234240
250649.6
251245.5
251600.7
252280.2
254711.1
263068.3
264811.1
265346.4
265840.6
266405.3
266743.1
269546.7
269677.6
270338.2
276563.7
276933.7
277966.1
295258.8
299311.6
302843.7
303278.3
303632.8
305072.1
305963.5
307056.1
307439
307797.8
308492.8
311292.1
311929
312572.4
312872.8
313217.7
313567.5
313908.6
314967.4
324287.7
325006
332793.9
333438.8
333924.5
334383.4
334889.8
335936.8
336287.2
336636.4
337060.2
337459.4
337974
338320.4
339175.1
343115.7
349886.1
352460.4
359537.4
361070.6
363268.2
363944.1
364541
373380.1
374062.3
377654
378166
381201.9
381730.1
385582.9
385908.6
386469.9
386919.7
387298.6
388044.5
400589.4
403363.2
405794.8
407074.6
408400.5
411495.3
418461.7
419091.5
430674.8
450290.9
450627.7
451160.2
451889.1
452722.9
453734
454448.9
457794.3
459148.8
460619
461173.2
461775.2
473884.9
474271.5
474773.1
474873.1
475158.3
475706.6
476665.6
477429.6
478553.7
479097
480319
480942.3
481629.9
482307.6
483266.3
484411.5
497367.7
497826.7
498297.5
498710.5
506021.5
506609.5
509484
517941.5
524305.6
524828.1
525243.8
526363.7
526913.2
527254.8
527702.4
528028.5
528465.7
528849.8
529795.4
530204.6
533551.5
550644.1
552559.8
553210.5
561765.5
564734.7
567718.2
569673.4
570157.8
571548.9
572238.8
576431.3
585843.6
586826
588025.2
588619
589199.4
595857.1
596297
596868.8
601111.4
602284.2
602721.9
603584.2
605210.8
605799.3
606337.4
606870.5
607224.7
607728.7
608183.1
608955.3
610958.3
622763.5
638585.4
643276.1
643939.3
644399.8
644725.2
645287.2
651630.7
652871.9
655037.7
666271.6
666737.2
667854.5
668689.3
670306.4
684720.1
689829.3
690645.7
691100
693254.4
693787.5
694110.1
694662.9
705208.9
706224.2
708101.6
708708.9
709287.5
709870.6
711581.8
712938.2
741279.9
741901.6
755127.5
756415.5
764121.2
766312.2
776910.8
780104.4
780981.8
781436.4
781941.9
782487.4
782981.9
785341.6
786111.6
786510.2
797006.2
825004.3
826149.6
826978.7
840897.7
841558.6
843275.8
851150.7
851971.5
852459.4
853346.2
868075.7
869565.5
870429.5
878733
900292.7
901079.8
904399.1
917244.8
918749.3
926342.7
927148.6
928549
929365.3
930045.8
934082.8
934536.7
936123.5
944941.2
945967.6
946635.2
947237.2
951146.2
953145.2
953793.3
954408.8
974816.9
985471.4
987085.1
987931.2
988415
989177.5
990105.6
990433.9
991712.5
995211.7
999277.5
1031959
1043334
1044076
1063885
1070168
1070812
1081068
1086308
1087036
1087515
1087819
1088138
1088772
1089945
1090871
1091340
1092352
1092778
1112111
1112876
1113394
1114107
1114706
1119947
1120814
1121890
1157761
1158567
1163547
1164354
1164951
1166079
1179997
1184006
1185435
1186339
1186951
1189410
1191526
1193375
1219674
1220068
1220453
1221274
1222345
1223264
1224423
1226736
1227252
1227734
1228334
1244118
1257046
1258754
1259399
1261824
1273863
1281454
1283023
1285342
1294777
1295526
1299994
1300861
1305087
1305601
1309961
1318082
1360006
1360411
1362591
1363146
1363922
1373241
1374114
1375520
1376024
1377063
1387366
1388462
1389376
1389476
1390513
1391619
1392501
1395297
1395911
1396543
1397447
1397970
1399228
1405973
1407833
1417603
1422294
1423171
1423637
1424035
1424622
1429478
1432667
1446854
1447170
1447833
1448075
1448399
1448728
1449304
1451974
1452952
1453453
1454645
1457736
1459663
1470798
1482207
1489970
1493161
1495475
1496810
1498141
1499493
1499941
1502924
1515997
1516248
1516784
1517358
1518411
1523122
1524949
1534491
1543771
1544455
1545020
1545851
1547485
1549921
1550401
1550717
1551151
1551847
1552878
1553399
1554372
1557870
1558826
1559849
1565192
1566036
1567013
1570304
1572514
1583285
1586429
1586942
1587783
1590294
1590875
1591953
1592712
1593101
1594102
1595112
1596046
1596391
1597072
1597630
1598273
1606990
1610999
1612640
1613536
1613939
1614426
1625611
1626067
1626416
1627152
1647613
1658548
1658861
1660350
1660863
1661570
1661932
1662405
1666348
1666688
1667045
1667477
1668976
1669964
1670817
1701214
1707681
1708196
1708668
1712171
1714105
1714524
1714972
1715524
1718703
1719849
1720950
1721802
1741768
1743821
1749204
1749706
1754058
1754769
1756218
1757190
1758712
1759312
1760006
1764803
1765304
1774792
1775541
1776132
1777265
1778148
1807119
1825158
1826043
1826614
1834176
1834599
1835164
1836598
1842519
1843057
1844014
1844786
1846213
1849207
1856874
1857919
1858396
1858898
1859316
1866742
1867559
1868088
1868455
1868843
1869297
1869828
1871749
1873585
1874883
1883976
1884686
1885164
1885851
1886689
1887347
1888011
1888848
1889433
1893845
1903764
1910323
1910940
1911251
1911760
1914153
1916395
1917924
1918434
1919161
1920212
1921921
1923438
1924048
1924390
1924926
1931267
1931634
1932123
1932644
1933530
1935937
1937191
1937728
1938222
1938665
1939053
1939510
1940376
1945401
1947680
1948175
1948785
1949280
1959235
1959978
1961549
1969836
1970484
1970870
1971572
1972317
1972816
1973456
1973899
1974719
1976227
1977119
1977737
1983724
1984130
1985288
1987532
1988912
1991951
1992305
1992561
1993026
1995106
1995854
2009897
2011456
2013314
2013808
2014193
2014615
2015003
2015618
2016093
2016491
2016780
2017216
2035006
2037838
2038692
2038987
2039382
2040239
2040821
2044849
2048924
2049390
2049945
2059555
2060206
2060653
2063675
2064094
2064932
2065575
2066659
2067526
2068476
2070434
2075066
2075579
2076094
2076813
2077657
2078664
2079441
2093985
2102644
2104582
2110691
2116846
2118457
2119508
2121091
2122611
2138682
2139245
2147148
2152791
2157890
2158975
2172003
2188244
2196102
2196783
2198002
2199331
2201600
2202242
2202779
2204108
2205334
2206216
2220249
2223686
2224788
2225387
2226033
2227950
2250889
2250922
2267580
2268911
2269789
2271190
2271828
2272917
2274173
2275953
2276829
2277314
2277591
2279514
2280061
2280701
2281737
2286752
2287801
2288597
2289631
2292093
2293001
2294177
2294808
2303112
2303734
2304173
2304671
2305348
2305922
2306358
2306777
2307385
2307842
2308102
2309757
2323100
2323984
2326561
2333751
2335886
2339762
2340264
2340625
2341399
2341789
2342211
2342937
2349417
2355494
2356069
2356845
2360249
2364428
2370574
2370960
2371666
2372393
2374295
2375166
2391050
2394785
2395309
2395820
2396502
2397932
2408430
2409200
2429904
2432052
2435352
2437660
2438171
2441574
2472719
2474994
2475727
2480031
2480689
2482761
2484197
2486663
2491148
2496903
2504905
2515979
2516961
2517293
2518107
2531464
2547846
2549387
2563126
2564562
2565705
2566917
2573494
2576101
2582271
2583047
2583862
2584812
2585378
2586303
2586916
2621388
2626193
2626738
2639425
2640233
2641116
2643891
2645418
2647882
2648596
2649225
2650280
2656999
2660010
2660459
2660831
2661242
2662112
2666501
2666907
2667435
2668115
2668786
2670320
2670805
2671550
2672396
2702220
2711540
2717464
2718802
2726773
2729335
2729997
2730453
2730960
2731574
2732340
2733194
2735142
2756955
2757592
2764812
2765531
2773102
2773722
2782538
2785405
2794590
2795382
2796265
2797186
2810007
2810589
2813088
2826404
2828933
2831358
2842234
2847798
2849464
2850671
2862821
2863557
2864203
2866031
2868965
2877154
2885988
2886448
2886818
2887306
2887874
2899114
2899800
2902240
2903058
2904041
2921381
2924493
2925108
2930253
2931240
2933795
2934436
2935786
2937021
2943281
2948750
2950003
2950586
2951413
2955537
2956355
2956792
2957603
2964965
2974330
2975734
2976273
2976823
2977870
2979009
2980330
2982860
2990876
2991565
2993790
3012110
3013122
3013487
3040655
3041138
3041543
3042153
3060319
3060831
3073592
3074082
3074535
3075275
3076323
3077766
3078641
3094844
3098967
3105177
3110283
3111905
3115996
3116816
3120582
3121000
3121507
3131181
3158800
3159513
3175669
3183244
3184661
3192882
3204545
3205704
3207870
3212524
3213700
3220845
3221394
3221820
3222154
3222475
3222957
3223291
3223371
3223973
3233498
3235039
3235904
3236970
3237537
3238369
3238920
3241167
3242140
3243006
3245175
3248309
3252046
3253475
3255553
3259547
3264135
3265619
3267638
3268669
3269329
3271063
3271974
3272644
3273567
3274131
3274747
3275248
3276390
3284478
3285035
3287945
3299761
3309986
3311429
3311850
3312704
3313666
3321952
3323518
3324303
3325154
3325607
3326065
3326598
3327008
3327465
3327949
3328741
3329258
3332503
3335945
3336449
3337061
3337602
3342703
3351452
3353705
3367196
3369751
3374180
3374927
3375498
3376557
3377518
3377976
3379084
3380552
3380948
3387152
3388569
3389256
3390052
3391160
3391797
3392115
3392360
3393416
3394180
3404782
3405273
3405826
3408525
3414903
3422726
3423267
3424348
3426277
3428268
3428744
3429313
3430042
3431627
3433578
3434327
3435398
3454507
3454860
3455249
3455644
3456297
3458244
3458780
3467197
3470668
3472048
3487634
3488080
3488536
3489175
3489861
3495016
3497581
3513883
3514836
3515384
3516806
3517366
3519880
3520609
3521060
3522525
3523001
3523421
3524209
3525693
3526864
3543806
3548372
3550841
3551284
3558367
3559080
3559927
3565779
3566977
3571093
3571568
3572038
3572570
3573557
3573638
3574104
3574591
3575461
3576303
3605486
3607678
3608920
3613350
3613847
3614613
3616298
3630810
3631528
3639166
3643463
3649849
3650671
3650707
3660414
3662457
3663153
3664715
3665571
3672183
3674851
3675412
3675787
3676207
3683190
3690119
3690599
3692345
3692614
3694229
3706973
3707894
3708771
3709398
3711420
3726545
3727826
3736950
3739197
3741563
3745106
3745791
3746513
3746593
3750821
3751846
3753821
3754327
3755515
3756421
3759348
3760597
3761049
3761455
3766689
3767482
3767914
3786366
3800684
3802511
3806689
3817551
3824419
3830466
3835034
3835667
3836823
3842743
3843470
3843893
3844279
3844838
3852823
3855904
3890864
3891412
3894636
3895174
3897440
3897944
3900566
3913544
3916218
3927728
3936093
3939520
3940445
3940900
3941817
3942879
3948877
3949533
3950065
3950539
3951082
3951651
3952116
3953971
3959497
3960077
3970539
3971506
3972975
3973855
3974480
3975080
3978388
3981328
3983324
3984282
3985348
4005317
4006343
4006971
4007665
4008161
4009026
4009539
4016194
4023356
4024596
4025543
4050838
4051771
4052455
4067428
4068301
4071115
4072023
4077172
4080868
4095974
4097621
4106164
4107196
4112917
4123702
4125005
4125431
4125804
4126301
4128589
4129168
4132891
4133411
4133903
4134907
4151378
4155816
4156675
4191392
4192598
4194682
4198235
4198989
4199652
4215856
4217589
4219296
4242378
4247735
4248437
4249296
4249882
4250423
4255672
4257244
4270219
4273423
4273917
4275134
4277380
4277858
4278517
4278689
4281216
4281641
4282077
4282609
4283092
4284261
4285181
4292709
4297889
4299122
4300048
4300880
4307024
4308153
4308755
4311118
4311556
4312011
4312377
4320450
4321227
4322201
4327090
4327572
4328007
4328305
4328784
4329597
4330348
4352473
4357738
4358093
4358405
4358753
4359160
4374446
4374898
4375051
4375335
4376076
4379178
4383213
4384630
4385082
4385800
4386353
4386868
4387375
4388072
4389460
4398181
4398543
4398937
4399348
4400018
4401069
4401582
4401938
4402264
4402385
4403155
4407492
4408541
4410865
4411571
4411976
4412469
4412943
4413603
4414015
4414418
4414844
4415145
4416195
4425667
4427134
4429303
4430012
4430716
4431828
4433042
4433717
4458828
4459950
4466755
4474229
4474666
4475243
4475650
4476483
4503465
4548639
4549538
4550115
4551291
4552112
4552789
4567340
4582284
4582581
4586419
4586978
4587452
4590735
4601339
4601841
4602260
4602836
4603846
4609689
4614776
4616721
4617613
4633033
4633370
4634032
4634469
4646247
4651932
4652648
4653387
4667395
4668921
4669970
4673654
4674234
4674609
4675017
4675329
4675693
4676043
4676390
4676675
4677131
4677802
4678297
4679730
4680359
4691270
4693552
4693979
4702254
4732758
4747993
4756409
4762454
4762983
4766312
4768175
4778389
4779236
4783662
4794715
4797558
4799157
4799966
4800601
4801637
4813036
4820669
4821627
4822479
4825650
4826835
4846119
4846531
4847139
4847759
4853112
4853849
4854630
4871708
4872492
4880580
4880936
4881701
4882630
4883382
4883977
4885505
4886559
4896561
4904075
4905054
4906048
4906943
4907340
4907825
4907859
4910146
4910761
4911768
4912262
4912707
4919338
4919759
4920001
4929743
4930533
4931269
4950524
4950993
4951341
4951799
4953136
4955216
4963483
4973995
4974559
4974938
4975407
4975768
4976358
4976867
4977272
4978428
4984084
4985308
4985846
4987863
4988538
4988846
4989458
4990931
4992152
4994422
5008011
5011816
5012892
5020128
5028083
5028549
5029195
5030102
5031166
5042491
5043346
5051766
5054327
5059698
5060405
5061108
5062569
5067517
5076801
5092751
5093707
5096658
5097215
5097829
5102904
5104530
5107532
5108035
5108808
5119372
5119880
5120914
5122069
5132656
5135122
5135936
5137482
5142941
5157104
5158106
5158761
5159616
5162570
5167426
5186644
5191629
5192276
5192815
5193383
5193827
5194208
5195109
5202857
5203925
5205253
5206634
5207092
5213847
5214310
5216903
5217301
5217721
5218845
5224270
5226342
5226756
5227285
5227953
5228374
5228838
5229305
5229738
5230247
5242520
5243105
5247637
5257599
5261271
5263085
5264308
5266986
5267384
5267820
5268164
5268906
5269317
5273246
5274015
5274543
5275303
5276372
5277340
5278098
5278536
5279293
5279965
5284715
5285548
5287011
5295001
5295839
5296411
5299050
5303350
5304180
5307867
5308627
5308887
5309234
5309882
5310567
5312564
5313370
5313941
5324542
5325359
5325762
5326622
5327084
5327539
5327968
5328472
5329027
5330725
5331555
5332223
5333538
5334122
5335007
5336145
5336862
5337528
5338039
5338349
5338733
5339180
5339807
5342010
5342748
5343350
5345231
5352710
5353229
5353670
5354153
5361741
5362190
5362861
5363266
5363837
5364506
5365045
5374270
5374836
5375831
5376343
5376891
5377911
5400504
5403569
5404817
5413176
5420618
5421984
5422405
5422798
5425111
5426494
5426964
5430092
5432600
5435512
5436086
5436832
5452613
5453221
5453706
5459223
5460268
5460649
5461030
5461706
5462287
5483318
5485738
5486235
5487145
5502565
5503241
5511542
5512120
5512642
5513189
5513661
5525770
5526352
5526687
5527101
5527419
5527898
5528189
5528567
5529143
5530029
5550843
5551546
5557544
5558815
5561032
5580990
5581504
5582041
5582687
5583184
5583579
5583681
5584054
5585347
5589205
5589705
5615745
5616312
5616986
5617534
5618369
5618950
5619418
5620110
5621516
5624064
5626225
5629142
5630125
5632341
5648874
5658726
5660737
5662146
5665988
5666618
5667263
5667916
5668674
5669457
5669822
5674036
5682808
5683137
5683433
5683666
5683938
5684207
5684766
5685665
5686043
5686475
5687162
5687781
5688263
5690098
5706474
5706978
5707716
5715051
5715512
5715956
5716673
5719658
5720100
5720466
5729711
5737507
5746642
5748517
5748988
5749429
5750179
5750457
5750823
5751239
5751613
5752005
5752346
5752939
5757964
5786467
5787775
5789782
5790638
5796373
5796881
5797489
5798154
5798572
5799860
5807081
5819286
5820005
5827369
5831366
5850233
5851405
5852629
5853281
5854594
5862343
5863485
5864166
5869033
5879273
5880066
5880652
5881361
5892838
5893237
5902646
5903754
5920174
5920747
5922528
5925545
5926331
5927913
5928316
5949403
5950464
5976266
5979379
5985191
5997270
5998390
5999021
5999573
6011608
6012685
6014433
6018560
6019923
6024743
6025535
6027718
6030205
6031031
6031498
6031986
6032923
6033450
6035247
6051110
6058001
6058801
6059883
6060471
6060978
6061433
6061979
6070756
6071197
6072392
6072992
6073377
6074446
6077324
6082685
6086505
6087081
6095889
6113690
6114484
6115051
6117172
6129858
6130478
6131019
6137096
6137901
6140946
6142404
6142940
6143687
6144129
6144594
6145136
6145592
6146152
6171938
6175802
6177138
6177518
6177937
6178338
6178765
6179454
6179992
6180742
6183408
6188055
6191219
6191825
6192487
6208724
6209461
6210532
6211245
6212072
6213213
6214024
6219707
6220141
6220958
6221904
6222478
6223112
6224763
6240822
6246873
6248393
6267572
6274620
6275622
6276488
6278895
6279886
6280393
6315368
6315864
6316623
6317638
6318578
6318950
6321055
6324101
6325184
6326176
6328141
6328933
6345217
6346629
6348043
6366552
6367134
6367190
6367851
6368622
6370245
6371080
6384427
6385272
6385756
6388722
6390972
6391647
6392512
6405502
6405944
6406662
6407179
6407635
6408128
6410272
6411133
6411809
6412380
6413792
6418145
6423951
6424410
6425321
6426011
6426339
6426621
6426987
6427310
6427601
6428017
6431219
6435740
6436296
6438031
6438531
6438945
6439527
6440153
6441729
6453733
6455583
6461823
6465965
6466882
6469849
6470473
6471857
6477403
6478009
6478426
6478919
6479303
6479673
6481268
6481950
6484260
6485379
6487372
6488625
6489414
6490035
6490629
6491176
6491784
6492736
6493239
6493788
6496599
6507893
6508575
6508959
6520170
6538473
6539049
6539381
6539780
6541516
6544049
6563153
6563923
6564623
6565322
6566416
6566865
6567426
6567702
6568213
6568569
6569179
6569860
6584433
6585533
6586064
6586711
6587211
6589435
6596739
6597279
6597792
6598639
6600347
6605047
6605311
6605599
6606455
6607111
6613450
6614045
6614526
6615271
6616780
6625533
6626003
6626637
6627838
6631403
6632396
6632929
6633610
6639137
6639980
6640570
6645883
6661037
6661768
6662429
6665375
6670554
6670815
6671905
6672482
6673204
6673805
6674796
6680859
6690541
6693349
6693813
6699056
6700935
6701746
6706595
6709843
6710697
6711183
6711788
6712831
6713337
6718700
6721850
6754508
6755394
6761003
6763151
6764046
6768032
6772876
6774318
6775216
6776491
6776697
6781771
6784723
6790343
6791650
6792456
6796902
6797779
6803096
6807348
6810586
6822697
6823371
6826647
6832008
6832628
6833202
6838317
6838741
6839405
6840011
6845094
6845585
6847533
6852569
6860552
6861190
6862998
6872328
6883476
6884251
6884921
6893678
6901544
6902321
6902878
6903505
6904305
6923817
6924356
6937317
6943747
6944331
6944802
6945449
6946731
6947255
6947799
6948439
6955866
6956471
6957794
6958824
6963211
6963779
6969371
6970827
6973061
6974040
6977083
6978836
6979965
6987229
6988322
6991418
6992483
6993201
6997847
6997970
7000318
7001355
7009062
7010325
7011382
7012390
7013240
7013618
7013937
7014466
7029877
7035543
7036508
7037410
7038228
7043714
7053705
7056586
7058168
7071572
7072309
7084175
7090519
7091749
7099097
7099899
7103563
7106725
7114375
7114954
7127105
7128107
7132078
7132462
7132896
7133276
7134720
7148439
7148827
7149491
7150017
7151852
7167611
7170595
7172133
7201405
7203145
7203603
7203904
7204290
7204663
7205164
7205436
7205710
7212525
7213579
7215033
7220759
7224576
7228920
7229830
7230320
7230665
7231114
7231588
7232953
7239301
7240002
7240828
7244555
7245089
7245751
7246428
7247643
7248214
7249195
7249737
7250512
7250970
7254129
7254351
7254664
7269281
7274387
7275831
7305899
7306353
7306804
7307186
7307556
7307995
7308643
7330591
7330988
7331533
7332045
7333302
7337217
7337923
7338690
7339423
7339847
7340306
7341239
7341706
7344831
7350376
7351540
7352438
7361375
7362302
7363867
7364408
7365034
7365800
7371608
7373081
7373672
7374724
7376695
7378028
7378894
7394152
7405070
7405691
7406678
7407061
7407423
7408077
7432889
7433552
7443432
7444167
7444628
7445148
7453041
7462731
7465393
7467527
7473104
7474384
7475123
7483830
7486679
7487047
7493187
7499809
7500828
7501278
7501753
7502081
7502456
7502875
7507681
7509100
7510240
7514617
7515892
7516327
7516783
7517349
7517937
7518398
7519657
7533036
7536654
7537018
7537652
7551267
7554604
7559635
7560634
7562497
7563336
7565333
7566100
7583701
7584677
7593453
7594240
7596465
7598892
7599637
7609542
7610061
7611164
7611662
7612361
7613747
7614344
7615220
7626463
7628874
7629605
7630103
7630692
7650320
7661144
7662165
7662722
7663501
7663826
7664153
7664559
7665554
7682174
7685291
7688825
7689764
7691078
7694266
7695238
7703658
7704117
7704635
7705927
7706478
7707236
7708901
7710098
7710580
7711210
7711867
7712356
7717465
7718458
7730128
7732256
7736606
7737719
7738318
7738711
7739172
7740378
7742608
7748968
7758415
7758967
7761561
7762081
7762444
7763480
7766199
7776626
7778639
7781566
7782017
7787100
7795877
7797401
7800635
7809093
7814762
7815138
7815737
7816715
7818253
7818819
7819659
7821483
7822633
7825263
7825755
7826304
7827238
7828560
7831748
7838964
7847591
7853915
7855276
7855830
7865536
7866105
7867530
7876561
7877791
7880565
7882485
7884544
7886933
7888074
7897180
7898314
7899780
7902988
7927259
7934826
7944695
7954448
7964241
7964896
7965217
7967520
7967925
7968768
7977596
7980062
7980522
7980963
7982819
7983484
7986424
7987422
7995969
7998122
7999548
8002742
8006871
8007703
8008229
8009077
8021012
8023217
8025419
8026475
8027577
8028882
8033739
8036136
8038791
8047996
8050604
8051509
8052496
8055916
8063120
8065268
8065981
8066398
8068729
8101595
8102861
8104103
8104467
8105562
8106048
8115639
8117508
8120182
8121621
8123001
8124030
8130742
8132595
8135044
8135496
8145177
8146461
8147239
8147921
8149221
8149703
8150474
8151714
8165403
8166495
8168081
8168636
8169405
8177648
8178329
8178998
8180664
8181380
8189837
8202882
8208068
8208727
8211532
8214242
8228260
8228955
8229822
8231972
8244655
8252011
8281396
8286522
8290517
8297800
8309417
8319362
8319442
8320223
8321531
8321871
8323374
8324230
8325124
8325624
8328652
8330611
8331749
8340451
8340848
8341371
8341866
8342355
8348228
8348702
8349247
8358844
8370746
8373904
8375085
8376102
8382664
8384023
8404016
8406192
8411259
8412190
8413150
8415673
8416360
8427766
8428393
8432394
8442259
8447694
8448345
8449528
8452361
8452887
8458252
8458723
8459019
8459335
8459613
8460173
8468425
8470027
8471698
8476906
8477394
8477952
8478627
8479053
8479280
8479700
8480183
8489140
8491993
8513861
8514576
8515162
8516123
8516549
8517322
8517988
8520795
8524966
8525954
8527789
8528342
8529404
8529930
8555645
8556927
8557501
8558020
8559143
8559844
8560403
8561090
8561621
8568506
8568929
8569294
8569654
8570071
8570950
8572988
8573510
8574499
8584580
8585081
8585776
8586596
8587810
8600314
8600771
8600909
8603705
8604356
8605349
8606727
8609925
8623969
8624639
8626127
8627062
8627959
8628589
8631588
8632234
8632818
8645890
8647930
8651526
8653734
8665218
8666265
8677142
8677796
8678627
8680208
8680848
8681639
8682074
8683259
8685679
8688211
8688620
8688970
8689497
8690531
8695545
8697237
8698212
8705095
8707688
8708490
8711063
8712338
8712865
8713363
8714082
8714567
8717467
8721027
8721462
8722451
8722794
8723350
8724021
8736314
8737156
8737727
8742206
8742941
8754897
8768987
8769075
8769644
8770312
8771662
8772351
8773835
8775013
8779308
8780027
8780744
8781210
8781566
8782183
8782867
8785095
8786741
8789285
8797184
8797779
8798260
8799545
8800228
8800845
8804335
8805796
8811374
8811855
8812619
8814074
8814685
8815524
8826279
8827146
8828698
8843272
8843784
8860275
8872094
8873262
8873818
8874401
8875630
8878690
8882042
8882770
8883657
8884241
8884946
8886116
8889593
8892303
8893444
8909245
8909845
8917317
8917833
8918741
8919885
8920423
8924673
8925690
8933901
8942154
8942730
8944141
8963331
8963753
8964566
8964956
8965263
8966404
8967505
8968617
9003527
9004372
9005187
9009573
9011330
9011754
9012238
9012965
9013305
9013710
9014285
9028978
9044098
9044679
9045344
9048137
9049011
9049552
9050123
9050642
9060456
9070207
9070707
9071015
9072199
9072858
9073312
9074455
9075443
9083052
9088713
9089451
9090389
9091221
9095161
9095849
9096761
9097204
9098007
9098517
9098886
9110371
9110811
9111155
9111526
9120485
9121775
9122375
9123321
9124210
9125044
9126137
9126201
9135539
9137861
9139183
9140852
9141304
9142160
9143350
9143974
9144380
9144750
9145131
9146643
9147313
9153595
9163321
9167816
9169354
9171308
9171839
9172228
9173033
9173895
9174743
9175550
9179722
9180182
9181213
9182063
9189979
9191429
9194919
9195497
9199683
9200413
9200937
9201518
9202488
9204841
9210357
9217017
9218503
9232949
9233455
9234104
9234695
9236878
9241713
9242195
9242856
9243638
9245945
9248998
9260233
9261987
9263152
9263630
9275180
9275532
9275917
9276261
9276871
9277259
9282830
9283282
9283960
9284588
9285119
9285518
9285799
9286561
9287162
9290682
9291673
9298082
9298392
9299493
9300915
9303442
9308736
9311078
9311604
9312155
9313851
9314862
9322295
9324387
9326792
9335873
9336633
9337377
9337784
9338186
9340037
9341288
9345167
9347733
9349531
9363764
9368700
9370358
9370792
9371324
9371923
9373120
9380681
9381085
9381841
9382289
9382928
9384071
9392251
9400586
9401027
9401311
9401614
9401878
9402188
9402570
9402994
9403493
9404992
9405796
9407099
9408235
9410287
9422597
9430057
9430422
9453936
9454452
9455679
9463632
9464551
9464971
9465980
9469644
9470534
9471720
9472494
9473373
9473831
9485611
9488432
9488909
9489502
9492231
9492871
9493574
9494316
9495967
9496307
9496550
9497065
9497573
9498361
9498859
9499289
9499693
9510206
9511101
9511715
9512171
9512779
9513789
9515954
9520208
9527501
9527872
9528692
9529579
9531004
9531369
9532250
9532857
9533548
9535720
9536249
9538043
9538753
9540074
9545987
9561180
9561814
9562693
9564601
9566465
9567051
9567622
9573052
9575395
9575838
9576641
9577710
9586830
9587688
9601674
9606911
9608407
9609009
9609560
9609964
9610381
9610769
9611315
9612043
9612973
9621372
9646000
9646362
9646879
9647167
9647696
9648144
9649192
9649566
9652804
9654934
9660514
9662165
9668526
9669516
9671231
9672385
9673239
9674538
9702285
9702935
9703380
9727784
9728348
9729387
9734691
9735215
9747368
9748375
9748846
9749610
9750205
9751090
9751639
9755160
9770945
9772052
9772644
9787803
9788312
9790199
9794397
9795926
9796846
9799552
9800037
9801467
9805483
9806332
9807084
9810611
9814274
9818832
9829820
9830295
9832682
9854483
9857574
9858488
9868259
9869089
9869748
9870182
9873366
9874006
9901395
9902072
9902643
9903480
9906736
9908662
9909348
9909925
9911864
9917390
9918220
9924027
9925018
9925787
9926534
9926958
9927025
9969179
9969871
9980856
9981839
9982657
9983212
9984051
10000529
10001215
10002164
10007138
10007826
10010017
10017401
10018925
10019869
10020205
10020653
10021165
10021814
10022748
10024676
10024912
10025600
10026421
10026729
10027097
10027625
10028071
10028529
10028964
10029396
10029805
10030350
10031703
10032326
10039976
10047816
10049378
10050451
10051200
10051905
10052401
10053156
10054054
10060413
10061533
10062805
10063520
10089260
10090871
10092081
10092699
10099612
10100018
10100689
10101152
10102578
10102765
10109810
10114384
10124497
10124868
10125445
10126073
10126444
10127039
10127720
10128709
10129266
10138522
10138781
10140026
10145834
10151915
10164062
10164534
10164832
10165450
10166395
10168409
10174352
10183888
10184158
10184906
10185615
10190758
10192797
10193973
10202731
10208409
10210196
10210624
10211126
10211642
10214247
10217877
10218156
10219325
10221175
10222426
10223201
10227487
10227953
10228327
10230208
10230903
10234847
10235414
10245252
10245651
10246026
10246045
10246800
10250080
10251891
10261623
10262019
10262971
10273563
10284189
10285205
10285559
10285928
10286949
10290982
10293922
10299013
10299463
10299969
10300669
10303785
10304613
10305717
10306288
10317016
10317796
10319749
10320397
10320748
10321310
10321725
10323301
10323901
10324411
10325131
10329821
10330380
10350051
10350369
10350746
10351588
10352158
10353179
10353697
10354050
10354388
10355596
10372819
10374234
10380159
10383820
10384181
10384621
10384961
10385718
10396211
10397141
10397694
10398390
10398750
10399362
10400115
10402398
10403958
10411334
10438481
10443906
10444614
10445010
10445542
10456827
10457839
10458449
10459416
10460463
10461096
10462803
10479673
10487734
10488274
10496696
10497976
10498540
10503408
10511325
10511890
10527999
10529128
10547982
10548371
10552540
10553178
10554020
10554719
10561816
10563271
10578393
10578848
10579312
10579656
10580279
10585208
10587969
10588749
10589717
10602690
10609768
10610884
10612242
10612774
10615015
10618042
10621473
10622382
10623268
10625040
10625609
10626043
10626661
10650756
10651715
10655700
10656773
10670126
10671013
10671931
10672804
10674788
10676464
10686136
10687058
10687866
10688591
10689304
10689922
10691311
10692801
10694228
10694877
10717815
10718634
10719153
10721606
10722149
10723461
10724292
10725223
10725882
10726348
10727545
10730293
10731412
10732232
10733058
10733896
10734995
10740454
10752801
10757444
10758980
10762844
10763530
10769766
10775265
10776006
10777074
10804518
10805090
10805820
10806239
10807695
10808865
10815955
10817403
10823848
10825637
10827080
10827754
10829280
10829321
10830626
10833203
10837349
10838984
10840215
10840743
10841563
10842662
10843168
10843555
10844136
10844533
10845013
10850803
10852335
10856164
10856477
10856762
10857121
10857734
10858448
10863512
10865878
10866760
10867668
10872553
10874668
10880436
10882738
10883661
10886075
10892587
10906326
10909208
10910854
10911395
10911547
10911968
10914363
10921871
10928452
10931003
10931782
10932465
10932676
10933180
10933791
10934181
10934686
10935429
10936508
10937760
10938509
10938921
10939409
10940085
10941482
10956592
10957319
10957887
10959921
10961189
10962407
10965007
10965903
10966635
10971497
10972134
10973972
10974467
10985223
10986168
10986837
10989311
10993669
10994304
10996147
10997320
10998338
11001640
11003612
11004895
11005536
11006003
11007620
11008495
11009803
11012728
11014229
11020079
11020872
11021465
11022448
11033397
11034314
11034952
11035617
11036497
11038614
11039266
11039976
11057802
11058882
11060424
11061234
11061922
11068157
11079641
11082910
11093953
11094972
11097813
11098476
11101321
11110775
11111427
11127116
11129139
11129608
11130076
11130522
11130960
11143353
11146369
11148991
11149723
11151225
11153478
11159190
11162713
11163079
11163702
11164201
11164865
11165436
11166638
11173891
11180612
11184854
11189456
11190199
11195653
11196760
11198828
11199472
11200099
11204644
11206994
11208410
11209421
11223812
11253899
11260274
11265402
11271379
11271912
11272867
11287670
11289025
11289525
11291207
11303091
11310019
11312908
11317976
11319706
11327789
11338012
11338184
11338421
11338987
11339782
11349848
11351032
11351597
11352277
11355495
11356281
11359914
11362197
11366616
11367092
11367528
11367955
11369041
11373339
11374112
11381239
11381802
11402548
11403109
11403777
11405743
11406779
11407187
11408574
11435200
11435737
11436160
11436782
11459369
11460945
11461446
11461815
11462273
11464452
11464485
11469269
11469867
11471296
11471863
11472605
11473270
11474299
11478695
11479479
11480137
11482140
11483188
11489287
11489924
11492186
11496744
11499119
11502291
11503426
11503857
11504361
11505468
11506283
11507414
11508931
11513141
11513786
11514343
11514878
11526023
11533991
11534810
11536260
11544670
11546322
11547637
11557731
11559429
11559962
11561187
11565708
11566993
11567813
11568571
11586398
11586984
11587509
11588066
11601106
11602051
11602492
11604088
11608777
11609249
11609635
11610063
11610690
11611371
11612507
11619547
11621916
11623013
11623578
11637152
11637751
11638064
11638405
11638890
11639715
11647675
11655954
11659565
11661087
11662553
11663535
11664429
11664809
11665405
11668182
11668935
11670697
11671922
11673958
11675471
11677173
11679663
11713406
11714050
11722570
11737071
11740769
11751318
11752843
11753760
11760612
11774868
11797321
11799490
11812868
11822656
11823350
11823865
11824774
11825341
11825921
11826449
11826490
11834005
11834697
11835204
11838105
11853707
11873325
11885177
11885792
11886935
11898455
11901019
11933770
11934624
11939213
11944781
11945863
11953299
11983941
11987136
11992994
11999241
11999835
12000267
12002117
12008183
12014346
12021936
12022475
12032202
12035526
12036188
12040806
12042089
12049251
12049998
12050483
12055495
12056696
12063881
12069683
12070338
12070998
12071970
12075769
12077667
12083087
12085017
12087054
12087698
12094299
12104450
12110540
12111057
12113328
12115453
12115682
12116805
12122239
12128203
12128907
12150725
12151456
12158144
12180871
12186884
12187512
12188362
12192006
12199173
12206937
12207780
12208211
12208746
12209899
12210064
12210540
12215647
12218133
12219436
12220637
12221270
12221833
12222358
12228991
12229753
12230842
12232381
12232805
12233381
12234166
12234199
12234712
12235587
12243215
12243898
12244273
12245265
12251231
12252645
12253270
12253676
12254193
12255025
12257817
12258575
12259321
12264700
12265893
12272793
12273527
12274287
12274435
12275036
12277408
12291831
12292351
12292877
12293468
12294637
12295064
12297009
12297833
12298097
12298503
12299185
12304541
12305449
12305840
12306232
12306828
12306930
12310066
12311143
12311592
12312740
12313277
12314127
12316301
12317038
12317721
12318102
12318531
12318834
12319203
12319773
12324910
12325155
12325976
12327159
12327790
12328295
12328915
12328971
12339190
12339529
12340016
12340933
12348653
12349151
12349352
12349957
12349991
12350971
12351766
12353075
12357294
12357858
12366239
12366704
12367119
12367469
12368049
12376779
12377313
12377759
12380204
12380837
12381548
12382286
12382318
12384283
12391575
12399655
12401185
12403763
12404621
12404814
12405091
12406121
12410561
12410997
12411568
12412368
12412916
12413387
12413744
12414006
12414353
12414914
12415490
12421134
12423891
12424474
12425511
12445651
12446339
12448284
12451256
12454943
12456750
12466604
12467709
12467999
12468612
12469032
12469429
12469797
12470132
12470825
12471782
12474602
12476847
12477801
12478344
12478983
12481506
12483947
12485057
12485784
12486518
12496940
12498114
12498507
12499152
12499907
12500915
12503063
12509967
12510972
12511650
12512122
12513959
12513987
12522851
12526072
12526824
12527685
12528243
12528734
12529336
12532248
12540056
12540598
12540965
12541296
12541664
12542906
12543477
12543986
12544487
12544997
12545515
12545771
12546346
12546896
12550095
12550214
12552872
12554170
12564605
12568612
12570025
12570729
12572000
12572769
12577464
12578258
12578708
12579641
12580658
12600411
12603359
12611114
12617008
12618514
12623061
12625675
12626298
12627779
12631983
12634070
12634509
12637314
12638439
12641667
12646122
12647157
12650091
12651173
12652458
12653403
12654204
12656647
12657072
12657499
12657930
12664372
12675217
12676641
12680772
12683727
12684612
12685325
12686123
12686683
12687512
12688601
12702754
12704556
12705518
12707208
12707966
12711053
12712919
12715391
12717406
12717967
12718522
12726585
12727706
12729173
12731481
12732365
12733760
12737364
12740211
12741955
12752097
12752825
12753642
12754039
12754315
12754824
12755520
12762372
12765717
12768756
12769471
12772765
12773215
12773893
12774636
12775295
12775818
12777609
12777896
12779797
12780205
12780853
12782501
12789410
12789567
12790843
12796772
12797669
12804453
12809031
12810614
12811311
12811655
12812322
12818749
12819449
12827346
12834887
12842226
12848008
12852418
12853064
12853654
12854245
12854713
12855202
12856350
12856744
12857362
12857725
12858447
12860675
12861576
12868633
12869438
12869806
12870470
12880320
12885339
12885830
12886227
12886555
12886879
12887171
12887568
12888313
12888848
12889480
12904554
12906933
12908201
12908699
12909449
12914389
12916775
12917352
12918214
12919076
12921603
12922713
12937086
12937804
12954532
12955373
12956235
12958378
12958951
12959504
12961190
12965008
12973425
12983750
12988132
12988636
12989350
12990301
12992643
12993713
12994447
13001301
13002560
13010539
13010658
13011970
13012712
13014041
13026905
13029190
13029905
13030441
13030871
13050630
13051963
13052450
13053214
13053835
13067599
13068335
13069081
13069681
13070487
13071875
13072547
13074861
13084147
13084586
13084922
13085469
13086145
13089992
13091327
13091820
13096304
13096801
13097852
13098382
13098835
13114808
13122799
13131855
13132438
13133027
13133565
13134760
13135608
13136825
13151379
13152172
13159407
13160471
13161535
13165903
13166988
13188265
13189654
13190120
13190358
13190864
13192722
13195471
13198240
13202751
13203160
13203740
13204746
13205366
13207284
13208815
13210670
13211250
13212055
13212851
13213479
13213931
13214301
13214682
13214990
13215358
13215985
13219215
13219977
13224968
13225720
13228500
13229049
13229515
13231418
13232683
13233682
13235038
13236600
13236706
13241893
13246235
13246784
13247416
13247835
13248265
13248682
13249329
13249783
13250107
13250726
13259540
13260167
13268038
13268459
13269661
13271546
13272058
13273144
13273581
13274141
13274596
13277175
13282534
13283509
13283998
13284471
13284983
13292106
13292531
13292914
13293434
13293965
13294477
13295082
13295759
13296391
13297114
13305625
13306911
13308224
13318363
13318785
13319139
13319578
13320419
13321543
13322571
13323208
13323989
13324584
13325584
13331111
13332474
13341125
13341639
13342475
13343051
13343438
13345820
13346356
13347360
13351302
13354153
13354852
13355289
13355516
13355960
13356386
13356909
13357301
13357773
13358417
13365541
13366939
13368898
13370046
13370792
13371146
13371572
13371914
13372312
13372457
13372679
13374798
13375401
13376115
13382813
13383887
13384757
13388154
13388651
13390615
13395136
13395326
13396428
13397383
13400874
13401919
13403738
13404170
13404892
13405800
13406509
13407004
13407471
13407980
13408965
13409391
13410371
13410993
13411638
13415911
13417379
13417914
13418367
13419287
13420186
13424725
13425755
13426992
13427359
13427767
13428043
13428607
13428832
13429196
13433555
13442848
13443253
13443584
13443904
13444213
13444662
13445987
13446732
13449212
13450533
13452157
13453235
13453767
13455171
13457098
