18948.42
19526.82
20055.72
20943.08
21459.79
21973.76
22824.89
23263.86
25756.92
26404.33
28273.92
29087.05
37720.98
38381.89
38909.8
44328.05
44914.48
50708.21
51441.89
52057.09
52773.05
56824.71
57574.06
58870.35
81584.23
85307.18
86058.21
87409.83
87932.25
88589.91
89779.56
92157.01
94534.88
96209.85
96874.61
108490.8
108880.8
111129.5
114807.6
115515.9
117678.8
119168.8
119792.5
137411.9
138232
138694.7
139124.6
139780.1
140798.5
142208.9
142635.4
142978.4
143702
144111.5
144430.5
144814.7
145261.8
146720.1
147474.5
155420.2
166809.7
167676.8
168199.5
169007.7
180260.8
185860.3
186483.7
198107.9
199558.9
201734.9
203683.7
204606.5
205241.7
206036.3
206978.6
207801
216387
217426.3
217864.2
218269
218799.3
219326.2
219926.6
220505.2
220912.7
221349.5
225688.2
227738.8
248666.1
252422
257152.5
257864.9
266614.7
267156.9
267563.1
267891.9
268890.9
270177.7
270535.5
271002.9
271561.1
272175.5
284112.7
285019.8
287872.2
303452
304604.6
305042.6
305755
326907.6
327843.3
328453.7
331270.7
331650.7
332115.9
332928.2
337739.7
338362.8
359025.4
370832.9
389199
389928.9
391070.7
391540.2
394325.5
395699.4
396348.9
397178.4
398515.6
404539.7
413236.5
452043.1
456452.6
460234.8
467536.3
469647.6
471598.9
474246.4
476463.4
477239.3
478656.8
479830.9
480708.9
481275.5
481754.2
482250.7
483358.3
496163.7
512290.4
515629
516629.3
517858.9
518835.7
519344.4
520213.3
520829.2
521296.6
521937
523925.8
524668.2
527024.9
527842.9
534065.2
541145.5
541762.4
542347.2
577897.6
578280.8
578859.5
579590
584035.1
584727.3
585484.6
585786.5
586208
586537.8
587033.3
590503.4
591475.2
600266.4
600949.2
601455.7
602555.2
603353.4
604436.6
616472.4
617124.3
623966.6
628149
628491.4
628984.5
629409.3
631518.8
654236.6
656794.8
661401.9
662325.9
668276
669403.3
670521.4
673171.1
673700.7
674948.1
682054.6
690593.3
693988.4
696509.9
697616.4
698476.8
708693.6
709485.3
710405.3
711166.6
714034.2
714688.6
716775.6
721415.2
733344.1
734771.9
746709.2
781132.5
782509.1
783429.2
793355.1
793933.6
794381.1
795224.5
795901.7
797254.6
799513
802460.7
803574
807222.7
807909.7
808511.6
809444.3
816049.8
816891.9
817714.2
823312.5
824087.5
824560.2
825253.4
825719.2
826222.2
826689.3
827429.8
839970
840557.6
840937.5
845913.6
846639
860635
866493.1
867447.3
869196.7
870990.7
873999.1
875718.8
877915.6
878710.6
878962.8
912715.3
914208.4
922712.7
942399.3
970815.6
984571.5
985048.1
985950.3
988881
989590.8
991853.8
995706.4
996847.2
997363.5
1013348
1014711
1016009
1034555
1035127
1035738
1036454
1037051
1037972
1046457
1053866
1057713
1067686
1072258
1074074
1080446
1080887
1081353
1085684
1086228
1086997
1088264
1088858
1089456
1091303
1096078
1096891
1097635
1102183
1116220
1134422
1135002
1135480
1136269
1155197
1156765
1157592
1158630
1166914
1194438
1196951
1215306
1215824
1219616
1220715
1224392
1225090
1225753
1234541
1240005
1240617
1241195
1241753
1243148
1243515
1244510
1245208
1265454
1266810
1268185
1277171
1278956
1280079
1281168
1293661
1306033
1308672
1310316
1312098
1315713
1328624
1329093
1329564
1353794
1354549
1355230
1356710
1357873
1358878
1359738
1365069
1368769
1375264
1388098
1389748
1391742
1396111
1397931
1399566
1401679
1402166
1402705
1403439
1404160
1422801
1423619
1433553
1458289
1459190
1459942
1460839
1462559
1468231
1469192
1469799
1471563
1483429
1484127
1484738
1488888
1497774
1498696
1499410
1501315
1502710
1503256
1522053
1523606
1524166
1524540
1524889
1528236
1533693
1542800
1543750
1544437
1545118
1546289
1546602
1547044
1547709
1549782
1555380
1567826
1568454
1569073
1569851
1572954
1580921
1583529
1584419
1584954
1585638
1588506
1590147
1590228
1594535
1595309
1596253
1597585
1598476
1601411
1632241
1633028
1633611
1634052
1634552
1635148
1636032
1636787
1643656
1669105
1669668
1670314
1675117
1676410
1678615
1683993
1684947
1688855
1689212
1689808
1692876
1696633
1702264
1703155
1707918
1711158
1714975
1716145
1724067
1725675
1726341
1742081
1743947
1750223
1750996
1764966
1765654
1766545
1772579
1856187
1857884
1858477
1859660
1860038
1860519
1860989
1861922
1871840
1892018
1892615
1893042
1898649
1901749
1911700
1918590
1927924
1928442
1929465
1930355
1934524
1939070
1940187
1944901
1947648
1948828
1950041
1950365
1950843
1959137
1968633
1969049
1970028
1971150
1971653
1972323
1980525
1981811
1983267
1993090
1993667
1996579
2014117
2015075
2016773
2018459
2025236
2030810
2032354
2033982
2034655
2036300
2036843
2038002
2058196
2081839
2083249
2085333
2090411
2092618
2094861
2095900
2096331
2097188
2098628
2098920
2099955
2100838
2101706
2106100
2109221
2125585
2126722
2127457
2128030
2128522
2130911
2141497
2142097
2142968
2143374
2144907
2146373
2150596
2160172
2160705
2167907
2168644
2169131
2169811
2170308
2172045
2198211
2205996
2208884
2210020
2222276
2222833
2223906
2254467
2256759
2261619
2262459
2264165
2266312
2278486
2282034
2300829
2307614
2315110
2317699
2320838
2341195
2341794
2348673
2349583
2352289
2352817
2357360
2359310
2359802
2361832
2364503
2365201
2372599
2373262
2374275
2375000
2375924
2377352
2378805
2380110
2396771
2409808
2421258
2424247
2425902
2426493
2429694
2430416
2430765
2431241
2431921
2432592
2433617
2434355
2435817
2437484
2439548
2441152
2445844
2446348
2446858
2448752
2449840
2453701
2456808
2457668
2458321
2458972
2459519
2466991
2467706
2474481
2475096
2475856
2477212
2477930
2506672
2507413
2508916
2509806
2511119
2511870
2512419
2516770
2521206
2522351
2524175
2534014
2535521
2536844
2538085
2560298
2570403
2592933
2593727
2600962
2603037
2604227
2605828
2607325
2607928
2610323
2626282
2648198
2648736
2649578
2659212
2673898
2704998
2705678
2706127
2706852
2740933
2742204
2743786
2744501
2751978
2752949
2753727
2777267
2782943
2785931
2786720
2788313
2789004
2791908
2799309
2804422
2805035
2844188
2846278
2847287
2849002
2897369
2898030
2898759
2899271
2901386
2902850
2903355
2915049
2932374
2934313
2938050
2940142
2949784
2950479
2950922
2951469
2959089
2959945
2961017
2961710
2965426
2966033
2966838
2970083
2974759
2975750
2979770
2980250
2984720
2985614
3005628
3013189
3013730
3014270
3016461
3024029
3024564
3024990
3029660
3030971
3031693
3045407
3048354
3048911
3049356
3049714
3053269
3053729
3054264
3055600
3056332
3069493
3082909
3083767
3084827
3085577
3091446
3101458
3104583
3105755
3120586
3120737
3121246
3125943
3126713
3127260
3128383
3152566
3154758
3155322
3156696
3174463
3177481
3178826
3179690
3180885
3181595
3183182
3183746
3184495
3197582
3251265
3263203
3275023
3275694
3281108
3284074
3287164
3290763
3303644
3304226
3310162
3327962
3329860
3393184
3394239
3413103
3418871
3425190
3448395
3460193
3461517
3462353
3469413
3473811
3474856
3475354
3475699
3503721
3504359
3505363
3505822
3506430
3507084
3507880
3511103
3511901
3513393
3530012
3531965
3532381
3532903
3533713
3534327
3541152
3542104
3557019
3558556
3559476
3559968
3560400
3561133
3567006
3567527
3569034
3608767
3609560
3616311
3625002
3625870
3627519
3631526
3632419
3633005
3665214
3666199
3666756
3667876
3670359
3675364
3676093
3688974
3690750
3691269
3691711
3694479
3704091
3710069
3711550
3726850
3729042
3729908
3731633
3732225
3741520
3760005
3762974
3766189
3767292
3772543
3776196
3777556
3780907
3781493
3786001
3786654
3788230
3789156
3794662
3795149
3795739
3796238
3796758
3798240
3810194
3810988
3811929
3814519
3816121
3832616
3833175
3834992
3835687
3859976
3860488
3861631
3865319
3874014
3884040
3884701
3885316
3887391
3888711
3890764
3891514
3898791
3911500
3911978
3912402
3912870
3913342
3913747
3914942
3916216
3917268
3924770
3925361
3939258
3975218
3976326
3980160
3980803
3984345
3985182
3985868
3987929
3988442
3990135
3990682
3991569
4009185
4010510
4011581
4051987
4058301
4059497
4067549
4068496
4076659
4080330
4090542
4091288
4091931
4092899
4093519
4094170
4102176
4103054
4106509
4107221
4109379
4111373
4112342
4129286
4131526
4132174
4135173
4139249
4142982
4143930
4145521
4147162
4147912
4148587
4158301
4158998
4159736
4160512
4161265
4162183
4169945
4171417
4197673
4204894
4205377
4205883
4209375
4210547
4211823
4217148
4217521
4218068
4218652
4222892
4223950
4224480
4225064
4225525
4226065
4228348
4229056
4230526
4231543
4251645
4255271
4255394
4255794
4256357
4258827
4260857
4261599
4295285
4296272
4297226
4299109
4299860
4300718
4305443
4305891
4312573
4316010
4322296
4336667
4338462
4339642
4340866
4341428
4342405
4343035
4366002
4367120
4369512
4381901
4382593
4383526
4384127
4384909
4387797
4388470
4389723
4392431
4393788
4394609
4395584
4407841
4408618
4409739
4416849
4418072
4422112
4431286
4431914
4459828
4506078
4561167
4562320
4562867
4563613
4571633
4572821
4609748
4611498
4615354
4616253
4621418
4622427
4623419
4625524
4626382
4633298
4634652
4635107
4635627
4635990
4636588
4637369
4646158
4647337
4647874
4649420
4650179
4651946
4654084
4654993
4687601
4691353
4692558
4696535
4697187
4708439
4709151
4720627
4722626
4724721
4725821
4738992
4748783
4750890
4764135
4764603
4765224
4771822
4773581
4774573
4775485
4783490
4784938
4798400
4803417
4804575
4807020
4808739
4810202
4814438
4815202
4815917
4816866
4817428
4826955
4827781
4834260
4842544
4843232
4843802
4845652
4863343
4865041
4865613
4866848
4867671
4878494
4893940
4896299
4897067
4913746
4916503
4917104
4918613
4981599
4984845
4985234
4994426
5003594
5033706
5034937
5037494
5038531
5039015
5039429
5042517
5043519
5049107
5049985
5050872
5055273
5056077
5057015
5057620
5060781
5065382
5066468
5096338
5097088
5111880
5115368
5116038
5118005
5135533
5136250
5139703
5146374
5146902
5147795
5148436
5158744
5159918
5167405
5168487
5219983
5230760
5231870
5232640
5241500
5264562
5281968
5298267
5298747
5299132
5300305
5301068
5301703
5312166
5314951
5317203
5322194
5325960
5327992
5337122
5359669
5377169
5412994
5415204
5422832
5423769
5430257
5430814
5431288
5433965
5442921
5454831
5475581
5477755
5491085
5513528
5515031
5516394
5517082
5517841
5519843
5520485
5521144
5522188
5522933
5526512
5559936
5560943
5568276
5568741
5569179
5579380
5592631
5597311
5598003
5602357
5602949
5603432
5603995
5608761
5609831
5644876
5646023
5661243
5675754
5677264
5684825
5685869
5688633
5689432
5697884
5698751
5710075
5711163
5712445
5714090
5728564
5729539
5743318
5743700
5744207
5748778
5757537
5803123
5806393
5807139
5820230
5823951
5864849
5867543
5904749
5910617
5911754
5914371
5926930
5946297
5954976
5956754
5957809
5958208
5960455
5961069
5961575
5970502
5971704
5974043
5990525
5991270
5992364
5993775
6016626
6033700
6034334
6055352
6057555
6058406
6063591
6064737
6065694
6066246
6068176
6074186
6087230
6088923
6101864
6103862
6134853
6135785
6138788
6139893
6143085
6143555
6146741
6147737
6148318
6158321
6158871
6169157
6172751
6173466
6174119
6182591
6185299
6185931
6211352
6211752
6212272
6213492
6215980
6216673
6217952
6237486
6238618
6256097
6258392
6259335
6259909
6309990
6310553
6311358
6312856
6313470
6315419
6320150
6325096
6325878
6327379
6345275
6347143
6354822
6356547
6357542
6358432
6360312
6366285
6366766
6367661
6378702
6379483
6380778
6381299
6397113
6398247
6399184
6401572
6407126
6410698
6413343
6466243
6466994
6470111
6472572
6483383
6484024
6484879
6493919
6498368
6499439
6500893
6505490
6517647
6523548
6524365
6529325
6529658
6530363
6531364
6533038
6542191
6559624
6561552
6584015
6584499
6586779
6587759
6588258
6609819
6610710
6611818
6612608
6613134
6614307
6619563
6621328
6621947
6636383
6650049
6651609
6652207
6669014
6670775
6677537
6685204
6685642
6685927
6686282
6687839
6688303
6689643
6691739
6705061
6706137
6707010
6708244
6708896
6729083
6730031
6764600
6765264
6766867
6768080
6769243
6771890
6772447
6773185
6793059
6794697
6797750
6807892
6808529
6853934
6867486
6868162
6869070
6869737
6879520
6885580
6886041
6886954
6887368
6888486
6889140
6889736
6890298
6890800
6891361
6892046
6899794
6900307
6901515
6902231
6903110
6903587
6904095
6904598
6906181
6906910
6908350
6911301
6920780
6921311
6922045
6922938
6940582
6941816
6943096
6948011
6953674
6955296
7003173
7011342
7012910
7013603
7015585
7029219
7030998
7031529
7032227
7033150
7033388
7033760
7034021
7034669
7035009
7035277
7035595
7036278
7036632
7037219
7037700
7037976
7038963
7039693
7040340
7048292
7048799
7049900
7050408
7050935
7051897
7053689
7056851
7057999
7058512
7059008
7061046
7078395
7080283
7082057
7084158
7085545
7089076
7089839
7090622
7092513
7093847
7103489
7105334
7106003
7106545
7107289
7118317
7119975
7120575
7122472
7123167
7123827
7124566
7125215
7125892
7127300
7127822
7144822
7145815
7147346
7173673
7174297
7174793
7175481
7176237
7226277
7228036
7232686
7253077
7253847
7265826
7266320
7269219
7270394
7272399
7278625
7279242
7279860
7292278
7292939
7293582
7294004
7294667
7295567
7297451
7305624
7307789
7310188
7311101
7312071
7312871
7314974
7316350
7335075
7335643
7336176
7337142
7340928
7341435
7342806
7343647
7345213
7347878
7351242
7354615
7355786
7356342
7357478
7358336
7359014
7363451
7366858
7368699
7369387
7370473
7374509
7383423
7384123
7384825
7385714
7386332
7391247
7392362
7414768
7418149
7437129
7447081
7448499
7450452
7451056
7454464
7454743
7455063
7455488
7455981
7456559
7461566
7467158
7468436
7469350
7469757
7470232
7471201
7472148
7473125
7473792
7474289
7474829
7476506
7477081
7477682
7483855
7485870
7487264
7488449
7489304
7492758
7498002
7498890
7499621
7500202
7500664
7513663
7514192
7514716
7515195
7516409
7517508
7518256
7518670
7519108
7520006
7520535
7521631
7524058
7524983
7526211
7542492
7555324
7556711
7574446
7581205
7588748
7589242
7589696
7599403
7602082
7605136
7606335
7607750
7611386
7612251
7612692
7613043
7619399
7621933
7630061
7693146
7694339
7695835
7722542
7723312
7736152
7758617
7759273
7762014
7762560
7783922
7784705
7785296
7785800
7786667
7793775
7802878
7803990
7811061
7812648
7813051
7814818
7817514
7821857
7826975
7827929
7829198
7831856
7832499
7833175
7833682
7836087
7836942
7838455
7839289
7840040
7840761
7847939
7849464
7851131
7852753
7867770
7871380
7873072
7879353
7887844
7890609
7899110
7931196
7931712
7932517
7942230
7942706
7953078
7953821
7956126
7958824
7998103
7999106
8000075
8006264
8015064
8033929
8039230
8045347
8100099
8101757
8103429
8113849
8115225
8116362
8129551
8130192
8130705
8131151
8131598
8133193
8133706
8138015
8149297
8150807
8153291
8154045
8155442
8156383
8163778
8164659
8173901
8174563
8177398
8197880
8199090
8200846
8223075
8223689
8224253
8225032
8245010
8245570
8246474
8246959
8247584
8248520
8249332
8249826
8250388
8251025
8253106
8254011
8254718
8255152
8257042
8260290
8260872
8267393
8268005
8268806
8271634
8274790
8276019
8277896
8278729
8280416
8280943
8281332
8281848
8283749
8284469
8285386
8291291
8291872
8292479
8293101
8294176
8294943
8295783
8298902
8300307
8301075
8301787
8302602
8310963
8311425
8317846
8318223
8318573
8319076
8319537
8320700
8321248
8323477
8324530
8325993
8326778
8327153
8328043
8328737
8329763
8330433
8331286
8333820
8334450
8334835
8335081
8340302
8347836
8350080
8350537
8368128
8368779
8369284
8369828
8370552
8371397
8388487
8392437
8398632
8411237
8414403
8426546
8428278
8431434
8433192
8435705
8437547
8438437
8439105
8454262
8455546
8456525
8471668
8474874
8475588
8492313
8494121
8497826
8503855
8504995
8512789
8514752
8516384
8521453
8522023
8522620
8523246
8524178
8525257
8526633
8527254
8551646
8552705
8553136
8554009
8554464
8555194
8560329
8576558
8607507
8609009
8615504
8616151
8640233
8647352
8660816
8661516
8661954
8662514
8663442
8664582
8666321
8670837
8675359
8678971
8697048
8698799
8699986
8738138
8738708
8739384
8740750
8751412
8751717
8755821
8757059
8758530
8758865
8759332
8759778
8760581
8762156
8766022
8766457
8767010
8777712
8789784
8790268
8790752
8791798
8792521
8798782
8801068
8802019
8803251
8822291
8822910
8823893
8825459
8860578
8868460
8868969
8871468
8871870
8872903
8887447
8890070
8900359
8934938
8939436
8940250
8972854
8975516
9004133
9005227
9017993
9022554
9023206
9051331
9058099
9059249
9079210
9081177
9082196
9088012
9095403
9096641
9099744
9101093
9102000
9103069
9104441
9105077
9134110
9135741
9153999
9168979
9170233
9170770
9171313
9171792
9175738
9184542
9200801
9203168
9203687
9204276
9205098
9205548
9209888
9211886
9215704
9221141
9242141
9244113
9244954
9245959
9246362
9246900
9247434
9253989
9258938
9260681
9274116
9275619
9278531
9279067
9279392
9279800
9280222
9283008
9284006
9285188
9286124
9287392
9289468
9290479
9291118
9291799
9292861
9301781
9303276
9304118
9307430
9310463
9312996
9313640
9318145
9328189
9340593
9341059
9341631
9342204
9342940
9343999
9345142
9345750
9348355
9349221
9349837
9378521
9380357
9385746
9387329
9387907
9388556
9389603
9390332
9391041
9392020
9392849
9393570
9394115
9394702
9395336
9396534
9397548
9398076
9399245
9399793
9400995
9402340
9402885
9408002
9410574
9412341
9413221
9420530
9424897
9426206
9427012
9427891
9429030
9429567
9430387
9451331
9452208
9453270
9458382
9460302
9461132
9462375
9463070
9473994
9474587
9475073
9477400
9478550
9479299
9490297
9491933
9493481
9494121
9496309
9497146
9497845
9499084
9499878
9500661
9502031
9505316
9506372
9509286
9510064
9510640
9512602
9513091
9514213
9514747
9517047
9518764
9520291
9521106
9523495
9524266
9525577
9526609
9527553
9529208
9533245
9533968
9543678
9556600
9581374
9582393
9583243
9584259
9585210
9585778
9588166
9589038
9589828
9590338
9591182
9593070
9593710
9594229
9601359
9618127
9621179
9624994
9625833
9627025
9627623
9629508
9630254
9634109
9635863
9636608
9639065
9639984
9641993
9646681
9647795
9648302
9650344
9652965
9653921
9658242
9675008
9675508
9676042
9676401
9676881
9677468
9685729
9688322
9689352
9693032
9694289
9736822
9742538
9781099
9804007
9804790
9808552
9814143
9844810
9847294
9847844
9848369
9851425
9852472
9854104
9855652
9857463
9862481
9877633
9878460
9879407
9880829
11252757
11253124
11253486
11253846
11255140
11256174
11262966
11263505
11263920
11264510
11267757
11274164
11274752
11275338
11278376
11279177
11279783
11280289
11306989
11307871
11309048
11316946
11317539
11332442
11336161
11336961
11337677
11338725
11340983
11366200
11367818
11369384
11370943
11376602
11387668
11388420
11389595
11390391
11393327
11393677
11394190
11394764
11396304
11396888
11397214
11397654
11398092
11423632
11424199
11425036
11430334
11435533
11435993
11438361
11447530
11448288
11449129
11449663
11454826
11456037
11456865
11457992
11485669
11486194
11487107
11487461
11488947
11490834
11491346
11492417
11495448
11497043
11497517
11498391
11498880
11499401
11500648
11504689
11505358
11506140
11506659
11507132
11507703
11518410
11524994
11528124
11530021
11530733
11532140
11541525
11542089
11550222
11552658
11553318
11553833
11554331
11554766
11555234
11556176
11558765
11564636
11565551
11566472
11566972
11568145
11568741
11598437
11609831
11611058
11614581
11615015
11615480
11616650
11632008
11632679
11633957
11656983
11667580
11667996
11668441
11668939
11676484
11677590
11706161
11713344
11719918
11721826
11722322
11722796
11723487
11726808
11728495
11729832
11738149
11769576
11770324
11776196
11807686
11809014
11809524
11809823
11810179
11810636
11812070
11815148
11826926
11828078
11828799
11830634
11831224
11831824
11841315
11842303
11843445
11844909
11848288
11877129
11877920
11878545
11904309
11910736
11913068
11916484
11919132
11927405
11959276
11967444
11969977
11974084
11974697
11975528
11988559
11989198
12005818
12012069
12027907
12029254
12036808
12048432
12059992
12061335
12079833
12103559
12150444
12151075
12165832
12166761
12180715
12210281
12215247
12243063
12244606
12256085
12257114
12259449
12272060
12273500
12273979
12274595
12275689
12276331
12281762
12285868
12290314
12291120
12298139
12298655
12310174
12310970
12311385
12311765
12312335
12312739
12313024
12313345
12313872
12315467
12317959
12321667
12323460
12324927
12330442
12331150
12341099
12342077
12343059
12344472
12345053
12346536
12347565
12348183
12348747
12349359
12349799
12351174
12357246
12358465
12375988
12376735
12380758
12382206
12382772
12383319
12383686
12384074
12384508
12385289
12386861
12387355
12397423
12398093
12399076
12403744
12404924
12406900
12408202
12408709
12411164
12411704
12413258
12414057
12414719
12415453
12416273
12417744
12418367
12419268
12420894
12421697
12422482
12426924
12427761
12428428
12429668
12430744
12432818
12433888
12435920
12439746
12440347
12440898
12455312
12456116
12457157
12457804
12460971
12461563
12493287
12494500
12497108
12498791
12499358
12500463
12528778
12532639
12533284
12533902
12540311
12551467
12573456
12573797
12574266
12575319
12576152
12577059
12578893
12580935
12604144
12604580
12604987
12606446
12650632
12660502
12661495
12662027
12662449
12663615
12664474
12667111
12670500
12671122
12677996
12678890
12679487
12680253
12681139
12684106
12684743
12697980
12706767
12707904
12708422
12711944
12712922
12717029
12718205
12718690
12724018
12725480
12726841
12729579
12730769
12741185
12741834
12745950
12746863
12751327
12767767
12768319
12768827
12769252
12771711
12774928
12775981
12776667
12777297
12781804
12782578
12783259
12784072
12784607
12785240
12785959
12786438
12787958
12788643
12789311
12789833
12808988
12809715
12819653
12824307
12828561
12829891
12831703
12832229
12833149
12833470
12853530
12858241
12859693
12860537
12863110
12866938
12881628
12883463
12884813
12885524
12890596
12891621
12892648
12893666
12895742
12905312
12906224
12907446
12921679
12922743
12923276
12924007
12924657
12932648
12933748
12934849
12941962
12943143
12943434
12943786
12944203
12944655
12945152
12945625
12946517
12947019
12949164
12949823
12953392
12954907
12955787
12956948
12957482
12958769
12959524
12960230
12977323
12978169
12978986
12990030
12995244
12996160
12997271
12998588
12999800
13000784
13001362
13003822
13009767
13010787
13011713
13013467
13014281
13014801
13018492
13019272
13019756
13020183
13020756
13021193
13021604
13029974
13058276
13058784
13060043
13060578
13060977
13061540
13067142
13068005
13068707
13069096
13069585
13070274
13071390
13072003
13072990
13078531
13088582
13089491
13127555
13134852
13138098
13139807
13144091
13144745
13156925
13184495
13186113
13187722
13194450
13202715
13210754
13212086
13226243
13248942
13254949
13256259
13258612
13259589
13260747
13281623
13285457
13291036
13291725
13292920
13334936
13355441
13363834
13364681
13365676
13366951
13382168
13384605
13385653
13399443
13409280
13410423
13414494
13415396
13416129
13421126
13421628
13422369
13425107
13425434
13440623
13445714
13446281
13456102
13457119
13457634
13459235
13460184
13461385
13471074
13471670
13473330
13474346
13474842
