137.6492
574.1238
1413.946
1858.397
2098.579
2390.972
3099.716
4658.88
31434.08
48239.99
49052.78
49477.47
62969.21
65764.11
66085.88
66874.65
69776.43
70904.01
72389.87
72816.41
73168.44
73529.3
73969.83
74700.3
93271.83
96101.4
98045.91
98765.99
107618.5
108014.9
109061.7
109739.9
129312.8
130734.1
142748.2
144478.5
146339
151142.6
151792.9
152522.1
153178.9
154071.3
184443.6
191025.2
212836.7
213743.8
214261.6
214777.9
215107.2
215534.9
216458.1
217705.8
224380.7
234414.9
235131.3
242727
243642.3
244406.4
244929.8
245633.6
246521.7
247018.7
247443.7
253388.4
254681
257578.6
260437.4
272067.7
282239.6
283850.8
313375.6
314539.2
319112.5
319585.1
321414.5
321937.1
322527.7
323504.9
323953.1
324346.6
324764.7
325774
356652.1
357170.3
373739.4
396105.8
398386.6
411171.6
415121
450131.5
451412.2
452339.2
457631.2
471708.4
475668.7
492856.2
497274.6
499236.7
499804.2
500133.7
500451.2
500900.3
501241.6
501576.1
502133.1
502835.8
531791.4
537647.5
566102.2
567976.4
572995
577960.8
578965.5
597738.8
606555.5
607528.3
609166.3
641480
642076.2
643329.5
644712.4
652444.4
660513.7
679563
680713.9
681265.3
687986.2
689238.8
703207.5
704070.1
710044.7
711901
721389.7
750158.2
752702.5
755560.2
756144.9
756663.6
761643.8
762233.5
762771.1
763275.5
764504.7
841732.5
843915.6
860924.6
870099.7
872212.6
874130.8
874771.5
875501.8
875818.3
919889.8
922336.6
948443.8
949447.8
950143.3
958604.2
962094.7
975777.2
987898.3
989735.5
1042294
1043247
1043554
1044010
1044466
1045008
1046116
1048749
1050693
1112149
1112946
1115059
1134899
1135989
1136349
1137026
1137576
1147333
1171946
1173590
1202157
1203407
1214454
1214980
1218201
1218719
1219288
1219762
1228566
1229507
1231309
1261903
1262418
1263203
1266400
1273640
1298306
1319309
1319711
1320109
1329483
1352357
1355081
1355590
1355897
1356334
1356633
1356942
1357508
1365479
1366675
1412136
1412787
1413506
1414285
1414989
1416350
1428372
1428711
1448376
1449080
1455455
1460850
1461226
1492548
1493354
1494791
1552171
1556502
1557590
1558123
1559297
1560065
1560409
1560888
1561992
1562802
1593635
1612634
1614446
1614940
1615439
1618790
1619255
1630381
1642800
1643263
1644161
1645737
1708061
1708593
1709776
1729645
1731811
1751888
1754835
1755562
1762444
1769968
1770795
1773059
1774637
1823435
1824556
1824994
1825445
1849550
1855456
1857614
1868473
1889144
1898152
1915689
1931670
1933134
1934023
1958505
1959489
1960055
1975709
1991621
1999366
2020170
2027669
2063112
2063697
2078092
2105069
2116228
2124303
2125371
2141506
2142110
2262894
2264254
2264687
2279144
2280064
2313826
2328219
2328883
2329484
2330905
2362658
2371882
2373799
2374412
2374897
2387178
2388232
2388694
2389672
2390103
2392411
2413815
2414574
2415292
2440458
2442373
2480859
2503450
2503749
2508236
2539292
2540380
2541776
2596383
2604926
2612248
2625129
2625634
2654073
2660986
2662404
2663512
2664245
2672795
2759631
2763031
2774021
2774529
2775139
2775600
2776074
2776489
2776888
2777801
2792419
2798277
2798897
2800066
2835386
2838536
2856469
2859219
2863444
2872417
2908849
2920239
2923415
2929871
2941501
2942212
2942788
2943219
2943716
2944338
2988132
2993040
2994678
3039040
3048585
3049469
3049932
3085284
3095486
3099324
3101010
3106180
3107027
3107453
3108844
3213174
3214161
3277192
3279527
3287321
3308546
3316307
3316796
3317938
3319356
3393468
3400303
3409215
3409886
3411545
3413164
3447445
3447968
3449218
3450066
3450522
3450887
3517598
3531711
3545865
3574654
3580020
3580653
3581089
3600574
3641875
3642295
3642587
3642831
3643196
3643624
3644235
3645848
3658397
3659007
3660685
3661383
3678245
3681466
3683693
3685181
3686035
3691441
3692135
3692797
3701823
3702322
3703547
3704225
3729192
3757452
3759106
3760322
3761001
3765575
3800351
3802470
3842044
3869447
3870212
3871358
3872025
3872467
3873281
3873566
3873974
3891439
3907173
3908721
3928702
3986443
3987487
3987994
4003012
4003321
4003909
4006544
4007547
4065874
4067983
4072991
4075522
4078167
4078702
4090235
4095681
4128035
4128422
4129030
4141886
4142497
4143836
4144389
4146037
4152472
4154069
4217729
4245927
4247070
4277222
4279781
4282304
4301705
4304293
4322811
4323497
4324440
4324838
4325199
4325625
4326259
4337524
4338123
4355852
4356668
4374253
4414329
4421557
4421932
4430773
4432520
4433100
4433729
4434884
4447083
4449815
4450476
4451052
4451617
4453949
4477340
4521746
4530918
4538490
4539207
4546762
4547691
4557466
4615792
4618311
4619141
4669180
4670067
4703011
4711404
4729434
4729781
4730335
4731156
4731549
4734279
4746361
4750526
4751883
4754039
4755155
4757788
4760798
4791510
4795978
4830249
4831626
4886177
4890199
4963841
4964517
4965141
4966372
4976006
4979797
4982616
5009745
5010839
5012414
5028411
5029868
5031099
5051637
5053990
5059263
5060594
5061871
5069325
5069928
5073308
5074500
5084207
5085556
5086727
5095700
5099554
5106672
5124755
5139505
5144006
5144759
5145517
5146236
5146774
5161768
5167212
5167698
5168247
5168773
5197564
5240035
5241842
5244869
5246381
5285387
5298929
5300271
5311396
5324952
5326902
5365737
5407890
5414339
5418151
5419226
5420575
5423371
5424941
5425979
5426985
5431612
5433984
5437751
5438293
5439872
5449661
5452054
5475645
5476545
5477090
5477535
5523056
5524459
5565588
5566508
5606820
5609053
5610249
5610673
5610919
5611810
5621501
5621812
5622425
5622829
5663951
5667374
5669312
5670635
5671394
5680245
5680993
5710965
5716127
5717232
5718070
5729269
5729756
5730504
5730968
5731321
5731892
5732165
5732588
5733129
5733874
5734342
5756429
5765212
5766012
5788415
5790710
5822708
5830034
5873257
5902744
5903731
5949621
5950699
5951285
5957170
5957840
5965121
5978785
6006476
6018701
6019236
6049539
6059243
6064904
6065811
6066505
6072488
6074013
6074791
6075239
6075642
6077635
6113293
6123913
6124437
6145941
6147611
6156302
6163233
6163874
6164221
6164658
6165618
6190674
6191185
6208226
6208543
6208968
6209304
6216862
6232959
6233768
6234026
6234316
6247399
6247824
6248166
6248559
6248718
6248915
6249182
6249549
6250141
6265490
6270228
6271555
6272197
6273153
6273462
6273808
6274899
6276204
6277509
6278173
6306547
6315349
6316810
6317542
6317975
6318700
6325111
6367325
6367746
6394284
6411951
6412976
6433969
6434653
6437708
6438619
6441311
6442551
6442932
6444087
6455882
6500827
6540587
6541162
6541710
6547406
6547760
6548847
6550688
6561346
6561974
6562560
6562957
6563629
6567691
6572974
6573732
6584540
6584874
6585469
6585764
6599341
6600878
6601806
6603020
6610545
6626609
6626956
6629308
6629809
6640434
6658256
6658847
6659312
6659750
6660141
6661086
6661679
6662669
6664003
6664589
6665711
6666663
6669539
6674611
6700556
6702618
6704907
6705385
6707515
6708172
6726322
6727395
6730915
6771361
6802292
6803375
6810861
6861283
6865534
6866130
6872705
6873123
6891633
6905210
6906408
6941662
6944424
6946082
6947265
6987985
6991153
6993981
6994522
6995515
6999979
7003828
7025495
7050292
7052886
7068051
7084720
7085872
7086871
7088370
7125507
7134921
7136444
7140702
7141095
7155485
7179074
7180570
7203872
7204756
7213923
7221874
7225735
7246590
7246924
7255604
7258667
7259094
7260139
7262635
7269627
7270615
7270932
7271362
7271857
7287493
7288137
7289119
7289541
7305590
7324857
7325352
7325634
7326003
7326589
7327989
7328883
7331100
7332236
7333887
7338996
7348728
7355486
7358638
7394872
7406063
7406784
7407256
7407824
7408517
7421460
7422181
7423131
7423447
7424091
7439061
7439917
7440948
7442401
7443143
7443429
7485851
7494021
7502307
7505020
7515675
7546235
7576895
7577574
7578265
7578989
7579329
7600374
7657863
7658381
7658837
7659598
7660433
7660805
7661126
7661672
7662415
7663769
7664573
7665493
7695264
7697228
7698047
7699057
7699570
7732139
7732881
7743122
7743732
7744334
7744819
7751032
7752483
7753524
7760479
7761345
7762487
7781316
7782278
7782823
7788069
7860858
7862099
7867832
7869464
7870111
7870745
7878219
7879237
7888231
7889309
7890908
7892845
7944823
7990463
7992512
7993199
8008985
8017435
8018587
8019418
8054511
8056135
8075646
8076478
8108783
8110618
8111219
8112639
8164595
8206093
8206637
8207250
8210744
8214064
8223579
8224623
8225908
8230445
8232074
8236059
8247753
8264521
8334866
8350942
8362270
8375488
8377922
8396982
8402791
8403314
8404066
8404613
8415677
8416259
8418792
8419493
8419990
8420458
8422146
8423153
8424266
8425310
8427437
8456970
8458883
8523902
8525864
8527493
8528436
8587694
8589427
8649002
8692382
8692868
8693295
8705544
8706302
8707160
8714388
8749328
8751342
8751899
8782370
8782935
8783323
8786031
8787335
8798460
8806717
8807018
8807447
8808166
8808551
8816705
8817363
8859656
8860520
8868276
8868947
8886002
8937136
8937680
8940301
8941037
8944728
8945219
8945800
8946207
8946626
8947975
8973885
8975197
8976520
9036111
9036676
9037664
9038534
9039146
9039906
9040524
9040732
9040982
9041558
9067841
9068490
9069190
9070550
9077246
9089679
9108294
9109176
9110234
9111816
9122229
9127691
9162771
9165856
9194601
9212636
9213374
9219297
9219773
9222863
9223662
9224243
9225462
9237016
9240625
9242918
9248134
9248715
9249950
9264398
9265468
9265883
9266486
9276559
9277258
9283225
9284213
9323715
9324209
9324715
9334354
9335393
9335864
9347899
9348713
9414478
9463607
9464130
9464771
9465216
9466447
9466763
9470879
9471481
9472561
9473335
9474218
9490666
9491484
9504954
9509192
9513385
9516109
9556946
9557389
9561592
9562126
9562523
9563734
9564349
9565047
9577761
9587799
9608065
9612075
9614839
9644308
9644787
9645437
9646087
9646749
9647122
9661801
9662360
9663219
9667628
9668585
9716480
9719390
9724248
9728939
9730251
9730645
9735714
9744589
9763680
9764050
9764573
9765254
9766632
9768756
9769377
9769812
9770304
9770661
9771180
9771691
9772399
9773856
9803277
9806927
9840919
9852804
9855783
9858023
9859179
9900100
9901384
9902104
9902977
9908686
9909858
9914903
9915225
9927755
9937969
9983039
9984276
9998124
9999077
9999817
10000804
10004417
10007362
10008462
10043117
10056873
10058057
10058707
10064410
10095705
10096355
10097006
10098188
10099167
10099640
10100025
10100278
10100693
10101029
10101361
10101935
10109620
10110226
10111030
10111821
10115663
10116032
10116612
10117205
10117614
10118265
10119642
10120358
10120950
10123513
10124348
10143525
10144483
10146266
10146727
10147472
10148668
10149686
10150373
10151090
10163110
10169527
10169977
10191222
10191860
10192579
10192757
10193893
10194494
10194993
10199898
10202527
10210265
10210814
10211795
10212628
10213047
10213951
10242832
10243734
10254622
10256387
10261816
10263977
10264732
10266313
10273367
10280097
10287159
10288527
10305887
10308967
10310694
10311712
10324026
10324936
10325606
10329908
10330584
10354501
10385144
10420757
10421675
10422918
10423714
10424466
10425263
10425808
10426985
10435293
10435934
10436341
10437298
10448783
10449618
10455611
10463975
10464871
10465642
10466142
10466579
10467239
10467637
10468273
10468684
10469140
10469557
10471018
10475936
10501257
10536078
10536846
10537641
10538102
10539336
10540706
10542052
10543404
10544831
10585347
10585791
10587263
10587645
10588051
10590023
10603197
10637961
10639480
10640458
10646782
10648115
10649133
10650668
10651566
10653043
10653516
10654022
10655641
10664226
10699128
10700880
10701600
10701957
10702950
10703838
10717238
10723230
10724744
10725238
10725625
10726061
10727222
10727783
10728378
10730155
10740243
10762957
10767566
10836492
10852518
10853554
10854106
10870605
10893786
10894359
10894747
10895216
10895696
10896328
10896795
10897237
10897843
10900079
10931403
10935170
10942754
10950153
10957550
10958384
10958772
10959319
10964947
10965623
10977313
10978451
11000202
11006756
11007184
11007473
11007922
11008741
11009268
11011313
11012777
11030802
11058109
11061630
11063710
11067222
11079275
11082541
11090687
11092318
11093013
11103787
11159018
11159546
11171140
11177041
11191363
11192080
11198962
11199549
11200443
