8205.64
10933.35
11794.47
12888.45
17502.64
19652.77
21686.23
43118.86
48846.23
53185.85
54017.07
54904.58
55387.41
55982.92
61751.51
73390.38
74737.26
78269.12
80018.73
80457.67
80834.55
81162.81
81488.98
81945.29
82522.71
84185.38
87935.87
89057.89
90267.24
91161.63
97229.32
98432.04
99425.52
101494.3
102243.2
110108.5
112652.8
113146.5
113634.7
114369.9
116999.1
119207.3
122701.6
123288
123812.6
124167.6
124585.2
128835.4
132980.8
137399.4
138469.6
144701.7
157431.6
157909.5
158581.3
158996.4
161500.3
162820.5
163951.7
164889.1
166538.1
166629.7
167816.4
171365.2
183973.9
195577.1
199385.9
200522.6
201710.9
202244.2
203124.5
206424.7
207489.5
207904.5
221566.8
223295
224922.1
231224.6
237030.4
238283.6
238984.8
239769
240204.2
240860.2
242207.6
243216.6
245737.3
246227.8
248339
248963.7
249446.7
249906.2
250251.1
250904.4
251744.3
254181
255339.5
255973.6
256769.8
257935.7
262077.2
262968.4
263399.5
264070.4
264840.7
265439.7
265872.5
266188.3
268201.4
268906.5
269519.7
270958.1
272414.6
272862.9
282252.1
284218.1
293090
293683.9
297726.7
298645.6
299219.9
299832.4
304594
306678.7
308513
308971.1
309685.9
310874.3
311333
311883.2
312494.2
312793.3
314770.3
315426.7
317580.4
318152.5
319021.9
319584.2
320003.6
320412.2
321014.3
321662.1
322624.3
323238.9
323918
324529.1
328602.7
329317.9
330422.7
333021.9
333683.5
334094.7
334467.7
335693.1
336367.6
337023.6
338764.8
339656.9
342350.8
346194
346863.4
362750.6
363233.8
364262.5
364904.8
376843.8
382012.4
383124.3
383826.5
385861.9
388835.9
390613.6
391211
391795.5
392449.1
393727.4
394480.4
411921.9
413380.6
415383.5
422561.4
456104.3
456856.2
457980.5
466576.3
470396.6
473574.6
479387
491689.9
492365.9
492825.6
493484.1
494628.3
495460.3
496876.8
498467.2
500558.3
500954.3
502106.1
514652.6
529103.5
539958
541411.9
542054.8
542943.8
544652.2
545503.7
546574.5
549809.9
550984.6
551765.6
552826.1
553939.8
554387.2
554957.1
555548.1
556333.5
558002.8
558778.1
559329.6
559895.5
560330.6
562254.6
565018.6
579363.6
580144.8
580800.1
581472.7
582640.2
586457.8
587364.9
589636.6
590828.3
591378.7
591838.9
592238
592699.7
593073.3
593522.3
593589.8
593883.8
594331.4
595053.7
595811.4
596515.1
600542.3
601188.1
601733.1
602391.5
604880.1
609821.3
615883.7
616724.4
619781.8
620713.4
621421.7
622073.9
624677.3
626470.5
627042.5
639785.9
650412.6
652276.6
652978.2
653881.4
654802.6
655449
656232.7
657794.1
659470.5
660484.3
661312.9
662266.3
663104.2
663621.8
663971.2
664265.2
665546.1
666662.4
667539.1
668342.2
678182
689021.1
690425.1
691434.4
692799.3
693716
694233
694866.8
695347.6
695705.1
696229.3
696661
696949.3
697705.4
698257.4
698776.3
699846.6
700991.3
701671.3
703940.6
705725.6
706719.6
706891.8
713514.7
719022.3
719571.6
720900.5
721989.3
733114.3
733730.6
734361
735132.2
738081.1
756633.4
764174.8
766082.2
766631.2
767217.4
768937.8
770133.8
771303.1
771797.2
772463.4
775288.4
776429.4
777364.1
788256.5
789500.3
789797.9
791959.4
792935.9
794374.8
795559.8
796391.1
807836.9
810600.7
813382.4
815241.8
823373.8
823859.7
824281.5
824803.7
825584.9
826616
827113.6
827147.1
827955.6
828480.1
829072.4
829758.9
829787.4
836906.6
859801.2
860391.6
860977
861856.3
869246.7
870018.8
919245.8
920003.1
920557
921120.1
921463.9
921790.9
922187.1
933956.8
934832.1
937492.4
938046.6
938506.5
939340.5
951270.2
951947.5
962320.5
962989.4
974738.4
975239.7
975623.4
976930.3
979133.2
980728.5
983382
984840.2
985609
992963.7
996790.2
998511.8
998915.4
1002721
1008729
1009533
1010537
1011449
1011846
1012464
1013139
1013674
1013988
1014056
1016719
1023629
1024724
1026270
1030197
1037834
1040084
1040576
1041671
1045986
1047543
1048973
1054303
1055736
1056591
1058274
1058807
1059481
1064909
1065590
1066095
1066632
1073653
1074493
1090047
1105871
1122658
1124861
1126534
1127231
1127846
1134067
1143234
1144539
1145781
1146362
1147005
1147465
1148923
1151374
1154199
1158539
1160250
1161777
1171376
1172664
1173600
1174106
1174610
1175650
1176679
1177634
1181106
1181674
1187182
1189908
1190513
1205442
1206382
1209692
1210586
1212379
1213217
1213759
1221651
1226444
1227506
1227952
1228430
1229625
1231685
1232329
1232957
1233442
1234262
1234674
1235101
1235283
1235491
1237991
1239189
1239848
1241502
1242208
1242804
1245081
1245757
1246298
1246854
1247894
1254123
1254881
1255327
1255946
1256554
1257184
1258761
1259980
1261505
1262314
1263298
1269858
1270735
1272747
1273949
1275208
1276531
1278118
1284948
1285528
1287029
1287817
1296048
1297814
1298354
1298925
1299397
1300194
1301085
1302129
1302969
1304230
1362907
1367026
1369394
1370863
1380710
1383134
1387569
1392921
1394533
1399680
1406888
1421419
1425534
1426214
1426961
1448892
1449603
1453838
1454573
1454976
1455516
1456189
1457992
1464982
1465589
1467814
1467980
1468791
1470916
1481463
1482319
1492196
1494768
1501564
1502561
1503266
1503759
1505122
1505918
1508378
1512530
1513786
1515289
1516000
1525558
1526452
1531242
1533681
1534103
1534648
1535836
1537559
1539367
1540954
1541435
1542503
1560185
1572139
1572711
1573406
1592989
1593903
1600954
1601770
1602560
1606756
1608971
1609548
1609949
1611778
1615002
1615929
1616927
1617383
1618335
1619113
1619826
1625647
1626168
1626676
1626876
1628147
1629975
1630972
1631584
1632103
1650082
1652182
1652801
1654199
1660041
1661075
1661878
1662645
1665346
1666116
1670112
1687690
1688442
1688825
1689540
1689730
1690316
1691186
1695110
1702614
1706671
1709143
1716862
1717477
1719019
1719822
1719863
1722237
1722754
1723538
1724757
1727794
1728628
1734054
1734739
1735434
1737904
1742040
1744226
1752198
1752810
1753342
1754117
1755497
1759892
1760732
1761441
1762204
1766384
1772600
1775195
1775225
1812708
1813193
1813901
1815649
1816229
1816786
1817478
1818326
1818783
1819288
1825086
1825601
1836811
1837520
1839264
1842299
1843171
1843987
1844736
1846001
1851331
1852574
1853224
1854485
1855860
1855939
1856456
1856979
1857344
1857720
1858173
1858983
1876069
1876675
1877473
1878864
1905042
1905947
1906458
1910739
1931848
1935664
1936088
1936426
1937607
1938434
1939491
1940378
1940929
1941966
1943011
1943543
1944590
1945323
1946925
1950099
1950394
1952578
1953669
1969977
1976213
1991341
1992130
1992773
1997001
2001443
2003792
2008227
2019828
2021861
2046196
2046987
2056374
2056608
2058752
2060622
2063841
2064722
2066134
2067099
2068478
2071661
2072825
2074282
2074895
2075603
2076420
2077431
2078257
2083906
2086182
2092948
2093404
2093873
2094976
2099551
2100784
2105562
2111831
2119189
2121688
2130342
2130887
2131625
2132390
2134532
2135165
2135799
2136628
2145071
2146053
2146708
2147392
2148125
2148974
2149496
2151706
2151936
2159912
2160778
2162395
2166141
2166788
2167325
2183283
2184618
2186140
2200158
2204310
2207283
2207347
2208167
2209931
2212238
2213936
2216549
2218912
2226523
2227395
2229002
2230641
2231361
2257971
2262662
2276013
2278688
2279367
2281172
2284219
2284684
2285704
2286353
2286785
2287750
2297186
2297925
2300839
2302394
2303755
2304807
2317842
2328361
2348216
2349150
2358532
2368437
2370290
2370865
2372075
2372704
2373376
2374562
2375745
2376335
2378067
2388993
2389864
2390754
2391295
2391989
2392479
2393291
2397014
2398661
2411268
2416661
2417179
2417769
2418225
2419070
2423964
2426173
2426812
2427524
2428866
2429438
2430821
2461817
2462787
2464499
2467821
2468719
2469675
2470177
2478787
2479687
2480407
2482402
2484052
2484580
2485356
2500875
2501590
2504826
2506693
2511532
2512134
2512809
2536192
2536831
2550310
2552731
2562116
2563904
2569890
2571372
2571710
2572334
2572865
2577739
2579050
2582479
2583284
2584203
2584824
2585609
2586734
2587311
2590636
2598920
2610552
2611014
2611957
2612717
2613906
2616338
2620495
2622311
2622942
2623947
2624036
2625472
2626905
2627574
2628474
2630408
2630507
2631132
2631588
2632389
2633364
2635882
2636547
2647125
2659066
2659661
2661741
2662856
2664221
2666801
2667487
2716337
2718679
2720284
2720818
2721574
2722121
2722603
2733921
2734789
2735830
2736647
2737290
2737671
2738150
2738827
2740665
2741173
2741601
2742302
2742981
2743566
2744543
2745094
2745850
2747453
2748349
2749246
2749878
2751282
2751818
2752422
2752984
2753575
2769359
2775288
2777471
2778035
2779012
2782698
2794379
2803246
2806448
2807093
2807638
2808214
2809092
2826300
2828386
2829421
2835246
2835996
2851303
2855653
2856629
2859315
2861021
2865623
2889972
2892118
2893279
2894209
2894643
2895208
2897638
2899424
2903600
2904215
2905692
2914978
2916845
2917344
2918404
2919090
2920400
2924614
2926864
2933442
2933919
2942967
2946289
2947072
2947626
2948355
2949399
2949971
2950533
2951291
2951730
2955551
2956233
2964785
2965313
2966092
2966638
2967343
2967946
2969465
2970130
2971712
2979732
2980533
2981237
2982451
2983612
2984911
2985784
2986717
2988053
2988722
2989297
2991219
2991837
2993345
3000398
3010767
3011591
3012917
3014155
3014901
3016179
3018868
3020303
3020746
3021209
3021831
3025998
3063616
3064534
3065238
3085910
3097117
3097694
3098420
3099312
3099860
3100512
3102336
3103311
3110049
3110993
3112066
3112624
3113290
3126321
3126789
3127356
3128006
3128422
3129318
3150632
3152708
3154163
3157407
3158054
3158561
3167697
3176136
3185820
3186443
3187056
3197925
3198584
3199275
3207041
3207867
3209135
3213985
3215375
3215700
3216349
3217061
3220084
3225156
3226615
3227822
3228297
3229305
3229719
3231822
3233127
3245629
3246303
3248260
3250264
3260916
3262042
3262735
3266036
3267306
3270517
3279125
3282642
3301403
3310189
3310321
3310823
3311417
3312347
3312704
3312974
3313606
3314153
3315658
3316603
3317354
3317867
3318720
3319378
3320102
3320694
3321651
3322749
3336360
3350427
3351198
3361367
3362055
3362848
3379599
3380738
3381231
3391519
3392031
3392620
3393486
3394128
3395081
3399575
3401396
3401863
3402230
3402777
3403485
3409961
3417288
3427955
3434459
3435501
3436079
3437320
3443744
3444854
3445475
3445997
3446918
3451941
3458640
3459342
3460086
3461306
3462009
3462539
3463499
3465312
3471156
3471822
3472696
3473071
3473505
3473904
3474255
3475400
3477012
3477685
3478713
3479425
3482739
3484671
3485452
3486530
3487972
3488568
3492850
3500336
3501066
3502160
3502966
3503996
3505441
3519201
3530001
3530652
3531373
3532672
3534959
3535655
3536136
3536924
3539153
3540873
3541641
3542764
3543143
3543656
3544809
3555268
3557876
3558439
3559862
3572610
3577159
3577827
3578743
3580659
3601364
3606307
3618363
3627366
3628964
3629960
3632203
3633414
3646953
3648159
3650222
3654654
3656004
3656594
3657173
3657773
3658948
3662923
3673066
3673965
3676201
3676372
3676618
3677165
3677767
3678492
3679836
3681621
3683996
3687596
3691017
3691915
3703273
3703923
3708780
3708907
3709425
3709793
3710518
3711293
3712125
3714164
3716230
3735751
3736466
3738262
3738475
3741277
3742913
3743593
3744481
3750091
3758685
3760198
3774351
3774776
3775559
3775922
3776462
3777988
3778809
3780143
3788163
3788790
3789515
3812207
3817290
3822453
3823113
3823572
3825345
3826313
3829919
3830369
3851948
3852827
3853505
3855293
3858380
3861515
3863205
3869483
3870599
3872334
3873177
3873960
3874574
3875249
3884237
3886375
3902978
3923795
3924591
3927385
3941956
3942797
3943625
3944901
3947819
3948650
3950691
3952004
3952798
3954769
3959208
3960000
3961778
3962484
3962930
3963554
3964353
3964847
3965411
3966182
3971346
3972863
3991252
3992555
3999798
4000068
4000764
4001436
4001951
4002477
4003869
4004449
4005360
4010203
4010638
4011218
4012013
4013631
4014226
4052948
4076916
4076968
4077600
4079190
4080220
4080289
4088380
4089118
4089981
4091515
4092670
4094135
4095488
4096269
4103112
4104509
4106604
4107207
4108110
4108845
4109931
4116954
4117356
4117789
4118306
4118790
4142779
4155666
4156395
4156909
4158016
4158510
4158928
4160643
4167231
4191965
4206900
4213372
4216515
4226894
4227514
4234946
4236483
4238074
4238866
4239679
4257245
4258281
4259392
4268541
4269244
4270002
4270776
4271439
4272841
4273901
4274604
4275529
4276136
4276221
4277827
4279107
4283909
4296815
4297367
4297682
4297981
4298352
4299756
4300267
4300793
4303965
4304734
4305644
4309162
4309892
4322952
4331526
4331687
4347891
4350859
4351690
4352276
4353361
4364213
4364870
4365581
4366054
4366723
4383955
4388569
4389300
4389981
4390670
4391289
4391959
4394952
4396462
4397995
4399116
4399523
4400023
4400498
4400991
4401694
4402661
4403418
4405809
4405930
4409279
4421268
4422659
4423331
4424194
4424602
4425237
4425699
4438847
4439396
4441920
4446770
4447833
4449755
4451696
4452054
4453160
4454598
4455242
4456634
4474723
4476489
4479465
4480273
4960728
4966994
4974279
4974750
4979327
4987591
4992739
4993538
4993997
4995118
5015978
5017071
5017901
5018529
5019091
5019626
5020849
5021460
5022052
5024975
5025542
5044631
5045045
5045519
5045898
5046369
5049947
5050766
5052881
5054074
5055786
5056449
5057679
5057847
5058613
5059293
5060268
5060873
5062281
5064815
5075951
5076959
5090410
5095831
5108360
5113876
5114680
5115332
5115875
5117309
5128861
5129636
5130139
5130562
5131168
5131891
5132667
5139788
5156592
5157839
5161290
5162076
5162695
5163258
5163976
5164525
5172313
5174635
5175748
5176595
5179700
5180337
5193995
5195227
5205924
5209911
5210379
5211236
5211953
5212325
5212914
5213967
5214682
5217167
5217707
5218233
5219372
5220613
5221622
5225109
5241759
5242387
5243125
5247720
5250598
5253399
5260092
5260834
5261364
5261974
5268061
5268899
5269292
5269812
5270298
5270726
5271116
5271453
5271834
5272210
5272610
5273027
5274217
5275057
5275386
5275832
5278745
5279499
5281829
5282643
5283875
5287889
5288422
5288739
5288982
5305488
5306136
5306523
5307582
5309382
5311242
5315354
5315809
5316587
5318820
5322665
5323230
5324054
5350280
5351536
5352035
5352429
5352843
5355927
5356347
5356887
5358467
5358600
5359103
5359666
5369096
5380246
5380777
5381197
5410083
5410775
5412214
5414799
5415751
5417867
5419091
5420544
5422156
5422920
5431613
5432204
5433127
5433677
5436384
5436745
5438282
5439999
5448708
5449393
5449844
5450698
5451228
5471979
5473370
5477509
5478060
5478763
5480107
5480820
5481466
5483154
5486737
5487277
5487889
5488571
5492334
5495729
5496209
5496639
5497074
5497740
5499087
5501824
5503122
5503935
5504596
5524228
5527488
5529637
5530185
5531145
5532714
5533260
5533775
5538257
5539306
5541570
5544917
5545923
5549162
5550282
5552911
5553503
5554297
5555211
5560949
5568425
5578370
5584194
5585046
5598084
5600276
5601310
5601809
5602188
5606341
5606898
5609203
5609203
5628519
5631946
5636519
5637201
5639235
5639867
5640547
5642879
5643123
5646177
5648649
5649914
5652823
5653244
5654598
5659289
5659527
5660651
5661188
5661451
5661872
5662829
5663500
5664003
5664412
5665044
5669594
5670008
5670621
5671067
5672053
5673188
5673720
5674317
5674777
5691008
5691738
5693060
5695493
5696140
5696652
5697479
5697832
5698899
5699453
5700310
5700938
5701531
5702062
5703587
5708107
5716604
5719477
5726195
5727172
5727766
5728362
5728711
5728766
5729164
5729574
5730029
5730435
5730888
5731403
5731948
5732596
5736120
5761117
5767222
5767860
5768964
5769480
5769870
5770416
5777469
5783569
5786091
5787962
5791962
5792492
5793315
5793935
5794416
5795111
5795509
5796107
5796862
5797899
5798560
5799209
5800613
5800638
5801321
5805275
5808527
5809042
5809752
5814646
5815152
5815672
5816820
5817857
5818795
5820840
5821349
5821850
5827023
5827748
5828283
5829852
5830603
5850936
5852174
5859357
5861179
5865998
5866453
5867562
5868057
5870295
5872789
5877417
5878174
5878923
5880490
5885754
5887687
5888209
5888741
5889144
5889556
5890584
5892111
5908234
5908846
5910084
5910727
5911929
5912482
5913164
5914841
5920615
5921722
5926527
5927695
5954651
5956049
5957565
5958053
5965284
5972714
5973361
5975175
5978789
5979828
5980721
5994467
6003434
6010185
6011474
6011989
6012416
6012773
6013091
6013508
6014429
6019534
6026669
6033672
6034233
6034744
6035236
6037289
6037929
6043000
6044319
6045376
6046641
6047398
6048659
6050058
6050608
6052087
6054017
6056458
6058852
6059723
6060526
6062344
6062734
6063297
6063799
6064213
6064834
6065338
6065788
6066474
6067242
6087825
6089007
6092631
6093745
6111629
6117015
6118557
6119333
6129931
6130392
6131064
6131876
6141313
6151017
6155613
6160000
6160943
6161894
6164814
6165726
6166864
6170006
6170525
6173857
6174614
6175855
6176503
6177825
6189610
6191004
6191733
6192466
6193380
6194586
6195196
6195856
6196942
6197568
6198378
6200463
6201434
6203177
6246690
6247802
6248886
6249704
6250541
6251126
6254790
6255190
6255657
6256289
6279671
6300067
6301464
6303209
6304133
6306843
6308222
6310168
6316903
6329330
6336234
6338913
6339485
6343722
6344259
6344693
6345112
6345698
6346725
6349632
6350291
6355379
6356203
6357467
6358131
6358748
6359453
6360340
6360857
6361477
6361881
6362495
6363130
6369002
6374643
6376501
6378601
6378732
6380255
6381103
6381870
6390794
6391901
6392725
6393194
6393807
6394509
6395158
6399556
6405404
6428577
6430347
6438198
6455928
6458893
6462308
6469663
6470770
6471830
6472441
6473994
6475643
6478000
6482953
6485103
6485690
6492601
6493662
6493963
6494281
6494658
6495029
6495510
6495851
6496388
6501701
6502419
6502922
6503617
6503947
6504592
6505553
6507532
6509325
6510036
6511117
6511632
6512850
6513052
6513840
6514533
6515209
6515852
6516788
6535210
6536555
6542722
6561952
6562866
6570455
6570955
6571674
6575935
6593927
6594853
6595793
6597022
6598350
6607846
6611240
6614934
6635842
6636917
6639720
6653260
6654488
6655595
6656071
6656553
6656980
6657287
6657887
6663830
6664968
6666533
6667014
6668319
6677495
6706241
6719094
6719787
6720218
6720825
6721886
6724164
6724813
6725264
6725778
6726136
6726540
6727030
6727998
6751804
6756059
6756573
6757069
6757999
6761877
6765299
6768796
6778645
6782051
6790955
6793182
6794945
6795851
6797636
6798865
6805676
6809079
6810848
6811521
6813059
6816707
6818927
6819430
6819916
6820447
6820691
6821194
6822399
6830128
6830718
6831271
6846942
6848016
6848567
6850720
6851756
6853038
6854271
6855398
6857251
6859917
6860905
6861546
6880715
6882589
6883749
6890295
6892626
6893085
6894676
6898231
6901656
6903180
6903755
6904318
6904879
6913081
6918692
6920072
6923330
6924366
6931077
6938018
6949663
6954862
6957855
6958666
6960010
6966409
6968304
6969268
6977822
6979462
6987323
6991944
6992997
6993710
6994214
6994662
7008792
7009442
7010126
7010738
7017228
7017640
7017937
7021975
7023772
7024829
7025948
7027305
7032800
7033231
7033737
7054275
7054954
7055759
7056218
7056773
7057359
7059617
7060390
7061139
7062031
7064835
7065554
7068567
7069061
7070029
7070877
7071851
7073409
7082022
7088332
7089106
7089932
7090724
7093832
7095247
7098015
7099347
7100830
7101782
7102632
7103346
7104506
7105463
7106212
7106793
7107297
7107851
7108312
7110297
7112236
7113556
7120682
7121149
7137956
7138525
7138936
7139335
7139948
7140861
7141418
7142135
7146057
7151654
7156371
7156952
7157929
7158077
7160454
7166305
7167008
7167486
7168100
7169933
7170492
7170837
7179863
7180343
7181133
7212362
7213065
7213747
7214946
7216012
7216903
7251419
7252200
7252873
7270814
7271356
7289005
7289715
7290581
7291233
7292687
7293751
7294363
7299160
7300357
7301825
7314650
7317847
7320092
7321179
7327687
7328177
7328754
7329509
7330443
7331120
7333831
7334430
7334938
7337032
7353788
7354350
7354848
7367765
7368406
7368893
7369589
7370673
7378154
7378873
7380502
7390037
7390909
7391762
7396014
7408540
7412621
7418599
7419654
7422678
7431447
7444368
7445025
7445867
7447143
7447882
7456899
7457529
7459224
7459833
7463572
7464068
7464437
7464988
7465568
7466323
7470779
7473509
7474547
7475050
7477636
7478773
7479398
7479975
7487599
7489995
7493188
7495042
7495875
7497969
7511175
7521061
7522060
7522777
7523964
7525057
7525572
7526970
7538787
7540181
7541038
7549083
7549137
7551556
7552434
7555014
7559779
7560560
7564031
7573124
7573861
7579172
7579840
7580726
7581718
7582213
7582635
7583355
7583947
7584533
7584938
7585720
7586303
7587825
7598302
7602154
7603497
7604347
7604946
7605977
7606778
7612065
7613593
7620655
7622257
7623027
7623745
7624267
7625405
7626075
7626538
7626993
7628344
7629008
7629859
7650628
7651041
7651445
7652188
7652446
7652620
7653534
7656795
7657713
7664739
7665518
7666652
7670461
7674403
7674837
7675194
7675526
7675930
7676487
7677152
7677973
7678837
7685151
7685889
7686686
7687360
7687857
7689268
7690101
7697475
7699212
7706486
7710359
7711827
7712652
7713634
7714839
7717002
7718716
7721142
7722096
7722692
7731871
7732756
7734243
7735071
7735905
7748777
7751684
7752164
7752550
7753041
7753435
7753995
7754986
7758992
7759954
7773884
7775163
7777121
7780119
7781193
7781672
7782096
7782579
7782611
7782637
7787703
7788248
7788683
7789164
7790105
7791394
7793259
7793873
7794680
7795088
7795741
7801764
7802686
7803804
7805097
7805432
7805771
7806128
7806749
7807009
7811651
7812488
7813126
7813935
7814817
7823995
7824869
7825954
7829794
7835355
7836317
7840384
7841041
7842206
7843277
7855060
7857067
7858983
7863213
7864127
7864689
7865280
7872304
7873208
7875577
7883891
7885322
7885402
7888988
7889786
7890967
7899141
7910698
7910931
7913954
7915821
7916669
7923866
7926709
7948934
7951213
7957818
7959491
7960096
7961197
7964596
7965145
7965757
7966396
7967522
7972617
7980717
7981759
7982274
7983048
7983620
7984034
7984520
7984841
7985193
7985517
7985900
7986319
7986920
7987466
7988248
7988904
7990950
7992500
7993836
7998115
8009426
8014626
8015839
8016521
8016957
8017565
8018407
8019434
8020359
8020983
8021768
8022228
8022579
8023129
8023572
8032767
8034483
8040699
8044537
8045163
8045573
8046087
8046646
8047527
8048015
8048811
8049555
8050195
8050690
8051329
8053423
8072815
8073331
8074146
8074826
8075399
8100429
8103359
8103807
8105169
8106543
8109117
8112918
8122666
8123752
8138160
8152956
8156956
8162238
8167712
8172725
8174467
8175863
8176603
8177797
8190203
8190705
8191883
8192527
8193900
8196753
8198205
8199334
8202083
8202712
8203938
8214094
8215517
8222567
8224731
8225349
8225878
8226367
8226817
8227291
8229329
8233904
8236182
8237743
8238171
8239025
8240073
8240946
8245398
8248197
8254884
8263054
8274003
8279911
8280576
8284109
8285780
8299409
8301206
8305942
8306496
8306968
8307483
8308238
8310055
8310396
8335838
8336786
8337666
8341617
8343069
8346648
8352940
8354570
8357229
8358504
8374530
8375249
8375748
8376700
8380000
8380641
8381172
8381699
8388101
8393689
8403139
8404259
8404776
8415311
8415907
8428867
8429412
8429984
8433134
8434117
8437669
8448490
8452360
8453013
8454805
8455771
8457728
8466906
8489004
8492202
8495139
8496727
8498255
8499103
8499733
8501124
8501735
8502607
8505538
8506078
8506916
8507734
8508239
8509063
8512123
8550951
8554950
8556568
8556993
8557752
8567104
8570407
8570880
8571699
8591689
8592353
8593011
8631653
8639359
8659108
8667536
8699487
8700176
8701742
8702380
8703128
8707864
8708730
8709203
8709802
8710707
8711592
8711941
8717035
8721096
8723725
8726815
8727618
8729416
8730350
8730844
8731679
8732531
8733698
8734305
8736674
8740896
8741461
8758012
8758781
8759429
8760185
8760862
8761850
8763010
8763662
8764283
8765028
8784419
8785240
8786458
8787731
8800869
8804584
8805400
8818612
8822406
8828172
8828801
8832904
8838862
8844396
8845075
8846461
8847032
8847495
8848459
8854549
8868787
8869787
8870270
8870987
8871620
8872232
8875196
8877687
8883430
8890892
8892511
8894369
8896468
8898173
8903785
8905389
8907474
8908048
8908971
8912501
8941407
8942336
8943162
8944211
8945394
8946076
8946795
8947213
8947956
8948408
8948872
8949013
8949342
8949907
8950332
8951048
8951443
8951889
8952386
8953436
8957445
8962770
8963897
8980685
9450506
9455882
9456786
9467662
9485678
9485940
9491658
9492867
9493850
9494554
9495115
9505069
9518529
9519103
9519644
9520354
9520683
9521136
9521658
9523437
9524043
9524463
9525217
9527839
9540502
9541469
9542272
9548553
9550939
9552594
9553104
9559963
9567849
9569779
9579807
9579868
9580327
9591632
9592145
9592894
9593772
9595373
9596104
9597605
9598229
9599316
9606579
9625845
9629266
9630265
9630324
9632087
9634040
9635244
9641962
9646638
9647182
9647549
9648340
9649562
9662777
9664217
9665699
9666867
9668757
9670939
9672313
9673163
9676221
9690185
9691480
9696940
9712842
9721517
9723292
9725632
9734356
9735161
9736606
9739018
9745767
9747055
9752073
9758472
9759020
9759523
9767457
9774068
9776794
9776855
9783208
9783483
9793221
9794477
9796329
9797301
9799370
9799989
9801216
9822320
9823682
9825072
9826977
9828139
9830819
9833856
9837357
9837845
9838247
9838520
9838830
9839108
9839373
9839631
9839946
9840391
9840768
9841421
9863715
9878365
9879099
9880797
9903855
9907735
9909423
9911066
9911651
9913004
9914001
9914466
9915073
9915130
9915777
9915842
9923812
9930650
9931341
9932533
9933578
9934358
9936991
9937494
9939357
9939935
9940738
9946291
9948529
9953609
9954350
9955047
9955792
9966714
9968079
9990781
10012933
10013861
10014870
10015225
10015774
10018523
10025489
10025991
10026683
10027390
10028539
10030571
10051292
10051687
10052100
10052530
10052920
10053414
10053791
10054107
10054502
10054940
10055366
10055944
10057065
10058105
10061972
10062994
10064559
10065431
10067544
10075344
10076274
10077075
10079477
10082055
10085024
10085640
10086292
10087131
10088228
10094178
10100419
10117062
10126983
10136986
10137396
10138677
10138989
10141267
10143276
10148441
10150237
10150804
10152948
10161237
10163053
10165917
10167944
10178582
10182165
10182721
10183290
10183971
10184516
10185588
10210696
10212106
10214198
10215033
10222470
10222986
10223616
10227024
10249888
10250214
10252472
10258396
10259296
10259715
10262333
10262637
10263652
10264302
10264805
10265744
10271388
10274849
10275774
10276343
10280007
10280740
10281353
10281935
10282053
10292000
10292585
10297702
10299852
10300939
10307855
10308444
10317395
10317860
10318175
10318563
10318940
10319551
10321228
10324114
10326098
10327001
10327433
10327966
10328382
10329333
10330045
10330642
10331420
10359950
10360572
10360997
10361473
10361989
10362424
10362699
10363117
10363547
10363959
10364533
10365405
10367968
10385669
10386144
10386586
10386985
10387365
10387962
10388513
10388852
10389255
10389722
10390557
10391384
10392980
10394013
10394971
10395408
10397713
10411772
10412215
10412764
10415835
10417816
10418547
10419329
10420040
10420563
10420648
10422746
10423160
10423621
10424664
10425779
10426265
10426919
10427483
10428680
10431395
10440235
10440968
10441693
10447652
10449488
10450672
10454256
10455141
10455502
10455822
10456176
10456634
10457195
10458246
10459411
10459992
10461151
10461892
10462290
10463480
10464816
10475369
10479907
10480746
10481536
10483936
10498969
10499846
10501407
10503365
10509004
10509510
10510314
10511238
10519683
10547267
10547290
10551930
10559334
10562459
10563327
10564279
10564721
10564996
10565862
10566492
10567227
10568114
10579027
10581540
10585758
10595348
10595814
10596167
10596542
10597073
10604076
10605389
10606331
10620526
10628691
10634738
10635471
10637158
10638755
10639561
10640289
10641148
10641955
10643823
10644300
10645182
10646282
10651536
10654993
10657283
10658404
10659688
10662007
10662845
10663557
10665989
10667629
10674378
10683943
10684423
10688635
10689945
10696563
10697016
10697407
10697807
10698363
10709111
10710147
10710678
10711279
10711895
10714988
10724416
10725056
10725642
10726464
10730453
10731730
10737983
10738659
10742783
10753328
10756053
10758190
10758793
10759530
10760913
10761822
10765375
10775384
10776166
10777140
10779768
10780587
10808826
10810767
10811662
10812355
10812793
10813454
10813922
10826094
10827147
10827668
10828326
10828784
10829848
10834848
10835673
10836215
10837080
10838127
10843878
10844377
10845349
10846176
10846813
10847568
10858354
10859034
10859434
10860116
10860648
10861240
10861400
10869605
10872235
10872784
10873354
10874048
10874999
10875610
10875888
10876097
10877505
10878620
10878716
10902853
10907299
10913741
10914010
10915129
10918948
10921003
10921562
10922089
10922616
10923796
10923942
10925106
10925601
10926669
10927903
10931039
10939165
10939730
10944417
10970005
10972280
10973554
10975962
10976661
10977931
10979049
10986190
10996056
10996416
11008239
11008832
11009634
11010362
11011371
11012155
11013267
11020128
11020986
11023097
11024220
11024834
11025475
11026053
11027371
11029576
11030128
11030601
11031001
11032260
11032394
11032925
11042651
11042859
11043741
11045069
11045737
11057305
11058061
11059097
11061618
11062177
11062551
11090660
11096731
11105096
11105954
11115376
11117236
11118266
11119404
11120142
11121134
11124292
11125462
11135031
11153209
11153834
11154235
11154832
11155721
11161516
11161988
11162453
11162507
11163127
11163965
11164727
11165172
11165513
11166553
11169303
11175640
11182001
11185297
11187488
11188421
11188882
11189296
11190377
11192972
11193641
11193783
11194156
11194724
11195421
11196205
11197263
11198283
11198997
11203359
11204506
11205021
11206099
11206694
11210141
11259043
11259849
11260261
11260635
11266781
11267597
11283528
11284341
11285218
11286742
11287652
11288312
11289093
11289643
11290123
11290831
11291665
11295148
11296895
11310338
11311720
11314715
11315802
11316472
11317988
11319478
11329632
11332496
11333373
11341372
11362485
11363012
11364832
11365329
11366294
11367157
11369043
11369792
11371975
11375870
11377317
11377783
11378285
11389087
11399841
11412774
11415022
11415801
11416883
11434251
11434866
11435535
11436670
11437787
11438443
11438901
11439399
11439863
11440153
11440499
11440901
11441365
11441798
11442235
11442716
11443744
11444422
11445188
11449748
11451116
11452774
11453281
11462072
11462486
11463201
11464618
11466037
11466695
11467590
11469410
11470147
11471456
11472228
11492221
11492855
11495748
11496323
11500741
11502254
11507760
11522095
11526215
11526690
11527957
11532662
11543639
11545498
11551304
11552633
11553164
11553881
11560287
11567484
11568195
11568881
11569342
11569769
11570321
11571709
11572395
11578002
11580302
11580817
11581331
11584436
11611179
11612299
11615306
11616691
11618637
11619444
11623326
11623968
11624752
11625555
11627097
11629144
11629825
11630035
11630918
11632383
11633195
11634036
11640308
11640859
11641725
11643401
11644793
11645384
11646191
11647273
11653848
11654784
11655564
11655687
11658498
11664517
11665200
11665574
11665921
11666350
11672258
11700462
11700929
11701565
11706131
11706868
11707448
11707874
11708379
11715976
11722439
11737663
11741414
11755401
11756343
11761061
11787384
11793909
11794467
11801231
11801385
11801993
11805369
11807063
11809062
11810108
11810664
11811193
11812075
11827131
11831361
11832098
11832764
11835685
11844519
11863206
11863691
11864486
11865502
11866915
11872102
11874003
11874668
11875189
11875752
11876023
11876363
11876693
11877132
11877579
11878093
11879122
11880182
11881587
11881700
11895373
11896062
11896735
11897405
11897987
11898632
11900169
11901063
11902373
11904072
11907660
11908113
11910245
11917514
11920201
11922757
11923981
11925084
11926306
11928742
11930896
11931733
11932252
11933847
11935684
11936170
11937650
11938886
11939502
11940740
11945055
11946407
11947272
11947889
11964902
11967419
11968220
11969003
11970240
11972685
11975367
11998274
11998863
12000092
12007440
12009210
12028593
12029597
12030447
12055073
12055564
12056469
12057093
12057859
12065909
12067111
12071775
12078695
12079349
12080144
12080696
12081343
12081943
12082575
12083280
12084035
12084633
12091576
12093799
12109115
12111408
12112288
12113199
12114038
12115038
12117767
12124864
12125547
12126829
12128920
12129845
12130850
12150184
12153727
12155133
12155715
12156478
12156961
12157444
12159627
12160555
12161028
12161431
12161980
12162545
12163395
12171920
12173144
12173880
12174565
12175658
12176232
12177097
12196828
12203877
12204652
12218486
12220308
12221015
12221549
12222089
12226750
12227252
12227908
12228752
12229231
12229716
12230351
12231134
12233944
12243373
12244023
12244774
12245215
12245798
12246175
12246572
12246940
12247873
12248694
12258502
12259425
12260713
12262495
12264275
12264866
12265271
12265836
12266784
12269870
12270619
12272405
12274958
12275372
12275946
12276416
12278495
12279373
12280134
12280690
12281625
12281650
12291440
12293187
12294177
12294785
12295514
12295961
12298652
12331178
12332378
12333168
12333908
12337484
12338597
12341298
12341859
12342279
12342741
12343428
12343894
12344367
12345208
12346210
12349626
12350334
12350721
12352168
12353617
12362082
12367606
12373686
12374531
12386303
12386824
12387458
12387990
12389041
12389750
12390582
12391197
12392023
12392970
12398494
12400957
12405148
12407517
12409146
12409796
12411167
12426931
12427733
12428370
12428832
12428917
12429335
12429714
12431792
12432397
12433306
12434108
12438102
12438965
12439718
12440413
12441139
12441955
12452126
12452751
12453497
12454379
12468849
12469657
12470222
12470604
12471205
12471886
12476579
12477471
12496172
12496836
12497163
12497239
12497711
12498088
12498556
12498976
12502134
12515809
12519060
12519928
12520503
12521827
12522387
12522817
12523407
12524521
12524711
12524989
12525498
12525827
12526380
12527158
12527759
12528793
12529665
12530153
12530522
12531513
12535581
12536136
12536876
12537332
12537783
12538253
12538674
12539102
12539580
12603814
12605488
12608560
12609397
12641331
12647014
12647429
12649191
12653156
12654339
12655701
12656230
12669817
12670050
12670847
12671377
12672560
12680423
12681792
12683409
12683911
12684387
12685295
12692938
12708688
12709409
12710098
12710615
12711053
12712243
12712942
12713683
12714257
12714806
12715444
12716931
12744133
12746938
12749801
12750336
12750928
12751511
12755632
12756693
12757968
12765029
12766855
12767318
12768003
12768666
12769547
12771534
12776652
12777222
12778092
12781833
12789848
12792449
12793325
12793858
12794354
12794783
12795899
12809347
12810077
12813426
12831277
12831852
12840396
12841178
12844312
12847957
12852309
12852723
12853172
12853587
12854068
12854561
12855360
12866273
12873542
12875855
12876912
12877844
12882762
12884942
12886011
12896597
12903616
12905478
12907117
12921181
12921968
12924309
12925527
12926742
12933777
12941673
12943806
12946725
12948169
12948800
12950511
12951027
12962738
12964968
12967161
12968301
12969884
12973695
12974380
12974985
12975857
12977293
12980261
12981590
12987919
12992976
12993855
12995017
12995493
12995932
12997476
13007330
13011932
13013327
13016486
13025618
13026057
13030620
13065328
13066860
13082779
13085671
13088028
13088996
13090719
13092875
13093806
13094463
13094598
13095268
13095826
13115372
13116892
13133530
13135205
13136391
13137345
13158537
13159052
13161865
13162908
13183371
13186141
13188974
13190826
13191734
13194054
13194695
13195355
13195934
13196906
13197383
13198918
13199933
13209988
13211554
13212358
13213662
13214217
13215643
13217231
13218430
13219910
13221573
13226328
13253615
13254978
13255481
13256042
13256650
13257219
13257974
13259103
13263624
13291588
13294040
13298115
13300628
13302213
13302612
13303970
13308779
13318259
13327117
13332064
13338066
13338251
13339815
13341269
13341782
13342411
13342741
13343336
13344019
13344830
13345692
13346270
13353903
13359401
13359999
13360558
13375281
13376413
13377607
13378112
13379853
13384271
13385052
13385868
13385956
13387590
13389681
13396630
13398091
13403395
13406013
13414078
13414952
13416081
13418431
13440288
13440954
13441968
13442698
13444987
13446109
13450869
13451397
13451998
13456795
13465351
