3927
4831.54
9972.189
10651
11266.52
12021.78
14626.95
16624
17600.58
18592.85
19245.58
20189.81
24596.32
25294.02
26504.56
27210.42
29639.65
30392.95
30941.89
31326.15
31733.12
32048.73
32354.66
32772.05
33125.16
33570.38
34055.37
34598.58
35634.01
37082.21
38313.15
39703.84
42533.49
43691.36
44472.99
47698.86
49363.78
65257.78
67948.55
69441.05
70029.45
70801.57
71654.26
72400.77
74542.86
79239.92
80519.88
81489.79
82019.33
82552.47
83056.94
83815.57
88842.11
98221.68
98590.5
99508.79
100366.3
100988.2
101788.4
102585.5
103160.7
106376.4
107175.3
107912
110541.6
111494.1
112515.2
115684.2
117361.3
127325.5
128948.6
130509
131056.6
131604.9
133020.9
135000.7
136028
143273.1
143693.5
144804.7
145584.6
149172.9
150062.2
150881.1
161957.5
172614.4
175938.7
177806.3
182585.4
184165.9
185617.2
188945.6
190612.9
193429.3
194695.3
196196.3
197108.1
197642.5
198343.5
198815.1
199900
200402.9
201018.4
202080.1
204668.4
206508.3
207138.2
207990.4
208241.1
208908.3
209640.8
210888.1
211606.2
213226
214103
215463.8
216615
221033.6
226445.8
226954.5
228382
229115.6
230290.7
240502.5
242744.5
244090
248107.6
248885.8
249446.5
250029.2
253123.1
253700.7
254566.2
255615.4
257449.7
263441.5
264529.9
266049.4
267368.5
267777.2
268309.1
269080.4
269584.2
270190.5
270631.5
271306.7
272100.4
275309.5
276128.1
280910.5
282096.9
282883.5
284262.7
289771.6
295430.6
298285.4
303663.6
304984.2
305527.8
306345.5
307270
308097.6
316351
317097.8
319584.7
320197.3
320233
320731.5
321257.6
322148.9
324220.4
327390.5
327868
330462.1
331682.2
332409.3
332888
333407.4
333992.7
334607.2
337771.9
338685.6
339125.6
339589.2
340178.4
343164.4
352922.1
353437
354299.9
354708
355107.1
355547
356120.6
356630.9
357314
358365.4
372763.8
373930.4
374309.3
374821.8
375383.7
376204.8
384755.8
385187.8
385714.5
386321.6
389059.7
390056.6
394894.7
395488.3
396253.4
397931
400315.6
401204.7
402081.1
402790
403480.9
404106.5
405029.6
407570.8
408124.7
409926.6
410583.6
412847.2
413808.9
414439.2
414999.5
415896.4
416341
416835.6
417307.9
424417.7
450110.3
458230.3
458811.5
459559.5
464924.3
466078.3
466851.6
468707
469420.7
475539.5
476091.9
476137
476750.5
477151.5
477184.5
478169.4
478889.6
489338.8
491285.6
491992.6
497038.2
498680.1
499622.2
500115.7
500555.9
501202.1
505004.5
505038.6
505607.7
509828.2
510485.5
511096.8
511825.2
512262.2
513963.5
515034.7
515975.8
517421.8
519086.1
520086.4
521652.4
522945.7
523439
523868.4
524210.2
524625.6
525136.2
525751.6
531886.9
532929.5
533398
533879.5
534440.2
535389.3
544479.2
545324.2
546196
546993.5
554327.3
556134.4
562205
562634.8
563162.7
563760.6
564448.6
564989.7
566194.3
566809.9
567284.1
567751.1
568659
582812.6
583918.5
584670.3
585366.6
585922
586406.5
586937.7
587558.6
591854.7
592476.3
592568
596415.3
596804.6
597705.2
600159.6
610540
611293.4
611921.8
613132.7
622336.8
624242.5
632507
637013.7
637424.6
637909.1
638377.1
639583
653807.7
654269.3
655072.9
655714.4
656667.1
662787.1
668562.4
670421.2
671106.1
671947.1
674745.5
676900.2
689390.7
689930.8
690722.1
691300.5
691831.9
692333
692363
692863.2
693485.6
694574.4
696144.4
696769.5
707142.5
707913.1
716474.9
717397.3
721994.7
723777
727926.5
728641.6
729949.3
730915.7
739737.4
740598.7
752155.4
753010.5
753496.1
753982.2
754427.4
755250
757151.3
757911.4
777749.6
781225.4
781821
782397.2
783405.4
784078.5
784837.4
785792.9
797406.4
798469
799870.2
801244.5
804900.9
805423.3
805914.2
806362.7
806816.4
807194.8
808086.5
808852.2
815929.3
817146
818206.8
822775.1
823274.4
824860.6
827605
829111.2
829699
830169.1
830809.1
831464.2
832342.4
833632.1
835659.6
842354.3
846208.3
846879.7
847503.4
848051.3
848605.4
850105.3
850968.7
851514.3
852071.5
852521.8
853151.8
859339.8
869943.4
871585
880389.5
881420
906891.9
911470.4
912299.6
913021.9
913449
913904.8
914519
915555.7
918313.9
918921.6
919633.9
921287.5
921733.4
922728.6
923173.2
924226.8
929127
937204.7
955421.7
963650.5
965552.3
967025.5
967618.3
968245.4
968924
969550.3
970334.6
970967.6
971709.2
980438.6
982015.9
982915.4
985049.3
986950.4
987499.8
988067
988672.5
1011776
1012982
1018049
1018767
1019637
1020208
1020693
1021356
1022698
1024209
1025052
1025609
1026275
1026969
1029247
1030154
1030856
1031479
1032099
1032729
1033783
1047104
1048903
1049430
1050466
1051249
1056574
1057799
1058276
1059268
1059904
1060626
1061284
1061868
1062874
1064131
1069647
1079809
1082223
1083343
1083917
1084002
1084561
1085234
1085941
1086621
1087609
1089633
1094707
1095515
1096300
1097917
1098272
1101329
1102207
1103657
1104697
1105944
1106498
1107156
1107667
1108281
1108479
1114658
1115684
1116985
1122911
1133981
1135328
1136121
1136824
1137433
1138492
1138612
1139739
1147100
1147893
1148621
1149463
1150924
1156681
1157437
1158134
1162100
1163430
1164636
1165370
1166690
1167242
1167687
1168121
1168673
1169519
1170815
1171508
1172196
1173231
1197837
1200099
1201376
1207154
1207949
1208691
1209932
1210750
1211364
1215725
1225186
1225834
1226486
1227941
1228609
1229197
1229734
1230633
1231781
1232239
1233153
1234022
1235796
1236395
1237517
1239398
1240500
1242379
1253430
1254585
1261410
1262128
1263032
1263821
1264585
1265310
1265994
1269170
1270622
1271246
1272278
1279681
1282321
1283313
1284114
1284857
1285679
1293259
1294895
1295938
1298237
1298965
1301873
1307617
1308222
1309124
1309929
1310493
1311177
1311832
1325190
1325912
1326532
1327044
1327828
1358226
1359221
1360145
1360655
1361148
1362014
1367288
1371391
1371996
1373326
1373957
1374518
1375692
1376633
1378240
1379067
1379870
1381382
1383065
1385559
1386616
1388300
1389917
1390430
1390807
1391169
1391518
1391877
1392306
1393152
1393603
1394752
1395777
1396317
1396823
1397651
1398478
1399932
1400896
1401978
1402813
1404401
1405036
1405641
1406248
1407270
1407523
1418085
1424853
1425598
1425748
1426698
1428227
1428944
1429847
1438589
1439091
1439633
1440208
1440829
1441718
1442283
1443074
1443970
1444538
1445025
1446286
1446831
1448233
1448904
1449500
1454963
1456093
1458873
1475540
1478238
1479656
1480562
1483237
1484361
1487554
1490563
1491765
1492271
1492373
1492943
1496341
1498610
1519177
1523733
1524143
1525209
1525797
1525976
1526761
1527471
1528387
1529008
1537081
1537564
1538054
1538515
1539771
1540705
1542518
1543932
1545695
1549399
1552312
1553001
1554034
1554544
1555130
1555893
1559019
1560368
1560475
1565616
1591283
1592225
1596802
1597379
1598056
1599957
1600810
1601363
1601901
1602358
1603154
1603868
1604677
1605370
1614394
1618384
1621820
1622519
1623659
1624391
1625131
1625311
1625554
1625960
1627025
1628127
1629644
1630451
1631343
1631951
1634541
1635213
1636242
1640306
1641047
1641728
1648325
1649006
1649823
1650658
1652538
1654515
1655518
1656054
1657074
1662925
1666008
1667692
1668295
1669652
1670301
1673034
1680483
1684617
1692653
1693511
1694124
1700077
1700365
1701034
1701805
1702931
1703568
1704378
1705785
1712942
1713945
1714822
1716483
1717624
1719049
1719794
1720481
1721954
1725987
1726584
1730831
1732118
1732756
1733642
1735212
1736015
1736794
1737567
1743787
1744379
1744879
1745798
1747086
1747837
1748385
1749390
1750356
1750833
1751312
1756261
1756904
1759848
1764141
1775388
1776306
1777322
1800146
1800755
1802230
1810979
1813151
1814111
1814829
1815488
1816186
1816780
1817247
1817699
1818304
1819392
1820049
1820894
1821522
1822594
1824082
1833173
1835691
1836491
1837086
1839515
1840490
1841312
1841814
1842273
1842768
1843328
1843888
1845278
1851001
1851456
1851895
1852397
1852872
1853333
1853759
1854166
1855894
1859126
1870220
1870927
1874027
1874756
1882415
1888171
1889504
1890609
1891419
1892501
1898249
1899155
1900001
1901219
1902220
1902730
1903273
1904236
1905074
1908505
1912448
1913094
1914522
1915262
1916359
1922082
1922734
1923473
1926992
1928078
1928753
1931953
1932423
1932885
1933339
1933786
1934332
1938335
1944149
1944751
1945231
1945808
1946240
1946823
1950092
1950700
1951243
1951689
1952399
1954085
1956589
1957557
1959002
1972870
1973698
1974596
1977281
1979059
1979734
1980660
1981500
1982065
1982523
1983586
1984635
1985889
1986571
1987272
1987565
1988039
1989370
2008389
2008979
2010030
2010808
2011839
2012745
2017195
2017773
2018394
2025527
2026198
2027000
2028906
2029870
2032983
2034539
2038738
2040176
2040798
2041561
2042793
2043642
2049015
2050464
2050764
2053103
2054301
2055123
2055832
2056350
2056859
2057505
2062666
2063271
2064000
2064877
2065362
2065971
2066829
2075826
2079124
2083567
2084210
2088867
2089419
2090854
2091828
2092678
2093941
2094619
2095569
2096970
2101031
2102837
2103597
2104733
2105328
2106758
2107260
2107738
2108132
2108509
2108903
2110539
2111360
2112117
2112805
2113511
2114698
2115689
2129496
2130019
2130547
2131241
2131913
2132644
2133166
2146497
2147680
2155471
2156137
2162613
2163055
2163474
2163704
2163995
2164480
2165067
2165894
2178596
2179752
2185308
2186339
2187084
2187660
2188343
2188778
2189304
2190461
2193103
2196703
2198259
2198910
2199769
2200554
2201344
2202909
2204275
2205424
2206488
2215951
2216660
2217569
2218870
2220368
2222762
2223869
2225177
2226790
2227666
2228765
2229770
2230114
2230218
2230759
2231265
2250647
2251400
2252155
2252840
2254273
2255164
2256222
2257167
2257719
2258245
2258810
2261119
2264553
2266532
2268979
2269450
2270055
2270645
2275149
2275995
2277169
2278480
2280959
2281540
2282157
2282814
2283437
2284472
2285187
2285665
2286219
2286787
2287758
2288521
2289173
2289844
2290248
2290360
2290837
2291010
2291496
2292120
2295882
2297659
2299972
2300748
2301301
2305324
2305962
2306484
2307019
2308046
2308762
2308876
2309296
2309553
2310130
2311617
2328060
2328897
2329851
2330437
2331339
2335629
2337248
2341096
2348319
2348899
2349799
2350565
2351262
2352528
2355359
2356154
2356936
2359347
2362451
2368560
2370447
2382354
2383431
2393546
2394454
2395248
2396112
2396667
2397275
2398202
2401507
2402085
2402653
2403419
2404551
2406268
2408059
2408871
2409404
2410171
2420263
2426829
2428576
2431903
2432958
2435849
2436264
2436699
2437042
2437525
2439939
2440889
2442052
2447853
2449341
2454889
2456762
2457524
2458401
2458760
2459589
2460028
2460879
2476747
2477736
2478357
2479845
2480772
2481199
2481610
2482134
2482865
2483946
2485902
2487222
2487848
2488444
2488825
2489207
2489589
2489959
2490812
2491515
2496582
2497824
2498461
2498908
2499362
2499822
2500278
2500764
2501413
2506038
2506531
2507034
2507650
2508538
2509727
2510688
2512013
2512503
2512535
2513035
2513554
2513941
2514387
2514861
2515622
2516077
2517078
2518290
2522237
2524153
2528380
2533898
2534804
2535722
2536920
2541575
2542182
2543271
2544542
2545611
2550506
2551661
2555016
2558623
2559428
2560022
2560697
2561773
2564109
2570173
2570708
2572567
2578269
2579646
2580230
2580790
2581359
2582031
2582957
2583542
2588919
2590840
2591388
2591885
2616365
2617785
2623485
2624724
2626057
2626489
2626916
2627443
2627678
2627949
2628885
2631815
2637696
2638403
2638950
2639460
2648790
2661691
2662261
2662975
2663769
2664502
2665264
2665922
2666545
2667101
2667917
2668637
2671442
2700612
2707068
2708400
2709542
2710643
2711346
2711875
2712456
2712987
2713838
2714386
2716485
2718129
2720111
2724229
2725677
2726971
2728640
2730112
2736839
2737443
2738188
2738707
2739348
2740211
2740696
2741267
2745991
2746638
2747078
2748079
2748612
2749410
2750054
2761085
2761616
2762120
2763028
2769923
2771360
2772044
2777950
2780523
2781976
2782741
2783549
2784147
2785154
2797462
2798617
2802453
2805051
2805761
2806116
2806550
2807088
2807884
2807987
2808737
2809448
2810079
2811018
2811406
2811781
2812215
2812580
2813678
2815646
2817930
2820053
2822612
2831578
2836136
2836713
2837802
2851695
2852250
2852870
2854027
2855378
2856332
2858596
2861914
2870776
2873040
2874444
2878765
2909227
2909751
2910366
2913271
2914033
2915163
2937339
2938774
2939750
2941551
2945734
2947310
2948148
2948586
2949104
2949574
2950122
2950923
2951860
2956202
2959074
2959898
2963367
2963735
2965280
2965851
2966511
2967199
2967955
2978897
2980009
2980856
2982086
2991660
2993022
2993697
2994627
2996032
2996744
2997469
2998210
2999263
3000042
3000755
3017594
3018310
3019333
3020074
3022160
3023154
3023609
3024321
3025176
3027567
3028928
3029840
3054731
3056094
3057116
3058073
3058712
3059140
3059976
3060573
3061376
3062398
3070783
3076185
3077418
3078178
3079155
3080108
3080597
3081252
3082145
3082769
3084167
3084786
3086686
3087498
3088010
3088508
3095538
3096591
3097368
3102594
3103361
3104118
3104590
3105077
3125523
3128665
3129819
3131210
3151094
3162936
3165799
3173868
3175587
3176576
3177160
3178052
3179081
3180265
3191196
3193030
3193816
3194312
3194829
3195314
3195994
3196488
3200105
3203180
3209497
3210527
3211087
3212261
3212696
3213202
3213645
3214093
3214463
3214971
3215810
3217683
3224482
3224987
3225370
3225751
3226637
3227020
3227434
3227802
3228307
3228780
3229152
3229664
3230175
3230946
3240811
3242031
3247105
3247689
3255712
3259043
3260095
3260837
3261481
3274408
3283142
3284198
3284687
3285348
3285777
3286202
3287048
3288132
3288691
3289176
3290526
3314193
3323725
3324503
3325074
3326653
3327499
3327529
3328113
3328684
3329622
3331169
3332767
3335283
3339218
3344057
3352544
3353392
3353822
3354612
3355780
3356397
3357603
3358240
3359108
3360028
3360590
3361151
3362297
3363282
3364224
3364842
3365250
3365723
3366199
3368342
3369104
3370328
3370952
3371491
3372569
3372647
3373900
3376105
3376738
3377822
3383056
3383587
3384132
3384978
3386803
3388117
3389200
3389885
3390627
3411676
3412715
3413837
3415267
3424593
3425513
3426186
3426885
3429358
3430141
3430930
3435481
3441504
3442927
3443749
3444457
3445173
3446159
3452381
3452983
3454822
3455714
3456178
3457368
3457966
3464329
3467726
3468295
3468966
3469605
3470237
3470749
3471413
3472132
3473103
3474313
3475394
3489709
3493747
3494301
3494816
3495550
3496439
3497417
3498183
3498680
3499147
3499785
3501266
3504552
3505815
3507741
3510680
3520207
3520846
3521710
3522610
3524122
3525140
3526413
3527608
3533781
3534551
3535279
3536537
3539147
3547367
3552209
3556907
3559602
3560868
3561409
3562388
3563298
3569882
3570568
3571354
3576330
3577037
3577675
3578324
3579157
3579811
3580543
3600376
3600901
3601368
3601746
3602189
3602580
3603205
3621440
3622536
3623270
3623989
3625268
3626682
3628323
3632187
3634084
3649635
3650317
3651239
3651803
3652343
3653069
3653991
3654906
3657373
3666645
3668076
3669015
3669892
3671455
3672610
3675370
3676256
3678652
3679713
3680903
3681742
3682251
3682903
3683434
3683944
3684666
3685311
3686032
3686713
3687373
3699346
3719207
3720556
3721470
3722249
3723343
3724027
3725303
3728743
3730507
3731600
3732671
3733538
3734139
3734589
3735076
3736185
3745133
3746165
3746658
3747187
3747842
3748337
3748728
3749226
3749630
3750246
3750568
3750893
3751323
3751758
3766165
3766232
3767144
3767756
3768321
3768913
3769506
3770091
3770718
3771452
3776024
3777068
3777652
3778235
3778804
3779922
3782195
3790402
3791287
3792478
3793669
3794419
3795406
3800625
3801860
3804471
3805444
3806830
3813270
3816864
3819634
3821182
3823148
3832882
3833726
3834520
3835442
3853834
3854649
3855367
3856134
3856824
3857367
3857903
3858663
3860086
3860728
3861366
3862157
3862799
3863723
3864338
3865014
3881539
3884382
3884951
3886828
3887421
3888091
3888662
3894495
3896060
3904142
3905166
3906166
3913659
3914586
3915249
3915660
3916117
3916524
3917070
3917684
3918217
3920198
3923770
3924383
3925140
3928844
3930279
3930788
3931390
3931916
3932617
3933138
3933678
3934305
3934785
3935441
3953585
3954416
3955740
3957011
3958129
3966057
3967101
3970957
3971415
3971980
3972801
3973349
3973988
3974522
3975004
3975588
3976154
3976712
3977473
3977955
3978519
3979123
3980752
3985487
3986237
3988754
3989823
3990392
3990959
3991731
3992344
3992938
3993701
3995141
3996301
3998429
3999849
4000906
4006506
4018724
4019375
4025155
4026454
4028914
4030508
4031135
4059283
4060291
4061765
4069735
4070641
4071418
4072317
4072668
4073118
4073625
4074324
4077493
4078247
4078821
4079463
4080138
4080533
4080900
4081415
4081899
4082420
4083009
4088806
4089653
4090237
4091753
4092687
4101214
4101778
4102197
4102575
4103013
4103550
4104603
4105565
4106190
4106691
4107606
4109789
4111184
4112639
4117531
4118265
4118911
4119489
4120044
4121559
4122551
4124411
4126455
4127049
4143281
4148737
4149510
4150188
4154219
4178236
4178998
4179925
4180688
4183329
4184044
4184782
4208395
4210526
4212673
4213364
4213994
4214523
4215175
4215617
4216232
4231358
4241438
4242302
4242998
4243932
4244872
4245528
4246081
4246881
4248391
4253404
4254641
4256313
4257482
4258314
4258968
4263459
4264757
4265869
4266797
4267400
4268197
4268773
4269633
4270117
4270591
4271117
4271552
4272176
4273123
4277202
4278149
4295827
4296844
4299372
4302394
4303566
4305320
4306316
4308804
4310869
4311451
4311930
4312672
4312786
4313906
4314798
4320120
4320528
4320947
4321291
4321708
4322109
4322491
4322987
4323526
4324313
4324795
4325291
4325788
4326199
4326585
4327015
4327386
4327824
4328560
4329192
4329900
4330497
4331333
4335769
4336256
4336681
4337199
4338179
4338679
4339366
4339980
4340512
4341450
4342331
4342796
4343838
4344517
4345248
4346383
4346930
4347476
4348078
4349615
4350259
4351640
4352384
4352940
4353591
4354689
4355364
4356324
4357638
4358234
4358828
4359473
4360182
4360857
4366749
4368804
4373370
4374148
4374742
4375175
4375629
4375971
4376356
4376730
4377192
4377606
4378521
4379451
4387807
4388362
4389795
4395065
4395880
4396885
4397968
4409196
4410098
4410810
4413409
4415244
4421829
4422623
4427402
4429520
4434022
4434496
4435156
4435954
4437287
4442310
4443723
4443732
4444797
4445810
4448059
4451302
4452263
4453136
4454267
4454714
4455236
4455769
4456287
4457099
4464022
4464685
4465239
4467432
4468732
4469377
4469834
4470301
4470725
4471128
4471490
4471916
4472594
4477663
4479828
4480492
4481045
4504528
4505230
4505532
4505856
4506274
4506746
4510266
4511064
4511712
4512235
4512749
4513732
4514849
4516105
4525232
4525669
4526512
4527512
4528007
4528542
4529620
4547346
4548260
4548912
4550895
4551696
4552261
4552730
4553366
4554272
4554785
4555246
4558499
4560718
4561342
4562086
4564587
4565821
4577366
4578674
4579400
4579844
4580168
4580539
4580955
4581409
4581808
4584975
4585599
4586247
4587305
4587839
4588531
4589037
4589893
4592337
4594832
4595076
4595875
4598238
4599284
4600024
4603596
4608680
4609659
4611214
4618834
4619709
4622247
4623280
4623924
4624846
4657330
4662681
4665241
4666014
4666588
4667193
4668542
4669282
4669847
4670458
4671094
4671637
4672275
4673100
4674208
4674830
4676105
4676840
4678380
4684203
4684889
4685789
4688500
4690218
4690885
4691706
4692124
4692663
4693149
4693950
4694801
4695552
4696121
4697105
4701982
4702793
4703415
4704461
4705489
4730906
4739597
4740150
4740677
4741201
4741711
4742201
4743032
4749601
4750110
4750864
4752663
4753603
4754031
4754502
4754956
4755682
4756187
4756693
4757857
4759225
4759789
4760338
4764005
4764539
4765816
4766577
4768077
4779069
4779823
4780466
4781531
4782041
4784365
4785587
4790380
4791547
4793270
4794845
4799231
4800221
4800697
4801299
4801780
4802192
4802718
4803250
4813282
4814373
4814937
4815350
4815773
4816379
4816750
4817628
4818276
4819027
4825747
4827162
4827673
4828225
4829014
4831060
4831730
4832383
4836182
4842714
4844631
4845376
4850577
4851428
4851924
4853328
4860112
4860661
4861082
4861493
4862531
4867795
4868365
4868909
4869462
4869878
4870420
4870986
4871545
4872142
4872877
4875573
4876603
4877871
4878883
4888898
4890991
4891744
4892360
4892866
4893578
4897468
4898127
4899007
4899711
4899822
4900691
4901144
4901745
4913496
4914190
4914548
4914926
4916517
4917584
4922130
4951035
4951742
4952844
4953351
4954342
4960950
4961852
4973373
4978926
4979562
4980106
4980791
4981869
4982874
4983504
4984208
4985722
4989134
4989868
4996543
5008834
5009934
5017544
5018777
5022025
5024523
5025544
5026324
5026944
5028879
5031884
5032023
5033491
5034206
5034711
5035477
5038586
5043212
5057697
5058345
5058404
5059674
5060161
5060777
5061829
5063678
5065392
5066124
5067818
5072025
5072946
5073359
5074193
5074979
5075630
5076186
5077685
5084416
5085253
5100373
5100508
5100901
5102344
5103344
5104005
5105168
5105711
5106328
5106863
5107634
5110325
5118164
5118792
5119408
5120628
5129590
5131253
5133890
5134760
5136358
5144889
5145849
5156200
5156807
5157289
5164210
5166547
5168281
5168401
5173286
5173897
5174410
5175089
5175674
5192625
5193117
5193691
5194265
5195473
5198289
5199573
5200326
5201267
5201763
5202232
5202664
5203364
5204180
5205659
5207604
5216324
5217427
5217545
5218235
5218686
5219199
5219768
5222453
5226295
5226876
5230041
5230746
5231300
5231729
5232095
5232201
5232578
5232979
5233499
5234375
5236010
5237397
5238549
5239159
5240396
5241503
5242494
5243029
5244559
5245189
5246374
5250143
5253640
5255179
5256959
5257863
5259525
5263946
5265293
5265662
5266074
5266553
5267556
5267961
5268350
5268951
5274979
5275620
5280588
5281273
5282085
5282902
5284009
5284566
5285319
5286548
5290212
5290687
5291605
5291992
5292513
5292903
5293281
5293830
5294288
5295753
5297173
5297831
5298428
5299691
5302681
5303280
5303968
5309821
5313133
5314008
5314630
5315184
5315816
5317732
5319919
5340718
5343246
5346272
5346821
5347400
5349120
5349840
5350400
5350833
5351324
5351871
5352793
5354560
5357258
5361058
5361908
5366433
5367361
5368235
5371708
5375004
5379941
5381360
5401519
5406975
5419114
5420355
5420884
5421269
5422062
5422580
5423148
5423925
5424514
5428837
5435912
5436660
5456622
5457380
5457842
5458453
5463370
5464064
5465424
5466123
5466908
5467644
5479447
5482618
5483442
5486464
5494216
5494901
5495967
5502898
5505217
5521095
5521674
5522596
5523244
5524281
5529095
5535153
5539235
5540895
5561946
5563021
5563351
5563701
5564527
5565021
5565885
5568553
5580200
5589774
5590183
5595248
5596098
5597014
5597761
5598342
5599159
5599833
5600488
5602149
5603633
5604199
5604782
5605303
5605694
5606134
5606547
5606998
5607744
5615774
5616796
5618324
5619892
5620807
5621551
5623493
5626400
5627540
5628846
5632311
5634099
5635232
5642009
5642461
5642864
5643343
5643904
5644448
5644827
5645370
5645831
5646226
5646643
5647009
5647440
5648559
5649032
5649956
5650473
5650868
5651195
5651529
5651849
5652831
5653573
5654722
5655410
5664812
5665708
5665942
5671003
5682887
5684524
5685451
5686173
5686782
5688467
5689664
5690997
5691737
5693168
5693967
5695219
5709777
5712154
5712774
5716075
5717827
5718656
5721166
5721958
5723295
5723997
5724372
5724966
5725758
5726796
5729198
5733402
5734365
5735535
5736419
5757634
5760270
5760748
5761305
5762443
5767547
5768001
5768321
5768615
5769406
5770058
5770772
5781606
5788040
5788635
5789131
5789541
5790162
5790666
5791336
5791836
5792398
5792856
5793464
5799167
5799730
5800216
5800676
5812520
5813179
5813915
5814902
5815487
5816438
5817065
5817598
5818165
5819768
5824406
5825036
5825544
5826046
5827856
5828909
5829791
5851288
5851983
5861670
5862679
5864129
5877530
5878059
5878545
5879547
5881098
5881960
5883433
5885036
5886677
5891437
5892114
5892873
5893986
5895608
5896124
5896504
5896745
5902352
5908403
5915826
5918631
5919615
5921365
5923515
5924154
5925580
5927101
5927239
5930266
5930407
5932762
5937200
5945375
5946120
5947897
5956345
5962097
5963346
5965679
5967241
5968186
5968871
5969594
5970346
5971425
5973338
5974057
5974570
5975088
5975626
5984411
5985816
5993948
6006840
6007764
6010077
6012266
6014776
6015488
6016205
6017181
6018459
6019367
6023498
6024292
6025912
6027870
6029833
6036597
6050777
6052555
6053681
6054315
6054984
6055914
6056482
6057288
6057845
6058392
6059069
6059605
6061083
6062472
6071266
6087041
6087708
6089401
6090579
6091560
6092267
6093240
6093681
6094108
6094555
6095092
6095822
6096553
6097623
6098371
6099112
6100623
6101272
6101922
6102403
6103977
6104739
6105221
6105835
6106476
6107050
6107560
6108202
6110319
6111355
6121673
6130077
6130450
6130949
6131315
6131656
6132141
6132673
6133081
6133684
6134391
6135241
6135920
6138757
6139334
6139822
6140408
6141548
6154828
6156871
6178062
6182896
6183552
6197377
6202497
6204141
6207495
6209166
6209761
6210709
6222938
6225981
6226607
6227153
6228406
6229415
6231173
6232013
6233261
6234238
6235388
6236058
6236553
6237228
6238936
6240737
6241581
6242171
6242772
6243927
6244800
6253567
6254426
6254487
6255044
6256739
6257139
6257554
6257895
6258630
6272450
6273232
6273856
6274298
6274683
6275013
6275381
6275749
6276198
6276608
6277146
6277761
6278240
6279033
6279799
6300220
6301247
6302052
6302543
6303086
6303507
6304079
6304613
6305004
6305394
6305784
6306585
6307061
6307657
6308379
6319977
6320546
6321138
6322100
6348714
6349888
6350793
6351488
6352423
6353024
6353443
6354154
6355157
6356847
6358116
6362179
6362737
6363205
6363702
6364204
6364690
6365449
6366226
6368462
6369024
6369363
6370474
6371023
6372500
6373087
6373902
6385657
6386232
6386866
6387678
6406329
6409642
6411433
6412728
6414400
6416777
6418513
6423488
6424514
6425160
6433335
6434133
6437324
6453065
6455082
6456775
6467760
6477485
6478043
6478520
6479494
6479622
6480025
6480514
6480930
6481404
6481850
6482568
6483799
6486129
6486856
6487500
6487999
6488815
6489627
6490436
6501846
6502978
6503852
6505110
6513279
6514398
6515852
6523742
6524403
6525133
6526251
6526860
6541476
6542806
6545386
6553089
6553852
6554848
6555443
6555893
6556715
6567553
6568289
6569813
6571522
6571580
6573245
6574003
6575134
6575803
6576292
6576836
6577519
6578664
6591607
6593135
6601154
6601245
6602742
6606548
6607431
6609753
6612197
6612899
6613929
6614355
6614956
6616176
6633848
6637365
6638108
6638743
6640470
6641327
6643190
6647208
6647785
6648895
6652638
6658711
6659757
6660531
6661319
6661814
6662842
6663379
6663935
6664450
6665354
6684262
6685079
6686866
6689590
6691177
6692093
6693692
6696609
6698558
6699096
6699589
6700037
6700887
6701411
6701826
6702328
6702753
6703265
6703722
6704154
6704541
6705843
6707168
6722340
6723123
6723834
6773626
6774127
6774636
6775522
6777617
6781079
6781854
6792591
6800585
6801271
6802209
6803131
6803993
6804857
6805682
6806287
6807088
6808292
6809302
6812845
6813558
6814249
6814767
6815271
6816271
6833068
6833771
6834584
6851052
6852352
6853033
6853564
6854042
6855298
6855722
6856338
6856897
6858562
6861417
6862082
6866070
6866740
6867383
6873135
6873630
6874174
6874685
6875337
6875990
6876564
6884642
6885421
6895897
6910581
6911146
6911669
6912193
6912674
6914438
6915502
6916636
6917180
6917803
6918444
6932165
6932822
6933908
6935710
6936928
6947561
6954916
6955379
6955838
6956332
6957102
6957610
6962916
6963507
6963995
6964909
6965693
6966134
6966492
6966986
6967417
6967838
6968312
6973098
6979329
6993587
6994913
6995398
6996219
6996267
6997130
6998655
6999363
7004203
7004766
7005250
7005942
7007051
7007713
7007902
7017344
7018156
7018998
7020063
7020607
7021242
7022977
7023905
7025159
7026376
7031453
7037781
7038573
7039435
7040261
7044072
7044880
7045776
7046348
7046994
7052634
7055272
7055850
7059602
7060097
7060611
7061410
7062228
7062855
7063464
7064007
7064655
7075304
7076343
7076963
7077516
7078069
7091049
7093110
7096002
7098479
7102086
7102893
7103477
7104167
7105530
7107449
7110963
7111564
7112294
7117343
7118128
7119282
7121267
7122105
7122954
7123984
7125739
7131432
7132436
7133484
7134224
7135671
7149593
7150833
7151561
7161527
7162494
7163290
7164146
7168232
7168942
7169647
7170142
7170678
7172166
7173183
7174234
7200512
7201033
7201766
7202401
7203022
7204746
7209790
7210633
7211469
7212991
7213840
7215864
7217796
7218021
7218464
7219349
7220425
7222654
7223542
7224124
7225631
7225993
7226494
7227022
7231934
7235682
7237925
7238374
7239467
7240235
7249842
7251743
7252772
7261323
7270586
7276476
7277182
7277664
7289358
7290292
7291142
7291870
7293155
7295664
7296920
7297621
7299271
7300516
7306833
7316035
7317090
7319242
7319907
7321126
7322294
7322837
7332224
7333016
7337290
7338803
7340432
7340877
7341381
7342001
7343211
7345357
7353971
7354732
7355303
7355782
7356157
7356632
7357576
7394893
7395465
7396639
7398724
7399995
7400567
7401201
7401917
7415034
7415893
7417378
7417994
7418555
7419141
7419658
7421072
7421493
7422441
7423891
7425331
7448018
7449037
7453158
7453976
7454959
7456808
7458376
7462128
7463189
7463695
7464419
7465091
7465764
7467165
7471935
7472390
7473551
7474258
7476191
7478705
7482286
7489506
7508379
7508381
7508410
7514577
7515124
7517419
7518355
7519377
7519845
7520918
7521801
7528294
7529011
7529596
7536830
7543260
7543934
7544476
7545158
7546084
7546898
7558275
7559254
7559666
7560126
7563093
7572669
7573440
7575064
7575903
7576886
7577935
7578648
7579219
7580278
7581092
7583069
7591019
7591988
7592826
7593536
7594132
7594846
7595661
7596293
7596744
7597149
7597304
7598199
7598985
7606732
7607195
7607781
7608190
7613909
7615468
7616729
7617480
7620267
7627539
7650943
7652670
7654855
7658492
7659488
7660332
7660864
7670632
7672784
7673479
7674334
7675241
7676249
7676670
7677173
7680526
7681884
7692169
7692536
7694083
7696469
7701948
7705083
7705863
7706397
7706886
7708207
7709294
7709742
7710775
7715337
7715926
7729252
7730273
7733722
7734353
7739732
7747077
7750853
7751579
7756078
7756809
7757410
7758208
7758739
7759401
7762382
7763199
7764240
7766480
7767235
7767958
7768865
7785426
7786051
7788325
7796848
7797636
7798367
7798472
7798917
7799316
7799802
7800157
7801174
7801815
7802399
7803082
7803578
7804001
7804540
7805070
7805535
7806362
7807020
7807850
7810166
7814908
7815506
7815939
7816805
7817408
7818132
7825124
7826536
7827340
7850556
7851698
7852338
7859767
7870305
7874069
7875463
7875953
7876437
7876932
7877729
7884184
7885370
7887912
7888765
7889855
7890383
7891497
7892055
7892793
7900875
7908580
7909563
7910723
7911625
7912423
7914331
7914936
7915668
7917366
7924349
7925377
7931519
7932484
7934096
7935166
7935688
7936251
7936783
7937466
7938055
7938573
7938955
7939314
7939927
7940409
7946089
7946455
7947405
7947990
7949829
7950696
7951185
7951628
7952265
7953113
7954621
7955235
7955459
7960957
7961204
7961396
7962399
7962879
7963659
7969568
7971740
7972991
7974350
7976794
7979552
7981382
7991680
7992331
7993534
7994163
7994818
7995508
7995609
7996723
7997012
7998175
8000568
8001429
8004323
8005513
8011667
8012924
8019257
8019921
8021607
8022247
8022762
8023280
8023741
8024302
8024754
8025656
8045875
8047891
8054024
8065328
8080808
8101281
8101982
8102777
8103328
8108820
8110437
8111244
8111882
8118401
8119339
8120940
8136705
8137363
8138295
8139873
8141048
8143063
8144210
8147386
8149210
8151043
8151892
8154337
8156317
8157254
8157888
8158788
8159511
8160212
8160889
8161439
8161988
8162552
8163071
8163637
8164199
8174764
8175238
8175764
8176571
8178017
8179067
8179736
8180473
8181133
8182207
8182942
8183624
8184607
8184666
8193454
8194268
8195616
8196384
8196986
8197567
8198181
8200606
8206731
8207923
8210830
8212902
8213884
8214396
8215117
8217349
8228740
8229986
8230658
8232959
8237217
8238112
8240562
8241197
8241705
8242292
8243781
8244430
8245457
8247714
8255737
8262418
8263032
8263476
8263914
8264615
8265274
8266313
8268035
8270437
8277413
8281111
8282634
8283568
8284630
8291785
8292498
8293161
8294154
8294770
8295262
8295430
8295766
8322844
8323169
8324412
8326547
8327779
8328804
8336668
8339279
8347367
8350496
8351188
8351901
8352602
8353422
8357885
8358811
8359673
8365325
8367644
8369950
8377013
8378017
8378538
8378989
8380042
8380468
8380889
8381427
8382701
8384775
8387793
8397581
8398030
8398536
8399651
8400137
8400798
8404507
8405130
8405857
8406753
8407520
8408297
8411001
8411860
8412468
8413040
8413981
8417719
8433708
8434328
8434847
8435246
8435763
8436670
8437419
8438124
8439263
8439634
8440094
8440380
8441004
8441295
8441633
8442583
8443087
8457126
8460638
8461463
8461940
8470250
8473419
8483318
8484771
8485379
8486094
8486770
8487864
8488980
8491450
8492293
8493355
8494760
8495460
8496105
8497315
8498442
8508063
8508498
8509099
8509646
8510429
8510939
8512035
8512944
8513450
8513981
8514742
8515378
8516910
8551735
8552596
8555175
8563316
8563404
8566502
8567311
8567581
8568693
8578943
8580556
8582249
8585295
8587406
8588715
8600359
8603819
8604464
8605060
8605755
8606216
8607069
8617873
8621472
8622105
8633518
8639481
8640125
8640597
8641105
8642196
8642741
8643388
8644172
8645015
8646794
8655893
8660401
8661176
8663249
8664939
8675012
8675714
8676362
8676972
8677541
8677943
8678318
8679138
8680133
8680643
8681143
8681866
8682446
8687700
8696276
8697037
8698653
8700480
8703997
8704581
8705762
8711767
8712406
8712925
8713392
8714179
8720442
8721136
8721927
8724223
8732652
8733745
8741448
8758082
8758592
8759067
8759780
8759874
8760358
8761332
8762091
8763665
8764401
8764733
8765433
8768342
8771351
8774270
8775539
8776031
8776584
8776976
8777467
8778087
8780168
8783248
8783587
8787995
8796919
8797811
8798426
8798953
8807477
8810269
8815066
8815573
8816095
8816608
8817056
8817622
8818113
8824467
8839585
8840155
8840605
8841061
8841749
8842137
8842546
8843040
8843613
8844540
8845446
8854860
8857549
8858089
8862170
8862850
8863277
8863730
8864200
8864709
8865258
8866016
8866615
8867102
8867743
8868912
8869535
8877069
8877679
8879413
8884782
8885457
8886166
8887720
8888094
8888527
8895683
8896886
8897358
8897847
8898482
8899124
8914709
8920480
8921988
8922815
8923475
8924195
8924777
8925513
8926119
8926665
8927130
8927600
8928515
8935031
8935468
8936364
8937012
8937789
8938336
8958403
8959172
8959853
8960432
8960977
8961640
8962143
8962574
8963292
8967719
8967727
8968227
8968689
8969179
8970004
8970843
8971591
8972199
8973269
8976570
8976708
8976961
8977265
8977609
8977849
8978105
8978455
8979204
9000453
9000880
9001271
9001615
9002644
9003265
9003886
9007303
9008832
9009681
9010381
9011266
9011949
9012619
9013152
9014564
9018142
9022436
9022992
9024056
9024639
9025163
9025700
9026605
9028441
9029186
9029817
9039278
9039873
9040380
9040966
9041936
9044811
9045434
9046023
9046724
9047451
9048465
9048902
9049653
9053593
9054632
9055058
9055664
9055996
9056334
9056726
9057157
9057652
9059971
9060575
9062243
9076384
9076965
9077363
9078127
9078506
9078819
9079110
9079340
9079963
9080312
9080681
9081081
9081520
9082175
9087198
9090052
9092034
9093366
9094046
9094543
9094953
9095320
9095887
9096815
9097539
9098693
9114410
9115639
9116420
9122870
9125580
9126564
9126960
9127515
9129312
9135625
9138242
9138788
9139565
9140107
9142044
9142811
9144302
9144900
9146933
9149293
9150138
9150567
9151056
9151719
9152221
9152501
9152775
9153400
9153808
9154192
9154628
9155363
9155937
9164590
9181918
9183084
9183856
9185228
9185739
9186239
9186752
9187163
9193570
9195473
9196068
9196571
9197495
9198562
9199080
9199811
9201386
9201763
9202223
9202786
9203373
9204253
9204895
9205788
9207017
9216469
9218384
9222108
9222749
9223221
9224893
9225579
9226232
9227719
9229350
9232723
9242570
9254755
9255508
9256178
9256643
9257095
9257517
9259579
9262685
9263577
9272406
9273865
9275814
9277147
9278047
9281570
9283398
9284112
9284632
9285201
9285682
9287264
9289887
9291351
9292344
9292854
9293678
9295132
9297505
9298923
9299917
9302366
9302525
9304019
9310374
9314746
9316299
9316960
9317918
9318518
9319491
9321235
9325349
9327522
9329614
9330271
9331490
9331959
9332739
9334624
9334682
9335289
9336189
9337470
9338323
9339181
9339833
9340406
9343419
9345919
9346592
9347370
9355399
9356595
9359841
9364904
9366742
9367429
9367975
9369292
9370407
9374249
9374960
9375511
9378562
9379381
9380043
9380494
9380930
9381377
9381889
9382419
9383017
9383598
9384102
9384551
9385314
9386727
9388608
9389220
9389961
9390705
9391670
9392209
9398793
9399579
9400430
9404541
9405843
9407684
9410095
9410319
9411064
9411343
9416902
9417421
9418658
9419231
9424738
9426260
9430873
9452818
9457143
9472096
9477794
9478311
9478993
9482444
9483163
9484241
9484718
9485179
9486202
9496929
9498023
9508341
9509461
9509945
9515672
9516249
9516858
9517318
9517841
9518718
9519195
9519906
9521688
9528851
9530222
9533811
9539445
9541768
9543640
9544841
9545535
9559938
9560425
9560829
9561254
9561562
9562544
9562997
9563818
9564180
9565027
9565456
9566040
9592360
9594782
9594992
9595231
9595674
9596127
9596523
9596967
9597289
9597649
9598013
9598800
9600954
9604942
9605748
9607165
9615554
9644352
9645312
9645952
9646495
9647009
9647903
9648868
9649776
9650354
9651544
9652000
9653675
9659605
9660001
9660389
9660962
9661346
9662202
9662639
9663076
9663563
9664101
9664966
9666304
9668240
9669175
9673032
9676022
9679750
9680647
9681215
9681796
9682618
9700258
9702468
9705202
9705765
9706278
9706733
9707245
9707702
9708331
9708984
9711121
9715656
9716368
9717256
9717976
9719003
9722043
9722997
9724336
9726872
9728765
9737985
9738640
9755423
9755966
9756589
9761062
9773877
9774621
9775217
9775826
9777133
9777705
9778230
9778769
9779644
9781402
9782812
9783546
9785465
9789358
9790435
9796314
9816474
9817623
9818287
9819578
9830021
9830629
9831254
9831826
9832439
9833324
9843541
9844033
9844456
9844911
9845685
9847319
9848140
9849112
9849622
9850160
9850786
9851243
9851751
9852326
9852983
9912598
9913235
9913877
9914341
9914970
9915433
9916190
9923798
9924536
9927397
9927705
9927983
9928279
9928996
9929389
9930141
9941299
9943840
9945036
9945962
9946418
9947082
9969206
9970463
9971049
9971852
9973730
9975086
9975719
9976160
9976967
9978117
9978803
9979677
9980120
9980904
9981629
9983252
9983751
9984488
9985376
9988188
9989608
9990200
9992502
10005684
10006438
10007088
10007999
10014661
10015528
10016586
10016813
10017198
10017717
10019439
10021235
10022435
10023211
10023784
10025504
10029002
10029575
10031178
10031876
10032457
10033072
10035547
10036195
10043021
10043746
10044221
10044836
10045616
10046399
10047043
10047967
10048430
10060156
10069924
10070872
10072525
10073662
10074298
10075044
10078949
10079886
10080797
10081286
10081733
10083544
10091628
10092820
10093659
10096288
10096762
10097161
10097813
10097977
10100394
10101681
10102356
10103269
10103901
10104584
10111153
10113023
10113855
10115530
10124365
10126354
10126758
10131430
10132384
10138561
10139128
10139684
10141520
10143155
10144030
10144762
10145457
10146096
10148818
10165551
10166046
10166620
10167181
10182972
10185021
10185081
10187052
10187647
10188184
10188826
10189430
10190827
10194186
10194960
10196005
10196582
10197183
10198332
10199780
10200695
10201750
10203201
10204132
10205242
10207322
10209643
10211019
10211527
10212352
10213552
10214340
10215501
10224109
10226656
10227522
10228101
10228657
10230265
10233656
10238458
10239203
10240370
10241317
10253875
10254987
10256326
10256881
10257402
10258984
10259527
10260273
10260864
10261259
10262021
10266712
10267368
10276169
10277642
10288036
10288802
10289610
10290858
10292831
10293762
10294684
10295501
10296486
10297170
10298764
10299591
10300426
10301134
10301687
10302207
10302643
10303319
10306839
10309579
10310962
10311916
10312652
10313770
10315272
10316121
10317324
10322209
10327671
10328272
10328855
10329359
10329978
10330772
10350221
10350945
10352596
10353223
10353672
10354225
10354680
10355067
10355704
10359792
10360728
10361208
10361698
10363142
10373782
10380818
10381729
10382143
10382480
10383016
10383626
10384330
10384999
10385652
10386769
10391342
10407412
10408220
10409019
10410030
10411883
10412433
10412841
10413230
10413661
10414130
10415542
10423103
10423773
10429377
10432523
10433797
10435337
10443532
10444557
10445475
10445855
10446212
10446562
10447154
10452785
10453248
10453658
10454092
10459037
10460083
10472263
10478635
10479242
10479800
10480355
10480948
10481565
10492590
10496557
10508846
10509697
10512961
10513703
10514512
10515668
10516548
10517504
10518194
10519476
10520061
10520806
10521933
10522559
10522944
10523245
10523628
10523975
10524436
10524801
10525194
10525658
10526582
10527088
10528546
10530072
10536419
10536833
10537288
10537755
10538250
10539504
10540345
10541924
10543217
10563013
10567251
10567783
10568452
10577421
10577885
10578327
10578975
10579592
10581778
10582445
10588611
10592289
10597445
10619087
10620611
10622753
10624126
10625184
10628971
10646794
10647866
10648907
10651569
10654483
10656077
10663858
10665306
10665880
10666498
10666999
10667571
10694100
10695180
10696193
10697052
10699842
10700598
10701120
10701855
10702638
10703474
10715664
10717722
10721351
10723933
10725197
10725986
10731741
10732515
10736142
10746970
10748405
10749720
10770260
10776903
10777625
10778485
10779384
10806705
10813096
10813608
10814502
10818340
10819384
10819810
10820844
10821655
10822339
10828654
10829409
10829875
10830474
10830983
10831699
10833508
10839646
10851388
10851881
10852527
10858500
10859661
10861077
10861165
10863703
10864179
10864771
10865227
10866618
10867631
10868407
10880244
10880814
10881360
10882331
10883390
10892109
10892679
10894496
10904277
10905093
10905989
10906896
10907524
10908061
10910070
10912627
10920590
10921546
10922158
10922637
10923220
10924059
10925632
10928771
10930726
10931306
10932018
10933356
10936379
10938096
10939512
10943432
10945533
10946096
10954487
10955608
10956505
10958457
10959225
10959822
10960392
10961012
10971735
10973732
10974591
10975824
10986255
10986727
10987340
10987971
10988476
10989015
10989459
10990008
10991185
10992124
10992750
10999360
11005565
11008004
11009056
11009918
11014362
11015048
11015713
11016127
11016603
11018232
11019102
11023086
11027322
11030101
11037434
11038042
11038749
11039604
11048590
11053685
11056632
11060159
11060599
11061489
11062178
11073676
11074294
11079005
11082131
11085962
11086565
11087140
11087997
11092823
11094658
11095485
11096163
11096590
11097558
11100760
11101375
11102781
11103481
11104172
11104626
11105060
11105641
11106478
11107264
11107989
11115463
11116576
11117529
11118334
11119782
11120480
11121604
11131601
11136676
11137114
11137576
11138047
11138423
11139039
11139817
11140786
11145224
11150859
11151529
11152211
11155151
11155850
11157562
11158838
11160325
11160928
11161952
11166791
11167453
11167979
11168749
11169239
11169730
11170180
11170726
11174422
11175062
11175719
11179267
11180075
11181004
11181766
11203443
11204091
11204533
11204989
11205536
11206926
11215699
11221929
11222870
11254138
11256906
11257672
11258325
11259716
11260638
11262879
11263475
11264583
11279221
11279792
11280297
11281010
11293255
11293795
11295276
11295885
11297054
11297843
11311677
11315875
11316709
11316738
11317852
11318728
11319848
11324736
11325614
11326217
11326949
11351972
11352205
11353502
11354188
11354593
11355524
11355937
11356593
11362681
11364766
11376521
11377125
11377930
11382108
11383033
11383794
11384989
11385679
11386135
11387433
11394197
11394702
11396284
11396942
11397561
11398859
11401030
11405141
11405718
11406212
11406675
11407141
11407644
11408089
11408570
11409238
11423987
11429322
11429810
11430652
11431558
11432120
11432905
11433791
11436003
11437325
11438722
11439812
11440205
11440765
11441172
11441866
11443587
11444104
11444701
11445877
11446412
11448626
11449488
11456551
11464813
11468424
11469514
11470067
11473667
11474251
11475092
11475551
11476128
11482792
11483603
11484231
11484895
11485749
11486690
11487193
11487899
11490008
11492234
11493443
11494270
11495802
11497408
11498364
11499077
11502351
11503007
11504007
11504810
11505662
11506489
11507636
11508846
11518780
11519475
11520342
11528090
11530051
11535003
11536611
11538341
11541735
11547404
11548165
11549826
11552117
11553829
11557904
11559306
11560153
11560688
11561732
11562351
11572848
11573640
11574169
11574871
11581935
11584208
11585265
11586523
11613203
11613996
11616280
11643424
11643973
11644463
11645149
11646176
11648843
11654772
11660040
11660671
11661500
11662248
11662913
11663608
11664556
11672588
11672662
11677263
11678778
11718488
11726514
11727864
11728509
11729588
11734689
11735271
11735967
11737266
11738320
11739222
11741262
11742797
11743626
11744379
11745201
11749626
11750422
11751231
11752385
11756020
11757130
11758090
11763174
11768947
11769886
11770565
11771182
11771982
11773410
11774101
11774659
11776769
11777397
11778406
11778992
11782626
11783390
11784606
11785638
11788712
11789911
11794112
11794967
11795561
11796086
11796472
11796716
11796887
11797491
11802501
11802981
11803439
11803825
11804182
11804644
11805163
11805611
11806111
11806777
11807233
11807877
11819452
11824202
11825268
11829369
11829974
11830548
11832158
11832289
11833617
11834519
11834974
11835295
11836044
11836326
11836621
11836874
11837148
11837635
11838357
11838707
11839261
11839595
11860416
11861366
11867899
11868722
11870436
11871643
11872420
11876318
11877195
11879515
11880574
11882185
11885297
11899114
11903231
11904463
11905296
11915551
11916345
11917248
11929603
11940044
11940790
11941390
11942214
11943483
11944178
11944735
11945265
11945691
11946277
11946839
11947662
11948604
11949261
11949823
11951031
11951973
11952628
11968117
11986228
11991724
11992508
11993200
11993826
11994284
11994842
11995337
11995997
11996595
12000076
12001041
12001753
12002497
12003137
12003720
12004430
12005956
12006488
12007256
12007937
12023693
12024315
12032753
12034200
12036698
12045846
12050328
12051193
12051908
12052351
12052913
12053598
12054640
12055538
12056967
12059745
12060663
12061430
12062117
12063028
12063617
12064236
12065347
12066058
12066686
12067705
12071677
12072734
12073357
12073953
12076796
12101060
12105361
12105893
12106481
12107125
12107900
12108704
12109342
12109976
12121301
12122682
12123324
12123823
12124242
12125081
12155400
12156476
12166390
12168241
12169170
12170033
12170531
12170977
12171546
12172225
12174052
12175507
12200185
12200822
12201316
12201802
12202248
12209450
12210660
12211307
12212149
12213609
12213647
12214475
12215429
12215882
12216287
12217491
12218217
12218858
12219400
12220007
12220736
12221520
12222246
12230642
12231579
12233039
12233997
12234623
12235355
12242570
12243476
12244575
12245412
12246637
12247202
12249365
12250308
12252220
12252858
12253413
12256130
12256629
12257173
12257716
12258176
12258915
12259673
12260610
12268320
12273168
12273789
12274364
12276749
12277449
12278664
12279879
12280696
12281236
12282068
12284236
12284862
12290541
12291003
12291119
12291549
12292150
12292780
12295460
12295545
12297075
12297641
12297833
12298534
12299094
12299674
12300921
12305966
12306862
12307460
12308192
12310567
12310595
12316232
12318043
12322411
12323482
12324342
12325109
12326176
12332091
12332737
12333757
12335206
12335785
12336310
12336774
12337207
12337948
12338654
12339970
12346420
12347114
12347661
12348146
12348705
12349285
12349884
12350451
12351058
12351553
12353252
12353576
12354647
12358561
12359314
12360454
12361142
12363320
12371568
12372571
12373155
12380782
12381596
12383874
12384404
12384900
12385498
12386412
12387152
12389453
12390908
12391849
12397929
12398930
12398932
12401056
12404050
12405881
12406990
12424090
12424885
12427094
12428666
12429355
12429441
12430312
12434116
12437032
12437546
12438096
12438762
12439417
12440288
12441965
12442542
12443218
12443650
12444270
12444848
12446554
12451716
12456322
12457147
12466158
12466855
12467544
12468491
12468977
12469470
12469961
12470396
12471784
12480357
12481472
12482152
12482816
12483645
12484487
12494825
12495413
12495876
12496670
12497108
12497467
12497916
12498317
12498655
12499076
12499453
12499860
12500465
12510847
12511691
12512609
12519398
12520044
12521025
12531035
12531279
12532941
12533681
12534434
12535531
12536159
12536651
12537126
12537580
12538153
12538860
12539379
12539928
12540342
12540871
12543093
12547234
12550351
12551380
12552186
12552969
12553381
12553779
12554626
12555209
12555845
12556843
12566148
12572703
12573500
12576372
12601643
12606840
12607428
12608086
12608646
12609319
12609830
12611656
12613073
12617773
12618997
12619714
12620218
12620794
12621466
12622565
12624773
12625732
12628596
12633347
12633946
12637587
12638345
12639901
12640985
12641543
12642920
12643477
12644749
12645613
12646642
12657021
12657549
12658526
12659061
12659782
12660701
12662492
12663456
12671691
12672810
12673436
12674189
12681892
12683355
12683904
12684377
12684890
12686629
12688163
12696378
12701005
12703382
12712223
12713356
12714614
12717514
12718129
12718823
12719530
12720215
12721368
12723834
12724726
12725334
12727286
12729496
12729927
12730578
12731206
12732228
12732881
12733676
12735640
12736310
12740080
12741281
12741820
12742307
12743393
12744308
12745010
12753550
12754647
12756008
12764205
12765444
12774093
12774765
12775512
12776260
12777190
12778016
12779081
12780574
12781255
12783073
12784027
12784970
12788947
12790282
12791205
12791846
12792399
12793003
12793567
12794010
12794920
12795478
12795885
12796248
12796571
12797135
12797498
12798304
12827871
12828451
12828914
12829373
12830307
12830717
12831305
12840442
12841342
12841983
12848887
12849634
12855239
12857640
12866691
12867245
12867851
12868347
12869529
12871521
12872090
12873408
12873883
12874373
12874930
12875435
12876195
12878298
12882427
12883907
12890398
12891255
12892083
12892566
12892995
12893528
12894043
12894420
12894997
12895795
12898607
12917249
12919350
12922776
12924762
12925877
12928616
12929231
12930634
12931189
12931646
12932051
12932590
12939705
12945639
12946285
12946897
12948441
12950001
12950609
12951175
12951742
12952283
12952831
12953439
12953843
12954239
12954730
12955069
12955762
12956332
12956925
12957392
12957733
12958177
12958487
12958784
12959205
12959480
12959807
12960171
12960485
12960825
12961307
12961808
12962299
12963110
12963913
12964913
12965601
12966627
12967663
12976515
12988998
12997340
12999122
13001703
13005726
13006120
13006503
13006911
13007820
13008662
13009697
13017888
13018787
13019903
13028563
13054480
13054543
13055214
13057400
13064668
13066049
13066579
13068944
13070218
13074113
13086223
13087166
13088270
13089737
13090370
13090936
13094157
13114401
13115041
13115627
13116110
13116535
13117011
13117405
13117841
13118545
13119491
13126672
13143886
13144504
13145155
13148687
13149457
13151367
13152088
13152950
13153847
13156503
13160937
13161772
13162305
13163590
13164804
13170465
13171191
13171611
13171945
13172320
13172705
13173644
13174026
13174393
13174789
13175248
13177143
13184448
13187374
13187939
13188483
13189263
13190596
13192125
13193142
13195618
13196323
13208560
13215501
13216364
13217105
13218246
13218951
13221730
13222851
13223948
13224679
13225274
13226139
13228379
13229928
13232816
13233462
13234470
13235383
13237310
13241563
13242234
13242790
13243884
13244780
13245598
13246613
13247489
13248974
13250005
13257060
13257699
13258791
13259168
13259866
13260492
13260826
13261146
13261444
13261788
13262364
13263291
13263678
13264152
13264691
13265293
13265986
13266848
13267484
13269098
13272583
13275416
13276182
13276724
13277765
13282999
13283000
13298318
13299488
13300148
13305169
13309413
13310466
13310973
13311382
13311757
13312136
13312639
13313213
13313906
13325885
13328562
13329070
13329789
13330266
13330760
13331432
13332062
13332609
13333239
13334075
13335636
13336303
13337166
13338085
13344131
13344754
13346167
13347181
13349267
13359473
13360794
13360959
13361636
13365273
13366567
13367078
13368471
13371830
13372366
13373352
13373788
13374412
13379880
13380466
13381060
13381777
13382890
13391316
13391937
13392607
13393262
13394031
13394880
13395738
13398451
13399114
13399736
13400475
13406702
13414051
13420064
13422450
13423348
13425517
13426833
13432728
13437134
13438347
13439043
13439455
13439930
13448078
13448739
13449382
13450054
13453607
13455335
13456807
13457288
13457786
13458264
13458676
13459145
13459659
