6313.074
7431.386
9206.348
10119.16
16593.68
17702.45
18345.45
20045.34
22042.2
23997.99
25050.07
25798.39
27617.39
28314.17
28477.4
28886
29454.96
30510.05
32322.18
32827.42
33658.11
38522.74
39984.96
40284.95
41400.01
42487.5
43518.85
44159.5
45314.31
46327.64
47266.94
49137.39
49538.27
51831.72
54279.12
57246.81
68895.61
75039.13
103891.1
112616.6
114051.3
115234.8
118178.9
120962.2
124036
124515.3
125121.5
125720.7
126383.1
128227.3
130086
133573.8
133616.3
134164.2
134717.8
135266.8
139680.1
149611.7
151502.1
152754.9
154316.9
155470.3
162114.3
167242.9
168517.4
177971.9
178980.1
178981
179809.5
194847.1
202743.9
203724.4
206974.4
212590.1
217966.5
223462.6
225253.8
228161.6
233664.2
238843.2
239406.9
239566.1
241975.1
242700
247890.8
248905.1
254020.1
257779.6
259978.8
262003.6
263798.4
265408
267458.4
267922.9
270122.2
270548.3
271060
272707.3
273250.3
274745.2
277311.1
278840.6
280083.6
283441.5
284725.9
285784.3
291702.5
292604.3
295986.9
297112.5
298120
307072.9
310409.9
313373.3
313827.4
315466.4
323296.7
324344.8
325689.9
330235.1
331771.8
348011.7
351439.8
353549.1
358740.1
365718
366218.7
366656.9
367500.7
368387
369896
370791.7
383595.4
386415.1
388282.1
388283.2
410222.8
411694.1
427534.8
454875.2
457381.5
458673.2
459797.8
469270.1
484670.9
493247.9
519921
522467
534000.8
535827.1
538526.3
539679.8
555838.9
560470.9
563209.8
570382.9
583682.6
584309.3
586320.2
587103.6
601861.2
604274.1
616933.3
617389.5
621256.5
622010.2
627907
633321.1
635182.5
636389.6
640155.2
644889.6
645723.5
646127.5
646605.2
647189.1
649584.4
650086.4
652424.1
653341.4
654037.4
658969.9
673108.5
674942.9
677346.8
683198.4
687525.7
688436
690456.6
692074.2
693256.3
698023.1
701502.8
705896.1
706452.1
707415.4
712409.2
713725.6
714752
715768.6
715967.8
720181.9
722379.5
727425.7
728820.8
733406.5
737005.7
737606.7
740344.3
756419.9
758389.2
768249.5
791104.5
804964.5
807247
807840.6
808354.1
808788.9
809566.3
811142.5
814874.6
849634.1
852662.2
863646.8
874826
875274.8
878736.3
900657.6
900783.3
907230.3
908410.4
910334.9
912808.7
914397.3
915003.8
917603.7
918426.1
922903.4
927961.2
934913.8
935778.8
936409.2
940673.5
943225
965958.6
967438.1
968075.8
976139
979620.8
980896.4
983999.8
986496.6
987802.7
988596.1
989250.7
992170.5
992763
1004469
1012566
1018692
1022032
1023896
1038129
1041945
1043106
1044172
1057600
1059222
1063583
1068439
1069883
1074806
1080386
1083453
1085919
1088414
1089718
1093988
1097162
1100205
1112864
1114541
1120877
1121445
1128460
1129177
1130771
1147423
1150454
1154984
1156320
1157150
1160703
1162032
1177844
1180095
1182307
1183323
1188792
1189681
1190636
1198228
1200228
1211274
1212701
1213875
1243318
1245160
1245849
1250477
1253425
1254831
1255532
1274176
1283488
1283886
1284205
1294525
1301714
1302407
1303065
1303761
1304257
1304985
1310722
1310757
1313742
1327872
1357230
1367863
1369319
1376573
1376967
1392567
1393792
1397916
1399004
1404223
1405014
1406990
1413133
1416963
1431179
1434288
1451001
1451861
1452974
1454358
1454972
1459857
1464613
1467209
1468739
1473789
1482484
1483842
1490319
1497658
1499338
1503913
1517203
1518495
1525869
1527457
1528830
1532690
1535131
1540612
1541898
1547029
1547077
1547758
1555102
1556979
1559791
1561844
1563228
1569555
1570209
1573233
1577905
1578570
1580174
1580835
1581687
1582795
1585075
1590895
1591551
1602440
1605595
1606352
1611436
1613485
1619947
1630333
1631404
1658331
1665176
1666656
1667271
1678803
1698896
1707198
1712754
1720286
1721330
1721452
1726867
1730314
1731759
1734201
1734704
1735222
1735916
1739368
1758231
1766904
1770983
1771781
1771961
1772696
1773495
1773929
1774437
1776997
1778726
1804669
1805525
1806806
1807418
1812373
1825519
1830072
1832211
1833483
1833966
1845427
1845589
1846763
1848435
1849440
1850560
1851153
1851742
1854273
1856612
1857124
1858110
1863268
1863480
1864254
1866016
1866641
1871012
1871054
1878120
1879230
1881078
1885964
1888045
1892744
1913890
1917553
1918531
1919439
1925731
1944076
1948285
1948891
1952172
1952741
1969529
1971474
1980778
1981880
1987594
1991394
2004103
2004196
2006571
2008257
2020207
2040313
2045480
2046438
2048133
2055806
2064176
2064648
2065588
2065653
2066984
2069398
2070546
2077755
2079608
2081034
2083971
2090131
2106246
2107263
2118438
2119125
2120039
2126978
2135461
2138187
2150298
2151185
2163683
2164395
2165151
2167255
2179129
2179984
2187774
2190601
2209723
2211378
2212768
2213309
2214322
2215881
2217714
2223754
2230051
2256192
2256995
2288060
2288781
2290465
2292599
2294555
2295570
2296362
2297350
2298801
2301089
2302211
2303611
2304545
2309594
2316302
2316907
2319452
2320806
2322529
2324884
2326401
2328744
2340476
2354227
2366603
2367698
2370805
2373479
2377293
2382700
2383949
2385049
2386600
2388239
2389461
2390395
2390617
2391332
2392741
2393533
2394952
2404136
2410332
2410932
2413896
2415784
2416590
2418270
2418733
2419418
2424231
2432363
2434118
2438722
2439583
2446083
2453937
2458580
2459408
2462333
2476392
2478156
2479941
2491041
2499701
2500996
2505455
2508088
2512105
2514665
2529560
2532309
2548819
2549278
2552616
2554890
2556107
2572124
2577014
2585818
2587108
2588044
2589365
2589590
2591177
2600068
2601941
2603085
2609795
2611498
2614503
2615691
2622153
2626148
2627834
2629640
2631429
2634837
2652055
2652764
2654554
2656512
2656575
2657768
2658459
2660209
2661011
2661549
2664690
2674103
2676332
2676890
2677465
2680571
2703391
2708103
2710307
2715646
2729551
2730536
2732433
2737218
2742707
2743289
2744235
2746877
2748897
2749824
2750591
2756619
2757194
2766071
2766692
2767337
2768517
2773219
2778476
2779681
2789451
2794585
2795173
2797536
2798471
2801364
2802956
2806261
2807938
2807987
2811635
2811921
2816250
2817264
2821250
2823763
2825317
2826900
2830318
2835623
2836495
2839049
2842806
2844281
2845747
2852727
2853564
2853937
2860164
2863925
2876109
2885834
2886420
2902853
2904608
2907490
2908433
2909373
2911813
2912429
2912912
2914672
2915834
2917078
2918262
2921559
2933521
2940894
2947651
2951879
2952506
2953178
2954768
2966163
2978406
2981592
2989924
2990693
2991838
2992767
2993252
2993608
2995537
2995632
2996820
2997851
2998821
3000140
3000194
3000929
3001209
3002305
3006260
3007447
3007555
3008425
3009152
3015255
3016074
3016312
3016758
3032422
3033954
3034918
3035685
3036080
3037898
3038044
3038326
3039264
3039762
3041650
3042181
3042998
3044872
3046997
3048756
3051483
3052598
3053330
3054450
3057580
3059156
3066118
3066915
3068568
3069272
3072209
3073756
3075395
3076239
3077102
3078724
3079759
3089387
3091848
3092723
3093326
3093931
3094683
3098261
3099230
3099612
3100667
3103015
3104282
3105596
3114493
3118778
3120537
3123349
3124283
3129709
3130445
3150129
3152298
3153502
3155940
3171269
3173324
3174047
3175415
3178518
3179259
3180151
3187639
3187838
3188145
3188499
3188890
3195039
3195298
3196006
3196760
3197662
3205013
3205974
3224983
3241813
3244163
3254442
3255424
3258340
3260610
3261683
3266921
3268225
3269422
3270022
3274952
3276422
3284852
3286712
3290600
3291331
3292012
3295715
3297514
3298582
3298919
3300791
3305421
3321580
3322236
3328269
3330710
3332029
3334048
3336824
3338273
3339638
3340390
3341699
3342483
3353724
3355215
3356970
3362197
3370060
3371256
3372408
3372693
3373529
3374439
3375148
3376213
3379105
3380057
3382599
3383464
3384657
3390105
3390305
3391902
3396125
3396281
3396947
3404896
3406030
3407936
3409605
3410397
3414663
3415504
3416393
3417013
3417648
3419175
3420025
3424742
3426046
3427372
3431350
3432472
3433938
3445233
3446842
3449591
3454603
3455519
3460118
3461614
3463712
3464301
3464649
3467392
3467996
3480295
3481008
3486628
3487311
3488153
3488530
3491150
3492924
3497129
3498383
3499461
3503829
3510997
3511646
3512494
3517343
3518085
3521701
3523839
3527076
3528110
3529221
3532541
3542522
3546844
3566314
3570144
3610876
3612826
3614061
3615012
3615410
3616431
3618432
3620306
3626824
3630572
3631192
3634220
3636231
3643575
3648922
3658144
3659879
3664743
3671758
3673937
3675033
3682903
3685537
3686902
3689532
3689928
3691382
3693445
3702722
3705340
3706419
3715505
3718033
3721903
3723851
3731917
3732047
3734727
3735334
3735969
3737211
3738120
3739168
3739342
3740540
3742333
3745945
3748426
3758091
3764369
3768190
3769651
3770815
3771773
3773101
3773628
3774106
3775131
3775948
3776584
3778135
3778811
3779477
3779952
3780660
3781433
3782320
3782957
3783513
3784107
3784651
3786271
3787168
3788063
3789250
3790255
3791565
3804882
3815222
3824221
3839800
3840911
3844526
3850159
3850836
3851624
3852251
3852309
3853547
3854456
3857799
3858677
3868272
3871090
3872293
3874447
3875078
3877878
3878431
3878923
3879595
3880178
3888071
3896242
3897160
3902176
3926362
3929186
3930580
3944373
3947097
3947196
3957360
3963668
3964613
3966467
3970190
3970857
3984367
3984902
3985549
3986710
3987455
3988587
3989489
3991766
3993872
3994914
3995302
3995859
3996414
3996452
3997002
3997484
3997894
3998789
4000682
4004424
4004885
4005950
4007557
4007989
4009115
4009741
4009869
4010916
4011379
4012951
4014324
4022235
4029248
4030587
4030852
4053736
4054899
4060155
4061303
4063256
4065562
4066114
4066388
4066782
4067558
4068746
4069405
4071099
4073818
4074862
4075756
4077014
4082181
4090875
4092003
4093079
4095221
4096140
4097578
4099145
4103659
4108817
4111269
4115610
4122731
4123948
4124553
4125072
4127012
4133167
4133278
4134135
4135144
4135957
4137170
4138332
4139031
4143694
4151056
4159659
4164216
4169368
4186813
4209773
4220224
4223318
4227073
4228029
4241420
4247820
4250903
4251616
4252378
4255674
4259256
4260525
4262016
4263232
4264323
4266416
4268425
4272145
4272954
4273965
4278760
4279495
4280251
4280933
4281949
4289616
4304188
4304281
4309611
4317054
4320981
4322495
4325354
4326732
4331713
4331750
4339714
4341888
4343128
4343951
4346599
4351024
4351767
4355719
4355821
4360228
4365388
4369481
4370788
4371605
4374766
4377571
4404713
4406247
4407032
4411801
4413582
4424271
4426241
4426973
4427574
4428282
4429026
4430114
4430912
4432777
4448138
4448554
4448873
4449900
4451212
4459124
4462371
4470719
4478325
4479523
4961255
4974993
4976481
4977761
4981209
4983197
4989762
4990697
4991602
4995313
4995988
4997435
4998161
4998785
4999559
5007395
5008547
5012793
5013264
5014997
5017027
5019964
5020463
5023547
5028010
5028626
5029843
5039083
5039798
5040449
5040998
5041399
5041950
5042761
5043417
5047388
5048451
5049359
5050213
5050546
5051455
5052148
5053071
5053527
5055508
5055684
5057119
5057313
5058634
5062023
5062376
5063444
5065028
5065690
5066219
5066751
5067512
5068371
5070347
5073852
5074951
5075551
5076320
5076389
5076867
5077477
5078036
5078477
5078999
5079933
5084262
5084323
5085255
5086088
5086697
5088112
5088596
5090015
5095064
5097479
5103385
5110184
5112292
5112906
5113771
5115699
5117181
5120315
5120823
5122652
5123613
5125173
5126024
5126855
5127608
5128378
5129422
5130341
5143703
5146517
5147120
5152997
5153144
5153775
5154504
5167878
5169077
5173786
5181619
5183357
5184822
5185690
5186328
5187330
5187913
5188560
5188650
5189250
5189773
5190440
5191515
5194976
5196602
5197440
5198349
5199488
5200363
5204413
5204953
5205268
5206522
5215157
5217595
5220048
5221186
5221764
5222980
5223717
5224626
5226292
5229080
5229468
5229777
5234951
5235600
5235808
5236409
5237571
5240668
5249748
5254182
5254730
5255288
5255889
5256489
5258265
5259747
5261896
5269559
5270899
5271992
5273383
5273519
5274726
5274785
5275289
5275641
5275719
5276154
5277274
5277583
5278121
5278359
5278510
5280885
5281606
5284955
5285788
5286395
5287021
5287536
5287582
5288174
5288803
5289656
5292285
5298213
5298817
5305157
5307603
5324644
5326159
5328638
5337104
5338812
5340040
5348529
5357765
5358959
5359967
5360674
5374670
5375710
5402522
5403349
5404102
5405003
5405934
5406785
5408061
5411358
5412068
5412611
5415744
5419314
5419852
5420743
5421487
5422351
5423231
5423937
5424556
5425056
5425744
5426358
5427180
5427947
5428723
5429406
5429894
5430292
5430340
5431273
5432068
5432593
5433404
5434334
5434394
5434981
5435533
5436037
5437447
5438934
5440395
5442648
5443360
5443989
5444681
5445436
5446088
5446685
5447600
5450815
5452094
5454022
5455147
5456549
5457004
5457521
5458961
5463489
5464055
5464387
5479528
5482710
5484290
5485475
5486283
5487819
5490331
5491033
5497953
5500210
5505831
5508780
5519650
5521541
5522423
5537696
5538979
5541166
5542175
5543175
5543987
5545602
5554988
5556152
5558394
5559137
5559860
5560479
5561338
5563542
5565449
5566271
5566863
5567363
5567909
5569129
5569685
5570121
5571033
5575583
5579850
5580696
5583845
5597967
5599280
5602785
5604033
5604875
5605782
5606585
5607557
5608370
5614706
5625214
5625873
5626510
5627202
5628030
5629407
5630223
5630456
5630701
5631607
5632894
5633870
5641102
5642454
5643423
5650329
5650581
5656321
5656840
5657521
5658135
5658864
5659955
5662094
5663372
5664071
5664642
5664773
5665353
5665414
5665951
5667630
5668457
5669029
5671929
5672715
5675154
5676198
5677248
5678251
5679015
5683101
5683480
5684038
5684568
5690425
5697675
5697958
5700735
5712525
5718883
5720586
5721656
5723122
5723870
5724364
5725727
5727646
5730259
5734215
5734811
5734843
5735416
5736126
5736763
5737291
5737854
5738615
5739283
5743325
5744026
5744587
5745927
5777014
5778747
5791468
5793981
5796895
5797696
5802706
5802837
5804836
5807289
5808135
5808811
5809107
5816701
5819521
5826284
5850822
5851688
5854411
5855046
5855786
5856530
5857525
5858465
5876696
5877593
5883016
5883774
5884878
5886151
5894439
5894586
5895386
5897646
5898691
5899275
5899922
5900740
5902374
5903449
5904543
5904845
5905446
5905492
5905987
5906666
5907482
5908071
5909139
5910294
5913486
5918590
5919706
5920813
5922922
5924452
5925557
5926585
5927489
5928091
5931637
5941575
5942729
5943900
5944038
5944949
5945623
5951202
5973462
5974402
5984069
5985650
5991886
5993030
5994857
5995584
6000981
6001726
6002307
6002829
6003401
6004123
6004690
6005344
6005783
6006430
6007226
6010312
6013803
6015041
6018333
6027582
6033406
6033859
6034333
6035019
6035881
6040756
6042296
6043674
6046909
6047802
6049913
6057701
6060442
6061288
6061888
6066573
6076406
6078266
6079559
6084524
6085806
6091972
6102123
6103626
6105010
6106449
6109842
6110501
6111120
6113082
6113227
6128236
6130603
6132766
6141339
6142373
6149694
6152713
6155536
6156372
6157357
6158096
6159175
6160716
6165556
6168038
6169247
6170289
6171084
6171638
6172175
6172629
6173262
6173768
6174483
6175341
6176283
6177181
6178493
6181855
6183622
6184650
6185516
6186469
6189008
6190136
6190763
6191878
6193305
6194126
6194923
6195756
6196607
6197777
6199150
6200880
6201566
6203854
6204521
6205255
6206722
6207765
6210525
6216788
6242664
6243834
6245623
6247999
6248626
6250378
6253099
6254108
6254987
6255807
6256960
6268362
6269011
6269793
6270771
6272209
6278355
6279609
6280504
6281254
6300688
6302108
6306478
6307100
6307918
6308549
6309091
6309263
6309520
6312792
6314631
6315021
6316071
6316183
6324449
6326430
6327093
6328332
6331349
6332650
6334409
6334981
6335487
6336264
6336828
6337438
6337615
6339628
6341971
6342795
6343584
6344166
6344960
6345287
6348468
6348897
6353481
6356170
6356745
6359014
6359681
6363062
6367876
6369025
6369434
6369708
6375390
6376443
6377185
6378365
6380047
6390193
6400365
6402018
6403027
6404743
6405709
6406382
6418194
6433779
6434524
6435395
6437554
6439514
6446638
6447811
6449496
6450408
6452330
6452385
6454477
6459645
6466064
6466668
6467525
6470351
6471340
6477930
6478524
6480270
6481844
6484789
6485890
6486721
6487952
6491944
6492793
6493828
6494431
6495367
6496277
6497063
6497701
6502805
6505410
6506609
6508170
6511430
6511732
6512072
6512499
6514394
6515478
6540332
6541644
6548393
6549660
6550616
6552220
6553234
6554613
6557267
6558103
6558910
6559467
6560691
6561122
6561574
6562080
6562582
6563170
6564008
6564964
6566733
6567487
6568011
6568715
6569908
6570619
6571169
6571730
6572650
6573491
6577757
6578603
6578901
6580167
6581478
6588346
6590600
6601733
6604823
6605867
6606878
6610221
6611652
6624886
6631121
6631954
6633035
6634158
6636386
6637085
6637662
6638274
6638482
6639049
6640276
6640708
6641159
6641720
6642385
6643177
6649604
6652724
6655036
6655806
6656912
6657638
6658577
6659632
6666917
6669008
6678493
6680752
6682159
6683229
6685283
6689058
6689705
6690260
6691014
6691921
6692445
6693015
6693709
6694242
6694858
6698989
6723635
6725884
6726540
6727372
6727911
6727971
6728503
6729326
6729882
6730441
6730977
6750427
6751945
6753732
6755106
6756634
6758849
6774512
6775432
6776063
6776721
6777469
6778079
6778726
6780377
6787227
6788560
6790441
6792114
6796435
6797598
6798504
6799556
6801869
6802835
6815219
6818398
6819158
6823759
6825386
6827250
6828086
6828662
6830007
6831740
6832643
6842021
6843275
6844185
6845504
6847096
6848290
6851837
6852527
6852527
6854573
6876011
6876112
6876856
6877482
6881840
6882721
6884260
6885642
6889260
6890239
6890845
6891508
6892275
6893105
6893828
6913162
6916719
6924750
6925466
6925879
6926401
6931618
6932593
6933823
6935248
6936830
6945820
6948033
6949037
6949663
6950409
6951009
6951761
6953594
6957013
6958823
6960175
6961024
6963307
6968141
6969545
6971520
6972315
6974678
6975527
6976342
6977790
6978987
6979910
6982180
6982989
6983753
6984309
6984827
6986176
6986741
6987160
6987556
6988070
6988542
6989019
6989557
6990149
6990636
6990879
6991563
6997197
6998004
6998005
6998752
6999305
7000040
7000709
7001434
7001909
7002399
7002923
7003457
7009380
7011539
7012835
7013630
7014427
7015261
7016223
7035263
7037716
7039234
7040337
7042456
7043360
7044001
7044805
7050264
7051268
7052139
7053744
7054653
7055171
7056038
7056911
7057732
7059590
7061885
7062667
7064030
7064813
7067892
7072871
7073571
7074201
7074790
7075644
7076363
7077482
7078806
7080099
7087183
7089216
7091706
7094157
7095025
7097184
7113702
7114781
7120083
7134030
7135140
7136296
7137116
7143180
7143636
7144440
7145146
7145927
7146705
7147425
7148229
7148884
7149546
7150229
7150867
7153653
7155824
7157157
7158448
7160281
7161684
7164550
7168726
7169284
7169860
7170096
7170564
7171443
7172427
7173212
7173987
7174681
7175423
7176485
7180169
7207417
7209342
7210412
7210700
7211631
7212908
7214382
7216308
7217061
7218171
7219279
7219587
7220158
7229427
7234427
7236702
7239195
7240347
7240908
7241827
7247310
7251532
7252336
7253386
7254597
7258758
7259724
7260416
7261479
7279974
7280273
7281686
7283985
7310582
7310941
7317499
7320629
7321695
7322694
7323892
7325305
7328409
7329800
7331310
7332766
7335081
7335581
7336345
7336956
7338744
7339199
7339873
7345831
7348963
7349691
7350583
7351750
7354122
7354755
7355880
7356541
7357225
7358105
7358835
7359622
7360473
7361609
7364748
7366252
7368680
7369780
7371234
7371639
7372089
7373085
7373662
7374223
7374977
7375701
7399405
7400893
7401806
7402906
7410281
7412290
7412360
7413078
7414195
7415497
7417787
7418416
7418878
7419363
7420910
7426343
7428862
7429968
7431159
7431926
7433091
7435618
7438511
7440102
7441724
7442716
7451745
7453832
7454875
7458004
7458328
7460131
7460840
7461698
7463607
7464333
7466408
7469123
7472644
7474926
7480587
7481381
7482773
7489071
7495105
7496652
7499266
7499347
7500003
7500833
7502330
7506036
7507435
7508272
7508896
7509508
7510030
7510689
7511840
7512537
7513111
7513618
7514363
7515102
7515157
7515375
7522869
7524210
7534428
7535359
7535888
7536399
7537561
7538818
7539700
7541392
7547681
7548507
7548538
7549212
7549995
7551025
7551509
7552058
7552947
7555172
7559873
7561353
7563310
7564238
7565869
7566497
7567057
7567566
7568114
7568756
7569366
7569818
7570526
7571193
7571968
7572774
7573037
7577589
7583126
7583970
7587079
7597481
7599409
7600804
7601589
7603062
7604583
7606369
7607324
7616230
7616917
7617532
7618234
7619231
7619859
7620718
7623519
7625271
7626864
7627710
7628535
7629710
7630627
7631217
7631321
7650586
7651381
7651778
7652129
7652848
7653200
7653536
7653897
7654321
7654838
7655521
7660947
7662418
7663525
7666464
7666497
7669331
7670709
7676776
7678342
7679169
7679567
7693006
7694362
7694397
7695082
7698769
7699552
7706895
7708970
7709481
7711851
7716246
7717293
7717323
7720138
7729449
7730162
7730460
7731188
7731871
7732470
7732560
7733332
7734048
7735512
7747265
7754123
7754946
7755699
7756746
7757477
7759474
7760633
7761690
7763152
7763772
7764580
7777472
7778301
7779201
7781416
7781641
7783389
7791197
7792747
7793542
7794276
7795654
7797418
7798394
7800658
7802310
7803634
7804556
7805930
7807741
7808357
7808573
7811538
7812282
7812952
7813598
7814001
7814142
7815001
7815253
7815620
7816608
7817349
7818681
7819538
7820433
7822018
7823916
7824624
7825486
7825679
7826865
7830833
7831551
7832748
7838861
7839512
7840145
7840721
7841286
7842230
7847312
7847956
7848460
7848959
7849520
7850205
7850948
7851778
7852263
7852696
7853367
7853955
7854763
7855549
7857696
7857939
7858400
7859197
7860362
7861011
7861698
7862338
7862848
7863565
7864548
7866651
7867479
7868582
7869206
7872223
7872916
7873396
7873899
7874366
7874868
7875738
7876295
7876788
7877349
7878354
7879004
7879946
7880528
7881097
7881815
7882900
7884441
7887660
7888502
7896147
7896781
7896781
7897753
7898598
7907505
7910247
7945273
7945971
7946426
7947005
7947491
7948158
7948399
7949293
7952820
7953382
7953932
7954463
7955004
7956004
7956449
7957179
7958436
7959320
7971056
7972447
7973362
7980991
7981895
7982903
7983899
7984668
7985459
7988709
7993470
7994131
7995195
7996004
7998090
7998781
7998891
7999349
7999877
8000520
8001318
8002024
8002474
8002985
8003538
8004043
8005082
8006735
8008951
8010107
8015902
8016626
8020875
8022508
8026078
8034084
8036775
8037330
8037861
8038577
8042727
8044358
8050153
8050992
8054121
8054924
8055633
8056234
8056811
8057590
8058616
8060823
8061414
8061983
8062692
8064469
8065886
8068590
8071131
8071927
8072954
8073845
8074729
8075778
8100185
8101483
8102209
8104394
8106011
8106933
8107723
8108321
8108739
8109202
8109668
8109870
8110158
8110552
8110924
8111262
8111631
8111631
8112012
8112461
8113349
8113818
8114386
8114798
8115424
8115712
8116070
8116883
8133112
8134669
8135688
8159159
8159888
8160052
8160875
8162502
8163816
8164917
8165691
8166255
8167015
8169328
8171461
8172766
8173462
8174181
8175130
8179345
8180552
8181738
8182217
8182756
8183281
8183702
8184131
8184596
8185341
8196305
8197242
8198042
8202532
8206476
8207128
8207712
8208282
8208883
8209502
8211168
8212082
8212821
8213580
8214474
8215077
8215522
8216198
8217005
8217502
8218281
8218948
8219420
8220452
8221749
8224378
8227346
8228702
8229479
8241760
8250487
8254102
8255485
8256138
8256825
8257299
8257906
8258667
8259153
8259730
8260131
8260534
8260935
8261366
8261882
8263059
8263749
8264305
8265017
8265514
8265790
8265971
8266391
8266852
8267266
8267770
8268269
8268698
8269198
8269644
8270382
8271037
8271667
8272287
8272913
8273706
8274381
8274888
8275303
8275608
8276429
8276924
8277818
8278395
8279329
8280583
8280685
8281082
8281549
8282078
8282570
8283096
8283856
8284323
8285339
8285674
8285783
8286444
8286824
8288255
8288416
8291155
8291717
8293059
8293875
8294719
8296562
8297301
8299085
8299792
8300200
8300595
8302043
8302543
8302937
8302970
8304715
8308325
8308931
8309470
8309930
8310820
8311312
8311788
8312122
8312520
8313435
8314046
8314676
8315245
8315799
8316381
8316895
8317380
8318079
8318838
8319461
8327437
8327893
8328481
8328958
8329363
8329449
8330132
8330684
8330854
8331112
8331441
8331761
8332040
8332275
8332531
8332761
8333020
8333273
8333572
8333843
8334257
8334307
8334729
8334894
8336593
8338344
8345291
8352718
8353498
8354329
8354913
8355329
8355864
8356363
8357028
8358571
8358652
8359182
8364374
8377396
8378221
8379539
8380745
8382863
8389266
8421052
8421640
8423618
8429144
8432066
8438053
8445937
8453449
8454061
8455218
8456403
8457424
8459312
8459810
8460856
8461613
8462301
8463676
8464773
8465506
8466059
8473101
8476808
8477917
8479449
8480593
8481403
8484562
8491105
8493098
8497720
8499255
8500189
8503890
8513817
8515284
8515903
8516867
8517826
8518743
8519510
8520966
8522960
8528419
8529621
8530592
8552821
8553675
8554915
8557813
8568006
8568674
8569206
8569661
8570085
8570598
8571092
8571569
8572056
8572371
8572653
8573176
8574194
8576380
8577604
8577908
8579838
8580314
8580727
8581397
8582193
8582702
8587302
8588029
8588964
8589518
8590090
8590614
8591160
8591851
8592608
8593417
8594171
8594799
8602726
8603496
8603823
8604628
8610225
8610818
8611201
8611666
8612162
8612635
8613299
8613950
8614520
8615104
8616113
8621274
8622070
8623262
8624424
8638376
8639155
8640060
8645035
8648095
8649200
8650005
8651504
8651974
8652635
8655439
8656395
8657209
8657923
8673651
8674579
8677083
8677856
8678191
8684989
8685741
8694885
8706763
8707840
8720359
8724995
8725932
8732240
8733281
8734115
8734628
8738255
8738675
8739914
8740044
8740900
8742808
8748440
8750528
8751856
8752632
8753691
8754992
8757061
8758280
8759087
8768891
8790948
8802839
8805543
8809900
8811612
8812933
8817448
8821679
8823778
8826560
8828025
8828602
8829075
8829616
8830357
8831453
8842836
8844015
8844720
8845662
8846432
8847154
8847794
8848897
8849681
8850663
8851483
8862009
8862900
8866288
8867974
8870011
8879994
8886929
8888072
8890200
8891490
8894599
8895519
8896206
8897996
8898725
8899243
8899725
8900111
8900487
8901448
8901809
8902319
8914019
8915019
8915797
8916534
8926101
8926791
8927255
8927786
8928466
8929362
8941928
8948530
8949725
8956332
8957667
8958416
8959599
8960667
8962575
8975040
8975987
8980531
9451109
9452362
9454639
9455384
9456146
9457405
9459913
9460486
9461510
9466350
9467224
9468269
9468975
9469594
9470026
9470607
9471177
9472402
9473122
9473701
9474293
9498455
9499314
9500216
9501020
9502181
9507063
9507766
9508556
9509594
9512881
9512970
9513778
9514586
9515579
9517224
9518040
9519357
9520724
9529252
9538098
9539446
9543185
9544128
9544646
9545094
9545919
9546354
9546892
9547373
9547827
9548282
9548844
9549341
9549877
9549913
9550821
9551669
9552983
9553846
9554012
9555732
9556846
9557569
9558149
9558913
9559294
9559619
9560405
9560763
9561246
9561712
9561750
9562597
9568919
9571929
9572634
9577058
9580663
9599936
9600789
9600901
9601864
9604227
9605579
9623996
9624831
9627498
9628197
9628768
9629228
9630874
9631525
9634806
9635396
9640476
9646245
9647132
9648006
9648454
9648967
9649510
9650053
9650871
9651646
9652872
9653716
9654414
9656446
9657730
9658348
9658824
9659313
9659722
9660159
9660903
9666264
9667159
9667538
9668010
9668401
9668894
9669911
9672842
9673400
9674748
9675347
9677108
9677746
9678622
9679610
9680399
9680968
9681793
9687873
9688990
9692543
9693773
9694393
9695140
9695926
9696896
9697743
9701787
9702985
9712390
9714416
9715387
9716073
9716805
9717992
9719497
9720191
9721360
9721769
9728027
9736922
9737825
9741125
9742923
9744047
9744141
9745510
9746654
9753425
9753517
9754629
9756781
9757367
9757891
9758867
9766327
9767485
9769229
9770699
9771413
9771472
9772326
9773062
9773168
9774717
9775320
9776414
9777050
9777747
9778586
9779948
9781886
9784238
9784963
9785988
9786519
9787221
9787904
9789038
9789714
9790140
9790578
9791258
9792159
9792241
9795218
9796280
9796960
9797565
9798569
9799724
9804130
9804950
9805691
9806287
9806751
9807119
9807546
9807961
9808385
9808728
9809160
9809751
9810530
9811525
9813123
9814453
9818288
9835417
9837807
9839672
9849237
9854943
9858406
9859985
9860644
9861200
9861717
9863331
9870236
9875615
9880189
9908408
9911072
9913130
9918554
9919001
9919769
9922794
9931502
9932441
9940350
9941628
9943213
9943639
9944110
9944677
9945363
9950375
9950516
9951203
9951843
9953115
9953323
9954501
9955100
9956327
9957248
9959331
9959951
9960561
9961098
9961869
9962638
9967106
9968136
9977682
9979956
9980626
9981034
9981515
9982174
9982692
9983411
9985671
9992541
9993496
9994004
9994837
9996732
9997719
9998924
9999418
10000058
10000939
10012596
10013266
10013950
10014932
10015867
10047450
10047663
10048384
10052944
10054062
10054716
10055496
10056906
10057799
10058615
10059623
10060918
10061777
10062304
10063020
10063195
10063829
10065490
10066033
10067686
10069004
10070044
10071246
10071864
10072948
10075008
10076300
10077625
10078134
10078669
10079339
10080513
10081148
10081754
10082300
10082930
10083577
10084455
10094906
10100190
10101083
10101883
10104005
10107447
10117808
10118853
10119432
10125943
10127368
10128084
10128767
10129526
10133574
10134190
10135099
10137925
10145715
10146960
10154351
10161945
10179903
10179993
10194560
10202336
10205840
10215590
10221044
10222232
10224584
10225563
10226365
10227984
10228808
10229835
10230799
10231620
10232264
10241536
10243325
10245857
10246776
10248212
10248953
10249535
10253920
10255247
10255929
10256636
10257305
10258277
10259666
10260222
10260884
10261412
10261462
10262346
10266239
10267887
10269515
10273379
10275068
10276392
10277192
10278720
10289031
10292613
10293165
10294496
10305398
10306149
10306699
10318452
10319220
10330015
10355411
10356518
10358345
10363165
10369330
10370144
10371581
10377133
10378499
10380177
10380270
10381330
10382698
10384289
10387229
10387909
10389343
10390168
10391005
10391768
10392329
10393626
10394325
10397084
10397872
10398633
10399430
10400644
10404742
10407689
10409751
10417773
10419963
10421029
10422501
10424075
10424602
10425096
10425549
10425940
10426074
10426710
10427357
10429337
10444675
10449986
10451087
10462822
10467576
10468792
10476590
10477505
10488967
10490269
10519828
10523350
10524462
10525654
10526720
10528196
10533693
10536761
10537757
10539543
10540516
10541077
10541909
10542456
10542735
10543327
10549301
10550310
10551531
10551874
10552438
10553397
10554594
10555722
10556334
10556969
10557543
10558108
10558729
10559290
10560495
10561242
10562686
10564101
10565645
10566328
10567050
10567155
10569693
10575052
10582340
10583416
10590720
10599048
10602901
10603714
10604669
10611271
10612125
10612784
10613314
10614740
10615268
10615695
10616234
10616701
10617150
10617732
10618362
10619009
10622089
10623024
10623694
10624473
10625535
10626486
10627666
10628731
10629297
10629851
10630460
10640053
10642979
10648698
10651244
10652115
10652957
10655494
10656403
10657215
10658201
10660137
10660244
10661214
10662633
10664895
10676234
10677919
10678747
10679326
10680024
10681168
10682668
10687636
10690006
10690802
10691871
10692833
10693902
10694737
10707869
10708602
10709799
10710251
10713802
10715435
10715987
10717295
10718853
10720730
10721747
10727174
10728031
10728644
10729146
10731240
10731896
10746403
10747196
10757717
10761958
10762393
10762571
10763108
10763719
10764343
10764867
10766048
10800884
10805058
10805639
10806289
10806873
10807344
10807884
10808428
10808952
10809477
10810088
10810681
10814726
10815352
10815931
10816407
10816897
10817358
10817917
10818486
10819235
10820025
10820887
10821492
10822051
10822882
10823542
10825332
10843042
10843832
10844809
10844933
10845652
10846445
10848173
10860394
10862131
10870203
10871470
10876461
10876938
10877435
10877884
10878433
10879030
10879633
10880365
10881078
10882177
10882922
10883628
10888450
10897763
10903528
10905999
10908438
10911309
10911662
10912635
10914300
10916118
10916209
10917211
10920942
10921127
10921760
10922240
10922649
10922767
10923260
10923732
10924364
10924881
10925695
10926391
10927142
10927647
10928498
10929113
10930372
10933478
10934106
10934575
10935038
10935423
10935640
10936522
10937771
10939942
10940492
10940924
10941326
10941748
10942304
10942773
10943205
10943765
10944343
10947595
10952192
10952946
10953744
10954434
10955284
10959615
10960361
10961710
10962219
10962592
10962965
10963338
10963622
10963930
10964260
10964634
10964996
10965605
10970496
10970855
10971261
10971744
10972308
10977480
10978089
10979895
10981883
10982701
10982979
10983295
10983996
10985573
10988754
10989672
10990887
10991906
10994765
11001641
11007409
11008743
11009805
11028918
11029847
11030638
11032006
11033283
11035013
11036433
11038089
11038839
11042588
11043515
11045666
11053620
11054955
11058745
11059502
11060376
11061021
11061877
11062504
11063377
11063649
11063960
11065043
11065972
11066694
11067221
11067750
11069893
11072875
11083343
11084328
11085992
11090072
11091195
11091760
11091886
11092780
11095591
11106029
11107793
11109080
11109743
11110502
11111326
11114430
11124835
11125535
11126093
11127261
11133670
11134454
11135236
11153400
11161768
11163372
11164035
11164568
11165755
11166637
11167316
11167978
11168501
11168974
11169358
11170077
11184289
11184456
11192785
11204676
11206016
11209000
11211248
11211898
11212709
11213639
11214397
11215413
11216459
11217193
11218742
11254363
11256329
11257000
11258390
11260892
11261585
11263244
11271002
11273355
11282517
11283590
11284545
11285586
11286130
11288362
11289224
11290394
11291002
11291515
11298446
11304206
11304852
11305923
11306729
11310094
11311028
11312340
11314240
11315103
11315756
11318271
11322820
11322989
11325769
11326547
11327308
11327865
11327998
11328937
11330150
11330681
11331326
11332239
11334652
11336739
11339374
11340230
11341761
11342433
11346636
11348193
11351645
11357969
11358026
11359380
11361221
11362082
11362507
11363045
11384037
11385229
11386497
11387086
11388133
11388751
11389768
11391041
11391611
11392272
11392868
11393746
11395002
11401065
11403391
11406654
11407100
11413361
11414854
11415664
11416575
11417273
11417987
11418547
11419199
11419735
11420375
11421014
11421564
11422017
11422489
11423068
11423127
11424084
11424972
11426717
11430788
11431024
11432952
11433760
11434406
11435050
11436001
11436827
11437367
11438043
11439313
11441005
11441824
11442841
11446394
11451576
11452587
11453431
11462425
11464146
11475956
11477539
11478910
11484997
11486104
11487056
11490454
11496554
11497138
11497697
11497875
11498347
11499487
11508170
11521403
11522797
11523737
11524399
11525353
11526015
11526550
11527534
11528097
11528985
11529539
11530937
11531311
11531384
11531897
11532381
11533826
11534485
11535196
11535979
11537757
11540189
11541760
11542238
11543322
11544055
11544100
11544967
11545837
11547173
11547498
11550358
11553048
11553722
11555078
11557138
11562546
11563593
11564398
11564948
11565572
11566294
11566925
11567655
11568231
11569061
11569719
11570674
11571673
11573809
11577149
11578300
11579124
11579580
11580162
11580655
11581141
11581941
11582484
11582514
11583127
11583638
11584001
11584571
11584948
11585449
11585934
11586559
11587184
11587679
11588127
11588805
11591559
11592194
11602169
11616366
11637078
11638086
11638867
11639511
11640143
11654304
11665398
11666961
11667851
11668622
11669161
11669728
11669991
11673064
11673778
11674001
11674512
11674867
11675584
11675657
11676482
11677199
11701757
11706525
11710742
11711523
11712183
11713050
11715119
11719831
11737523
11739866
11740470
11742251
11743010
11743604
11744053
11744697
11745575
11746266
11749261
11749820
11750233
11752881
11753482
11755284
11755806
11757283
11757765
11758335
11758890
11759496
11764626
11765259
11766613
11787041
11788327
11789299
11789907
11791863
11792656
11793450
11793870
11794497
11800556
11805524
11809326
11809623
11810198
11810760
11811820
11813825
11814599
11815788
11821924
11822465
11823066
11823641
11824130
11824745
11826010
11829253
11829871
11830284
11830792
11831385
11831467
11832056
11834265
11835036
11835568
11836199
11836844
11838472
11840296
11841927
11842800
11844159
11845531
11850155
11852040
11853469
11853750
11854920
11855585
11857339
11858739
11864250
11865107
11865640
11865767
11866514
11867658
11868650
11869608
11870981
11872057
11875038
11876250
11878094
11880069
11881798
11882992
11883853
11889706
11891612
11892375
11892910
11893520
11894440
11904716
11905819
11906991
11912676
11913539
11915164
11919883
11920612
11921469
11922693
11923577
11924208
11925643
11940625
11945981
11946661
11948021
11948745
11949524
11950243
11950874
11951722
11952296
11952916
11953358
11953802
11954418
11955298
11958404
11959299
11960191
11960827
11961498
11962237
11963003
11964371
11965226
11965996
11967618
11968640
11969702
11971274
11971971
11972928
11975518
11978029
11982254
11987430
12004354
12005262
12006085
12006639
12008021
12008054
12008860
12010599
12012412
12013014
12013702
12023607
12037997
12045391
12046584
12046675
12047392
12048242
12050012
12051464
12056390
12062575
12064193
12066281
12067643
12068674
12069381
12070753
12091460
12093892
12094193
12094889
12095553
12096641
12097282
12098198
12098862
12100149
12105160
12106556
12111509
12126208
12127859
12128859
12150424
12150967
12151437
12151931
12152270
12152705
12153212
12153636
12154231
12154459
12154635
12155686
12156352
12157038
12157995
12159174
12160128
12170643
12172170
12172603
12180543
12185901
12191255
12193518
12194373
12195240
12196549
12198425
12199798
12220028
12222926
12223573
12223863
12225584
12227061
12227867
12228640
12229669
12231626
12232573
12232831
12235428
12237059
12238245
12239445
12240042
12247326
12249414
12257568
12263095
12265156
12266126
12268278
12269620
12270903
12272099
12273166
12274488
12276050
12283413
12283589
12284439
12285156
12286182
12286879
12287981
12288801
12289718
12290369
12291095
12296879
12297846
12305552
12306380
12308075
12310311
12313065
12313853
12314637
12315355
12316220
12316913
12317659
12318374
12319585
12319800
12331643
12338414
12339330
12352118
12353014
12353940
12359940
12361119
12362805
12365666
12366790
12380791
12381478
12382322
12383061
12383847
12385704
12390110
12392319
12393280
12394040
12394655
12396283
12397573
12398245
12398704
12399296
12399788
12400457
12406392
12407476
12408904
12410973
12412723
12413943
12414878
12415476
12418223
12418743
12420203
12420374
12421070
12423411
12424034
12424748
12425480
12426134
12427663
12427950
12428948
12430023
12430969
12432206
12437690
12438326
12438788
12439338
12439800
12440680
12443787
12444757
12445739
12446138
12446532
12447276
12448100
12449327
12450653
12451350
12452304
12453083
12453873
12456635
12457413
12458086
12458703
12459372
12460384
12463538
12472453
12474159
12493815
12494462
12495231
12497766
12498614
12499376
12503384
12504290
12506019
12510008
12511023
12511787
12512456
12513127
12513903
12514430
12515263
12516713
12517932
12518588
12519429
12520255
12521177
12524150
12525293
12544441
12556403
12557233
12569178
12572146
12573178
12574227
12575831
12577007
12578129
12578789
12579907
12580129
12600609
12605120
12609883
12620709
12623952
12624730
12625461
12626280
12626777
12627323
12627630
12627841
12628474
12629452
12630115
12630930
12631737
12632266
12632860
12633863
12635808
12640323
12648103
12656097
12669872
12671226
12671986
12672666
12674287
12675958
12676701
12677585
12678614
12679945
12680569
12681169
12689029
12689742
12690246
12691603
12692833
12694980
12702513
12706416
12706491
12707483
12708750
12709550
12710293
12710887
12711417
12712042
12712775
12713398
12713981
12715323
12716291
12717228
12718303
12719079
12719790
12720776
12721955
12723049
12725198
12725883
12726562
12728148
12729637
12730691
12732896
12735436
12745287
12745788
12746237
12746355
12746696
12747041
12747399
12747928
12748644
12748695
12751196
12753241
12754623
12761517
12762437
12763179
12763892
12764154
12764922
12765778
12773995
12774646
12777592
12778587
12779390
12788219
12789307
12790797
12791655
12792301
12793017
12800002
12812079
12819987
12822127
12823301
12824727
12830237
12839136
12839966
12843343
12844279
12844859
12845362
12846370
12847013
12847520
12848162
12848953
12849666
12850327
12850956
12851687
12852521
12853411
12855023
12857238
12858158
12858744
12859303
12861343
12862047
12865699
12870962
12871847
12873075
12876885
12877767
12878641
12879211
12879869
12882048
12889599
12893595
12895254
12896812
12907617
12922531
12923665
12924093
12925973
12926689
12927412
12928017
12928934
12942434
12943474
12945002
12947039
12948606
12950235
12952708
12953596
12962960
12975898
12976169
12977475
12978429
12979600
12981289
12982138
12983012
12984914
12985834
12986430
12986926
12988019
12988621
12989441
12990137
12990693
12991291
12991963
12992835
12994175
13005364
13008311
13009544
13011000
13019994
13050205
13054091
13055462
13058907
13062888
13066572
13068658
13069638
13075523
13077446
13078641
13078694
13079104
13079552
13080384
13081411
13090712
13091882
13093880
13094964
13095341
13095989
13096304
13097314
13099184
13100948
13103272
13108309
13114905
13127371
13129546
13131010
13133939
13135096
13139334
13140146
13140889
13141731
13142487
13143041
13143664
13144334
13144868
13145111
13145498
13146014
13146458
13146956
13147553
13148758
13149762
13167275
13170657
13174851
13178766
13180056
13180473
13182884
13183950
13184770
13184879
13185547
13186317
13186829
13187486
13188493
13191917
13212421
13223404
13224146
13227644
13237379
13242024
13242856
13243602
13245190
13247743
13249993
13250695
13251708
13252961
13254779
13260642
13261476
13262374
13265360
13267106
13268775
13269943
13270784
13272468
13274471
13275761
13277567
13278508
13279395
13280379
13281561
13282842
13283655
13284284
13285477
13285949
13286172
13286376
13286644
13287225
13288130
13288953
13289449
13290192
13291019
13293446
13293661
13296159
13296790
13298631
13299920
13300332
13301048
13301468
13306186
13306908
13310943
13312453
13321238
13322390
13326367
13327287
13327861
13334797
13335560
13336230
13337183
13338143
13339744
13342582
13344210
13345439
13346969
13353334
13355987
13363001
13364569
13365918
13370412
13377551
13381736
13391440
13398425
13399381
13412784
13417681
13419071
13419899
13420994
13422061
13424281
13424520
13425001
13426046
13427629
13430468
13431380
13435180
13437313
13460912
13461938
13462279
13462688
13462967
13463470
13464130
13465228
13469252
13471231
13472133
13472910
13473664
13474780
13475669
13476471
13477321
13478246
13479291
13480652
