2297.15
3346.713
3843.88
4265.583
4854.205
5633.061
6307.312
7126.599
7876.373
26699.36
27377.95
28679.62
29122.78
29254.52
29284.94
29683.47
30387.27
30730.98
31169.69
31907.58
32571.29
35929.54
37855.43
38707.28
46724.84
47262.59
50586.77
53819.98
75572.7
76100.05
76719.76
80030.79
80709.72
82966.26
85248.84
86254.28
87212.69
88888.45
89482.68
93769.29
94625.4
95256.25
95827.6
96265.66
96624.58
97141.07
97682.45
98868.1
100802.1
103703.1
104464.9
115083.8
127299
128971.7
131175.5
137850
141252.8
141991.9
142317.9
143019.8
143959.1
146622.1
147051.8
148836.1
150270.8
150798.3
150868.3
152606
153489.3
154555.9
155033.9
155533.8
156150.1
157699.2
158243.5
159853
160331.3
161567.6
162520.7
162881.7
163722.4
169980.1
170701.8
171247.4
171732
172178.8
172517.2
172904
173302.1
176757.6
176844.6
177967.6
179295.7
183940.1
184373.3
184853.9
186356.5
186780.4
187100.6
187418.7
187761.2
188062.4
188481.7
189724.4
190799.2
192053.5
199199.4
200498.7
203401.1
209634.2
216273
216972.8
236807.2
237069.1
238985.3
239451.9
240257.3
243128.9
243781.2
244128.9
244630
245809.8
248426.3
249752.1
250562.8
252489.4
270734.6
287856.6
291436.3
292772.9
293193
298463
303662.5
304136.3
305242.5
316153.4
316176.8
318430.4
319077.8
319566
319740.9
321052.7
331690.1
332967.5
343677.2
344202.7
344881.5
345928.6
346533.4
347098.8
347837.2
349953.3
351641.3
352188.1
352999.9
359720.7
363818.7
363831.6
368686.8
370468.1
374372.4
374724.6
375063.5
375391.9
375846.2
376208.5
376644.7
379585.7
385269.4
386529
390076.4
390547.1
390999.6
391437.6
391902.6
392519.7
398822.6
399671.9
400383.2
401019
401532.4
409930.7
410547.1
411514.3
412054.3
412544.6
412983.1
413379.4
413849.6
422091.5
422940.5
423404.7
423821.6
424705
425594.5
430545.9
456769.6
473676.3
475170.8
475978.6
476685.7
477419.3
488839.1
489521.1
489963
491745.4
492390.8
492894.7
493586
494421.5
494800.1
495548.6
496045.4
496717.9
497513
498678.4
513794.3
514380.7
515712.6
517290.4
518048.8
518864.3
520381.2
521071.1
521741.7
522088.3
522476.5
522898.2
530093.6
532342.6
533417.3
534738.9
536116
536694.9
538822.1
539286.3
540266.8
541034
541780
542866.1
550375.7
551002.4
551563.9
552441.5
553439.3
554128.8
554632.3
562974.7
564073.2
565023.8
566518.9
567641.6
588037.5
588568.6
588995.6
589310.9
589748.9
590301.5
594572.9
599809.6
606715.1
607246.2
607858.2
608547.1
609326.5
609934.5
610447.5
610764.5
611050.6
611432.7
611867.9
612328
612792
613265.4
616639
619176.1
621210.1
622901.5
624152.5
624692.2
625404.5
625889.7
626430.8
626841.4
629006.2
629594.5
630158.2
644634.9
651784.6
656102
657428.3
658297.4
658969.6
659473.4
660215.2
663432.5
663952.8
664517.9
665884.2
667053.8
668165.3
669654.6
672584.7
684773.1
686759.7
687317.6
687976.4
691760.1
692670.5
695790.9
696570.7
702847.1
704075.3
704095.8
722674.7
723236
723803.3
731436.5
732271.7
733536.7
734135.7
735513.9
738755.6
740150.2
740643.8
741137.3
741618.8
751708.1
752597.7
753294.7
753989.8
754417.4
755258.6
756263.1
756869.8
757452.6
758863.5
759613.7
760329.1
760838.5
762598.8
763295.1
765190.5
769156.2
769516.6
769821.4
770179.5
770596.9
771081
772297
773354.6
774035.4
774509.5
775078.5
775539.3
778032
778606.3
779339.1
780443.6
781302.7
785264.5
785972.5
786631.1
790191
790915
792266.5
793225.1
794065.2
794419.1
794746.2
795361.8
800514.3
801331
802283.7
808007.8
808489.3
808876.8
809260.9
809594.8
809954.1
810378.9
810931.2
827107
828152.4
839864
840367.3
841239.5
847914.3
848762.5
851899.3
852637.8
857200.1
861412.8
862079.8
862870
863487.1
864053
865295.8
873923.5
874503.2
875557.6
908886.6
909536.1
910145.7
910898
911506.9
912061.5
912626.7
920986.7
921017.4
921600.4
931599.1
931641.9
932132.6
932878.4
933619.3
936864.5
941059.7
941829.5
942937
943915.9
945220.6
946134.6
950348.2
951590.2
952156
964866.8
969725.5
977900
978586.3
979037.1
979476.5
987764.7
991728.5
992423.9
993288.8
993853.5
994393.6
994463
995063.7
1000881
1001346
1001684
1002049
1002461
1002895
1004030
1005663
1012920
1013845
1014410
1015096
1016242
1017165
1017632
1021463
1041618
1043619
1045137
1045772
1046232
1046737
1051317
1054905
1055821
1056826
1057556
1059082
1061084
1062620
1063677
1063702
1064503
1065067
1065679
1066202
1067577
1070933
1071476
1071999
1072906
1078678
1079470
1087898
1088441
1088884
1096476
1099396
1100806
1102178
1105428
1107364
1107991
1108963
1115482
1116419
1124555
1125062
1125440
1125891
1126349
1127790
1129761
1133815
1134722
1135302
1136576
1152365
1153017
1153522
1154012
1160858
1161340
1161958
1162563
1163137
1163658
1164932
1165839
1175073
1178906
1182459
1182969
1183398
1183795
1184316
1184863
1192011
1207743
1208695
1209477
1210177
1210931
1211886
1212747
1213662
1221559
1222039
1222634
1223441
1229126
1234606
1235342
1236131
1236649
1238067
1238634
1246868
1249301
1249745
1250179
1250549
1251005
1251521
1251887
1252586
1252843
1253404
1268763
1270294
1273178
1281837
1282584
1283064
1283600
1284438
1285162
1286418
1286976
1288777
1289614
1291397
1292991
1297724
1298309
1299146
1299622
1300172
1300841
1301472
1303487
1303905
1304247
1304678
1305086
1305620
1306026
1306802
1307750
1313415
1314442
1316340
1324463
1325451
1326020
1326552
1328457
1331244
1351116
1356693
1371702
1372739
1376200
1377014
1377980
1381215
1387417
1389027
1389580
1390289
1390693
1391033
1391695
1392468
1396142
1396726
1397366
1398440
1399822
1400479
1402340
1403320
1403766
1404153
1405018
1405861
1407888
1409546
1410172
1411329
1417180
1425368
1425826
1426245
1426543
1427467
1428958
1429463
1430104
1441236
1441259
1442040
1443191
1450035
1450934
1452707
1458402
1470480
1471715
1475477
1475918
1476565
1477203
1481374
1482984
1483845
1484764
1485110
1486732
1502180
1502707
1503160
1510409
1511058
1514459
1516102
1516340
1516958
1517130
1517763
1518904
1519947
1521053
1521959
1522960
1523380
1523814
1524371
1527460
1528148
1528894
1529576
1530700
1531210
1531632
1531982
1532451
1533433
1533755
1534100
1534573
1537405
1538198
1544427
1556985
1566955
1572710
1573698
1575210
1577688
1581964
1582528
1589333
1592339
1603630
1604882
1609908
1610462
1611173
1616524
1621517
1622919
1623596
1624286
1625473
1626051
1626460
1626823
1627242
1650680
1667279
1668310
1669091
1670345
1671204
1672141
1682894
1683683
1684284
1685614
1689017
1689569
1690122
1690780
1692043
1692889
1693572
1693988
1694374
1695825
1697486
1706525
1712242
1713082
1713955
1719237
1736963
1741549
1742194
1742652
1743140
1743630
1744254
1745116
1746183
1747040
1747563
1748623
1750033
1753347
1756843
1757627
1758189
1758795
1759634
1765953
1767281
1767839
1768422
1769119
1770426
1774573
1778736
1780947
1830443
1832264
1832892
1833386
1834948
1841733
1855471
1857838
1869874
1877535
1889833
1890744
1891217
1891960
1893130
1897756
1898381
1898876
1899371
1900202
1904263
1905306
1906453
1908053
1917386
1919181
1919807
1920496
1922694
1924018
1925700
1930268
1931395
1932369
1942612
1943758
1944775
1945299
1945982
1946562
1952628
1961664
1962497
1962630
1963032
1963917
1964328
1964804
1965282
1965730
1966388
1966899
1967282
1967626
1967947
1968328
1969232
1973470
1975062
1977329
1978073
1978554
1980175
1981077
1981764
1984389
1985365
1987394
1987965
1988387
1988904
1989359
1989845
1990397
1990824
1991307
1992491
1992985
1993577
1994168
1994809
1995883
1999960
2011482
2033204
2033989
2035886
2039599
2040220
2068461
2068947
2069606
2070287
2074660
2076729
2086958
2090282
2091725
2093211
2094954
2095569
2095963
2096486
2097750
2102585
2104415
2105013
2116996
2123548
2128762
2130139
2130782
2131210
2131933
2132926
2134188
2140460
2144199
2152111
2156789
2158011
2158845
2161353
2167534
2170854
2172576
2181777
2182718
2182749
2184082
2185111
2185710
2186659
2188267
2189283
2189998
2191389
2192224
2193005
2197117
2198278
2211890
2220516
2221083
2221493
2222978
2223858
2228617
2229458
2229977
2230539
2231014
2252153
2252624
2253287
2254313
2255393
2256006
2260977
2261642
2263695
2265515
2266475
2267115
2268765
2282891
2283423
2284688
2288186
2315701
2316366
2317323
2317814
2319444
2319721
2321014
2321491
2322253
2342838
2343219
2343882
2344779
2349993
2350791
2351691
2373050
2373463
2374070
2374443
2374972
2375348
2375775
2396192
2405609
2407504
2411104
2411242
2412096
2412736
2413136
2413220
2413618
2414020
2414678
2415302
2415883
2417625
2418593
2419148
2421479
2422508
2423751
2424542
2425135
2453165
2459271
2460300
2461289
2466623
2474989
2475534
2476138
2477614
2478771
2481188
2503065
2503073
2507120
2507945
2508470
2508921
2509139
2509456
2509780
2510440
2511419
2512053
2514555
2531839
2532380
2540764
2544276
2556557
2565888
2566607
2567954
2569668
2577356
2577940
2581226
2581793
2586433
2591029
2592717
2595110
2595804
2596204
2596554
2597029
2597535
2598019
2598467
2599086
2604572
2605070
2605570
2606301
2607094
2608092
2608728
2614395
2623596
2628054
2634325
2636476
2637674
2652772
2653748
2659187
2663857
2674282
2713034
2713876
2714931
2715385
2716398
2718515
2719196
2720138
2721128
2723459
2729156
2732005
2736647
2737371
2738162
2751558
2753729
2754310
2758638
2763966
2764353
2764600
2766956
2768795
2770535
2770916
2771473
2771495
2773346
2774349
2776477
2777176
2777781
2778621
2793721
2800919
2802042
2803089
2803849
2804505
2810597
2811504
2814394
2815870
2840928
2841543
2842044
2842393
2842796
2843125
2843560
2845151
2846347
2848446
2849113
2849606
2859383
2860708
2860980
2861431
2861748
2861790
2862141
2862509
2862876
2863824
2865154
2866072
2866568
2868452
2876825
2879259
2881338
2885456
2886652
2913824
2915227
2916152
2916625
2917165
2917653
2918120
2918499
2919240
2921266
2921880
2923324
2926364
2940837
2941282
2942006
2948031
2948516
2949134
2949777
2950382
2951180
2953413
2956473
2957538
2966646
2968837
2969905
2970547
2971158
2972232
2972310
2974502
2991995
2993079
2993455
2993877
2994303
2995015
2996148
2996857
2997443
3002314
3003542
3005047
3012927
3017299
3017975
3018733
3028987
3044518
3045073
3045853
3046821
3055830
3056586
3056997
3057547
3058268
3059053
3059737
3060135
3060718
3061317
3063218
3063764
3064119
3064444
3064973
3065422
3065959
3067058
3070735
3071357
3088611
3090123
3092290
3092883
3095133
3095621
3096097
3096641
3097802
3098042
3098365
3109805
3111389
3112048
3113377
3114113
3114895
3115407
3116384
3118520
3125888
3156485
3157048
3157580
3158069
3158756
3159548
3161219
3161757
3162446
3163096
3163914
3165649
3174365
3177498
3180238
3180656
3181140
3181575
3182156
3183255
3184338
3186569
3205294
3205976
3206427
3207256
3208151
3212004
3218257
3219675
3221819
3222479
3226407
3227431
3227705
3228350
3229519
3240195
3241320
3242052
3245517
3246315
3247177
3247661
3248233
3249068
3249973
3252050
3253221
3253845
3255321
3256507
3257424
3259509
3273237
3275636
3276239
3277163
3277637
3278046
3278541
3279854
3280642
3281053
3281918
3285148
3289783
3290385
3292913
3304589
3311945
3312526
3312928
3313389
3313742
3314064
3314400
3314758
3315201
3317233
3318571
3319342
3319899
3320542
3321067
3321774
3322496
3322520
3324686
3325085
3326540
3331493
3338631
3344331
3344984
3346109
3347186
3352859
3354071
3354969
3355902
3357786
3358484
3359545
3366011
3366816
3368174
3369431
3375690
3376224
3378194
3379937
3380464
3381133
3382035
3382757
3384272
3385343
3388833
3393553
3396459
3401562
3409202
3409883
3411718
3419733
3420195
3420819
3421314
3427862
3428153
3428661
3432405
3437583
3439479
3441209
3451995
3452703
3453237
3454056
3454710
3455136
3455856
3456371
3457081
3459592
3460341
3461775
3462448
3464193
3465238
3466565
3467306
3468995
3472108
3473063
3473905
3474249
3490128
3496771
3502427
3503148
3503833
3504902
3505245
3505686
3506172
3506641
3523918
3528789
3531053
3531668
3534470
3536215
3536842
3542807
3543473
3544043
3549531
3551399
3552517
3569104
3569648
3573074
3575572
3579893
3600976
3602121
3605904
3605939
3610503
3611492
3612367
3614880
3615458
3615898
3616372
3617956
3618591
3619512
3619953
3620633
3624914
3629970
3630472
3631277
3638758
3639211
3641179
3641568
3641932
3642311
3642633
3643252
3643678
3644344
3649304
3653373
3663052
3669683
3670765
3685638
3686288
3686726
3686764
3686772
3687410
3688111
3688448
3689301
3691765
3698933
3716984
3717749
3718733
3719386
3719780
3720261
3724008
3730120
3730226
3731548
3732246
3733012
3733498
3733829
3734736
3736837
3737459
3744685
3758380
3759000
3761656
3761949
3762418
3763017
3763339
3763645
3764010
3764189
3764472
3765054
3766753
3767445
3768130
3768168
3768181
3773246
3774950
3775348
3775825
3800237
3800852
3801611
3802276
3804823
3816788
3827880
3831159
3832796
3833521
3845550
3846235
3847828
3848486
3850757
3856576
3857110
3857667
3858582
3860054
3860839
3863164
3864404
3864511
3865584
3866678
3867526
3868128
3873269
3880498
3881247
3916502
3917038
3917379
3917918
3918655
3919183
3919718
3920280
3922469
3923546
3925245
3925959
3926463
3926922
3927820
3929832
3930450
3931226
3940174
3940860
3941527
3942277
3944039
3945720
3948435
3949517
3950189
3952151
3953055
3955559
3956040
3956342
3957725
3961934
3961964
3962452
3963039
3963596
3973236
3973780
3974274
3975320
3975978
3978699
3982046
3982524
3982942
3983359
3983738
3983838
3989650
3991079
3995650
3996609
3999069
4002953
4003360
4003759
4004244
4004646
4005178
4005839
4006356
4006776
4007714
4008396
4020349
4021238
4023084
4024540
4054872
4055706
4057627
4058314
4059374
4060106
4061802
4064200
4067353
4067645
4068395
4077593
4078870
4084692
4085283
4092327
4092404
4097363
4104352
4104809
4105232
4105799
4106364
4106830
4107306
4107765
4108235
4108857
4109401
4109996
4110641
4111595
4112195
4112737
4113269
4114103
4114908
4115537
4116391
4116811
4117390
4132415
4133095
4134381
4141277
4142187
4155812
4156290
4156988
4157561
4161132
4161697
4162192
4162883
4163528
4164505
4165438
4165956
4167028
4167877
4169084
4169736
4170529
4170953
4171748
4172355
4173615
4174266
4174972
4175624
4187620
4187994
4188724
4189475
4189928
4190388
4191086
4203670
4209542
4210349
4210812
4211829
4212997
4213371
4213522
4214308
4214788
4215234
4215267
4215606
4216254
4216842
4217564
4219297
4234988
4236391
4239053
4239803
4242696
4245594
4246290
4252753
4258490
4259357
4259910
4260371
4260931
4261374
4261896
4263145
4264016
4264543
4265101
4265516
4266057
4266493
4267005
4267411
4268626
4270835
4271646
4273402
4275534
4290517
4291175
4291766
4292366
4293103
4293657
4297398
4300804
4301165
4301653
4302052
4302816
4303275
4306167
4321790
4334337
4335413
4336932
4337949
4338478
4339467
4340000
4340574
4341058
4341744
4344142
4344820
4345202
4345906
4354571
4355861
4360690
4369260
4369890
4377960
4385314
4387004
4387580
4388118
4388552
4389289
4389854
4393791
4394609
4409412
4410205
4414062
4416543
4418032
4418779
4419330
4420018
4431645
4432366
4432983
4433530
4433967
4434359
4434749
4439687
4440273
4440656
4441087
4441427
4441905
4442617
4443487
4443929
4456618
4457415
4458664
4459396
4459826
4461158
4462024
4465855
4465887
4467087
4500091
4510377
4511064
4518099
4528683
4529184
4529549
4529862
4530470
4530972
4531732
4537007
4542120
4542716
4548274
4548605
4549573
4551565
4553569
4554251
4555015
4556044
4560749
4572239
4576735
4577072
4577638
4578568
4579408
4580896
4581496
4582105
4582708
4591431
4594361
4597030
4599927
4601040
4601916
4602465
4603087
4603604
4611806
4613037
4616678
4619703
4620464
4621017
4621685
4622618
4623588
4629249
4629693
4634085
4646787
4647654
4653576
4654227
4658567
4659708
4660704
4661999
4662545
4663053
4663444
4664300
4665149
4665584
4665898
4666285
4666860
4683616
4689999
4690998
4693567
4694233
4696043
4696985
4697903
4699211
4700034
4700939
4701610
4702604
4703364
4712303
4714451
4715039
4715548
4716118
4717333
4719475
4719926
4719979
4720337
4720982
4721591
4722498
4732372
4732959
4734050
4753644
4760283
4770698
4771309
4773483
4774321
4775533
4780711
4789649
4790605
4791106
4791566
4797144
4802917
4803808
4804931
4806495
4807308
4807846
4808303
4808745
4809272
4809937
4810280
4811025
4811883
4812694
4814017
4815352
4819301
4821042
4821568
4822035
4824616
4825157
4825843
4829239
4830489
4832265
4833016
4833225
4833243
4833461
4833920
4833945
4834693
4835027
4837162
4847474
4848154
4848724
4851461
4852163
4852735
4853247
4853729
4854234
4854403
4854723
4855216
4856044
4857709
4874188
4875070
4877976
4887010
4887714
4889951
4890141
4891145
4891255
4891808
4892885
4893525
4900586
4901024
4901369
4906497
4906871
4907251
4907864
4911058
4911708
4912335
4912723
4913400
4913851
4914324
4914759
4915386
4915931
4916402
4916886
4918273
4926535
4955938
4957129
4958045
4958627
4959346
4960798
4961827
4962315
4963066
4964467
4964880
4978858
4984872
4989631
5001418
5010416
5011194
5012566
5013274
5014051
5015359
5015725
5016249
5017366
5017862
5029862
5030533
5031122
5032258
5032706
5033070
5035552
5036123
5036666
5037496
5038634
5045001
5045651
5046456
5046944
5047592
5048370
5052127
5056179
5056813
5057332
5057747
5058372
5059255
5059779
5060666
5061653
5062212
5063569
5064212
5065801
5066384
5066965
5067311
5067742
5077523
5080465
5080525
5082011
5082717
5083869
5084587
5085038
5085419
5085960
5086669
5087848
5088481
5099419
5106626
5109717
5116047
5116424
5116894
5117632
5117998
5118657
5119755
5120105
5120634
5125219
5126058
5126603
5127204
5127828
5128542
5129390
5130275
5131244
5133196
5135621
5139897
5140560
5141281
5148267
5156430
5156882
5157441
5157808
5158282
5158637
5159167
5168915
5172953
5173872
5174761
5182070
5190362
5190963
5191568
5192765
5201666
5205664
5206032
5207031
5207526
5207944
5208259
5208646
5208986
5209421
5209809
5210104
5210629
5211590
5221039
5222125
5227627
5228219
5229515
5231507
5237626
5238015
5238509
5239624
5241362
5242415
5243752
5245221
5245791
5246222
5246618
5246985
5247678
5248213
5248655
5249034
5249416
5250902
5253283
5255268
5255685
5256630
5257119
5265091
5278921
5286632
5286664
5294846
5295739
5297017
5297776
5304119
5310138
5327132
5337439
5339360
5341005
5341308
5341615
5342153
5344870
5345843
5347409
5351224
5351406
5351739
5351780
5352144
5352659
5354203
5355147
5355688
5355911
5356132
5356720
5366262
5368538
5368961
5369335
5370342
5371953
5372282
5372934
5374853
5378020
5400177
5410311
5412098
5412792
5413271
5413569
5413977
5415336
5418979
5422352
5428926
5429646
5432265
5432577
5432876
5433243
5433662
5434824
5436053
5436644
5437054
5437766
5438264
5439155
5455332
5456394
5457087
5457652
5459963
5460725
5461335
5461818
5462429
5463662
5471135
5471882
5474148
5475679
5476125
5476542
5476914
5477258
5477817
5482670
5488135
5488592
5489122
5489516
5490136
5495021
5496266
5497000
5497826
5499848
5500605
5501721
5501743
5506776
5514532
5515090
5515635
5515943
5517817
5518798
5519487
5519934
5524757
5525132
5525639
5531038
5532025
5532323
5532679
5533021
5533357
5533907
5535205
5536042
5539551
5540022
5540663
5548710
5551541
5554223
5555254
5556644
5562302
5565728
5566717
5568233
5568399
5568410
5568728
5569072
5569466
5570004
5570704
5573366
5574487
5575077
5575682
5576883
5590911
5591772
5594478
5607078
5607504
5609711
5614978
5615567
5616002
5616496
5617031
5617779
5624541
5625066
5625479
5626004
5626838
5642699
5643349
5644533
5645332
5646023
5646478
5647695
5648891
5649616
5650101
5650107
5650591
5651094
5651591
5651977
5652885
5654698
5654706
5655221
5668049
5668673
5669220
5669699
5670522
5671691
5672531
5677451
5678051
5679192
5679790
5680802
5681600
5684848
5693685
5694160
5694716
5695166
5696592
5704961
5707858
5720810
5721552
5722883
5724895
5729193
5730549
5731156
5746781
5751808
5753229
5755159
5755654
5756092
5756797
5777319
5777804
5782102
5782407
5782895
5783343
5795802
5801605
5806177
5807147
5808001
5809416
5816994
5820890
5822726
5823189
5823773
5827554
5850141
5851654
5852383
5858064
5858737
5859438
5859859
5860520
5868664
5869203
5869835
5870225
5870743
5873310
5874027
5875757
5876395
5876913
5877525
5878217
5878732
5879375
5879987
5880470
5880487
5881668
5888980
5889682
5894047
5894460
5894937
5895433
5895898
5900099
5902199
5903464
5903940
5904415
5904937
5917019
5918181
5925086
5936171
5936244
5937107
5937936
5938054
5962362
5963107
5963527
5963948
5964370
5964680
5965141
5965537
5965860
5970937
5971631
5972224
5974600
5985484
5986080
5986872
5994990
5995023
5995083
5998466
6009600
6014925
6016083
6018369
6019510
6028243
6029174
6031477
6039947
6043122
6044078
6044591
6045247
6045275
6045907
6046475
6046927
6047370
6049412
6049869
6050290
6050572
6050907
6051341
6051696
6052140
6052729
6053124
6053542
6054484
6057377
6061750
6071221
6071693
6072386
6073073
6074225
6075139
6075864
6076741
6078085
6089613
6092341
6103612
6103989
6104393
6104700
6105063
6105337
6105661
6106056
6106691
6110356
6112682
6113359
6117344
6124288
6125822
6127024
6127624
6128720
6128746
6129413
6129898
6130334
6130892
6136519
6136890
6138891
6140650
6146044
6146646
6148129
6148580
6157294
6164453
6165111
6165623
6166283
6171686
6172409
6175153
6178129
6178988
6179395
6179991
6181177
6181892
6193789
6194637
6194989
6195578
6197858
6198534
6199920
6201153
6206317
6207657
6217564
6218625
6219439
6230247
6246191
6246997
6247679
6248321
6250481
6251187
6251582
6252343
6252940
6258938
6259706
6260335
6260908
6261484
6267502
6268156
6268940
6269628
6270306
6302254
6302755
6304046
6305820
6306463
6307231
6318323
6318858
6319696
6320233
6320698
6321010
6321376
6321742
6322286
6322883
6323351
6324385
6324926
6325521
6325988
6326958
6328206
6329666
6330207
6332898
6333457
6337166
6337660
6338180
6338953
6339495
6340778
6341375
6341947
6342210
6342516
6342958
6343451
6343474
6343985
6344647
6345638
6351890
6353753
6354704
6355115
6355466
6356440
6360098
6361526
6362812
6364715
6366803
6369746
6370856
6397203
6399597
6400874
6408485
6408998
6410261
6417065
6417527
6417865
6418232
6418657
6419070
6419431
6419888
6421446
6423935
6430884
6431620
6432081
6432859
6437762
6439788
6447837
6450144
6455112
6455740
6456227
6457470
6458383
6460519
6463398
6463972
6464803
6465378
6466342
6467058
6468255
6476047
6478525
6480637
6492411
6492885
6506198
6506666
6507280
6508096
6508680
6509187
6509731
6510338
6510847
6511811
6512546
6512851
6513275
6513937
6514314
6514697
6515371
6515420
6515889
6516439
6519409
6520217
6533502
6550765
6551221
6552050
6557446
6558519
6562402
6586572
6587600
6587635
6589760
6593070
6593886
6603273
6610496
6618427
6619366
6620370
6630052
6630544
6631246
6631920
6638349
6645077
6651419
6652842
6654072
6656540
6657214
6657282
6662180
6664418
6665166
6665747
6666093
6666810
6669335
6669779
6670246
6670728
6671380
6672057
6673579
6674926
6677554
6686568
6687277
6691892
6694132
6694776
6697151
6698989
6699688
6700163
6700505
6701356
6703160
6703785
6704417
6705161
6706425
6714655
6715356
6716362
6717716
6718487
6719340
6729950
6750392
6752370
6767696
6768174
6768778
6769370
6771800
6774363
6775596
6776940
6782098
6782474
6783180
6785944
6786457
6786888
6787308
6787763
6789083
6801362
6802119
6816244
6817388
6821387
6821977
6822969
6823877
6826319
6827021
6828060
6841023
6854389
6875635
6876185
6876715
6907104
6908095
6908677
6909279
6909861
6910476
6910974
6911269
6911634
6912218
6912829
6913705
6914328
6915276
6917804
6918786
6923210
6924393
6933665
6935780
6939647
6939844
6940270
6940748
6941229
6941832
6942535
6942962
6943272
6943520
6943918
6944347
6948071
6964825
6971847
6972546
6976716
6977998
6979786
6982392
6982730
6983218
6983711
6984125
6994699
6995341
6996211
6997132
7009999
7010893
7012708
7013371
7015163
7016537
7017051
7037545
7038600
7040421
7040975
7041445
7044414
7045406
7045938
7046509
7047115
7047783
7048113
7048493
7048864
7049231
7049580
7049971
7050259
7050647
7054741
7059871
7061218
7068086
7084259
7084679
7085225
7085788
7086191
7086604
7086964
7087415
7087773
7088216
7089356
7090678
7091911
7098868
7101235
7102164
7110702
7112090
7114855
7116112
7116753
7118321
7118975
7123167
7123658
7124263
7124356
7126238
7127196
7127771
7129027
7129659
7132160
7149526
7150622
7151001
7151405
7153863
7155528
7155551
7157033
7157449
7158023
7158548
7205163
7223530
7224169
7224928
7231364
7232926
7233616
7235120
7235665
7236231
7245122
7245233
7246458
7247167
7248051
7252845
7253921
7254649
7257746
7265327
7266138
7267840
7275016
7276314
7277096
7277807
7278458
7278848
7279588
7281070
7281523
7282112
7284623
7285112
7285956
7293648
7296274
7297635
7298383
7299095
7302538
7303179
7304044
7311935
7312546
7312597
7315088
7330460
7337816
7339164
7341154
7343240
7343661
7344198
7345193
7347285
7349588
7350112
7350580
7351318
7358771
7359213
7359632
7360900
7361247
7361465
7361506
7361515
7361646
7362003
7362304
7362603
7362633
7363132
7363639
7364149
7365817
7378277
7378777
7379364
7385309
7385997
7386521
7387771
7388817
7390065
7390445
7395180
7395670
7396386
7396916
7397261
7397685
7398129
7398462
7398841
7399376
7399929
7400542
7401273
7402406
7403519
7406255
7407547
7408032
7409097
7416157
7421165
7422940
7448704
7452121
7452639
7453081
7453515
7454312
7454762
7459656
7463341
7466438
7467024
7467925
7468464
7468842
7469261
7470423
7471376
7472512
7472892
7487054
7489986
7489986
7491320
7493063
7498910
7500608
7502693
7503534
7504190
7504801
7505150
7527352
7529070
7530133
7531997
7533057
7533558
7535176
7538077
7538729
7539333
7540242
7541524
7544236
7544924
7548098
7548749
7573155
7580801
7582649
7583392
7584263
7587902
7589104
7590089
7590593
7591155
7591706
7592518
7604897
7605045
7605965
7609625
7610034
7610429
7610843
7611617
7611994
7612479
7613110
7613842
7615348
7618543
7619179
7620066
7620646
7621100
7621861
7627546
7650283
7651655
7652181
7655913
7656636
7657189
7657671
7658172
7658710
7659355
7659794
7660339
7660900
7661375
7661727
7662051
7662447
7662835
7663224
7664184
7682620
7683812
7684924
7686439
7696791
7697500
7698436
7699702
7701189
7703910
7704670
7705343
7705858
7706395
7706794
7707373
7708266
7708919
7710359
7728115
7728611
7729054
7729490
7729983
7730553
7731334
7731978
7735110
7746356
7752318
7760896
7761554
7762370
7763269
7763657
7764265
7764957
7784218
7784850
7785763
7786115
7789261
7790174
7792116
7793220
7793692
7794406
7794604
7802137
7802870
7806191
7810882
7811376
7812857
7813339
7814198
7819270
7820102
7820564
7821060
7821502
7823113
7823505
7823901
7824484
7825959
7826622
7827393
7828826
7829511
7831613
7834100
7834663
7835338
7836435
7837972
7852607
7855908
7868424
7869972
7870686
7873173
7889204
7890700
7891335
7892088
7892648
7893527
7901298
7908831
7912439
7913037
7916262
7917940
7918358
7919140
7920154
7920602
7921162
7921560
7922304
7932697
7933182
7933838
7935540
7936107
7937151
7938003
7940102
7940661
7944236
7944739
7979611
7982215
7985130
7986479
7988101
7991591
8005308
8020242
8021753
8022171
8022948
8023988
8024406
8030581
8031620
8039147
8040697
8057647
8058296
8058778
8059722
8070313
8073765
8076050
8077902
8078958
8101011
8101474
8101824
8102315
8102689
8103343
8110314
8112322
8117770
8124842
8130700
8130788
8150132
8151606
8156961
8158185
8159552
8159995
8160507
8161078
8161658
8162072
8162439
8163288
8163801
8164310
8165487
8167201
8167769
8168927
8170155
8171048
8184083
8187371
8187759
8188634
8189191
8189679
8193115
8194046
8195306
8196245
8197362
8197809
8198312
8198913
8199849
8201129
8201575
8202099
8214977
8216843
8218276
8218732
8219266
8219989
8220449
8220909
8223822
8228816
8229372
8229873
8230295
8232160
8234573
8235139
8235898
8236560
8237038
8237507
8246256
8255058
8255531
8256147
8256602
8257202
8258519
8259583
8265570
8266569
8266661
8267551
8268267
8268806
8269449
8270765
8271203
8271655
8272050
8277768
8278162
8279368
8280100
8308092
8309158
8330909
8333364
8335138
8348024
8348723
8352534
8352822
8362339
8363311
8364351
8364911
8366101
8378536
8378882
8379326
8379822
8380450
8381156
8382940
8395592
8398106
8398751
8399326
8399817
8411034
8425228
8433897
8438471
8440696
8441320
8449121
8451753
8453053
8453672
8454562
8455236
8456776
8457213
8457727
8458927
8460316
8470317
8472106
8491628
8492658
8494123
8494790
8495622
8496205
8496622
8497157
8497567
8498125
8498689
8499302
8500316
8501707
8516283
8530297
8550634
8551384
8561756
8562292
8564029
8565857
8566381
8566964
8567492
8572489
8575705
8576615
8582628
8583556
8584364
8584975
8585401
8586607
8595380
8596500
8597072
8597637
8598157
8598730
8599353
8600570
8601065
8602501
8603878
8605534
8607112
8610669
8611236
8618247
8619642
8620817
8622078
8623272
8624748
8629610
8630067
8630588
8632972
8634128
8634709
8635821
8636785
8652644
8657478
8658131
8679592
8681741
8686800
8687985
8689950
8692363
8692850
8693267
8693813
8694260
8694756
8695766
8696508
8699176
8705797
8708628
8714180
8715119
8715775
8716761
8717218
8717629
8718399
8718746
8719208
8719630
8719962
8720619
8721039
8722033
8735322
8736338
8741613
8752621
8753693
8755328
8761193
8765716
8767431
8768521
8779066
8794914
8795154
8795675
8802986
8813546
8817465
8818560
8819374
8819944
8822286
8823215
8823866
8825610
8834021
8834807
8836489
8839108
8840872
8842258
8843324
8854107
8854680
8855136
8855745
8861379
8864421
8874330
8881912
8882842
8887019
8887913
8888549
8890632
8917391
8918951
8919547
8920257
8921480
8922158
8922313
8928113
8928669
8929348
8944015
8944487
8945741
8946329
8946740
8947221
8948172
8949071
8949741
8950603
8960570
8962528
8963141
8965567
8967747
8968554
8969059
8969478
8969954
8970432
8970803
8971443
8972120
8973175
8973922
8974461
8974932
8976049
8977206
8977885
8978249
8978713
8979211
9006646
9006851
9009550
9010675
9013994
9014406
9014838
9015246
9015704
9016281
9016984
9017900
9020480
9023144
9027431
9028797
9031047
9034964
9035252
9036811
9042240
9042747
9043225
9044411
9045230
9045589
9055446
9056686
9085380
9085943
9086400
9086780
9087163
9087825
9088264
9088696
9093971
9100707
9108564
9109658
9115665
9116077
9116683
9118773
9130936
9131630
9132065
9132676
9133884
9134474
9135301
9139424
9145113
9145140
9145651
9146248
9146714
9147736
9148813
9149445
9150539
9161105
9162083
9162745
9163710
9164262
9164776
9165691
9166176
9166722
9167172
9167512
9167912
9168651
9169615
9186096
9186609
9187215
9187705
9188377
9191496
9196464
9212923
9216367
9219193
9220890
9222294
9222938
9223479
9224400
9230111
9231021
9238116
9243344
9243401
9249590
9257068
9260862
9261503
9263052
9264090
9269301
9277119
9279621
9302865
9304961
9306268
9313613
9314505
9315034
9315500
9315935
9316342
9317337
9318082
9319588
9327182
9332878
9337985
9338690
9344293
9344847
9345465
9346213
9346913
9348003
9359658
9360094
9361192
9372558
9373059
9373651
9374048
9374618
9375304
9376310
9376959
9377705
9378009
9378478
9379787
9380340
9380782
9381162
9381517
9381833
9382812
9383471
9391655
9392702
9393286
9396368
9406371
9416853
9417557
9418150
9418761
9419238
9421784
9422217
9423843
9424865
9430836
9450353
9452760
9455854
9457058
9458655
9461684
9462696
9478439
9480553
9485269
9485828
9490294
9492002
9494080
9494945
9500195
9501330
9506777
9507140
9507495
9507845
9508183
9508509
9511861
9513088
9513548
9514962
9516283
9517919
9521593
9523346
9536076
9537682
9540125
9540857
9541426
9541971
9542793
9543510
9544698
9545814
9562079
9562967
9568418
9568928
9569296
9575005
9575957
9576693
9578028
9580983
9585584
9591452
9594193
9594724
9595476
9596017
9600312
9602474
9606379
9606900
9607328
9608014
9608129
9613159
9615936
9617332
9620312
9627490
9628407
9629108
9629637
9630257
9634161
9636264
9636928
9638451
9645566
9651694
9653557
9657702
9658367
9660106
9660889
9661419
9664083
9664634
9665277
9666048
9667782
9668505
9677976
9678433
9679027
9679784
9680996
9682241
9683211
9683829
9685098
9689108
9713473
9714336
9714845
9715406
9716258
9717241
9717602
9733335
9733824
9734257
9734579
9735052
9735564
9738901
9739489
9753013
9760923
9761625
9762157
9762180
9763478
9767247
9769087
9770055
9770789
9771609
9771658
9773079
9776110
9777924
9787181
9787746
9788137
9789008
9789975
9794350
9794943
9807992
9808497
9809082
9821609
9822705
9831539
9833600
9854511
9858002
9859032
9875296
9903316
9903393
9909373
9910120
9912817
9919128
9919605
9920147
9920613
9921207
9921899
9922466
9926430
9927506
9928789
9929343
9931930
9935700
9936663
9937967
9938857
9939762
9940691
9941283
9942115
9942757
9943389
9944135
9949617
9950744
9951716
9952591
9956078
9956827
9957293
9957808
9958296
9960288
9962515
9967697
9968138
9969185
9973508
9974426
9975306
9976631
9977488
9978210
9978876
9981278
9984934
9985952
9986309
9986855
9987505
9988280
10002124
10006302
10006646
10007042
10007457
10007957
10008409
10008822
10009245
10009808
10011250
10012514
10017332
10018083
10029257
10030042
10030923
10031609
10032809
10050004
10050960
10052173
10056370
10061339
10063519
10064346
10071140
10072006
10074065
10075322
10076718
10077643
10078104
10091735
10092837
10092883
10093118
10094525
10095242
10095784
10099271
10101637
10102078
10102569
10103313
10104227
10104764
10105387
10105870
10106442
10107031
10107430
10107761
10108088
10108593
10109200
10117523
10125906
10127321
10128348
10129247
10132385
10139548
10140017
10141183
10145554
10146568
10150978
10159201
10163304
10163912
10164412
10165122
10165869
10168778
10169529
10170236
10170920
10171593
10181943
10182787
10197176
10198602
10199911
10217168
10217613
10225919
10226855
10227370
10228445
10230817
10245713
10247253
10248116
10249106
10250782
10253196
10254225
10255295
10256553
10257687
10258335
10259486
10260195
10261684
10282385
10284582
10286879
10288776
10292088
10293156
10294465
10294964
10299721
10304569
10305496
10306499
10307144
10307473
10307887
10309003
10310068
10312575
10313470
10316702
10322089
10322921
10324859
10330825
10331322
10350920
10351976
10353988
10359393
10361208
10369982
10370668
10385206
10385746
10387336
10388613
10389307
10393036
10393599
10394456
10395824
10396651
10397178
10397755
10398710
10399645
10400297
10400843
10416986
10419505
10439793
10440464
10440943
10441462
10442671
10443008
10444066
10446382
10454035
10455153
10456960
10459201
10459934
10461351
10461924
10462419
10464085
10467866
10468574
10469204
10470109
10470710
10473319
10474591
10477549
10478248
10479586
10479616
10480270
10481330
10482822
10483922
10487267
10487700
10487989
10488229
10500847
10503611
10507617
10508407
10509088
10509443
10510048
10510417
10510792
10511197
10512129
10512663
10520490
10524817
10526324
10527092
10528253
10529065
10529515
10529919
10530493
10541706
10553020
10555059
10559673
10560249
10560804
10562513
10562980
10564133
10564676
10565100
10565907
10567718
10569379
10580596
10581959
10583525
10593660
10594277
10595157
10596447
10597176
10597886
10598283
10598631
10599030
10599594
10599943
10600345
10600854
10601227
10601532
10601909
10602519
10603079
10603689
10604086
10604580
10605070
10606779
10608089
10623427
10632829
10634772
10638614
10642052
10642511
10643179
10643745
10644290
10645633
10646791
10659184
10661197
10681058
10681990
10682669
10683359
10684397
10690854
10691840
10692367
10693295
10693858
10715496
10716390
10720701
10721533
10722602
10728447
10729143
10729772
10739302
10740509
10743149
10744265
10744662
10745083
10745470
10745791
10746115
10746473
10746853
10747239
10747588
10748872
10749411
10750268
10760413
10761079
10761559
10762008
10762961
10763462
10764003
10764403
10769580
10769769
10801095
10802861
10807351
10810098
10815028
10815856
10816614
10817130
10823194
10825259
10826131
10826601
10827130
10827764
10829784
10830427
10830989
10832290
10833828
10834352
10834903
10835517
10836239
10842141
10845497
10846054
10847848
10850561
10851089
10851488
10851901
10852699
10853549
10872191
10884947
10890411
10911829
10924418
10924923
10925367
10925559
10925977
10926585
10928752
10933895
10938785
10939572
10940312
10941192
10942425
10955137
10955190
10957229
10961217
10961886
10962392
10963065
10963473
10963890
10964169
10964466
10964808
10965245
10965713
10966319
10980587
10981216
10981940
10982073
10984434
10985340
10986165
10987294
10988437
10988980
10990042
10990538
10991022
10991417
10992246
11000975
11001895
11004559
11014285
11020343
11028099
11028935
11030840
11033194
11034191
11042461
11043051
11043665
11044477
11045990
11046641
11047073
11047840
11051023
11052113
11052606
11053591
11054294
11055207
11055679
11063106
11066837
11072585
11079159
11080614
11081257
11081865
11082315
11083198
11091243
11091714
11092357
11093212
11094092
11095207
11095979
11121957
11139509
11139870
11140486
11141240
11148143
11152248
11163865
11164640
11165918
11166664
11168156
11173431
11174131
11174708
11187330
11189785
11190994
11191796
11199644
11200515
11201060
11201661
11203912
11204515
11205210
11205702
11215754
11219683
11220578
11221117
11221668
11222255
11226926
