1988.787
11331.03
14052.55
14567.88
15426.85
15829
16209.73
18146.23
19856.55
23415.12
24202.6
28549.22
45128.82
46556.42
47549.91
48504.11
49393.63
60639.41
61000.35
61985.32
63418.21
64101.53
64728.53
66127.44
90106.58
90586.63
91055.72
91372.61
91647.36
92041.19
92809.66
93264.56
93974.38
96885.83
99167.66
99713.24
106788.6
122279.8
122833.7
124516.3
125228
127880.4
129403.8
131923.4
133609.5
157108
157619.4
158620.3
158957.2
159283.6
159727.4
160130.2
161158.5
162387.3
162729.9
163098.1
163697.7
165263.2
167756.4
169957.4
170346
171104.6
171570.3
172029.4
172553.6
173709.8
174245.8
175268.2
177078
204659.5
205238.4
206733.4
207194.6
207700.5
208331.8
209518.8
210006.1
210742.2
213994.8
214594
238406.4
239324.6
240083.7
242601.6
243453.1
254439.6
255869.6
256860.2
261634.6
262302.2
262922.7
263658.9
275293
275650.3
276150.3
276601.6
277147.3
277618.7
277965.4
278419.3
302351.5
312474.3
313136.5
313512.5
313880.4
314262.8
314902.3
315669.2
316941
320877.7
321900.9
331830.4
332237.7
332720.9
333265.6
334412.8
335024.1
335366
335719.1
336103.5
336976.6
338386.9
340667.1
342006.2
344042.5
350508.9
351426.5
363437.5
363955.5
364970.5
366366
370187.7
386767.1
395762.7
398750.4
399574.3
400166.4
401152
401738.6
402570.2
403269
403626.5
403930.1
404237.4
404705.5
405381.1
405986
407464.7
408082.3
409327.7
410290.4
411697.5
412719.6
417631.2
418455.2
419070.9
419795.1
421416.9
430200.4
431282.6
457278.3
469463.4
471718.6
472242.7
483434.1
484469.5
485246.6
486123.7
490465.8
491318.8
491732.3
501406.6
504427.6
504976.7
505448.6
505848.5
506316.7
508101.8
508733.9
509300.8
513928
514710.3
515195
515739.8
516636.3
517391.1
517925
518914.5
520192.9
525563.4
529217.7
538472
539108.9
539587.3
551685.3
552672.5
553106.7
553568.6
553970.8
554702.2
555000.3
555347.7
555678.5
556183.6
561339
565881.4
566772.2
568880.7
570427.6
571164.3
572580.9
576239.6
576953.5
577338.3
577726.2
578173.4
578739.2
582387.9
583233.9
607951.5
608546
611296.8
612278
612914.4
613531.9
614450.5
615638.6
616270
620541.4
621217.3
622460.8
629980.2
630996.3
631793.7
632619.1
636875.6
637746.8
651969.2
653383.8
666144.5
668315.6
668771.1
669263.5
669774.9
670163
670507.9
670828.7
671113.9
671396.8
671824.5
672589
680140.2
690765.4
691437.7
692008
692814.4
693360.9
694154.9
700669.5
701267
701629.2
703307.5
704116
704938.8
705940.3
706657.2
707194.1
707644.6
708121.7
720877
722972.1
723525.6
724221.6
736167.4
747973
752381.7
754661.9
755442.4
756129.5
756780.2
757187.4
757642
758235.1
758763.3
759150.5
762846.6
763538.2
781711.4
785149.6
785640.7
786192.3
788080.8
806146.5
812852.8
816221.8
816916.5
826876.8
829382.5
838797.7
846725.7
847352.2
847784
848736.5
849784.5
852600.6
853101.8
853663.2
854133.9
855596
858303.5
858958.4
859378.6
860872.2
867995.4
869269.7
874185.6
875482.3
875564.2
875931.5
876400.6
877206.9
913437.6
914585.1
914970.8
915449.4
915830.9
916159.1
916617.4
917208.2
917874.3
918633.5
919331.2
919912.6
920980.8
921342.3
921824.6
922247.4
922539.8
923199.9
923650.5
937783.8
939156
940224.3
941128.7
946999.8
948250.2
950040
984125.7
994862.8
995488.5
997339.2
998222.7
998983.8
999964.1
1000603
1001122
1001735
1003892
1008834
1009231
1009959
1010780
1011455
1012040
1012597
1013043
1013420
1013882
1014661
1015395
1015908
1016439
1016946
1017931
1024946
1025837
1026280
1029220
1029677
1030104
1030669
1031182
1031799
1048903
1051397
1054013
1054305
1054767
1055263
1055627
1059863
1060731
1061793
1066546
1067043
1067422
1069456
1070112
1071170
1079353
1081351
1081833
1082221
1082564
1082939
1083409
1083989
1084618
1085433
1085929
1086404
1087030
1091225
1091769
1093366
1106344
1106928
1107569
1108289
1115518
1116511
1117950
1119076
1119639
1120826
1121397
1122124
1140471
1141012
1141699
1142769
1143573
1144818
1145703
1160967
1161384
1161830
1162137
1162488
1162759
1163125
1163462
1163876
1164626
1172542
1176276
1176710
1177328
1177922
1178850
1179410
1185762
1188828
1199916
1200802
1206224
1206868
1207468
1207922
1209185
1209855
1210449
1210978
1211398
1221530
1229571
1229958
1230411
1230807
1231266
1231680
1245129
1245666
1246565
1247064
1247617
1248330
1249508
1250051
1250481
1250998
1254488
1255139
1255691
1256646
1263243
1263869
1265799
1267099
1269756
1271178
1272210
1282467
1283490
1306743
1307490
1318283
1321754
1323876
1330372
1330905
1350150
1356457
1359203
1362883
1375898
1389192
1390396
1390885
1391418
1392033
1392705
1393835
1413676
1414408
1415306
1415999
1417450
1421901
1422823
1423603
1426196
1428628
1429810
1433984
1435626
1436142
1436972
1437402
1437829
1438408
1439265
1439573
1439995
1440572
1441916
1442724
1447855
1448970
1450209
1456174
1458900
1469066
1472783
1479246
1480025
1481061
1489507
1496036
1497302
1498063
1498689
1499153
1499545
1499880
1500560
1501304
1501985
1504385
1505830
1509774
1510308
1510792
1511251
1511581
1512017
1512370
1512770
1513266
1513978
1520468
1521731
1522572
1523032
1523633
1557924
1558646
1559083
1559532
1559978
1561275
1561833
1562436
1565118
1578551
1580234
1581072
1583433
1584064
1584603
1601143
1603554
1603964
1604417
1605093
1608601
1610342
1613095
1614734
1615622
1616249
1616736
1624661
1625167
1625742
1626255
1626879
1627805
1628694
1635458
1656790
1657955
1658474
1658936
1659955
1660432
1661076
1662267
1662939
1680665
1681196
1681738
1682330
1683521
1685215
1692971
1693354
1693777
1694348
1694846
1695497
1698607
1699303
1706901
1709530
1709871
1711181
1711862
1713249
1714771
1717530
1718325
1719555
1724391
1724984
1726805
1738524
1739785
1740704
1741587
1742097
1743615
1750634
1751349
1751884
1752288
1753159
1753673
1754085
1754938
1756018
1770441
1771497
1771910
1772078
1772622
1773052
1773525
1779597
1780159
1781066
1800957
1801363
1801673
1801988
1802222
1802529
1802921
1803313
1803852
1805115
1806409
1815537
1816191
1828551
1836516
1837144
1838075
1840189
1842148
1848454
1849566
1851589
1854057
1854615
1856112
1872343
1872869
1873644
1874560
1875815
1876295
1877075
1878266
1879984
1880540
1881068
1881618
1882096
1882791
1883667
1884398
1885454
1893069
1897148
1907989
1913044
1913925
1915170
1916517
1917710
1929808
1930456
1932030
1941806
1942760
1944150
1944876
1945458
1947353
1948629
1961228
1962138
1963294
1964409
1965116
1965723
1966161
1967000
1967650
1967994
1968702
1969158
1969754
1970456
1970955
1971357
1971764
1972310
1976584
1977869
1990504
1999679
2015623
2020361
2020814
2021317
2022914
2044570
2045098
2045645
2046137
2046875
2049898
2051268
2052704
2054636
2055390
2056237
2056957
2057605
2058052
2058575
2059068
2059484
2060121
2060607
2061142
2061835
2084722
2104211
2105342
2106227
2106794
2111500
2112003
2112580
2113183
2129073
2131778
2132595
2133228
2134254
2134853
2135285
2135641
2136611
2137168
2146567
2147807
2156309
2169669
2192036
2192538
2193019
2193694
2194169
2194682
2195153
2195694
2196232
2197254
2198225
2198811
2199425
2210005
2210674
2228826
2229492
2253814
2254397
2257939
2259427
2262069
2262593
2263187
2264253
2265214
2265851
2281460
2287019
2291124
2307828
2308721
2313493
2314038
2314525
2314875
2315210
2315833
2341179
2341975
2342447
2342809
2343310
2343817
2347420
2352872
2357475
2360718
2369556
2369939
2370501
2371192
2371793
2373523
2374458
2375181
2377285
2377717
2378256
2379272
2387698
2388817
2408464
2411500
2412521
2413040
2413655
2414139
2414631
2415133
2417067
2418523
2422553
2423055
2423615
2424229
2424765
2431948
2432745
2438660
2439319
2439843
2451419
2452263
2453330
2457670
2458600
2459471
2468038
2486177
2486827
2487418
2489059
2489861
2492065
2500296
2510400
2514617
2514961
2515391
2515845
2520073
2520592
2532629
2536104
2557474
2561804
2567493
2569225
2571275
2572078
2573837
2574553
2575102
2575846
2576756
2577319
2578844
2587521
2588267
2589416
2590130
2591155
2592170
2595773
2597071
2598656
2599357
2602204
2605285
2605887
2606586
2607535
2611356
2612123
2612928
2613456
2613986
2614428
2614807
2615300
2616255
2647159
2648251
2670985
2671202
2671262
2671661
2672113
2673082
2673778
2700801
2701629
2702816
2704364
2705119
2715849
2716409
2725201
2726171
2735311
2736277
2736929
2737435
2738149
2738686
2739315
2739914
2750951
2757911
2758829
2760001
2761077
2762207
2762891
2763594
2766931
2767057
2767508
2768020
2775478
2775977
2776531
2783926
2784486
2785718
2794159
2795454
2796182
2800892
2813448
2830269
2831624
2832125
2832485
2833040
2834462
2835015
2839945
2840536
2841026
2841795
2842735
2843153
2843897
2844688
2845128
2846179
2846921
2851775
2852302
2852931
2854393
2860774
2861257
2861659
2862136
2862574
2863004
2863389
2864016
2864427
2864867
2865303
2865728
2866273
2866777
2867904
2880519
2881085
2881427
2881742
2882134
2882783
2884024
2884605
2900267
2901247
2902679
2903110
2903505
2904044
2904579
2905911
2926946
2944734
2945453
2946846
2947422
2954178
2954758
2969743
2970379
2972591
2974258
2975083
2981397
2987435
2988241
2989003
2993630
2993981
3018684
3026447
3027980
3028535
3029079
3029656
3030198
3030646
3036787
3047056
3049406
3049976
3050461
3050874
3051186
3051585
3052102
3052647
3053181
3054307
3057473
3058800
3065547
3066182
3066696
3067583
3071997
3079116
3080199
3080949
3087552
3103699
3104322
3105862
3106469
3116480
3117842
3121496
3121985
3122495
3123415
3124295
3125012
3125506
3125955
3126376
3127371
3127752
3128096
3150598
3156245
3162010
3163488
3164287
3171700
3172173
3172713
3174710
3175142
3175663
3176195
3176873
3177370
3178138
3189356
3194516
3195074
3195562
3196803
3197396
3207560
3208638
3220080
3224293
3225254
3226037
3226775
3228210
3239777
3240962
3264386
3265556
3274435
3275169
3277272
3279984
3284296
3285711
3286298
3287060
3287592
3290830
3291389
3293173
3295379
3305322
3306053
3307546
3308920
3309545
3313093
3313951
3314574
3315072
3315564
3316036
3320136
3320950
3321681
3322378
3324807
3334315
3335449
3345339
3352856
3371811
3372265
3372781
3373454
3383406
3385115
3385513
3386153
3386520
3386817
3387221
3387566
3388270
3393257
3393885
3394224
3394694
3395522
3397069
3397536
3398046
3408563
3409286
3420740
3421188
3421601
3422713
3423780
3426792
3427298
3427776
3436243
3436792
3438834
3443183
3453673
3463221
3467143
3483414
3484555
3485285
3485915
3490383
3490954
3492100
3493026
3493413
3494125
3496837
3499304
3499897
3500224
3500602
3501076
3501501
3502788
3510746
3511888
3513356
3516024
3518852
3519377
3520179
3520716
3521351
3531371
3542492
3558959
3564511
3576032
3606908
3607322
3608325
3618358
3618750
3619234
3620101
3620994
3643399
3643969
3644769
3649260
3649787
3650188
3650672
3654216
3654629
3692784
3694255
3694847
3696103
3697269
3705996
3706919
3708200
3727083
3732009
3732796
3733229
3733636
3733926
3734328
3734718
3735055
3735604
3736071
3736658
3737329
3738432
3742309
3742827
3743575
3746451
3747058
3748242
3749007
3760407
3761222
3761700
3762263
3762889
3763226
3763701
3764070
3764418
3765563
3766085
3766629
3767012
3767501
3769880
3808356
3809175
3812594
3813897
3814381
3815620
3816400
3816832
3817395
3817826
3818759
3819695
3831937
3835314
3835901
3836380
3836858
3837931
3840557
3841394
3842116
3842967
3843630
3847333
3847844
3848216
3848614
3849093
3851651
3852850
3853484
3854879
3868569
3869280
3870063
3870981
3871736
3872716
3885680
3901080
3901558
3902239
3902775
3903326
3904228
3905492
3906380
3906809
3907352
3908010
3908813
3927428
3927841
3928377
3928839
3929907
3931317
3934548
3939735
3940908
3961806
3962295
3963104
3963636
3964618
3965520
3966363
3967349
3967885
3968456
3969085
3969834
3970407
3970975
3972653
3973233
3973774
3974143
3974631
3975402
3977522
3978596
4004662
4005989
4006698
4007441
4010407
4014234
4030574
4057597
4058152
4059254
4069973
4080448
4081357
4083172
4086099
4088429
4089048
4089710
4090534
4104567
4105783
4116547
4117922
4118692
4119319
4144546
4147018
4147727
4149736
4150493
4160492
4161313
4188397
4189102
4194453
4195051
4195704
4198038
4200019
4205289
4206195
4206731
4207090
4207536
4207972
4208335
4208742
4209269
4209811
4212435
4216363
4218838
4219986
4220673
4221258
4226347
4226969
4241341
4241976
4242919
4243945
4253011
4263480
4267383
4267993
4268557
4269413
4287939
4291847
4292879
4293717
4294508
4295131
4297255
4327198
4329249
4329895
4330803
4331295
4331884
4332296
4332668
4333148
4334170
4335446
4348998
4352376
4353277
4366032
4366752
4367295
4367805
4368747
4369777
4377679
4386292
4391021
4391833
4397640
4398870
4399420
4402666
4403379
4404176
4404913
4429284
4430128
4434233
4438902
4440174
4444171
4447962
4448496
4448855
4449237
4449564
4449828
4450166
4450732
4451188
4453776
4455195
4457125
4477004
4477662
4478305
4478855
4480076
4518130
4537452
4551603
4559668
4561915
4562579
4563623
4581443
4583801
4584315
4584716
4585145
4585923
4586986
4613810
4614630
4615236
4616695
4618668
4624747
4625424
4626411
4627500
4628039
4631984
4632957
4633428
4634069
4648647
4649661
4650642
4654210
4656058
4657574
4658226
4658638
4660353
4660958
4661417
4661809
4662690
4663267
4663725
4664090
4664748
4665541
4666202
4666659
4666968
4667313
4667886
4668494
4668834
4669274
4670134
4679603
4694988
4697823
4698849
4707828
4709136
4709827
4710445
4710807
4711378
4713273
4724933
4726480
4742497
4743722
4748524
4755696
4765107
4765591
4766832
4767513
4768715
4783437
4785111
4785739
4786432
4789836
4790718
4799052
4801166
4808628
4810085
4815579
4847721
4848259
4848783
4849733
4850141
4851489
4857159
4857925
4862409
4863175
4863755
4885504
4886328
4886829
4889383
4890751
4891317
4891757
4892237
4892710
4893416
4893987
4894608
4895351
4897235
4914387
4914975
4916193
4917849
4919197
4921657
4922364
4922772
4923154
4923516
4923822
4924204
4924514
4924838
4925250
4925639
4925989
4950603
4959563
4959924
4960320
4961419
4978590
5002674
5004054
5007471
5018797
5035519
5040755
5041471
5060863
5066385
5071374
5071980
5072599
5073506
5085129
5086132
5086631
5087119
5087700
5090195
5091986
5093561
5100207
5101184
5106425
5107306
5107800
5108267
5108943
5109430
5110057
5111027
5111597
5111998
5113587
5114272
5115139
5122456
5123171
5123931
5124420
5125591
5152538
5160420
5176712
5177540
5179989
5181710
5182289
5182667
5184545
5186563
5188062
5189347
5194209
5195462
5198840
5199616
5213028
5213606
5214170
5215015
5216206
5216225
5217520
5219453
5220311
5220988
5221597
5222110
5224075
5224861
5226115
5226802
5227473
5228075
5228546
5229001
5229487
5230822
5232621
5233572
5246552
5247104
5247800
5252735
5253476
5254170
5254675
5255026
5255377
5255692
5255986
5256446
5258573
5259014
5259568
5293355
5298685
5299170
5301397
5302441
5303768
5305145
5307005
5323060
5324164
5338944
5339373
5339854
5341204
5341618
5342001
5342543
5343327
5347240
5357923
5358601
5359100
5359578
5374639
5374978
5375389
5375686
5376013
5378781
5379769
5380170
5405339
5406005
5406334
5406779
5407153
5407791
5434946
5436631
5437215
5446367
5446914
5447699
5448073
5449224
5450064
5450529
5451597
5458985
5459514
5463632
5465558
5466041
5466422
5466996
5467495
5468259
5470046
5470726
5471436
5472015
5473233
5474120
5475111
5475871
5476509
5477926
5484151
5485250
5490543
5491549
5492195
5492906
5497174
5498252
5504875
5505551
5506357
5506748
5507543
5508161
5508702
5509088
5509460
5509929
5510525
5511160
5522835
5523689
5524316
5533179
5535672
5536955
5537575
5547792
5549929
5559542
5560223
5560644
5561043
5563850
5565880
5566232
5566956
5568848
5569376
5570164
5572048
5572956
5573454
5574154
5574793
5575456
5584044
5589325
5612113
5618719
5620057
5620999
5621728
5626486
5627173
5628498
5628905
5629374
5631625
5632523
5634986
5635899
5637681
5638705
5639353
5640116
5640782
5641531
5657489
5658265
5659127
5661907
5662818
5663402
5664727
5665517
5666304
5679848
5691469
5692241
5700512
5708164
5708994
5711983
5713326
5717328
5719042
5720278
5739125
5740466
5740929
5741943
5742538
5743290
5751706
5767108
5767559
5776879
5777486
5778169
5779202
5780250
5782074
5792427
5793139
5793998
5794721
5795959
5796847
5798211
5798894
5799536
5809283
5810705
5811628
5812305
5819259
5819928
5820621
5821236
5821976
5822961
5823608
5824295
5825268
5850298
5850709
5851299
5851804
5852208
5852525
5852904
5853299
5853598
5853996
5854958
5857613
5874521
5875037
5875743
5876756
5877551
5878883
5880993
5881809
5883111
5884369
5885034
5885735
5886688
5887519
5888438
5889081
5889781
5890743
5891884
5892728
5897871
5898691
5902761
5903266
5903685
5904096
5904606
5911086
5911918
5912473
5912931
5913319
5913652
5914080
5914569
5915005
5915917
5920717
5925251
5926019
5927674
5929019
5971563
5973517
5974523
5975663
5977051
5978509
5979274
5981925
5983504
5986642
5987028
5993463
6007065
6014235
6015360
6016138
6016818
6017327
6017751
6018108
6018427
6018818
6019137
6019777
6020299
6020883
6021292
6023284
6023897
6026512
6028013
6028627
6029878
6030656
6031298
6031955
6032964
6063653
6089161
6089616
6090117
6090520
6090688
6091533
6094629
6095244
6096260
6096580
6097564
6098117
6099300
6100311
6113779
6121552
6123846
6129258
6144160
6145328
6146049
6148352
6153683
6157512
6158837
6159431
6159896
6161490
6162469
6168709
6169220
6171592
6172491
6182436
6182847
6183191
6183474
6183775
6184106
6184584
6185368
6185888
6186502
6188066
6190153
6190900
6195335
6196244
6204207
6204847
6206609
6209236
6211955
6212970
6213692
6222320
6222925
6223375
6223855
6224423
6225051
6225473
6226250
6259130
6259579
6259658
6261611
6262343
6270385
6302431
6303221
6303777
6304268
6305115
6305702
6306222
6306661
6307587
6308394
6308793
6309282
6309987
6313732
6315133
6315621
6316759
6321339
6323098
6328942
6330833
6331424
6333050
6337006
6338182
6339025
6347027
6347548
6355954
6360839
6362058
6362883
6363954
6364698
6365209
6366906
6367443
6367837
6368263
6368802
6369323
6369772
6370234
6370963
6371591
6372302
6375269
6376752
6377854
6379032
6379676
6380424
6381087
6382183
6382762
6384015
6405719
6406671
6407372
6407981
6410504
6414237
6431969
6432502
6433213
6435454
6440167
6440812
6441218
6441589
6441915
6442699
6443368
6447112
6447740
6449981
6450453
6451210
6452958
6457278
6458338
6462554
6462988
6463618
6464055
6464806
6465763
6466121
6466798
6467431
6467836
6468304
6468725
6470059
6470889
6471411
6479138
6485209
6486145
6509900
6510717
6511257
6511650
6512276
6516467
6518062
6530612
6541825
6569753
6570403
6571074
6571591
6572076
6573120
6575124
6577009
6577423
6577850
6578155
6578715
6579405
6580508
6591655
6591679
6592197
6593056
6596124
6597162
6600970
6602567
6603192
6603872
6604351
6605148
6606184
6607403
6607979
6608396
6609296
6609811
6610553
6621547
6622063
6622721
6624505
6625211
6625690
6626194
6626847
6627334
6627804
6628430
6629074
6629621
6632775
6635040
6638491
6644585
6645078
6645659
6646142
6646685
6647452
6649045
6661373
6661961
6662579
6664521
6680783
6684047
6684747
6685388
6685810
6686223
6686774
6696475
6697353
6700512
6701658
6711615
6712499
6713441
6713981
6714674
6715856
6716550
6717290
6718036
6718781
6724633
6726566
6727376
6731338
6751489
6777291
6778385
6778801
6779381
6780776
6781491
6781993
6788536
6789364
6789891
6790589
6790996
6791369
6792015
6792530
6794051
6795773
6796620
6797815
6806968
6807893
6808832
6819270
6820276
6826484
6826969
6827482
6828277
6829454
6830165
6830777
6831215
6835565
6838222
6857610
6866255
6868324
6868856
6869802
6871513
6872127
6872428
6873435
6874065
6875038
6876314
6877466
6888185
6888598
6888997
6889455
6889834
6890151
6890510
6891520
6891943
6893313
6899410
6899864
6900262
6900672
6901025
6901416
6901812
6902165
6902500
6902953
6903593
6904207
6905476
6906656
6907382
6908861
6914681
6915943
6916390
6950818
6951480
6952056
6953641
6954415
6962424
6962998
6963750
6965111
6980602
6981066
6981953
6982700
6983730
6985090
6986568
6987574
6988395
6988950
6989650
7014897
7026514
7026987
7027496
7028898
7033227
7038212
7041575
7049916
7054519
7055107
7057673
7063742
7081855
7082256
7082814
7083475
7084448
7084807
7085406
7085954
7088327
7089383
7091397
7092878
7094706
7100194
7102558
7103516
7104265
7104809
7106047
7112167
7112812
7113358
7113787
7114409
7114862
7131668
7132141
7132778
7133201
7133814
7134326
7135478
7136242
7137099
7138535
7141075
7143301
7149923
7151410
7152753
7153555
7154242
7155084
7155579
7156958
7158612
7160209
7162163
7164636
7165352
7200628
7202881
7208521
7210561
7217788
7237228
7241085
7241921
7244849
7245242
7245711
7246249
7246710
7247181
7247669
7250440
7257972
7258847
7259286
7259744
7260210
7261035
7261922
7263550
7269208
7269926
7271902
7272704
7273556
7274781
7275603
7276211
7279925
7286956
7287999
7297149
7299613
7300573
7301449
7326707
7329198
7333959
7334781
7335217
7335713
7336169
7336730
7356283
7356866
7357336
7357837
7358479
7359665
7360054
7361133
7362001
7362755
7366118
7366571
7367528
7368082
7368888
7369746
7370405
7371828
7372664
7374270
7374795
7375387
7376867
7383483
7384679
7387748
7388881
7389641
7390634
7391960
7392469
7393043
7393531
7393993
7394722
7395650
7396684
7398113
7405892
7406855
7409990
7411344
7411804
7412404
7413102
7413651
7415927
7416526
7431860
7433242
7434777
7435193
7435691
7436089
7436548
7437782
7462882
7463517
7464831
7465359
7466344
7466947
7467425
7468599
7469468
7470187
7470812
7471326
7472113
7484415
7487342
7488534
7489613
7498830
7510501
7511279
7511896
7512374
7513442
7514556
7520638
7545532
7549511
7549956
7550397
7550978
7552551
7553432
7562743
7563772
7564260
7565295
7566623
7568615
7590358
7599158
7603342
7606006
7606628
7617584
7625038
7625569
7626069
7626506
7627093
7650923
7659490
7660251
7660748
7675203
7692805
7700003
7700695
7701252
7701684
7702034
7702079
7702954
7705117
7706405
7709241
7709683
7710191
7714010
7714703
7715216
7716437
7740722
7744461
7746352
7749000
7752289
7752719
7753136
7753907
7755612
7762061
7763919
7764729
7766408
7766802
7768988
7769546
7769897
7770625
7771405
7787720
7788211
7788770
7790365
7795434
7796348
7797289
7798568
7799524
7800073
7800763
7801477
7803446
7805066
7805512
7806029
7806070
7807947
7810456
7813888
7814458
7816159
7816585
7833019
7833582
7834086
7834720
7835310
7836020
7838083
7838557
7844102
7844683
7845415
7890374
7891212
7893534
7920110
7920647
7937043
7939141
7939849
7940419
7940868
7941268
7941717
7942927
7944405
7945647
7946378
7959321
7960107
7960803
7961585
7962756
7964443
7965206
7965684
7966091
7972097
7987840
7989044
7990359
7991721
7992377
7993062
8011639
8012433
8013000
8013330
8013577
8013870
8014245
8014687
8016609
8017282
8018238
8024619
8026113
8045779
8046250
8046730
8047277
8047935
8048471
8049278
8049980
8050745
8056332
8071435
8072002
8073017
8074617
8076695
8101380
8107208
8108846
8109288
8110986
8116413
8121574
8122890
8124137
8124939
8125586
8126963
8137297
8139225
8144024
8147734
8148303
8149051
8154948
8156319
8158543
8177035
8177613
8178423
8179244
8179953
8180543
8199944
8205013
8206475
8207654
8208279
8210593
8211164
8212237
8213133
8220377
8221271
8223016
8224288
8224960
8225454
8225954
8226495
8228707
8231645
8232181
8232669
8233383
8234474
8235394
8235798
8236289
8236906
8244617
8245591
8246268
8246794
8247247
8259777
8261371
8262403
8265092
8269237
8270759
8271636
8272472
8273742
8275054
8279465
8280932
8289324
8296032
8296948
8297629
8298307
8307980
8309271
8322295
8323399
8324944
8326149
8327167
8327845
8334061
8334706
8336036
8336574
8337459
8338310
8338810
8350819
8352576
8353205
8353602
8355000
8358018
8369719
8373993
8374801
8375343
8375794
8376588
8377921
8378466
8379291
8380800
8387253
8392082
8392707
8393374
8394268
8394977
8399078
8406027
8406677
8407556
8408338
8435268
8439727
8443666
8445617
8446016
8446449
8446890
8447304
8447817
8448440
8462370
8463574
8468407
8469749
8470900
8474240
8474262
8486274
8486797
8487198
8487875
8488464
8489070
8489742
8497060
8500818
8502126
8505444
8506263
8550073
8562260
8562837
8563298
8563730
8564336
8565070
8569723
8570717
8576846
8577599
8578294
8578774
8581299
8582407
8596972
8597523
8597878
8598639
8609916
8611562
8612133
8612747
8613293
8613760
8614766
8615476
8616232
8617797
8619303
8633138
8642109
8642744
8643917
8651978
8652639
8653605
8653999
8654466
8654842
8655339
8683060
8690193
8690596
8691063
8691480
8692093
8692624
8693210
8693834
8694425
8697676
8698745
8701356
8713695
8714476
8717216
8717980
8718320
8719036
8719599
8720937
8721603
8725493
8726003
8726623
8727232
8729863
8730750
8731450
8732432
8737631
8740393
8740986
8741560
8742615
8769211
8770284
8770583
8770930
8771392
8771791
8772227
8772821
8773818
8774561
8775271
8775920
8776548
8777358
8779166
8779941
8780920
8785152
8785948
8817387
8818142
8819146
8821026
8821700
8822446
8849386
8850867
8857881
8858424
8858943
8859416
8859801
8860194
8860550
8860908
8861390
8861957
8863713
8866843
8875180
8876014
8876954
8878010
8879646
8893549
8899797
8901772
8911594
8912908
8913519
8914016
8914632
8915304
8917683
8927967
8929056
8934543
8939191
8941239
8942117
8942444
8942747
8943081
8943533
8943901
8944390
8944906
8946929
8947713
8949130
8950187
8951089
8955028
8956615
8957831
8958790
8959340
8959709
8960130
8960736
8964175
8964643
8965224
8965829
8976410
8976979
8977598
8978816
10353872
10354570
10355283
10379204
10390596
10391526
10391944
10393022
10398539
10399207
10399659
10399996
10400373
10400775
10401053
10401399
10402008
10402960
10403813
10404529
10417303
10417740
10419478
10420332
10421124
10422525
10424950
10425665
10426117
10426793
10437180
10437662
10438083
10438643
10439159
10444884
10446940
10447535
10448099
10448565
10449283
10450264
10450820
10465813
10466393
10467584
10470569
10471348
10475674
10477207
10478724
10479691
10487222
10488869
10489388
10489919
10490526
10491317
10506517
10507887
10508012
10510788
10512586
10513210
10513838
10515683
10516258
10516687
10517793
10518610
10518969
10519375
10519835
10520620
10521418
10522053
10523756
10524521
10525429
10526266
10527447
10528131
10552629
10553075
10553617
10563805
10564921
10565488
10565959
10568816
10580622
10581270
10583686
10584373
10585002
10585573
10586018
10586860
10587744
10615038
10615495
10615930
10616418
10616789
10617550
10620455
10629184
10636934
10638059
10638561
10639555
10640327
10642233
10648649
10650329
10650887
10651286
10651702
10652246
10652940
10653969
10654807
10655692
10656771
10657418
10657891
10658380
10660997
10661369
10670114
10681962
10688946
10689489
10690100
10690860
10695252
10698044
10703948
10722436
10738108
10739233
10740292
10740792
10741455
10744013
10746042
10751360
10752415
10778440
10802475
10805465
10806097
10806929
10809186
10811292
10815203
10816731
10818198
10823390
10823892
10824787
10826103
10827110
10827740
10862850
10864221
10864946
10865719
10866195
10868049
10869052
10882300
10888164
10889219
10890544
10891249
10891938
10892446
10907028
10908270
10909001
10909716
10910038
10910432
10910839
10911252
10911594
10912603
10917711
10918570
10919388
10919847
10920655
10921257
10922806
10931425
10932111
10932785
10933332
10933896
10934574
10935527
10936101
10950749
10951459
10953948
10956425
10957099
10957907
10958486
10958948
10959499
10960152
10960542
10962925
10963486
10964264
10966104
10970537
10979703
11002097
11002753
11003789
11004533
11028638
11035369
11038675
11042103
11043015
11043739
11044217
11045515
11047436
11047972
11048823
11049223
11049736
11050269
11050987
11061215
11062155
11063043
11081784
11090885
11100118
11101307
11101844
11102252
11102710
11103300
11110531
11111870
11112439
11113020
11113808
11115085
11118115
11135699
11136230
11136989
11138035
11165956
11167383
11168656
11169330
11169914
11170770
11171243
11190604
11192680
11193119
11193510
11193858
11194217
11194738
11197791
11198711
11201403
11202129
11202722
11203259
11203892
11204353
11204861
11205384
11209114
11209617
11220975
11222247
11225318
11227608
11228208
11228716
11229195
11229716
11253305
11254104
11254906
11256052
11256580
11257190
11257425
11258199
11259085
11260594
11262205
11262764
11263367
11264057
11265111
11267001
11267823
11279057
11281539
11282511
11283078
11283626
11284198
11285390
11286080
11290057
11317758
11318268
11318751
11319265
11319687
11320085
11320920
11321464
11322699
11324360
11325605
11328179
11329882
11339383
11344311
11345739
11346383
11355073
11355618
11356180
11364202
11366197
11367738
11368533
11369724
11370263
11370800
11371328
11371907
11372573
11373271
11387674
11388472
11390175
11391574
11392236
11392802
11393190
11404265
11405999
11406401
11406845
11407294
11407834
11408934
11409055
11424950
11425817
11427934
11429748
11436295
11437330
11438009
11438613
11439068
11439497
11440081
11441354
11452676
11453693
11456660
11461506
11469416
11496728
11497411
11497976
11498453
11499154
11503946
11504457
11512541
11514152
11514754
11530370
11539051
11539651
11540490
11540992
11541775
11545578
11546153
11546758
11547869
11548794
11559700
11574812
11576502
11580073
11580723
11581481
11582491
11611137
11614534
11615703
11616166
11616582
11616970
11617320
11617711
11618110
11618955
11650238
11651912
11652796
11653305
11653846
11654465
11655463
11656264
11656821
11657332
11658859
11661763
11662287
11662968
11663755
11668908
11669519
11671902
11672830
11675060
11705663
11706514
11710845
11711595
11712773
11713851
11714550
11715566
11716700
11717086
11717591
11718157
11718638
11719518
11720146
11724058
11729111
11729743
11730634
11731307
11731946
11732835
11733837
11734654
11735646
11736140
11736602
11750372
11752909
11753423
11753841
11754355
11754998
11755434
11757312
11780875
11782054
11782784
11794628
11795204
11795866
11796910
11797488
11798980
11845845
11846529
11849980
11850813
11851723
11852535
11860033
11860403
11860966
11862613
11864867
11865314
11865859
11866512
11868346
11869624
11876439
11876850
11877318
11877941
11890357
11891667
11894998
11895495
11896081
11896814
11897504
11897986
11899011
11900055
11912661
11913664
11923786
11924614
11925812
11926254
11928027
11935477
11936299
11936939
11937342
11937880
11938297
11938832
11939697
11953629
11959089
11959601
11960024
11960370
11960722
11961146
11961827
11975301
11975853
11976829
11977747
11983233
11984229
11985208
11985935
11990088
11990676
12000962
12001577
12002586
12003534
12010580
12023265
12037554
12038589
12040266
12074267
12079723
12081100
12083163
12084458
12085139
12085616
12086281
12086947
12096118
12097211
12099710
12100404
12102378
12103775
12104218
12104730
12105279
12106638
12107248
12108151
12109060
12110506
12113242
12114271
12115907
12117365
12118314
12160334
12161073
12162470
12163726
12166035
12173293
12174406
12176662
12177353
12178478
12184873
12185606
12186283
12188051
12204742
12206059
12210616
12225694
12226169
12226585
12227044
12227887
12228411
12229545
12236368
12240064
12240721
12241456
12249942
12252317
12254458
12254951
12255643
12256087
12256677
12260161
12261579
12278254
12279228
12279956
12280427
12280902
12281442
12282073
12282656
12288546
12289526
12292117
12312187
12313323
12314029
12314613
12315208
12315886
12319687
12320386
12321346
12326517
12327467
12328132
12338167
12348412
12349268
12351544
12369483
12374485
12378692
12379759
12388824
12394651
12399794
12402288
12402956
12403618
12405263
12409471
12412692
12413229
12413757
12414129
12414800
12415547
12419816
12445180
12446875
12449939
12450584
12451268
12451818
12452824
12453369
12454478
12465845
12476447
12477165
12477799
12478524
12490125
12516337
12517435
12522147
12523021
12523625
12524116
12524502
12525188
12526317
12538890
12539459
12547166
12548134
12549487
12549996
12550461
12552011
12569206
12618013
12626076
12630774
12631628
12632652
12633561
12634096
12634745
12635505
12635955
12653185
12658866
12659763
12660408
12667433
12668215
12668934
12669316
12669854
12670636
12673193
12674797
12675440
12678583
12679383
12692647
12709161
12709593
12710119
12710555
12710905
12711412
12711917
12712513
12713193
12721195
12721998
12723990
12737858
12739994
12758153
12758824
12761033
12762729
12763276
12766627
12767087
12768195
12769974
12770932
12773169
12778350
12778880
12779545
12785117
12787300
12787977
12789702
12790230
12790746
12791264
12791634
12792102
12794004
12795344
12795803
12816478
12817600
12818192
12821746
12822758
12830625
12835792
12839422
12840160
12840724
12854199
12856159
12857481
12858818
12860946
12862765
12865518
12870863
12884443
12890905
12891490
12893811
12894314
12894979
12921959
12926569
12929787
12930899
12931414
12932193
12939586
12940126
12940738
12941237
12941803
12942280
12945907
12946543
12947929
12948788
12949782
12961920
12968651
12969521
12970294
12971341
12979940
12986754
12987187
12987659
12988504
12989606
12997996
12998678
12999612
13020827
13021544
13022188
13022746
13023601
13024899
13026104
13028280
13029928
13064968
13065564
13066832
13067510
13075036
13075452
13076629
13083685
13091138
13091862
13092520
13101800
13102281
13103508
13104166
13104922
13106761
13108819
13109301
13109721
13113140
13141486
13154436
13154899
13155522
13156127
13166669
13167282
13167931
13168424
13168830
13169356
13169810
13170418
13171216
13171791
13172264
13173046
13173769
13184604
13185053
13185529
13186088
13187127
13191544
13192228
13193020
13193211
13201552
13207525
13208013
13208843
13209500
13210122
13210695
13211091
13211695
13212342
13212831
13213295
13213802
13214735
13217588
13218158
13218894
13219412
13219791
13231994
13232714
13233222
13234544
13235145
13235890
13237623
13264940
13266026
13266677
13267106
13267643
13268188
13268681
13269501
13270629
13271045
13272041
13282523
13283210
13283731
13285098
13286094
13287089
13289842
13295786
13296486
13296973
13300094
13300709
13306202
13318824
13319817
13326198
13327074
13327795
13330092
13331351
13333007
13343666
13344460
13345034
13345572
13345962
13359273
13360841
13361530
13362196
13362740
13363313
13364476
13367207
13369584
13370340
13371150
13371902
13377756
13380807
13386303
13387355
13407021
13415673
13429312
13430323
13431071
13431934
13433817
13435347
13439939
13441014
13441819
13442445
13443212
13444531
13457534
13458557
13459753
13460367
13461008
13461531
13477992
13478591
13479682
