11307.16
11879.57
13125.34
14298.17
20249.06
20783.88
21408.67
22296.46
23056.59
25427
26835.81
27472.58
65060.47
65485.39
65885.72
66376.78
67550.7
68554.7
75031.37
75999.58
76789.75
76882.7
77350.87
79714.52
80322.45
81617.96
82734.82
85221.48
92250.13
92856.8
97032.36
98371.78
99846.06
100769.4
101418.2
101871.7
102302
103297.9
103914.5
106513.7
115407
126821.5
127491
128215.5
128934.6
129457.6
129869.9
130527.6
131071.3
147943.9
148850
149907.6
151365
158710.6
159158.3
159477.5
159871.6
160234.9
162906.2
163207.4
163571
164088.6
164721.3
167785.4
168641.2
169387.4
169755.2
170688.1
171063.6
171367.8
172339
173288.1
173793.4
174549.7
175080.7
175539.6
176088.3
180462.2
214388.5
230327.7
231422.6
243773.6
266870.7
267814.4
273181.6
273777.6
274537.5
275835.6
276675.2
277238.4
277685.4
278258.5
278806.7
279349.9
282135.2
282773.7
283332.8
283992.1
284741
286867
323681.9
343614.8
350349
351631.6
366492.4
367111.1
367759.3
368373.4
368959.5
369592.6
369968.7
370027.9
370460.4
370834.5
371335.3
371826.1
372128.8
372784.5
373177.7
373289.6
373675.6
374027.4
375514.8
375909
376745.6
389985.2
390458.6
391213.2
392842.5
394438
396022.9
396810.3
397249.4
397786.9
398586.7
406214.5
407227.2
407898.8
408367.3
409240.5
409895.1
411006.6
411529.9
412337.1
417533
419726.2
428453
429312.7
429682
430285.4
451290.7
453347.2
455575.5
456696.1
464614.4
469924.9
484076.5
485506.5
490112.6
497197.7
501909.8
502434.7
503980.5
506215.9
506661
507094.4
507567.8
508023.5
508673.2
509521.7
509983.4
510892.9
526439.2
527089.5
535387.5
546818.7
547280.3
547655.1
548361.4
548847.5
549611.4
550476.5
574162.9
574951.7
576341.1
577580.1
593264.5
599962.8
600680.9
605552.1
605858.6
606363.3
606690.2
607517.7
608156.5
608561.9
608993.6
609399.4
610062
611229.8
613531.5
614457.7
615494.8
615872.5
617355.3
618367.2
619683.3
620198.6
627806.5
629992.1
630589.2
631248.7
632334.7
633118
634767.6
636302.7
645209.5
659603.2
660298.2
660772.9
665737.4
674094.3
675141.8
675685.7
677023.6
682274.8
712860
719314.3
720335
721023.9
722532.3
723433.8
723797.6
724083.1
724405.8
724711.5
725090.3
725427.5
725946.3
726557.2
735238.1
736560
738997
744800.5
746145.5
749691
773449.8
784485.7
785882.9
786341.5
787964.9
802125.4
805149.4
806278
809748.2
810325.1
816182.5
816514.3
816980.9
817696.8
818182.9
819187.4
820441.1
824095.2
825123.5
826469.4
827961.1
837311.2
841361.9
842878.6
846473.9
848680.4
849227.3
850161.2
850785.7
852013.1
852555.3
853692.2
854380.4
855030.8
855717.7
856638.3
876187.5
876648.4
877049.5
877378.9
877839.8
878863
879292.5
881258.5
904676.7
917266.5
919184.8
919562.9
921902.2
923641.9
931698.7
932316.6
933453.5
933575.4
934610.9
940844.6
941844.7
949243.4
958041
960869.7
962719.4
978309.1
989516.6
992760.6
993561.3
1003145
1003860
1004300
1004747
1005261
1005697
1011062
1012192
1013959
1020118
1028918
1034614
1035433
1036038
1036438
1036951
1037280
1038162
1040440
1040965
1055359
1055803
1057609
1058083
1059032
1059601
1061343
1062651
1062709
1063806
1064405
1064817
1067104
1067732
1068135
1068736
1069319
1069961
1070702
1072484
1075554
1076812
1077948
1082058
1082630
1091916
1099251
1101521
1113711
1114767
1120797
1121594
1135942
1137664
1152195
1152785
1153120
1153475
1154054
1154589
1161501
1171286
1171956
1172612
1173093
1173745
1174167
1174627
1175517
1177772
1178285
1178708
1179306
1179853
1180569
1183108
1184289
1185735
1188281
1188799
1189240
1189634
1190051
1190433
1190977
1192294
1194308
1197834
1199051
1201109
1219243
1219759
1220640
1222367
1223496
1224025
1224450
1224960
1225430
1226529
1228596
1231248
1232659
1234057
1235174
1235578
1236291
1236813
1238621
1240627
1241171
1241690
1242265
1242955
1243697
1263252
1266209
1266834
1268222
1270496
1271152
1271635
1272127
1272762
1273295
1274628
1275276
1275450
1276050
1276508
1277151
1277726
1278442
1282346
1283156
1293781
1297189
1301770
1303154
1304214
1305712
1306825
1307432
1307826
1308213
1308719
1309391
1309869
1310753
1318839
1321792
1322398
1322883
1324005
1326586
1330752
1331152
1359136
1359685
1361477
1362104
1363249
1363777
1364216
1364952
1384859
1390228
1390678
1391867
1392578
1398012
1415074
1417372
1423966
1424443
1426927
1427578
1440863
1441628
1442357
1475151
1477051
1478904
1487106
1488038
1488851
1490535
1491090
1491701
1492327
1506621
1507106
1507445
1507862
1508377
1510637
1511088
1511920
1513209
1513713
1514216
1514783
1515958
1516655
1517071
1517441
1517860
1518221
1519029
1519859
1520534
1521311
1522078
1522698
1523735
1524870
1525600
1527529
1528468
1528957
1529900
1539771
1548325
1558660
1561975
1562800
1565600
1566437
1570862
1571672
1572447
1573896
1574819
1575519
1576264
1576768
1577176
1577649
1578508
1579925
1581847
1595487
1596014
1597042
1603952
1607339
1611234
1611833
1612308
1612983
1614312
1614986
1615671
1630336
1660320
1660651
1661475
1662935
1663520
1664147
1664875
1669658
1672201
1672757
1673439
1678929
1680107
1681819
1682990
1684569
1692415
1693468
1694951
1695414
1695812
1696608
1697370
1707409
1708082
1709520
1710308
1711096
1714590
1715711
1717552
1718143
1718632
1740800
1741490
1742078
1742839
1743454
1749571
1750083
1750700
1751335
1766871
1767519
1767918
1768521
1769804
1770823
1771594
1772379
1773608
1775489
1778198
1802927
1804480
1820611
1820698
1826628
1827555
1828214
1829657
1840486
1862464
1863032
1864588
1865370
1865915
1866359
1867538
1868975
1871647
1872303
1885376
1886161
1892867
1894631
1895405
1897417
1903972
1904492
1905071
1905463
1909589
1910102
1910414
1910698
1911038
1911352
1911775
1912381
1913177
1913733
1914676
1915416
1916846
1917506
1918980
1919593
1919995
1921109
1924292
1924983
1941365
1944519
1944944
1945436
1946061
1950986
1952232
1957747
1958019
1958608
1959000
1959856
1960194
1960558
1960815
1961087
1961361
1961732
1962354
1962746
1963262
1963854
1964215
1973067
1974921
1976471
1990370
1996023
1996433
1996839
1998358
1998988
2001753
2002291
2002867
2003659
2004499
2005098
2011979
2040207
2051392
2054963
2055655
2056229
2065137
2081727
2082387
2083258
2084004
2094469
2095723
2096633
2097099
2097483
2098024
2098502
2100214
2105245
2105965
2106590
2107022
2107726
2108183
2126047
2129190
2129738
2130289
2130763
2131135
2131859
2132365
2132834
2168674
2169535
2170115
2170745
2171538
2172048
2172805
2174173
2175001
2175624
2176146
2176900
2177603
2178559
2180492
2180921
2181840
2185781
2187073
2195049
2218445
2220100
2220735
2221327
2222254
2223050
2223816
2228016
2228737
2229248
2230244
2251101
2253763
2254937
2259146
2260937
2261516
2261913
2262861
2263258
2264350
2265141
2268519
2269022
2269449
2270207
2272892
2274231
2275052
2276924
2278085
2278723
2279722
2301428
2324516
2327190
2328373
2332673
2357052
2357928
2368957
2373093
2373616
2375482
2378514
2382583
2383115
2383844
2384611
2385366
2385865
2387114
2388704
2389933
2391084
2408504
2409022
2409519
2410264
2410924
2411239
2411640
2412043
2412450
2414922
2417378
2418294
2419132
2420209
2421611
2422339
2422847
2446561
2447442
2448576
2470247
2478583
2479771
2486027
2489750
2490585
2491581
2492657
2493419
2494087
2494646
2496970
2497790
2498410
2499047
2499741
2506820
2511929
2512646
2524971
2527071
2536326
2538588
2539077
2540071
2540686
2541142
2542148
2544452
2550438
2559541
2569581
2570155
2570732
2571198
2571654
2573475
2587212
2587710
2588116
2588751
2589619
2590287
2591790
2593557
2594465
2595640
2596364
2596929
2599179
2600638
2601222
2601834
2602300
2602931
2603523
2603922
2604310
2605025
2605536
2607194
2618306
2625652
2626096
2626580
2627065
2627736
2628230
2629140
2629750
2630962
2641578
2643658
2645377
2645949
2646445
2649197
2652665
2653230
2653896
2654775
2659872
2667260
2668199
2668841
2669528
2670320
2679505
2680290
2704059
2709858
2710754
2713188
2723471
2729804
2731982
2732784
2733665
2734462
2735587
2748856
2749895
2761045
2761538
2762582
2763456
2764984
2765713
2766872
2767582
2768138
2776351
2776966
2777446
2778080
2780455
2787707
2788652
2789148
2789554
2790094
2790705
2791224
2791839
2793708
2800558
2802484
2803707
2804200
2805101
2805533
2806241
2808236
2808939
2809426
2810026
2810851
2811352
2811826
2812353
2816279
2816803
2817378
2817789
2818176
2818572
2820528
2827818
2855006
2855383
2855864
2856887
2857668
2865394
2865884
2867612
2868354
2868972
2869741
2870812
2871557
2919483
2920881
2921284
2921629
2922200
2923145
2923666
2924171
2924678
2925072
2926400
2930416
2931177
2939167
2940181
2941514
2942011
2942944
2943315
2944036
2947615
2948067
2949114
2951486
2957769
2958542
2959006
2959465
2959915
2960593
2978071
2990740
2991521
2993396
3002668
3012719
3017332
3018653
3020319
3025294
3025773
3026584
3027060
3027607
3028650
3053057
3057818
3059792
3060624
3061428
3062998
3065347
3081709
3087416
3093333
3094281
3095176
3096065
3100947
3101537
3102192
3104267
3110368
3110974
3111854
3127223
3128593
3130187
3130579
3130910
3167142
3169045
3172326
3173443
3174806
3176396
3178136
3178826
3179864
3180623
3194753
3203174
3205751
3210642
3212345
3213297
3213963
3214671
3220582
3222429
3223140
3223545
3224787
3225287
3225652
3226038
3226416
3227883
3245497
3246145
3246894
3247301
3247683
3248156
3248781
3249221
3249681
3250291
3250834
3275568
3276292
3276710
3277868
3278363
3278932
3279346
3279794
3280646
3300245
3301583
3302971
3303394
3304158
3306102
3308740
3309526
3316169
3317360
3317832
3318557
3318875
3319472
3319941
3320540
3321459
3325227
3325807
3330211
3330829
3331998
3333600
3334344
3334825
3335222
3335641
3340383
3341046
3341690
3342513
3343150
3343810
3345642
3348627
3352200
3361557
3362462
3362994
3363605
3364963
3375344
3378252
3385798
3386280
3394524
3416454
3417399
3418307
3418927
3419303
3419644
3420142
3420513
3420925
3421465
3436251
3443943
3447451
3450067
3450724
3451623
3452403
3459532
3460399
3464269
3465320
3466028
3471132
3487834
3488477
3492288
3493121
3493688
3494846
3505291
3506009
3509242
3509705
3510176
3510924
3535178
3536695
3543784
3550079
3550907
3551506
3552025
3552442
3553000
3569332
3606453
3608639
3611078
3611806
3612328
3620424
3621776
3622846
3626374
3627265
3628201
3628979
3637001
3645899
3647709
3651602
3654532
3655642
3658645
3672629
3676390
3684513
3685071
3685443
3685991
3686450
3687008
3687279
3687704
3688332
3688921
3689355
3689849
3690932
3693167
3695435
3696066
3696663
3699908
3706205
3707468
3708530
3714009
3715059
3715510
3716097
3716723
3717472
3732757
3734490
3735060
3736041
3737518
3754887
3755610
3756390
3761978
3762595
3763102
3763754
3764345
3764863
3765312
3766104
3771546
3771572
3772879
3773553
3773949
3774619
3776225
3776670
3795178
3795873
3797326
3799512
3820521
3823861
3824431
3825690
3826376
3826824
3827241
3827766
3833969
3834752
3835392
3835981
3836517
3837074
3837628
3838046
3838623
3840509
3841217
3841857
3842314
3842903
3843698
3853843
3861433
3861831
3862191
3862719
3863465
3868730
3869513
3870024
3870646
3871378
3884454
3885062
3885999
3888419
3889147
3890046
3899882
3904347
3904956
3909765
3911276
3912409
3931164
3942890
3943865
3945168
3947161
3947653
3948306
3949332
3951642
3968259
3969010
3969503
3970022
3970781
3971604
3972367
3973647
3974159
3974628
3975126
3975663
3976174
3976930
3977309
3983291
3983827
3984437
3994393
3995518
4014334
4020559
4030158
4030565
4051353
4054620
4055225
4056839
4057447
4058533
4061686
4062050
4062518
4063154
4073300
4078707
4087518
4088643
4089164
4089655
4090436
4092794
4093229
4094032
4094696
4095435
4096391
4097842
4100897
4115580
4139585
4140033
4140344
4140934
4142985
4143858
4146574
4147165
4147825
4149011
4149971
4165893
4169604
4179197
4180008
4186119
4191603
4192115
4192755
4194232
4194848
4206720
4207188
4207611
4208043
4208868
4209725
4211946
4212538
4212997
4214345
4215115
4216554
4217148
4217715
4218483
4219768
4220214
4220635
4221032
4221580
4222297
4222823
4223759
4224705
4225710
4226279
4226947
4230224
4232917
4233623
4235415
4235882
4236800
4238200
4258236
4258927
4261198
4277989
4319774
4320420
4321092
4321645
4323419
4325248
4325983
4326536
4327468
4336158
4338339
4340819
4342093
4365384
4366138
4369445
4375486
4376726
4377610
4380898
4384729
4385835
4386303
4387154
4388331
4389498
4390137
4390879
4392477
4393385
4402938
4409281
4410666
4411854
4413884
4414421
4415362
4415894
4416262
4416664
4417218
4417572
4418140
4427513
4430304
4433613
4439595
4440020
4441143
4441764
4442362
4444190
4455311
4459219
4462095
4462851
4463933
4464866
4480935
4501118
4507669
4513978
4522826
4523412
4526626
4527251
4527694
4541738
4571966
4583267
4583890
4584851
4609639
4610463
4612080
4634155
4645728
4646343
4648246
4648902
4657639
4658330
4658943
4659635
4660121
4660574
4661031
4661374
4661833
4665062
4665539
4666907
4667203
4667551
4669988
4670947
4672955
4673463
4674202
4685834
4686659
4687354
4688753
4689239
4695037
4708367
4709146
4709594
4710098
4716545
4717569
4720774
4721629
4722028
4722685
4731034
4731700
4734154
4734324
4734803
4734954
4735220
4739811
4751180
4751743
4752391
4753599
4763180
4772945
4773872
4775925
4777690
4782315
4783329
4784273
4784731
4785387
4785950
4786367
4786810
4788001
4796089
4805871
4820349
4841580
4850364
4851774
4852327
4853481
4854334
4855075
4855555
4857469
4865672
4866555
4867246
4868591
4868928
4869520
4871583
4879904
4880507
4881210
4890209
4898626
4905120
4905923
4906372
4907229
4909009
4910555
4911388
4950632
4951347
4960601
4964032
4964909
4966577
4967576
4971550
4972184
4973130
4974298
4974932
4974951
4975455
4981680
4982153
4982561
4983110
4984716
4987171
4989157
4996059
5021704
5024569
5026806
5027574
5028095
5028503
5028941
5029538
5030634
5035336
5036219
5040299
5041068
5041631
5042737
5043617
5045489
5053396
5057437
5057971
5059001
5059582
5060152
5061325
5061792
5062483
5063101
5069166
5096727
5097644
5098908
5099719
5100299
5100699
5101101
5101505
5101817
5102397
5102934
5103895
5110402
5111530
5112053
5112595
5113188
5113654
5115570
5116084
5119974
5120375
5120881
5124352
5126446
5127008
5139530
5140509
5144350
5144969
5145580
5158082
5158501
5159209
5159840
5166684
5178809
5179878
5183109
5185844
5199709
5201837
5202195
5202583
5203056
5206442
5213231
5213681
5214275
5214924
5215464
5216185
5218069
5218595
5219455
5221687
5231100
5236292
5237502
5237914
5238580
5240510
5252202
5252777
5253276
5254049
5285437
5288744
5290931
5292686
5306049
5307408
5308470
5315106
5326275
5327641
5328375
5329410
5330150
5330678
5331927
5332480
5333082
5333873
5334897
5335726
5337188
5337933
5340785
5359783
5366841
5367821
5377699
5378348
5379023
5411386
5413408
5415033
5423404
5424761
5446399
5451290
5451901
5452380
5452886
5453310
5453994
5454892
5457674
5482536
5486475
5487237
5488064
5489152
5489794
5490481
5490815
5491234
5491617
5492239
5497259
5498250
5499049
5500087
5502102
5514993
5515482
5515945
5517826
5528985
5530465
5534937
5538426
5555994
5556670
5559282
5559900
5561163
5561959
5563351
5564308
5564692
5565086
5565412
5565882
5566179
5566503
5566819
5566915
5567370
5568140
5568468
5569126
5569469
5570081
5570694
5581716
5582284
5582919
5583693
5584706
5585387
5585902
5586389
5586988
5594326
5594837
5595398
5597741
5607064
5607795
5608561
5615259
5615724
5616984
5617895
5619497
5620207
5621673
5622397
5624507
5636002
5637105
5637648
5641191
5644403
5645265
5646579
5647313
5650158
5651330
5652200
5653073
5654131
5668999
5669699
5670538
5672909
5673851
5674444
5675137
5675765
5676343
5677169
5677964
5700271
5701457
5701990
5704271
5705880
5708611
5710514
5716846
5717568
5719022
5722975
5736947
5738945
5755100
5767149
5776290
5777164
5777788
5778406
5779263
5780408
5781620
5782180
5782624
5783277
5827227
5829726
5830323
5830799
5831335
5850098
5850576
5853975
5861520
5866131
5867190
5867835
5868486
5873650
5874351
5875560
5876343
5878368
5878980
5880029
5897877
5898550
5899382
5901980
5902693
5903862
5905272
5905793
5906378
5906852
5907348
5909082
5909492
5910660
5912746
5914527
5915192
5952830
5953606
5954485
5960312
5961818
5962821
5963396
5963829
5965203
5966013
5966682
5967195
5969376
5970312
5971020
5975092
5975837
5976334
5976705
5977252
5977897
5978621
5985536
5987371
5990480
5991127
5992677
5997379
6012509
6013722
6014237
6017091
6018636
6019770
6021806
6022424
6038504
6039108
6039876
6040509
6040966
6041548
6043978
6045304
6046204
6049261
6050207
6055673
6056670
6057152
6057914
6073934
6076686
6078778
6099156
6099592
6100123
6100812
6102864
6104335
6105003
6105589
6106264
6106679
6107158
6107637
6111902
6112859
6114105
6115001
6116291
6118208
6127130
6134318
6148395
6154222
6154931
6155632
6156120
6156438
6156460
6157043
6184939
6185756
6186822
6189698
6191529
6201416
6201898
6202359
6203028
6204739
6205623
6206161
6206868
6210003
6210956
6220441
6221058
6226710
6227475
6244153
6244779
6249659
6254508
6260838
6261796
6262427
6263027
6264256
6266344
6267003
6271886
6272514
6273057
6273754
6274402
6307268
6308060
6308584
6309189
6309821
6310386
6321406
6322588
6331132
6332480
6334004
6334900
6335308
6337769
6338362
6338781
6339401
6339841
6340384
6340830
6342063
6344807
6356250
6361699
6362253
6362943
6367496
6373254
6374143
6375107
6375797
6376621
6377279
6377811
6378261
6378634
6378988
6379275
6379626
6380016
6380499
6384290
6394812
6397851
6398396
6402804
6404078
6405872
6410289
6411848
6412262
6412793
6413475
6414420
6415051
6427749
6431150
6432007
6434401
6441714
6442137
6442532
6442906
6443307
6443728
6444036
6444989
6445648
6448328
6449041
6455912
6456562
6460450
6460864
6461380
6461701
6462970
6463646
6465238
6466342
6467776
6474173
6475157
6477564
6492382
6494671
6502209
6510141
6510669
6511104
6511600
6512033
6512502
6537082
6544361
6545246
6545883
6547427
6548547
6549051
6549553
6549574
6550773
6552479
6553461
6556963
6584179
6587091
6587851
6590313
6590875
6591818
6593223
6595420
6597268
6600943
6617181
6617675
6618353
6618729
6619473
6620422
6620908
6640454
6642241
6650907
6651349
6651914
6652476
6653731
6654815
6655222
6655607
6656311
6656860
6657681
6665277
6665681
6666393
6667136
6679144
6679923
6680991
6697706
6698715
6699330
6700093
6700731
6701546
6702301
6709412
6710118
6710685
6711256
6712168
6713480
6721145
6725745
6726323
6726935
6727788
6750152
6750550
6751973
6766022
6766489
6766949
6767539
6767910
6768286
6768793
6769204
6770271
6786650
6787906
6791466
6793222
6796778
6797590
6800801
6809145
6809683
6810632
6811396
6811973
6812521
6812917
6815475
6816067
6822519
6823212
6824619
6824947
6825553
6826214
6826777
6827244
6827686
6828466
6829715
6831439
6832989
6833784
6834705
6835638
6836326
6878133
6888135
6888820
6889268
6889942
6890754
6896828
6898574
6899084
6899655
6903814
6904650
6905247
6908854
6910166
6912424
6913339
6914115
6915263
6915815
6916329
6916884
6919320
6925733
6927127
6943159
6947822
6948249
6948689
6949113
6949755
6950792
6953540
6954652
6961858
6964085
6966234
6966984
6970029
6979954
6983616
6985185
6986073
6986947
6987695
6988547
6990006
6993713
6994439
6997835
6999442
6999982
7000466
7000922
7047521
7051898
7057612
7059685
7060479
7061067
7062190
7062939
7063577
7097834
7098913
7105632
7120574
7121155
7131972
7132819
7134202
7141724
7142269
7142744
7143293
7144224
7155975
7162732
7163167
7163762
7164258
7208512
7209458
7217358
7218028
7218518
7218937
7219320
7220409
7221022
7222225
7226328
7226953
7227694
7228253
7230978
7231738
7232392
7232958
7233594
7234006
7234446
7234832
7235403
7235903
7240801
7246142
7262180
7263120
7267796
7275690
7277205
7277910
7279833
7280615
7281287
7282370
7284712
7292515
7292962
7293523
7293983
7294525
7294841
7295388
7295939
7297255
7311810
7312706
7313369
7313975
7314447
7320987
7322994
7326860
7327319
7328269
7329013
7329581
7330680
7331843
7332769
7352013
7353641
7353841
7354945
7355761
7356430
7360196
7361238
7364294
7365412
7365961
7368424
7370016
7370981
7372146
7376772
7390419
7397218
7398757
7416320
7417544
7434778
7435404
7435961
7436941
7440191
7441716
7443067
7447589
7461760
7462326
7467801
7473330
7489252
7489916
7504434
7505146
7506268
7506996
7507479
7507981
7508408
7508914
7509616
7510602
7537845
7538558
7539813
7540579
7561885
7564481
7565136
7565759
7566962
7567579
7568151
7570933
7584400
7584794
7585522
7586189
7587715
7599379
7600005
7600599
7601636
7602318
7602975
7603420
7603771
7604395
7605459
7607756
7656089
7656523
7656924
7676530
7677193
7690140
7691306
7697193
7708460
7709139
7709689
7710168
7710754
7710778
7742337
7743978
7749737
7751226
7752492
7753482
7754191
7761035
7761678
7762072
7762612
7764201
7766880
7769831
7770395
7772525
7773975
7775392
7775968
7776875
7776899
7778026
7779440
7784265
7793793
7794348
7794908
7796986
7800011
7807496
7808145
7808768
7809238
7809858
7811236
7811963
7814461
7815050
7817405
7820229
7820992
7821924
7833304
7836261
7842797
7843407
7866783
7867708
7868113
7868542
7868910
7870305
7877223
7885452
7890742
7892578
7893391
7894759
7900198
7901296
7905089
7912128
7913998
7914803
7915352
7919704
7921064
7922005
7926807
7927461
7939171
7939564
7940072
7940523
7941018
7942090
7952676
7961681
7974217
7974802
7975247
7977366
7979231
7980821
7984837
7994002
7994787
7997905
8009131
8011208
8011626
8013949
8014761
8016970
8017456
8019429
8020101
8021202
8022110
8022844
8023677
8040540
8041286
8042349
8044425
8063240
8068995
8070201
8101120
8102696
8151836
8152485
8165241
8165840
8166339
8169513
8170065
8174064
8174729
8178867
8179481
8179897
8180358
8181043
8181768
8182326
8197454
8198589
8199488
8200526
8201758
8204108
8204812
8205519
8206273
8206738
8207185
8207719
8208350
8210423
8211970
8212518
8213353
8214167
8215236
8224827
8228321
8228795
8229329
8232518
8233115
8233668
8234158
8234605
8235279
8243763
8251065
8254107
8259043
8259458
8259919
8260452
8260961
8261333
8261822
8263171
8269744
8283412
8284795
8285452
8286781
8287915
8299759
8308040
8308616
8325617
8326352
8326941
8327856
8329407
8330120
8330771
8333698
8334923
8343052
8356743
8357907
8358378
8358725
8359222
8360036
8360478
8371199
8371903
8377846
8379952
8394980
8396720
8415064
8415835
8416576
8425053
8425881
8426532
8427491
8427983
8428421
8428880
8432847
8448524
8450427
8451190
8459246
8460085
8461491
8462451
8464670
8468837
8472430
8474025
8480077
8489240
8490260
8493188
8494801
8514558
8515378
8516049
8518267
8527613
8528194
8528863
8530654
8574505
8593646
8594367
8595708
8624909
8625762
8629126
8636896
8637453
8637999
8639757
8640651
8641361
8642721
8650210
8650815
8651620
8653299
8654004
8654486
8655242
8657242
8659423
8659990
8660648
8668919
8669920
8670627
8672590
8676460
8676877
8677288
8679669
8681191
8681755
8682231
8683182
8684046
8684712
8685976
8703981
8704852
8705421
8707641
8709098
8709668
8710134
8710567
8710986
8711552
8715625
8716689
8717269
8717670
8718061
8718577
8719007
8720151
8733956
8734572
8735118
8735585
8736808
8738680
8739667
8745748
8756428
8757442
8758766
8771993
8787007
8806647
8806994
8807374
8807779
8808426
8809197
8809875
8810497
8811327
8811884
8812616
8813114
8813628
8814147
8814616
8815835
8816501
8817249
8817788
8819108
8845245
8845652
8856040
8856734
8859844
8860866
8861675
8862357
8862914
8863442
8863862
8864329
8885561
8894394
8895199
8895851
8898932
8899516
8901854
8902518
8903208
8903873
8904718
8907112
8907951
8913819
8927491
8928667
8929056
8929535
8929941
8930359
8930821
8931356
8931846
8932733
8953536
8955528
8973336
8975065
8976105
8980352
8980996
9006292
9007083
9010975
9016575
9017386
9018165
9027357
9027860
9029362
9035623
9039950
9049265
9049747
9050125
9050610
9051144
9051697
9052293
9060901
9075486
9076871
9077876
9078994
9079500
9081148
9081519
9081853
9082205
9082496
9083058
9093349
9093698
9094801
9101590
9102321
9102947
9103443
9106650
9107262
9107809
9109848
9110467
9111103
9111881
9112415
9112975
9119878
9126781
9127417
9128260
9135496
9156896
9157263
9158296
9159090
9159830
9160970
9161268
9161776
9162113
9162653
9169417
9175584
9201578
9209816
9217407
9218144
9233377
9236835
9241140
9247684
9248509
9256800
9258043
9258878
9259418
9261069
9262062
9263274
9264773
9265338
9265941
9266299
9286396
9287360
9288346
9289168
9289486
9289840
9290267
9291089
9291769
9292491
9298455
9298800
9299248
9300189
9306354
9308070
9308796
9310120
9310533
9311064
9311546
9312066
9312711
9313800
9334190
9334665
9335138
9335682
9343263
9345201
9347249
9348793
9350004
9350714
9362354
9365165
9381228
9383633
9392059
9392506
9393045
9393691
9394327
9396264
9398197
9400362
9400988
9401431
9402307
9450314
9460233
9460729
9461768
9462431
9464135
9464602
9465797
9466508
9484197
9490665
9491439
9492263
9492875
9493257
9493840
9494202
9494496
9494918
9495417
9496119
9497592
9498975
9499561
9500165
9501614
9502798
9522800
9523409
9523912
9524395
9525408
9528854
9535689
9536291
9543926
9546252
9550225
9551266
9551705
9552193
9552631
9553201
9553896
9559427
9559973
9562858
9563591
9581244
9582041
9583147
9583860
9584536
9594346
9594822
9595289
9595785
9596366
9597216
9611355
9614713
9615454
9617245
9617573
9617831
9618178
9618486
9618940
9619433
9619897
9620476
9621822
9622364
9623099
9624122
9629447
9630442
9649776
9650236
9650762
9651974
9665150
9665647
9666129
9677471
9678756
9680480
9683565
9683991
9684770
9700087
9702841
9713778
9714200
9715317
9719216
9729405
9730154
9731216
9731964
9731989
9732478
9733881
9743349
9743886
9744292
9744926
9746159
9746692
9747296
9748221
9769262
9774187
9780416
9781055
9782539
9786555
9787036
9787615
9788289
9788667
9789287
9789896
9791118
9800839
9801518
9802203
9802830
9804142
9804788
9805304
9806461
9807387
9826571
9827028
9828489
9851324
9852454
9852614
9852935
9854036
9858442
9859035
9859576
9860284
9861610
9862137
9863128
9866510
9870230
9872030
9872721
9873472
9873587
9873922
9874296
9874811
9875286
9875650
9876279
9877465
9878204
9878838
9904947
9905799
9906357
9915012
9916039
9919887
9931744
9934414
9934972
9935424
9935759
9936175
9937391
9938122
9941328
9942747
9944928
9951148
9952563
9953634
9954183
9955562
9956082
9956431
9957229
9958275
9977499
9984542
9984791
10007157
10007877
10011827
10012532
10013684
10016300
10016912
10017332
10017781
10018177
10018565
10018989
10019597
10020131
10020647
10021145
10021487
10022027
10022270
10022643
10023096
10023544
10023985
10039337
10050533
10051077
10051464
10051907
10052478
10054261
10055853
10056266
10056680
10058065
10060090
10061017
10061927
10062882
10063489
10065843
10066307
10066902
10067599
10068127
10069182
10070897
10071334
10071877
10072526
10074527
10075066
10076149
10093304
10094508
10095385
10095819
10096180
10096598
10096975
10097479
10098056
10099231
10122557
10126028
10129465
10130409
10133001
10134917
10136166
10139145
10140132
10141184
10155095
10156032
10156561
10181489
10185089
10185523
10186243
10187261
10187710
10188091
10188451
10189309
10190788
10201857
10202454
10203911
10205682
10206829
10208561
10209824
10212676
10213238
10213767
10214426
10215275
10218550
10230169
10230728
10231249
10231703
10241867
10245008
10246469
10246986
10247735
10248477
10276138
10279471
10280176
10280928
10282166
10282939
10283816
10304637
10307033
10313887
10314683
10315571
10316153
10316699
10317455
10317989
10318419
10318812
10319441
10319895
10320313
10330019
10330795
10331291
10350911
10351785
10352226
10353265
10361379
10362538
10363015
10363566
10363999
10364548
10365104
10365697
10369297
10382044
10382706
10383941
10399040
10401215
10404819
10405324
10409006
10409972
10415131
10419132
10420273
10421685
10424925
10437033
10437513
10438069
10438715
10440257
10442210
10451673
10459629
10473647
10474591
10475095
10483080
10491289
10494598
10495314
10496105
10499291
10504488
10506391
10507444
10508050
10508414
10508812
10509486
10510360
10511220
10512467
10513407
10513797
10517414
10517934
10518562
10518928
10519283
10519726
10520142
10520595
10521123
10521512
10539832
10541423
10542052
10542423
10543392
10544414
10544861
10545566
10546304
10547153
10547639
10548306
10548901
10549472
10555690
10556262
10557104
10563656
10564843
10587506
10592119
10611568
10614634
10617822
10618562
10619795
10620211
10620549
10621027
10622926
10623766
10624428
10626061
10637277
10639191
10641718
10642341
10643014
10655681
10656193
10656792
10657299
10661276
10662002
10662865
10663573
10665792
10669561
10671784
10675173
10684608
10698685
10699458
10700435
10701169
10702763
10711498
10713389
10736099
10736792
10737297
10740011
10740118
10741054
10766100
10766682
10767046
10767450
10767882
10776713
10778158
10803355
10807642
10808072
10808515
10809154
10829757
10832039
10832588
10833282
10833762
10834580
10835074
10836154
10836763
10837610
10838214
10838607
10839054
10839951
10845177
10845677
10846034
10846405
10846858
10847438
10866485
10868948
10869527
10870986
10873443
10874162
10874513
10874993
10875767
10880249
10887510
10888300
10888701
10889815
10895229
10896171
10896510
10897042
10897471
10898082
10900048
10901389
10903954
10914087
10915053
10915995
10917686
10918425
10919223
10919784
10920600
10922771
10923239
10923817
10924692
10926298
10955871
10957001
10957643
10958291
10959440
10959880
10960366
10960897
10961350
10961829
10962364
10963451
10970119
10972396
10973306
10974117
10985188
10995990
10996836
10997342
10997967
11002714
11013478
11014799
11016167
11016965
11017513
11017908
11018381
11019009
11019482
11020126
11021096
11021840
11024208
11033839
11074944
11075546
11076170
11076758
11077273
11077945
11078372
11080605
11085839
11086236
11086671
11087877
11091090
11092012
11095227
11111757
11112689
11113112
11113898
11117880
11119020
11119714
11120141
11120505
11120823
11121210
11121579
11122104
11122647
11123477
11124255
11126334
11132904
11133508
11157786
11158273
11172073
11178807
11180856
11181557
11183434
11184406
11185269
11202985
11203669
11204379
11205026
11205819
11212888
11221268
11222389
11253096
11253593
11263322
11264079
11265786
11266388
11266876
11267335
11270557
11271224
11275954
11276915
11277387
11277990
11280380
11282783
11290950
11293550
11295268
11296095
11296563
11297044
11297542
11299458
11301588
11303840
11304662
11305064
11305804
11307074
11310759
11311948
11315691
11316799
11317324
11318226
11318257
11319027
11319679
11362024
11362712
11363476
11364121
11365941
11366618
11375450
11377474
11382216
11384652
11385315
11385925
11386531
11387229
11388173
11388644
11389222
11391296
11391920
11406825
11409627
11411213
11411894
11412391
11412887
11413672
11414465
11419960
11420690
11421464
11422388
11424075
11425219
11439377
11451147
11451804
11452560
11455126
11455734
11456890
11467416
11467897
11468749
11469311
11479084
11479498
11479944
11480451
11491753
11496292
11503806
11514182
11515381
11516025
11516644
11521081
11521840
11530774
11533092
11533575
11534311
11535073
11535497
11535880
11536393
11537253
11538086
11540128
11541165
11561966
11567838
11568460
11568957
11570383
11571046
11571449
11572197
11572876
11573546
11574456
11577612
11587238
11589425
11590573
11591669
11592320
11593927
11594741
11600902
11604288
11605309
11605831
11606348
11607510
11611259
11640596
11642002
11647684
11648558
11649318
11649905
11650569
11651397
11658027
11658968
11660943
11661697
11663130
11663684
11665053
11667022
11667696
11668690
11669492
11677429
11677850
11678387
11678954
11679920
11706161
11723637
11726440
11726994
11727387
11727767
11728299
11728741
11729074
11729552
11729903
11730283
11730660
11731699
11733444
11734040
11734969
11735607
11758383
11762589
11769652
11770332
11771064
11776626
11783973
11790455
11790980
11791423
11791744
11792324
11792892
11793109
11798392
11801184
11801934
11803898
11808517
11809943
11818272
11819268
11819928
11820496
11821115
11821928
11822860
11835869
11838646
11843863
11854375
11855041
11855722
11856105
11856636
11857838
11861740
11862999
11864623
11865773
11866790
11867384
11873530
11874129
11874764
11875532
11878123
11878976
11879540
11880028
11880809
11881526
11881873
11888733
11889216
11889800
11892281
11893179
11899356
11901010
11902024
11903030
11903325
11903787
11905238
11914630
11917350
11917930
11919570
11920698
11923827
11925249
11925841
11926239
11926588
11926990
11927452
11928339
11928873
11930827
11931246
11931792
11932260
11932750
11933218
11934520
11942119
11943930
11953986
11963182
11963954
11989607
12005866
12007351
12009691
12010223
12010854
12012131
12015788
12018153
12018668
12018695
12019249
12019696
12026697
12027732
12028243
12028857
12031021
12032073
12032725
12033293
12046284
12047228
12055357
12055832
12056603
12057209
12069281
12070460
12083776
12084303
12084887
12097264
12097789
12098362
12098933
12099729
12100519
12101198
12102708
12105618
12123547
12124796
12126003
12128175
12128944
12130297
12162243
12163160
12164220
12164972
12165466
12165871
12166686
12167762
12168601
12169185
12170625
12171066
12171703
12203168
12203812
12204951
12205680
12206653
12214316
12215163
12215892
12216742
12217349
12218019
12223571
12224364
12224797
12225208
12225675
12226145
12226847
12232008
12264729
12266358
12267249
12269408
12270010
12270346
12270760
12271215
12271786
12272239
12273005
12273632
12276501
12286037
12287254
12294649
12297627
12299480
12299905
12300316
12300746
12301250
12301912
12302982
12306815
12308048
12308788
12309184
12309777
12310947
12313264
12314044
12314796
12315690
12317937
12319025
12321070
12321683
12322280
12323790
12338843
12343969
12356313
12360688
12361119
12361692
12362422
12366880
12368598
12369152
12370092
12371217
12372918
12375888
12376641
12377003
12378365
12381140
12394014
12404609
12405720
12406526
12407179
12421729
12422188
12422687
12423527
12424012
12424785
12425344
12426057
12427430
12430847
12431617
12432877
12437681
12439626
12440513
12441682
12442286
12445604
12446043
12446575
12447033
12448080
12461128
12462295
12464351
12465724
12468844
12470838
12473464
12473982
12474668
12475596
12480305
12483896
12496020
12496641
12513643
12514280
12515023
12516311
12518283
12519281
12520109
12521790
12533859
12537863
12538974
12540497
12542090
12545249
12549387
12550002
12550554
12551083
12559456
12562107
12563639
12566165
12567636
12568949
12577576
12578723
12579429
12601059
12607576
12608474
12609223
12609995
12611343
12612145
12612703
12613612
12614285
12630725
12631273
12632080
12633300
12633797
12634271
12634849
12644503
12645285
12646155
12647006
12647700
12648242
12648880
12649618
12650437
12666118
12666689
12688190
12703219
12712850
12713510
12713893
12714351
12714881
12718247
12719901
12737208
12737784
12738836
12743472
12744771
12759031
12761716
12762393
12763102
12763964
12764624
12765592
12766164
12768760
12769607
12770102
12770581
12771222
12771736
12772881
12773548
12774137
12779088
12779955
12780444
12782313
12783224
12784149
12784862
12785497
12786229
12787219
12811638
12812250
12812949
12813876
12814525
12815572
12816127
12817798
12820118
12820726
12821547
12822091
12824988
12825935
12833411
12841716
12842344
12842971
12843664
12849121
12853424
12857961
12858698
12871158
12872056
12895202
12897017
12898422
12904841
12905432
12905913
12906443
12907006
12907656
12908176
12908820
12910156
12912207
12930617
12939626
12945375
12948786
12949452
12950038
12952648
12953544
12954139
12954469
12955506
12956173
12959053
12962857
12963550
12964152
12982457
12983990
12995755
12996304
13023693
13025203
13027513
13028081
13028816
13029263
13029833
13030279
13030780
13031399
13064795
13066805
13067328
13068352
13077291
13077809
13079994
13093123
13096229
13100071
13101800
13102399
13103328
13105367
13106104
13107128
13134526
13140727
13141573
13142122
13142805
13149981
13155513
13155998
13166637
13167191
13168389
13168902
13169287
13169922
13170682
13171410
13183453
13184059
13184542
13184910
13185271
13185707
13186513
13188047
13188941
13192841
13200338
13201381
13202248
13202859
13203663
13204141
13210894
13211692
13212665
13213829
13214335
13214924
13215317
13216858
13218806
13219268
13219625
13220147
13220548
13222091
13222646
13223231
13231425
13232378
13240373
13240857
13241974
13243255
13244066
13244741
13266061
13267241
13269476
13279100
13280677
13291309
13292080
13293323
13299367
13299702
13300396
13307208
13308086
13315708
13317508
13331030
13332023
13332588
13334034
13348042
13348803
13349334
13351053
13351926
13352902
13355114
13364375
13379475
13380154
13381180
13381744
13382529
13382942
13384625
13385098
13388215
13420687
13432250
13433330
13436825
13439978
13442860
13443638
13445688
13446006
13446405
13446977
13448948
13449473
13452157
13456689
13458283
13461998
13462422
13463217
13464005
13464527
13464912
13465650
13478701
