849.7113
1378.026
3664.268
8287.446
8942.551
9400.494
10170.71
10588.71
11753.02
12357.2
13887.06
16503.8
17134.23
17633.48
18813.91
19450.91
20656.47
33420.85
33861.2
34295.62
35164.13
36396.83
37266.17
37787.97
39706.34
45663.17
46560.74
47522.56
48173.08
50978.91
58960.04
59559.95
60104.2
60745.85
61374.04
61923.88
71820.9
72666.28
81228.49
82181.67
83989.03
96237.65
96979.49
98953.66
100998.6
101568
104214
110333.4
113191.2
113778.9
114567
115723
122187.7
122707.7
128308.5
128928.1
129626.1
131002.5
131771.4
132465
151484.8
151905.2
152232.9
152689.6
171262.5
171844.3
172424.4
173023.6
173591.4
174119.1
177418.8
178380.7
179922.8
181267.2
183370.1
184010.7
184921.1
185637.6
186671.1
187506
198328.2
199240.8
199835.9
200670
201283.4
201838.4
202991.9
206677.5
208119.7
209293.2
212628.1
213549
214526
215699.5
216545.4
217278.4
233820.1
234205.5
234827.4
235206.3
235703.2
236441.9
237014.4
237416.6
237834.5
238359.4
239103.2
239753.6
241634.1
242669.6
248137
262357.5
262806.7
279501.5
280386.5
281055.9
281574.7
282018
282501.7
282867
283742.1
284263.7
290046.6
292278
301404.9
303317.5
304542.5
307126
335133.1
341219.9
341790.4
342281.6
342624.5
343303.4
344079.5
345272
352753.5
353552.8
354575.6
355951.9
356338.1
356824.1
357188.7
357513.9
358014.8
358531.9
369671
383569.9
384076.7
384565
385485.3
389877.7
390805.7
397106.8
397720
398388.4
398823.8
399475.7
400771
401264.6
402173.9
403028.2
403863
404364.4
404880.9
405879.1
406418.2
407143.9
408537.1
417984.2
423045.9
456580.9
457211.2
459061.3
459517.1
461234.8
462142.7
475310.3
476386.1
487005.1
487588.5
488027.2
488581.3
489115.5
491531.6
498920.3
499504.8
500164.5
500937.3
501370.5
501809.1
502270.4
502666.3
503077.4
503641.7
505931.8
507122
511143.2
520109.3
520694.5
521570.6
526731.3
527389.3
533487
534538.4
536237.6
537374.3
538320.4
539160.8
539914.7
540416.7
540763.9
541143.8
541720.5
542204.5
545724.2
549485.6
553766.7
554797.4
555413.9
566929.9
567785.8
568432.6
569053.7
569920.3
570937.4
585469.2
586059
587140.7
620266
624092.1
625182.6
625972.4
626714.5
627376.8
627963.7
628878.6
629471
636939
643392.6
644224.3
644944
657869.1
658356.5
658730.1
659361
660512.9
666454.8
667208.5
667724.8
668435.5
669109.6
675930.3
676469.6
677509.1
678096.9
679334.6
683309.9
684092.7
684528.8
685003
685677.2
686871.3
694855.9
695699.7
696428.5
697393.3
698474.7
704499.6
705339.1
708700.5
725488.4
726015.8
726467.3
726838.2
727105.7
727702.4
728180.6
730083.6
731042.9
731639
732540.7
733353.7
734365.6
742668.2
743242.2
743695.5
744124.8
744432.5
744896.6
745452.1
746012.5
746489.6
747030.1
747552.5
747951.3
748551.8
769421.9
769915.7
770860.6
771923.2
777723.1
778967.4
783634
784141.9
784762.4
785237.3
788260.4
789269.6
797298
813680.7
831060.8
832297.2
833625.6
839319.1
846194.5
846705
847236.8
847851.7
848347.2
853000.2
855217.5
863011.9
863412.9
864073.2
864747.9
865200.7
865709.5
866380.9
866997.4
867565.6
868993.1
869967.9
870401.8
870960.8
871471.8
871940.6
909813.2
912607.1
913063.5
913420.7
913963.8
914409.8
914849
915759.1
923575.8
925000.1
936341
942327.5
943043.1
943710.5
960439.3
964654.7
966336.7
968914.8
971100.3
972069.2
975261.4
975839.1
976228
976695
977088.4
977404.9
977722.2
978062.5
978495.8
978853.5
985072
986665.9
987367.4
988019.8
994461.5
1002772
1004346
1013723
1014195
1015091
1017007
1017404
1018085
1019775
1020974
1021785
1022706
1023605
1025349
1026770
1030820
1032256
1032824
1033477
1033915
1034480
1035116
1035787
1038535
1047237
1047618
1047966
1048388
1049076
1062489
1063134
1063516
1063941
1064517
1065077
1065597
1066029
1066683
1067199
1067670
1089501
1090004
1091929
1093883
1095549
1119094
1119943
1126573
1127049
1127503
1128528
1129032
1129425
1130211
1131160
1131726
1139096
1153741
1154444
1155100
1158421
1159633
1160370
1161028
1193642
1194451
1195370
1195681
1196030
1196445
1196891
1197380
1197736
1198539
1198936
1199572
1209476
1216995
1217742
1224512
1229256
1229791
1233726
1234484
1240270
1242643
1262435
1263119
1263662
1266162
1268259
1268795
1269658
1305647
1313149
1313876
1314786
1315454
1321800
1353624
1357780
1358336
1358836
1377291
1378248
1378645
1379207
1379582
1380250
1386300
1431844
1438945
1441097
1441473
1441951
1442567
1443140
1444009
1457334
1458223
1463824
1464482
1465605
1465932
1466410
1466870
1467826
1476636
1494126
1494744
1495585
1507266
1507853
1508341
1508830
1511114
1511645
1512201
1512681
1513199
1513742
1514819
1516332
1540511
1561562
1562384
1563315
1564619
1575787
1576609
1577146
1577585
1577747
1590065
1604822
1605725
1619019
1619959
1620424
1621043
1621685
1622139
1622843
1623282
1623728
1624418
1624883
1625908
1626407
1626793
1627300
1628081
1640537
1640964
1641642
1642289
1642726
1643213
1643679
1685267
1690593
1691984
1697938
1699694
1720763
1724261
1724986
1732348
1734008
1734909
1735586
1740197
1741220
1741720
1742169
1742564
1742918
1743461
1743991
1744477
1744889
1745574
1746499
1748785
1749527
1750216
1756303
1760675
1761441
1762824
1770695
1772011
1773500
1773921
1774917
1827752
1828629
1832739
1835031
1853691
1862941
1863929
1879176
1879634
1880079
1880567
1881205
1882161
1893050
1897838
1898871
1903619
1904241
1904944
1905658
1906834
1907970
1910082
1916464
1920821
1923065
1935652
1936252
1939644
1941735
1944700
1945512
1946560
1949209
1958800
1959164
1960057
1960435
1960716
1960989
1961289
1961536
1961956
1962327
1965756
1966901
1967791
1968265
1968838
1969238
1990932
2004574
2009722
2010148
2011310
2013209
2014613
2016021
2016677
2017315
2017895
2018580
2019544
2033667
2061097
2062619
2078651
2079365
2080280
2080711
2082111
2082753
2083848
2085066
2085624
2086133
2086853
2095030
2110226
2110893
2111311
2112287
2113758
2118287
2118855
2119853
2121840
2122719
2123358
2123989
2124745
2125374
2136478
2141956
2142394
2143081
2144613
2145385
2145868
2146292
2147165
2161661
2165113
2173338
2174890
2175506
2177898
2178622
2179042
2179492
2180019
2180490
2180862
2181264
2181738
2182735
2202990
2220482
2227041
2227906
2229644
2230364
2230979
2274180
2284872
2285562
2286167
2287151
2289909
2297439
2302515
2307650
2308333
2308835
2309357
2311109
2311612
2312049
2312457
2312807
2313420
2313743
2314150
2314895
2315661
2316124
2316929
2318447
2320604
2336730
2339249
2344914
2345318
2372048
2372548
2373419
2374125
2374945
2375748
2378999
2379756
2380677
2385472
2395881
2396530
2397019
2398270
2401069
2401713
2403429
2403994
2404521
2404998
2406872
2407680
2408199
2408699
2409262
2409769
2412951
2413781
2414552
2416231
2417445
2417950
2418296
2419008
2422221
2423951
2442502
2443512
2446102
2447083
2462095
2462592
2463174
2464227
2472710
2473609
2474390
2474805
2475613
2479765
2480362
2481174
2482110
2485327
2485919
2486715
2487163
2507084
2509104
2509911
2510597
2516036
2516664
2518042
2518610
2519367
2520071
2520599
2521089
2521426
2522280
2530186
2547034
2552438
2556168
2560708
2576082
2577196
2578036
2578630
2579037
2580755
2598643
2616109
2616928
2637692
2640076
2640987
2676681
2677335
2700997
2701901
2702783
2703570
2704739
2705492
2706479
2707308
2709731
2710699
2711507
2715319
2716176
2723723
2725940
2726750
2727878
2751210
2755590
2756531
2757480
2758102
2759317
2778192
2778979
2779573
2780627
2781875
2783031
2784509
2785472
2794276
2794823
2795311
2795777
2796285
2798015
2798523
2799101
2800863
2801263
2801798
2802320
2803516
2827098
2833743
2837609
2841893
2842477
2843166
2843932
2845615
2857245
2857653
2858123
2858471
2858931
2859344
2859847
2860423
2861422
2861979
2862560
2863109
2864438
2865823
2866493
2867491
2885123
2885683
2889876
2899564
2911485
2921551
2922138
2922672
2923106
2923638
2924286
2927121
2929828
2930325
2931640
2932612
2933283
2942506
2943337
2956528
2958098
2958670
2960303
2969515
2970559
2978933
2979831
2981024
2981581
2982096
2982591
2983619
2992160
2992532
2993110
2993702
2995833
3012086
3012491
3013266
3014682
3029882
3030723
3031296
3031835
3034741
3041373
3042475
3044961
3045599
3046624
3047257
3048661
3049475
3050061
3050565
3054226
3056858
3058205
3063477
3064067
3064575
3065158
3065670
3066282
3067704
3069070
3069522
3070034
3070760
3074502
3074929
3080659
3082211
3094623
3095047
3104910
3109246
3113925
3115895
3117178
3120807
3121586
3122368
3122835
3123426
3124064
3128942
3158107
3159311
3167030
3175640
3180225
3180804
3181656
3182154
3183031
3200216
3200670
3201547
3202224
3210460
3227218
3227868
3228697
3229273
3229832
3230294
3230655
3231767
3243249
3243942
3244400
3244938
3245266
3245636
3245938
3246291
3246771
3247364
3248273
3261631
3266092
3266864
3267619
3274564
3275038
3276735
3278462
3289372
3290202
3290883
3293818
3294321
3294671
3295283
3295730
3296258
3296712
3297255
3297961
3302156
3304711
3305332
3306036
3306594
3307174
3307488
3307808
3308178
3308581
3308964
3309297
3310064
3311216
3313207
3313707
3314332
3314886
3315946
3319550
3358948
3359731
3360626
3361364
3372639
3373410
3374968
3384299
3385571
3386000
3386572
3387226
3387773
3389370
3405920
3406488
3407061
3407718
3408276
3414701
3415158
3416008
3416693
3417149
3434327
3441105
3441726
3442158
3442707
3443077
3443618
3444274
3445084
3446949
3452177
3484104
3484545
3485096
3485426
3486067
3495372
3496505
3497648
3498471
3499335
3499768
3500279
3500710
3501071
3501915
3506756
3507333
3509837
3511542
3519469
3520040
3520472
3520824
3521290
3521729
3522234
3522935
3523806
3525963
3538121
3539217
3546578
3559548
3559941
3560369
3560735
3561150
3561548
3571732
3572523
3573218
3574785
3575356
3576576
3577124
3577510
3578064
3578820
3602748
3603706
3604654
3605509
3612651
3620919
3625317
3626185
3626793
3627637
3642039
3642757
3643442
3644263
3644841
3645426
3645936
3646469
3647244
3647922
3667833
3668321
3669045
3669566
3673218
3683655
3684803
3685713
3687918
3688515
3688958
3689870
3691405
3691878
3696782
3697863
3706994
3718355
3720338
3724325
3726147
3726722
3727207
3727593
3728234
3728931
3731215
3735283
3741296
3741835
3742840
3743625
3744157
3744701
3745314
3748229
3749354
3750475
3751132
3751720
3752380
3757229
3757859
3759201
3759814
3763224
3764461
3767144
3767640
3768083
3768690
3769361
3771080
3789795
3790465
3791085
3797556
3799271
3800637
3808258
3823358
3829527
3829956
3830409
3832212
3838166
3839193
3840030
3876664
3877263
3878085
3878463
3879844
3882192
3883241
3884459
3885179
3885584
3891666
3892384
3893122
3896032
3898272
3898909
3900881
3903245
3910121
3910951
3923587
3924066
3940562
3945283
3945924
3947045
3954035
3963046
3963849
3964352
3967560
3968636
3987008
3991208
3993939
3994939
4001306
4002396
4003832
4009911
4010688
4015876
4016447
4017297
4018144
4019495
4024627
4026741
4030214
4050309
4072721
4076476
4078433
4079385
4085937
4088877
4090275
4090857
4092618
4092995
4093579
4094058
4095105
4123179
4123604
4123878
4124181
4124492
4124896
4125534
4127505
4127893
4139680
4140185
4140837
4142551
4148691
4149930
4163965
4167450
4169452
4170532
4171354
4172477
4173242
4174184
4174913
4175675
4176095
4184652
4185543
4186084
4186702
4197186
4198562
4201174
4201901
4208313
4215247
4216194
4216811
4217189
4217539
4218050
4218561
4219181
4219682
4220204
4221370
4259037
4259922
4261529
4263479
4266250
4267747
4268420
4269097
4269718
4270715
4274137
4277764
4278503
4279182
4293732
4294513
4295718
4296418
4310866
4321592
4321957
4322325
4322659
4322969
4323383
4323813
4324151
4332914
4333645
4334305
4334954
4335647
4336638
4350982
4353040
4355572
4356392
4357016
4357595
4358292
4358818
4359221
4359827
4369691
4370300
4370696
4376894
4382775
4384325
4385664
4386416
4388628
4390140
4393257
4393917
4394812
4395386
4395697
4396160
4396560
4397015
4410020
4415228
4415718
4416179
4417340
4419376
4423865
4425270
4425812
4437942
4438921
4451198
4453902
4454287
4455194
4465205
4465731
4466139
4466527
4466937
4467212
4467673
4468826
4476315
4505209
4505815
4506493
4506957
4507470
4507907
4509437
4510825
4513667
4514168
4514756
4515377
4515989
4516419
4517004
4517565
4539381
4540623
4541176
4543042
4551851
4552586
4553402
4555120
4558180
4571861
4587710
4588317
4598523
4599459
4599832
4600197
4601235
4604829
4605254
4605937
4607484
4615124
4616091
4622066
4622759
4623297
4645248
4647318
4656449
4656950
4657593
4658148
4659248
4659832
4660538
4661137
4661978
4662721
4663556
4665896
4666374
4666953
4667905
4668352
4669409
4669884
4670616
4671397
4683368
4684293
4685298
4687550
4695415
4697430
4700229
4700862
4701690
4702307
4703296
4706463
4707055
4707503
4707905
4708240
4708820
4709145
4709791
4717492
4734910
4735710
4737356
4738143
4739215
4750168
4750833
4756368
4758897
4760489
4761115
4766470
4766986
4767317
4767788
4768106
4768466
4768763
4769284
4769778
4771511
4782689
4786685
4787149
4787570
4788131
4790237
4800494
4801152
4802391
4803453
4806232
4807942
4808704
4809291
4809994
4810426
4811129
4811809
4812450
4813368
4822039
4844850
4845574
4846313
4846772
4847279
4847647
4848068
4848355
4848656
4848939
4849247
4849623
4850061
4850463
4862709
4863203
4863993
4864398
4864873
4869544
4870100
4870932
4885010
4891688
4892463
4914209
4915711
4919296
4920110
4920581
4921238
4921957
4922833
4923990
4924833
4926321
4926805
4927170
4927602
4929626
4931388
4950780
4951246
4951843
4952325
4953428
4956898
4957783
4958822
4959245
4959860
4960895
4961644
4962028
4972307
4973135
4973644
4974289
4975087
4975661
4988973
4989980
4993611
5004248
5005967
5006730
5007565
5008639
5009140
5010484
5011167
5012983
5014019
5014808
5015263
5016021
5016500
5024783
5031009
5031813
5032310
5041011
5041784
5042571
5053412
5053883
5054371
5054851
5055422
5055969
5057129
5058221
5066069
5066451
5066845
5067474
5068967
5070335
5070754
5071812
5077689
5078345
5079462
5093407
5093969
5095070
5096034
5098333
5103840
5104425
5105050
5106786
5108096
5108948
5109354
5109698
5110129
5110491
5111101
5112027
5112797
5113417
5113899
5115608
5116215
5117020
5118251
5133989
5136658
5138027
5138422
5138774
5139205
5140281
5145954
5146693
5147128
5171931
5172572
5173627
5179644
5180394
5180984
5181786
5182606
5184707
5185336
5186447
5200959
5203527
5203969
5205968
5209165
5209631
5210611
5211522
5212974
5214001
5216919
5217432
5217888
5219945
5221400
5226453
5227344
5231110
5231864
5232442
5233557
5234754
5236850
5240417
5241031
5241460
5252002
5260161
5260733
5265331
5266089
5266505
5269745
5281107
5281832
5297918
5298754
5304833
5305965
5318398
5323919
5324635
5325506
5326218
5326995
5327701
5328139
5328615
5329185
5330585
5335737
5336858
5343487
5344100
5344767
5345485
5358524
5358984
5360301
5401321
5402030
5407054
5413146
5413708
5414371
5414853
5415288
5432304
5433341
5434074
5434698
5437044
5437658
5438019
5438743
5439250
5443699
5453276
5461051
5463112
5465931
5466588
5466970
5467632
5468398
5483485
5483960
5484393
5484837
5485148
5485486
5492117
5498141
5499929
5507107
5510968
5512289
5516657
5528801
5529584
5529936
5530669
5531317
5532136
5533019
5540882
5541524
5541975
5542427
5543596
5544514
5545844
5548863
5557334
5557848
5558146
5558720
5559177
5559670
5560238
5561371
5561757
5562281
5562814
5566543
5567385
5567908
5568571
5569058
5591156
5591600
5592068
5592948
5593911
5603267
5605177
5624539
5626209
5627059
5627822
5628814
5629258
5629820
5630596
5631544
5648052
5650792
5651911
5652451
5653023
5653432
5654054
5654568
5655050
5655563
5656244
5656667
5675908
5676833
5679298
5679689
5680221
5681201
5695320
5695810
5696792
5697712
5698850
5699590
5700798
5706657
5707565
5713470
5714391
5715213
5715353
5716046
5717546
5719251
5720633
5721224
5736580
5737532
5738093
5739072
5739623
5752484
5753392
5753837
5754844
5756992
5764756
5765109
5765451
5765840
5766202
5766760
5776478
5777873
5778579
5779469
5782506
5782961
5789734
5790236
5791765
5792418
5793216
5794255
5806499
5807164
5807602
5808036
5808493
5809016
5809515
5809826
5810247
5810710
5811175
5811500
5812110
5813113
5824641
5854331
5854902
5855254
5855645
5856025
5856898
5882295
5882959
5883639
5905138
5905435
5905732
5906005
5906310
5906734
5907058
5907469
5908010
5908614
5909299
5909984
5910593
5911173
5918013
5953959
5954550
5955366
5956091
5958040
5961481
5962337
5968403
5968966
5969928
5978654
5979663
5988007
5989343
5990347
5996412
6005611
6006220
6007667
6008867
6009496
6009935
6010723
6011141
6011712
6012467
6013078
6013669
6014187
6014571
6015565
6018936
6019855
6020537
6040439
6040916
6043006
6044094
6044709
6050122
6052462
6053223
6053978
6054540
6056268
6062364
6062936
6063919
6074348
6078378
6078940
6079309
6079773
6080707
6081616
6082084
6090363
6091525
6092204
6098843
6099988
6106993
6120329
6121877
6122300
6122669
6123216
6123691
6124253
6125014
6125644
6126199
6127234
6127908
6128268
6128921
6129749
6131050
6148657
6149800
6150485
6151054
6152098
6154922
6155766
6156420
6157097
6157523
6158919
6159563
6163844
6164490
6165539
6166215
6175593
6181786
6182457
6182951
6183827
6184934
6185785
6186158
6186550
6186935
6187316
6187866
6188317
6188697
6189107
6189567
6191940
6192655
6194176
6196103
6198124
6200337
6200767
6201134
6201664
6203140
6203532
6226845
6227404
6227921
6228513
6229078
6229385
6229896
6230324
6230758
6231108
6231479
6232258
6233366
6253968
6256711
6262084
6271935
6272638
6273199
6273803
6274851
6276629
6301202
6301865
6309011
6313696
6318042
6323961
6324155
6325190
6328940
6329787
6335843
6336879
6337537
6339531
6346790
6347252
6347833
6348257
6348941
6364218
6368879
6369336
6369689
6370330
6372884
6374996
6375912
6387848
6388556
6389699
6399341
6400005
6400802
6401341
6404273
6405239
6406023
6406455
6406792
6407352
6408985
6410807
6411582
6412658
6413401
6427200
6427791
6428412
6438300
6438870
6439847
6441140
6445631
6446609
6448155
6448805
6449307
6449774
6450630
6451198
6451998
6452512
6453883
6458374
6458976
6459435
6460505
6461049
6468159
6468784
6469267
6469823
6470820
6472608
6473648
6479426
6480796
6513988
6514519
6515270
6515815
6516295
6516768
6517288
6517734
6521309
6524096
6528519
6529411
6529997
6530606
6531321
6534153
6534574
6535184
6538234
6538808
6539357
6539948
6540377
6541126
6541604
6541932
6542348
6543024
6545115
6546548
6557481
6558144
6566929
6567439
6567928
6568466
6571282
6572546
6574015
6574771
6575517
6577962
6578438
6578976
6579422
6580106
6581186
6581726
6583412
6584191
6584851
6585421
6586331
6587568
6588451
6588988
6589564
6590867
6591715
6592507
6593499
6595149
6596009
6596887
6597433
6598143
6606619
6607378
6607815
6608411
6608871
6609340
6610594
6627863
6630056
6630642
6631532
6631971
6632614
6633056
6634013
6635870
6636551
6647477
6648176
6649494
6660765
6661514
6662002
6663175
6663912
6664859
6667585
6674705
6675249
6675626
6676422
6677486
6695423
6697435
6698668
6702688
6704903
6706153
6706972
6707498
6708854
6709298
6709911
6710488
6711113
6712026
6712771
6713518
6714274
6715284
6750293
6753461
6756151
6757349
6758910
6776279
6776873
6778006
6778908
6779551
6781176
6781975
6782900
6818582
6819221
6819854
6820473
6821017
6823804
6824724
6834395
6836613
6840984
6842435
6849765
6850372
6850926
6853361
6854603
6858542
6859377
6866703
6867932
6871840
6872273
6872717
6882577
6884367
6885230
6886087
6890718
6891398
6896829
6901837
6903502
6906489
6907263
6908385
6909101
6909968
6910599
6911281
6912050
6913635
6917424
6918074
6918726
6919330
6943541
6944755
6945777
6975761
6977968
6978864
6979583
6981606
6992799
7012341
7013735
7014568
7015350
7016045
7016988
7017438
7018594
7020032
7020664
7021178
7021702
7039893
7040568
7041130
7042181
7042936
7044033
7044931
7045658
7046485
7047074
7047784
7048674
7050067
7050530
7051118
7053219
7053912
7055181
7081500
7082235
7103387
7108009
7118207
7119393
7126599
7127047
7127570
7128665
7129566
7130044
7133972
7135400
7138272
7138881
7151568
7152445
7153232
7157637
7158147
7158703
7159352
7160012
7160313
7160658
7161412
7165186
7166286
7166742
7167305
7172279
7172936
7174862
7176186
7176804
7204826
7209039
7209726
7210555
7210864
7211390
7212349
7213689
7214111
7214652
7215382
7216054
7217089
7217588
7218206
7219917
7221109
7222210
7222902
7223701
7245017
7246085
7246589
7247053
7247425
7247907
7249405
7250822
7258805
7271912
7279031
7280023
7280523
7280967
7281629
7282082
7282497
7283128
7283680
7284321
7284768
7285213
7285732
7289395
7290408
7291940
7298960
7299416
7304683
7305533
7308371
7311321
7317092
7317689
7318590
7327098
7327688
7328163
7328662
7329090
7329586
7329947
7332573
7333841
7334507
7338368
7349731
7350801
7351983
7352447
7352774
7353106
7353464
7355074
7356132
7357747
7358594
7359190
7359822
7360617
7361233
7362778
7363170
7364598
7366642
7367476
7368617
7384989
7385815
7387050
7394576
7395011
7395471
7396241
7400953
7401326
7401813
7402415
7403560
7405738
7406537
7407498
7408084
7409124
7410734
7411576
7413154
7416423
7420955
7431944
7432443
7433154
7433647
7434002
7434524
7435171
7436089
7436599
7437394
7437974
7438457
7438876
7449460
7450707
7470647
7471184
7471533
7471863
7472213
7472899
7474012
7483489
7505713
7507640
7529425
7531111
7536888
7537495
7537991
7538834
7540312
7542653
7549169
7550280
7550875
7551375
7552145
7552671
7565281
7566389
7567381
7568120
7570502
7571050
7573023
7574138
7576154
7576743
7582247
7585836
7586422
7586837
7587767
7595967
7596678
7601618
7602152
7602485
7602862
7603326
7603798
7607154
7607970
7608935
7609833
7610473
7610985
7611561
7612031
7612833
7613773
7614711
7625862
7626479
7651052
7651841
7652832
7655894
7656467
7657245
7657650
7658586
7669410
7669956
7671467
7671898
7672506
7673237
7674091
7674762
7675774
7676081
7676484
7676839
7677243
7677606
7677927
7678357
7679087
7680146
7689399
7695532
7696736
7697477
7715187
7716051
7716697
7717419
7724272
7731558
7732622
7750193
7755456
7769289
7783422
7783881
7785033
7785494
7798119
7798566
7799145
7799664
7809078
7809480
7810010
7810808
7811388
7812192
7812701
7813852
7815820
7816944
7818189
7818913
7819375
7819877
7820635
7860110
7860704
7862560
7863024
7863841
7873784
7874429
7875103
7879900
7880948
7881441
7882270
7894798
7895309
7896065
7896567
7913156
7914560
7919943
7920488
7921102
7921974
7922392
7923054
7924686
7931965
7937705
7938516
7953268
7954740
7962063
7964619
7965925
7972999
7973467
7973844
7974341
7974938
7975317
7975810
7976198
7976776
7977692
7978347
7979341
7980090
7980813
7981595
7982065
7982468
7982888
7983423
7984381
7984862
7985446
7986113
7986554
7991927
7992346
7992642
7993015
7993394
7993781
7994720
8031103
8059050
8060030
8061940
8073492
8074121
8074757
8075096
8075525
8075948
8076933
8079219
8102970
8104281
8107752
8111277
8112105
8113438
8115218
8115701
8116766
8150969
8152704
8164600
8165235
8165631
8166158
8166613
8167615
8194766
8195587
8196406
8196869
8197334
8198175
8198880
8205684
8206365
8206905
8208081
8216868
8217508
8218116
8219243
8235152
8242916
8244676
8245152
8245623
8246170
8246594
8246992
8248145
8249070
8251391
8252583
8257921
8258413
8259377
8260115
8261072
8261823
8262290
8262680
8263185
8263670
8264028
8264738
8289998
8290720
8291233
8291700
8292313
8293050
8313575
8314673
8315188
8316846
8319088
8319919
8321807
8331330
8332728
8333558
8341133
8342173
8343025
8344113
8346312
8357290
8374877
8378646
8395615
8403803
8404856
8405632
8406444
8407388
8419394
8419980
8420487
8420810
8421319
8421739
8422952
8424585
8435923
8436368
8436871
8437340
8487267
8508225
8511285
8511847
8512775
8522615
8523805
8530944
8550323
8551527
8552111
8554454
8561408
8563252
8564914
8565938
8566404
8566821
8577522
8584041
8598830
8599608
8602682
8603285
8604353
8620665
8621453
8622855
8632765
8634134
8635149
8635789
8638132
8639080
8664302
8664737
8665273
8674037
8674695
8679837
8696284
8698393
8710083
8710601
8712131
8713251
8714286
8715088
8715951
8716691
8717326
8719161
8735810
8737130
8740776
8741246
8742182
8742740
8743686
8744174
8791276
8791863
8792639
8795649
8796409
8796964
8797412
8797940
8801730
8804536
8820731
8822496
8829363
8833186
8836609
8837441
8837883
8838466
8839278
8850947
8861769
8862292
8863145
8864209
8864801
8865487
8866026
8867423
8867931
8869063
8886771
8887170
8887540
8888212
8912105
8912522
8913121
8915408
8915914
8918651
8919221
8924283
8924770
8925331
8925907
8926430
8927138
8928349
8930180
8934568
8935957
8937139
8937826
8946045
8946744
8947325
8950653
8951174
8951522
8952344
8953206
8953979
8954262
8954593
8954869
8955320
8955761
8956776
8968476
9008662
9011642
9012345
9013260
9014022
9014590
9015582
9027180
9027588
9028349
9029545
9038993
9040096
9050663
9055651
9065290
9066839
9077745
9081048
9085342
9086050
9086818
9089271
9094756
9096265
9097648
9106239
9106986
9124736
9139414
9141498
9142408
9143324
9144058
9144628
9145193
9146084
9146846
9158644
9159515
9160087
9160578
9161032
9162136
9162777
9165424
9167332
9167929
9168498
9168816
9169279
9169709
9170778
9209486
9211347
9212716
9214421
9217693
9218257
9218866
9239847
9241008
9241512
9242209
9242777
9243530
9247655
9265188
9265816
9266466
9267260
9293589
9294831
9295572
9296084
9296572
9297055
9297379
9297925
9298375
9307493
9308009
9308929
9309726
9327230
9327963
9328614
9329573
9333985
9334902
9347656
9349035
9349624
9351112
9351656
9352952
9354042
9355897
9362914
9365188
9366013
9380584
9382064
9383006
9384105
9384547
9384966
9385408
9386114
9398196
9398700
9419850
9421210
9423638
9424245
9429864
9431280
9454281
9454796
9455155
9455515
9456191
9456738
9457853
9471298
9477237
9478002
9478950
9484462
9507876
9510328
9511113
9516891
9517414
9519604
9531544
9532381
9533800
9535098
9536481
9540199
9540642
9540968
9541310
9541769
9542264
9543066
9544543
9547094
9560666
9562487
9570246
9570824
9571368
9583505
9590416
9591384
9591715
9592035
9592570
9609791
9610588
9611104
9611666
9612149
9612520
9613035
9613336
9614130
9614868
9616606
9617416
9618225
9618716
9619371
9644510
9646296
9647314
9648432
9651956
9653799
9654696
9655888
9656379
9657190
9658830
9659672
9660709
9661170
9661851
9662497
9663480
9688325
9688820
9689631
9706252
9706738
9707206
9708063
9709442
9710056
9717846
9730263
9731455
9733689
9734155
9734957
9744131
9761229
9764198
9767475
9768358
9771397
9817340
9817814
9825544
9826182
9826671
9827043
9827517
9829595
9836345
9837940
9842836
9843966
9844572
9846386
9851749
9852784
9853872
9854468
9856213
9856857
9857290
9858338
9859689
9878436
9879292
9879948
9880625
9906772
9916939
9919760
9920617
9932573
9935198
9935553
9936106
9936879
9940779
9941710
9942932
9946707
9948787
9949361
9949870
9950334
9950892
9952397
9953618
9978968
9989742
9990187
9990923
10002204
10005012
10005971
10006476
10007068
10007609
10008320
10008968
10010816
10011560
10012402
10023098
10025114
10026069
10047363
10050888
10057524
10058172
10058970
10059472
10062263
10063092
10063503
10064184
10065006
10065600
10069816
10089254
10089812
10090507
10090957
10091545
10097393
10098254
10104062
10124033
10129700
10131080
10131498
10132165
10135648
10136695
10137425
10138589
10145926
10146789
10147460
10148988
10152974
10179302
10180169
10180851
10181721
10191146
10192192
10193173
10193817
10206968
10208048
10209985
10211054
10211865
10212915
10215104
10216139
10217531
10224802
10225512
10228876
10234969
10240469
10241195
10242433
10243841
10244533
10246423
10250855
10275501
10276544
10277338
10278006
10295700
10302884
10305143
10306161
10306742
10308356
10309311
10309712
10310088
10310646
10315215
10317503
10318132
10319105
10360412
10360870
10361504
10383789
10390189
10399816
10401187
10402625
10403942
10405285
10416666
10425943
10427224
10428473
10429074
10429689
10430578
10431238
10431696
10432267
10432887
10433484
10434030
10434651
10458820
10459214
10459663
10460304
10464338
10472400
10478296
10478854
10480468
10486039
10486569
10487198
10488882
10490156
10490662
10491179
10501921
10507291
10507808
10509003
10509753
10510699
10511263
10511762
10512200
10512625
10513278
10513881
10514772
10537196
10537815
10538342
10546581
10552879
10576971
10578002
10607292
10608258
10608799
10611511
10620176
10620692
10621384
10622325
10626032
10626822
10645146
10645607
10649117
10651499
10665449
10666239
10687675
10688069
10688674
10689322
10689930
10695291
10698450
10705286
10705940
10706520
10706996
10710990
10715102
10715976
10717474
10718579
10737083
10744141
10744799
10745292
10745687
10746087
10746684
10747173
10760133
10761390
10766161
10768267
10776801
10779150
10779684
10780217
10780666
10801766
10806103
10806839
10807404
10808120
10811686
10812367
10813643
10818095
10820196
10821283
10822679
10823520
10826746
10827310
10827937
10828603
10829324
10830078
10834329
10835871
10836650
10837318
10838767
10854753
10855262
10855714
10856069
10856513
10856840
10857150
10857986
10863131
10869496
10870466
10871030
10871846
10872337
10873052
10877940
10881125
10884877
10885754
10890287
10891040
10898570
10899219
10900192
10901348
10902122
10902562
10903680
10904842
10905164
10908035
10908441
10909083
10909792
10910305
10910922
10917389
10918060
10918899
10937723
10948929
10952321
10956117
10956929
10957352
10957937
10958409
10958798
10959184
10959561
10959901
10960265
10960920
10961722
10962288
10962872
10963408
10963888
10964838
10965368
10966827
10971318
10972605
10990003
10992256
10992882
10993364
10994210
11014412
11015234
11015510
11015871
11016182
11016563
11017177
11018614
11020596
11027446
11033809
11034407
11035034
11036065
11043890
11045563
11046176
11047067
11048000
11056026
11063657
11074902
11076119
11077205
11077935
11079130
11087800
11088409
11090117
11091570
11092574
11094180
11104137
11110342
11110754
11111297
11111772
11112155
11112616
11113328
11114073
11114959
11115610
11116257
11117594
11118175
11123089
11124425
11128815
11130678
11132637
11133265
11133895
11151403
11161609
11162537
11164956
11165561
11167300
11169393
11194088
11194559
11194972
11195324
11195701
11196018
11196513
11196847
11197257
11197829
11198276
11198956
11200150
11202500
11203283
11203905
11204631
11207040
11219193
11219802
11220674
11221607
11223121
11224311
11227102
11227908
11228374
11229219
