1344.243
2298.739
5443.51
6821.191
7513.685
8661.249
11323.73
12732.05
14318.85
14849.4
15360.9
15425.12
16516.58
16556.17
17392.87
18440.78
21353.81
22193.67
22849.77
22850.95
23333.93
24144.57
24764.59
26204.34
27090.99
28687.64
29427.23
31062.17
33883.45
35163.83
36750.68
37625.53
38779.28
39660.56
41043.63
41805.49
42516.34
43096.95
43777.99
44945.9
45781.99
46449.9
47756.78
54844.86
55772.31
57114.02
57875.74
58684.17
61938.41
63111.76
63940.23
69075.23
69564.75
75035.17
75787.03
76324.95
77266.76
79745.31
80534
81292.03
82114.64
82812.84
83697.5
84688.62
85134.45
85619.92
86119.75
86722.86
87250.16
87543.67
87974.75
88773.47
89823.08
91843.41
94660.88
95506.48
96227.6
98961.92
99768.4
100571.7
101958.4
103081.9
103706.7
104751.9
105995
106681.6
108285.3
111436
112973.2
113980.5
114788.3
115705.3
116376.6
118758.4
123322.9
124846.6
127333.6
128095.8
128604.7
128932.8
129932
130962.8
131990.6
132028.6
133179.5
134338.8
135441
136493.2
137197.2
140358.8
145285.6
146052
146671
147320.8
148010.6
149462.6
151315.8
159083.5
169023.6
170812.5
171177.5
171504.5
171785.7
172384
172687.5
173050.9
173500.4
174070.8
174861.4
181455.3
181879.1
182392.5
183068.1
184140.7
185184.5
189255.7
190281.8
191165.7
191880.9
193670.4
194995.7
196408
196655.6
197554.5
198706.7
199261.2
199905.4
201435.5
204694.6
206149.2
207312.8
208219.2
209735
210688.8
213439.5
214220.1
215256.5
216232.2
218288.5
223101.2
225667.7
226446.8
230645.9
234225.2
236645.9
237927.6
239023.7
239695.5
240180.6
240336.5
240788.4
241390.8
242247.6
243426.7
244767.7
249317.5
250171.9
250856.5
251916.7
253590.4
256106
258707.8
259812.1
260738.5
261418.5
262396.8
262475.8
263858.2
265803.3
267776.6
271291.9
273898.6
274150.9
275922.5
276841.9
277958.5
279300.3
280125.7
280997.4
281646.9
282452.7
283256.5
284048.7
284750.1
286350.8
287232.9
287996.9
288712.1
289293.7
290702.2
291589.1
293142.6
295499.1
296376
296839.6
297710.4
303292.9
303880.6
304824.2
305613.4
306226.8
306890.9
307370.7
307937.9
309217
310841.8
311462.5
312275.5
313130.2
313865.1
314697.3
315476.6
315983.5
316651.6
317925.3
322065.2
322869.1
324006.2
324589.9
325470
326044.3
326830
328281.1
328994
329693.6
335021.7
337966.2
338817.9
341698.6
344707.4
345924.9
346484.1
346974.9
347575
348142.6
348620.9
349075.6
349667.1
350103.2
350783.1
351420.1
352320.3
353178.4
353721.3
354297.2
354920
355484.8
356180.2
357331.1
358293.9
362285.9
364357.9
365711.5
365721.8
366530.1
366566.9
369459.7
370572.5
371715.5
372403.6
373465.6
374035
375771.2
376623.9
377778.8
378473.2
380106.8
380856.7
381583.7
382217.9
383143
383738.3
383819.7
385077.2
386047.4
387075.5
387613.9
387906.3
388239.9
388959.5
390732.8
391306.5
391974.6
392535.2
392887.3
393036.2
393561.7
394557.9
396477.5
397840.1
399392.5
400210.1
401050
402115.1
402953.8
403706.9
404293.5
404742.1
405294.5
406016.2
406897.5
407706
408701.6
409323
410670.2
411672.9
413084.7
414146.5
414883.8
415538.5
415732.1
417539.2
418415.2
419336.9
420290.4
421043.6
422528.5
423399.1
423933.9
424695.4
425441.1
426118.1
426891.7
427608.9
428299.8
428829.2
428864.2
429666.2
430230.9
450219.3
450997.2
451675.9
452325.3
453320
454608.4
455063.1
455844.2
457036.1
458621.7
458674
459671.6
460708.2
461447
462048.5
462579.5
463516.9
463949.1
464441
465126.5
465894.5
466341.4
467702.8
468739.2
469480.8
470316.6
471713.5
473099.8
473938.6
475180.2
475338.8
480460.8
481216
481967.8
482655.4
484755.2
487663.9
488508.7
490100.3
492209.1
494438.2
496411.3
496892.5
497570.1
498732.9
499222.5
499466
500233.6
500906.4
501534.7
502124
502694.7
503543
504975.7
506127
506241.7
508091.4
509226
510066
511755.7
514108.2
516396.1
524221.6
525344.3
527382.6
527957.4
528634.6
529245.9
530164.9
532653
533372.7
534104.9
535989.6
536980.4
538661.5
539545.2
541657.1
542857.4
543511.9
544417
545461
546536.2
547110.1
549241.7
549935.5
552545.3
553189
555057.4
555759.2
556784.8
557956.2
560607.1
561337.5
562064.4
563960.3
565568.3
567417.1
569413.4
574661.1
575479.1
577332.2
578190.3
578864.6
580370.6
581310.9
582489.3
584547.7
586065.8
596695.8
596768.7
608260.5
608634.7
621257.7
621586.5
622320.8
622715
623156.8
623714
642901.3
643925.4
645166.8
648057
649776.8
654457.3
656593.1
659035.3
659477.5
663007.6
663722.3
667725.3
669215.8
674279.4
674973.9
682148.8
683038.9
683682.1
684466.4
687329.8
688668
690049.6
691397.2
692217.2
693182
697749
699466.3
699508.6
707010.4
711123.5
712198.5
716520.5
719345.3
721860.4
724389.2
725466.6
726957.7
728969.4
730157
730995.1
731883.2
732842.8
733626
734512.2
735220.7
735679.1
736080.8
736589
737189.6
737906.7
738932
739850.1
743335.1
744174.4
745983.2
758853
760330.1
761069
761687.7
762608.4
763828.3
765007.3
766201.6
767559
769127.5
770990
772531.5
774154.7
774189.9
775748.7
776478
780692.6
781478.8
782163.7
784717.1
788340.3
789449.4
793532.2
794508.1
795222.8
796633.6
797362.9
798469.8
802679.5
803060.3
803784.2
804449.7
805083.9
806679.8
808068.8
808964.3
809559.3
810545.7
811778.9
812759.8
813580.1
823407.2
825153.3
825809.1
827772.5
829224.3
831035.2
831079.1
839658.9
844424.8
846252.2
846945
847030
852997.4
854576.8
855215.8
856405.7
856576
858641.6
861743.6
862827.3
868371.6
870315.7
870910.6
874079.1
879329.8
880897.6
901119.4
901338.7
904044.9
904748
906731.9
908092.8
909212.8
909751.4
910117.7
910951.9
911927.7
913623.9
914441.2
915883.2
916633.9
917320.9
917793
918004.6
918984
920660.3
923801.3
924877.5
928138.9
934775.5
938363.4
940354.8
941712
942541
943435.5
946758.3
947712.6
948759.1
948951.2
949604.1
954218.3
955241.9
962630.9
963478.1
965514
967303.2
969045.7
970826
971416.4
972382.8
973488.2
974664.2
975521.2
977249.2
985275.4
988075.2
989493.5
990272.2
990389.7
990994
991730.8
992345.1
992854.8
993500.9
994385.4
995762.4
996282.4
996998.1
997911.2
998718.5
1000012
1001388
1002906
1003751
1004550
1005412
1009018
1009054
1010115
1011230
1012231
1013599
1014374
1015050
1015219
1016292
1016879
1017341
1017995
1018700
1018759
1019367
1019969
1020521
1021686
1022270
1022704
1022760
1022955
1023835
1024894
1025437
1026128
1029829
1031134
1031298
1031940
1034863
1035750
1040389
1041365
1043417
1044061
1044583
1045432
1046182
1046706
1047262
1048083
1048964
1049828
1050732
1052662
1053189
1053778
1058971
1061934
1070471
1070961
1071233
1071576
1071822
1072226
1072522
1072905
1073446
1073955
1075339
1082013
1082792
1083498
1084069
1084477
1084986
1085499
1086120
1086691
1087402
1088123
1092063
1093379
1101573
1102145
1102666
1103232
1104103
1104610
1105242
1105706
1106735
1107558
1108644
1113065
1113972
1114364
1115067
1115740
1116532
1117882
1120238
1121202
1122612
1123766
1127778
1130106
1131242
1134896
1136122
1136737
1138310
1138346
1139847
1139873
1143593
1147689
1150069
1150081
1151004
1151852
1152909
1153479
1154087
1154646
1155361
1157322
1162201
1163104
1163846
1164621
1166307
1167552
1169763
1171164
1172765
1173893
1174467
1175200
1175749
1176485
1177261
1177884
1178635
1179413
1179954
1180432
1180846
1181539
1181955
1182494
1183276
1183806
1184402
1184905
1185483
1185957
1186772
1187569
1188596
1189378
1190076
1190870
1191826
1192734
1193332
1200097
1201091
1202133
1203051
1204030
1205707
1206804
1207353
1207883
1208296
1208467
1208961
1209423
1209852
1211086
1211703
1212585
1214215
1214977
1215385
1215889
1216398
1217385
1217894
1219260
1226473
1229037
1229872
1230598
1231289
1231323
1233304
1234500
1237006
1238318
1239461
1240517
1241000
1241714
1242271
1243086
1244036
1245186
1246590
1247934
1248594
1250171
1250946
1251949
1254176
1254967
1256146
1256788
1257626
1258204
1258681
1260767
1261867
1262282
1282233
1283381
1283868
1284279
1284710
1285340
1285877
1286622
1287295
1288094
1288907
1300214
1300868
1301367
1301893
1302270
1302728
1303121
1303596
1304006
1304529
1305137
1305892
1307787
1313370
1315132
1316102
1317533
1318352
1319619
1319673
1320824
1322585
1323600
1324085
1324839
1325324
1326014
1326485
1327064
1328038
1329514
1330236
1331019
1350325
1350966
1352224
1353125
1353654
1354659
1355430
1356171
1356758
1356796
1357322
1357625
1357983
1360215
1360715
1361201
1361589
1361949
1362573
1362992
1364158
1365909
1366085
1367124
1367839
1368356
1368880
1370221
1370729
1371385
1372458
1373128
1374858
1375763
1376597
1377366
1378794
1379615
1380458
1381140
1381913
1382811
1384810
1386150
1386868
1387749
1389177
1390918
1392857
1396304
1397526
1399031
1400426
1400908
1402219
1402643
1402887
1403920
1403994
1404177
1406576
1407708
1408901
1409652
1410268
1411699
1414021
1414709
1416381
1417659
1421405
1422080
1422993
1424360
1425442
1426614
1433401
1436526
1437807
1438660
1439193
1439482
1440030
1440072
1440815
1441953
1441973
1442232
1442903
1444966
1445569
1446633
1449804
1453718
1453761
1454765
1455916
1456527
1457067
1457791
1458829
1459872
1461885
1463355
1470293
1470983
1472496
1473336
1474163
1474518
1477792
1478268
1478831
1480585
1485450
1486439
1487075
1488365
1489170
1490040
1494059
1496952
1497995
1498926
1499791
1501488
1502617
1517998
1521159
1521641
1521956
1522305
1522750
1523186
1523763
1524326
1532786
1533465
1533979
1534900
1535168
1535728
1536941
1538260
1542526
1543687
1544767
1545738
1546696
1547688
1549342
1550745
1551488
1553503
1553537
1555383
1556015
1556199
1557564
1557641
1561118
1561869
1562588
1566427
1567212
1569463
1571666
1574720
1581077
1581948
1582524
1583212
1584147
1585030
1586159
1595504
1597921
1602652
1602970
1603293
1603838
1605178
1606729
1609089
1610820
1612303
1613177
1615869
1617483
1618595
1619525
1620228
1620868
1621197
1621622
1622277
1622879
1624237
1626198
1628693
1635653
1636989
1638749
1640388
1641112
1650250
1651409
1655705
1657545
1658210
1659116
1681612
1683815
1684815
1686880
1689290
1694528
1695943
1696706
1697802
1698575
1699899
1702053
1704269
1704939
1707450
1712291
1714170
1714939
1715532
1716244
1717362
1719786
1721118
1721159
1722573
1723231
1725566
1726011
1728037
1729249
1731390
1738960
1739712
1740607
1741205
1742816
1753267
1756258
1766299
1768209
1768807
1769696
1770797
1772384
1775372
1777373
1780925
1800558
1800955
1805358
1807988
1809046
1813065
1814410
1815616
1817013
1818325
1819631
1820466
1822979
1826104
1828081
1829127
1831034
1838013
1838713
1839287
1839894
1840821
1841602
1841612
1844029
1844460
1844730
1846009
1851029
1851893
1855898
1856881
1858641
1861488
1862175
1863000
1865237
1866996
1867730
1868290
1871377
1872032
1872035
1872617
1873406
1873989
1874620
1875276
1876049
1876541
1877077
1877710
1878285
1878848
1879753
1880886
1882666
1883552
1885700
1886473
1886494
1894257
1894937
1894980
1895991
1896103
1896828
1897459
1899726
1900817
1901112
1907496
1908188
1909041
1909613
1910272
1911172
1912061
1914255
1916163
1917596
1918268
1919215
1919974
1920847
1923626
1924304
1924998
1925836
1926955
1935734
1936277
1938697
1939535
1940929
1942263
1943071
1943787
1944508
1945116
1945733
1946812
1952260
1958448
1971272
1971638
1971935
1972313
1972672
1973099
1973410
1973847
1974472
1975229
1977330
1985559
1986421
1987345
1988249
1988973
1989928
1992021
1996422
1998229
1999033
1999663
2000185
2000834
2001555
2002269
2002303
2003917
2004487
2004664
2007083
2008479
2009191
2011119
2012121
2014202
2014945
2020048
2021228
2022328
2024724
2027555
2028780
2029460
2030844
2033552
2035352
2036581
2038462
2039203
2046134
2046806
2052157
2053263
2054071
2056216
2058315
2059124
2060359
2061683
2066501
2067210
2068585
2069393
2070192
2071134
2071754
2072458
2073002
2073647
2074579
2074752
2076013
2077311
2078164
2078811
2079597
2080716
2081685
2083043
2084982
2087625
2088361
2091375
2093979
2095916
2100723
2102467
2104717
2105298
2106210
2106889
2107557
2108277
2109556
2110624
2112467
2114268
2116167
2116830
2117879
2118263
2118281
2118479
2119054
2119363
2120179
2121334
2126395
2127890
2129118
2129658
2130470
2131038
2131914
2132575
2133474
2134066
2134234
2135154
2136348
2137332
2138746
2139769
2145430
2146307
2147382
2148166
2148646
2149515
2149596
2150032
2150827
2152291
2153290
2155187
2156174
2157566
2160125
2167252
2168092
2170110
2172261
2172826
2174490
2183464
2184508
2185438
2186949
2188525
2188736
2189703
2214671
2215227
2215633
2216079
2216544
2217014
2217923
2218682
2219375
2220675
2225824
2226227
2227658
2250054
2250737
2251503
2252050
2252310
2252764
2252963
2254522
2256727
2258112
2259025
2259708
2267494
2270524
2272281
2273230
2273265
2274603
2275866
2280035
2281663
2282430
2283394
2284029
2284636
2285583
2285932
2286732
2286774
2287997
2288844
2289806
2291043
2291646
2292948
2300071
2300555
2301030
2301637
2302103
2302585
2303522
2304419
2305018
2306451
2307059
2317665
2318457
2319770
2323462
2323820
2324556
2325894
2326720
2327936
2329355
2348150
2348943
2349626
2350496
2354673
2355888
2359246
2360506
2361965
2369411
2370394
2372297
2374337
2374967
2375509
2375991
2376570
2377104
2377701
2379500
2380221
2380260
2381520
2381710
2382394
2384581
2385227
2387325
2388523
2390078
2392705
2393607
2393958
2395715
2396866
2398262
2399740
2399939
2400483
2408592
2409274
2412915
2420870
2421182
2421758
2422021
2422318
2422649
2423054
2423709
2424255
2429567
2433002
2436048
2437851
2438492
2439178
2439683
2440569
2441231
2441703
2442717
2451669
2467318
2489575
2491096
2491101
2495901
2503289
2504318
2505278
2505550
2512575
2515907
2517130
2517825
2518351
2519049
2519969
2520478
2520950
2521408
2521963
2522468
2522997
2523546
2524023
2524561
2525103
2525679
2526252
2526888
2527969
2528696
2534650
2535344
2539952
2542624
2544427
2545576
2546569
2547549
2551851
2554910
2556082
2556705
2557528
2570839
2571243
2573120
2573864
2574554
2574658
2591521
2600476
2604300
2618370
2618411
2619389
2620174
2621111
2621679
2621762
2623745
2626176
2626695
2627254
2628373
2629201
2629926
2631176
2632763
2638217
2639753
2641089
2642109
2642789
2643455
2644238
2645044
2646085
2646964
2652447
2653454
2654731
2666723
2666807
2667746
2677748
2679135
2679779
2681287
2700324
2701459
2702146
2702736
2703285
2703904
2704340
2705826
2708246
2710390
2716024
2717122
2717951
2718186
2719301
2720672
2721512
2722238
2722919
2723650
2724336
2724848
2726234
2728155
2729400
2730568
2731302
2732371
2734000
2735927
2740708
2743944
2744753
2745944
2749564
2750712
2751450
2752271
2752832
2753425
2753912
2754459
2754946
2755418
2756168
2756956
2757547
2759567
2761912
2762455
2762731
2763465
2764518
2767166
2770279
2770862
2771241
2771672
2772215
2772288
2772674
2773182
2773373
2774044
2774862
2775792
2776432
2777160
2777940
2779850
2780901
2781440
2782196
2784532
2785826
2789367
2792492
2797712
2798855
2799429
2799955
2800583
2801471
2802365
2805439
2806274
2807388
2809037
2814936
2815986
2816555
2817009
2817487
2817886
2817967
2818754
2819860
2830874
2831743
2833002
2834770
2835538
2836471
2837296
2837867
2838588
2839100
2839499
2839627
2840139
2840180
2840644
2841359
2842052
2843590
2843753
2844921
2850422
2850919
2851128
2852087
2852727
2859437
2860567
2862451
2863474
2867222
2867557
2868457
2869244
2871144
2871349
2871687
2871994
2872455
2872756
2873478
2874098
2874624
2875845
2881785
2883004
2883816
2884536
2885140
2885839
2886807
2887686
2889961
2891612
2892668
2893713
2894593
2895905
2898373
2899364
2907590
2908976
2911389
2912928
2914359
2915321
2916077
2916989
2917970
2918635
2919828
2921187
2925944
2926902
2930196
2930817
2932188
2934461
2937254
2938389
2939035
2939605
2940701
2962233
2962780
2964090
2964904
2967848
2968752
2969558
2972929
2973195
2979299
2982841
2984107
2984868
2985510
2987329
2988470
2989844
2995486
2996726
3003090
3003634
3005016
3005854
3007349
3008394
3012306
3013346
3015043
3019817
3022374
3023043
3023940
3025165
3027085
3027935
3030203
3033315
3038688
3044234
3045459
3046549
3047756
3048430
3048969
3049528
3050297
3051080
3053880
3064210
3066594
3067522
3068807
3073019
3073692
3074295
3075869
3076589
3078165
3078268
3083347
3086069
3086676
3087368
3088125
3089149
3090030
3090758
3093952
3096692
3098591
3100537
3105716
3106679
3109239
3109254
3111518
3112378
3113073
3113713
3114691
3115185
3115983
3119153
3120626
3122679
3123813
3124561
3125081
3125865
3126583
3127367
3128222
3128735
3129847
3131111
3150655
3151167
3152122
3152773
3153581
3154100
3154703
3154759
3155424
3156021
3156643
3157355
3158527
3159663
3165476
3169400
3170038
3170584
3171184
3171677
3172324
3172844
3174038
3174486
3175165
3175602
3176295
3177828
3180427
3182342
3182972
3183420
3184029
3184287
3184413
3184958
3185412
3185823
3186248
3187139
3187633
3188132
3188516
3188873
3189750
3190297
3190871
3191432
3191915
3192491
3193332
3197934
3199184
3199607
3200191
3200737
3201377
3202279
3203816
3205010
3206899
3209645
3210294
3212358
3213625
3216581
3217170
3223152
3224122
3224974
3225866
3226479
3227422
3231056
3256211
3260450
3262912
3263798
3264411
3265034
3266339
3267937
3269460
3270296
3271465
3272773
3274387
3275760
3281338
3285703
3286279
3287156
3288485
3288614
3290053
3292911
3293899
3294625
3295671
3296281
3296933
3297654
3298790
3299244
3315860
3321824
3322403
3322841
3323347
3323938
3329525
3331037
3332752
3334606
3335683
3335760
3336274
3336744
3338109
3342555
3343133
3343826
3344810
3345972
3346670
3350074
3350785
3357751
3358664
3359268
3361226
3364061
3368018
3369095
3369198
3371194
3373490
3375377
3379449
3380705
3386281
3388838
3390511
3391865
3393522
3394590
3395619
3395965
3396138
3396774
3397584
3398615
3399339
3399379
3410788
3411885
3412565
3417274
3419557
3422801
3426500
3427942
3428725
3429927
3430706
3431431
3432571
3432692
3433603
3433643
3436775
3439047
3440318
3440885
3441459
3441959
3442566
3443186
3444754
3445494
3446827
3448500
3458860
3460882
3466251
3467261
3468012
3468871
3470274
3470893
3471399
3471978
3472946
3473207
3474199
3475246
3476953
3478400
3478934
3479118
3479342
3479738
3480165
3480786
3481243
3481930
3482045
3482711
3483622
3484291
3485099
3485558
3485602
3488363
3489705
3490798
3491570
3491781
3494820
3495678
3512475
3512899
3513338
3513731
3514208
3514685
3515211
3515780
3516265
3517874
3521935
3522925
3525879
3531508
3537684
3538784
3539661
3540142
3540695
3541459
3542123
3542569
3543198
3543652
3543844
3544749
3545609
3546918
3550574
3551001
3553468
3554917
3555985
3561834
3565836
3567037
3568784
3571665
3578182
3579148
3580483
3603032
3614005
3614547
3615034
3615584
3615667
3616104
3616616
3617116
3617150
3617964
3620722
3621352
3622667
3624062
3624863
3626640
3628536
3628758
3633684
3634392
3635072
3635639
3636427
3637532
3639187
3640742
3641612
3642220
3642870
3643417
3643958
3645008
3645565
3645608
3645611
3646551
3646644
3647636
3647931
3648624
3649855
3652663
3653531
3654903
3657445
3659284
3662920
3663774
3664720
3666138
3667138
3670373
3686389
3687141
3688167
3689235
3690004
3690884
3692055
3693098
3699291
3701913
3703342
3704044
3705547
3714654
3723396
3724308
3725200
3725874
3726083
3727810
3737471
3738141
3738669
3739498
3740222
3740696
3741390
3742011
3742017
3742741
3743381
3744044
3744912
3745826
3748000
3748994
3764636
3771869
3772206
3772612
3772994
3773476
3773954
3774715
3775525
3782201
3782990
3783470
3783955
3784852
3785724
3786465
3787312
3793982
3794524
3795716
3795871
3796664
3796774
3797638
3798707
3799479
3801115
3802299
3804149
3806307
3807967
3819791
3823845
3824665
3827153
3828034
3828944
3830206
3831562
3832451
3833816
3835073
3835952
3836330
3836365
3843713
3844285
3845066
3846079
3846816
3847718
3848908
3849165
3849368
3850040
3850766
3851360
3852151
3852453
3853022
3853612
3854119
3855237
3856867
3861990
3862095
3863294
3863974
3864728
3865606
3866704
3867597
3868893
3869590
3871263
3871582
3872565
3873307
3875381
3876124
3877378
3878544
3880797
3881627
3882532
3884663
3888812
3891168
3894477
3895398
3896397
3896595
3896598
3897511
3898290
3898338
3899711
3899754
3902402
3903972
3904772
3905321
3907469
3908463
3909110
3909905
3911627
3914156
3915517
3916497
3924292
3925060
3925732
3926497
3927323
3927910
3928533
3929031
3930031
3930714
3931502
3932253
3935947
3937219
3939982
3940621
3942254
3942808
3943514
3944079
3944785
3945595
3945813
3946457
3947617
3948580
3950221
3950826
3952244
3952877
3953598
3955310
3957431
3958487
3959146
3959823
3960827
3962270
3963517
3974584
3976325
3977126
3979015
3984721
3985632
3986199
3986797
3987804
3995343
3996146
3997806
4001767
4001814
4004623
4005771
4008324
4011489
4014208
4015266
4016267
4016919
4018116
4018728
4019394
4020618
4020678
4022650
4024607
4026259
4027373
4050476
4050975
4051606
4052372
4053116
4053886
4055457
4057017
4058206
4063194
4065183
4069154
4070525
4071517
4076629
4078775
4080399
4080561
4081355
4082271
4083142
4087750
4088948
4090474
4092234
4094993
4096229
4097177
4097911
4098929
4103799
4104702
4107515
4108829
4109675
4110953
4115645
4116760
4117279
4124627
4126482
4127711
4128555
4133939
4134853
4135595
4136175
4137033
4137745
4138383
4143137
4143578
4145273
4146913
4149279
4149376
4149936
4151090
4151664
4152290
4153318
4153959
4154687
4155285
4155990
4156824
4157482
4158245
4158284
4158379
4160517
4162219
4162894
4163593
4163637
4164127
4164660
4165349
4166348
4167356
4168813
4170637
4181738
4184302
4186396
4187374
4188671
4193517
4194696
4195788
4208987
4222473
4222889
4223217
4223519
4224196
4224972
4225428
4225977
4229842
4236708
4239793
4240907
4244159
4244514
4245398
4245972
4246595
4247406
4247937
4248369
4249104
4249625
4250349
4251083
4252367
4252404
4256514
4260321
4269292
4279146
4282674
4283309
4284671
4288786
4291266
4300794
4302960
4304173
4305360
4306248
4307324
4308369
4310271
4315227
4316283
4317206
4319422
4320981
4321765
4324043
4329282
4330252
4330862
4331799
4332761
4333355
4334455
4335274
4336501
4336946
4337742
4338735
4339257
4339839
4340680
4341773
4343708
4347714
4351783
4353078
4354118
4354301
4354915
4355633
4355686
4356244
4356980
4357725
4358863
4359447
4359981
4360427
4360508
4360892
4361371
4361738
4362085
4362603
4362846
4363129
4363357
4363808
4364018
4364302
4364546
4364947
4365700
4365828
4366275
4369564
4373822
4374303
4374636
4375016
4375389
4375782
4376260
4377415
4379912
4380588
4381548
4381660
4382211
4382725
4383846
4387147
4387945
4388594
4388907
4389023
4391326
4393280
4394097
4394098
4394675
4395353
4395909
4398488
4398852
4399287
4399629
4400086
4400298
4400469
4400970
4401448
4402028
4403152
4403933
4404623
4405101
4405447
4405855
4406571
4406937
4407238
4407645
4407801
4407995
4408518
4409104
4411566
4417137
4426585
4427183
4427755
4428252
4428701
4429330
4429871
4430522
4431289
4432401
4433498
4438265
4438877
4439509
4439908
4440291
4440866
4441237
4441378
4441965
4450825
4451745
4452294
4452697
4453244
4453659
4454669
4455777
4457700
4458480
4459132
4460337
4460768
4461847
4462465
4463253
4463908
4464395
4464989
4465716
4466190
4466727
4466830
4467409
4468564
4468873
4470889
4470934
4471975
4473813
4474957
4476248
4477203
4477291
4477941
4478481
4479242
4480485
4481272
4500367
4501183
4501356
4501634
4501974
4502418
4502771
4503151
4503694
4503936
4504038
4504158
4504487
4504542
4504693
4504986
4505235
4505588
4506035
4513906
4514195
4514469
4514812
4515116
4515745
4516179
4517295
4521631
4522037
4522219
4523981
4529921
4530686
4531254
4531713
4532202
4533055
4537059
4537915
4538691
4538789
4539885
4541161
4542879
4543109
4543745
4544757
4545893
4546598
4547059
4547534
4548051
4548577
4549043
4549580
4550153
4550946
4553046
4555278
4556032
4556588
4557266
4558262
4559268
4560908
4561744
4562535
4562657
4563121
4564438
4566170
4566987
4567764
4568394
4569493
4570115
4570761
4571174
4571219
4571694
4572182
4572692
4573876
4573946
4574604
4575947
4576540
4577064
4577729
4578461
4579674
4580582
4581996
4582297
4582901
4583898
4584019
4594680
4599445
4599687
4600298
4601707
4604133
4608153
4608781
4609229
4609624
4610622
4611118
4611504
4612001
4612579
4614100
4616158
4619212
4619868
4620541
4621303
4621673
4622477
4623748
4626465
4631047
4631735
4632322
4633052
4636242
4637579
4638241
4638932
4639090
4640920
4642002
4645736
4649995
4650465
4651012
4651486
4652233
4655420
4661178
4667389
4672774
4673336
4673976
4674436
4676009
4688090
4688754
4689355
4690234
4691492
4691620
4693031
4693166
4694386
4695702
4697391
4699790
4700919
4702080
4703642
4704481
4705984
4706679
4707189
4708371
4708925
4709619
4710006
4710564
4711094
4711529
4711867
4712413
4713054
4713668
4713860
4722316
4723808
4724986
4726845
4727984
4728704
4729951
4730900
4731347
4731537
4732208
4739219
4739476
4742313
4748010
4748633
4748672
4749176
4749979
4750583
4751502
4752185
4753297
4754118
4755421
4756979
4759252
4761940
4767348
4770387
4777595
4778802
4783463
4784590
4785422
4786422
4788047
4790703
4796948
4800438
4803607
4803782
4804419
4805288
4806196
4807061
4807888
4809128
4809778
4811248
4821956
4822738
4824333
4837975
4839386
4840551
4841770
4842602
4842805
4843603
4844465
4845503
4846521
4847180
4849537
4850558
4851600
4853310
4853949
4854743
4863024
4865759
4867183
4868840
4869011
4887575
4888734
4890263
4890850
4890931
4892617
4893351
4894368
4895258
4896324
4897738
4898783
4899570
4900342
4901202
4907696
4909610
4912612
4914353
4915667
4917307
4918759
4919494
4922023
4923071
4924218
4924939
4925703
4926305
4926867
4927666
4928471
4930423
4950127
4952861
4952902
4958030
4959691
4961007
4962984
4964792
4964865
4965999
4968682
4971882
4973583
4974620
4981541
4982886
4983552
4987065
4987659
4987789
4987806
4988422
4989105
4989849
4992404
4993046
4995218
4996975
4998316
4999037
5003149
5003618
5005667
5006400
5007108
5008158
5009725
5010281
5010521
5010862
5011493
5013050
5014498
5015780
5016954
5017051
5018607
5021396
5022089
5023391
5023975
5025215
5026224
5028663
5029931
5032348
5033256
5034573
5041804
5045685
5046371
5046870
5047558
5049455
5053240
5053729
5054322
5054388
5056266
5056955
5057713
5059118
5060659
5064950
5067603
5068781
5070169
5071381
5073229
5073385
5074647
5075541
5076128
5076853
5077514
5080323
5080712
5081942
5082851
5083420
5083964
5084959
5086055
5086615
5087526
5088098
5089096
5091267
5093464
5094928
5097341
5100332
5101163
5101830
5102324
5102327
5107524
5109105
5115508
5116645
5120897
5121331
5121685
5122148
5122481
5122915
5123615
5132768
5133797
5133875
5133875
5134798
5136410
5137233
5140194
5141008
5142174
5143127
5143875
5150749
5153036
5154883
5156015
5157379
5161918
5163503
5164482
5165812
5166660
5167192
5168040
5168325
5169363
5170081
5171287
5172193
5173344
5174698
5176268
5176925
5177678
5178209
5178891
5178972
5180430
5185666
5186954
5188104
5189314
5193881
5194721
5196112
5197406
5198097
5198981
5200186
5200872
5201496
5202264
5202890
5203743
5205166
5206260
5207371
5208058
5208934
5210526
5211328
5212544
5214421
5215654
5217254
5218578
5222184
5223562
5225754
5227608
5230401
5231503
5234899
5236042
5238383
5239496
5241373
5243040
5244246
5244833
5249701
5255098
5257515
5258155
5259971
5264571
5272326
5275420
5278126
5278860
5279186
5291604
5292623
5293635
5294717
5295800
5299211
5300275
5300740
5301672
5302432
5303032
5303671
5304383
5305100
5305711
5306820
5308106
5310782
5311873
5317635
5318436
5318988
5320543
5320907
5322969
5329782
5332705
5333931
5346393
5347063
5355074
5366090
5367444
5369046
5369719
5370508
5371198
5371880
5373234
5374689
5375343
5376240
5380484
5381103
5402211
5403073
5403610
5404639
5406010
5406287
5408382
5411425
5412077
5413159
5413890
5414073
5415018
5415638
5416624
5420178
5420963
5421796
5422895
5430209
5431171
5432353
5433250
5435214
5438804
5440584
5441102
5445206
5447236
5451566
5452346
5453378
5453957
5454561
5454873
5455943
5456744
5460463
5461168
5466301
5467177
5471485
5474510
5474586
5475283
5476010
5476515
5477351
5481401
5481470
5482490
5483526
5484305
5485810
5487269
5488369
5489050
5489674
5490259
5490765
5491369
5491853
5492783
5494097
5496904
5500226
5500912
5501400
5501821
5502252
5502695
5503052
5504166
5507007
5508296
5508934
5510500
5511257
5512324
5513669
5516247
5517472
5519251
5519275
5520757
5521522
5522266
5522746
5523862
5524893
5525862
5527785
5528691
5529463
5530141
5531797
5532632
5533633
5534522
5535207
5536212
5537608
5541882
5542790
5543489
5544619
5545682
5546289
5546753
5547345
5547985
5549219
5549845
5557797
5573034
5573727
5574527
5575285
5576481
5578007
5587224
5596818
5614554
5614839
5615063
5615646
5615689
5616361
5620958
5623050
5624176
5626160
5627245
5630513
5632696
5640987
5644313
5645106
5645919
5647292
5647577
5648594
5656108
5656826
5657806
5658459
5659046
5659533
5660147
5660764
5661522
5685081
5685800
5687032
5687917
5688071
5689318
5690526
5691218
5691507
5692782
5696319
5697139
5697681
5698320
5698821
5699763
5700261
5701295
5701670
5701688
5703757
5705108
5706940
5707736
5709822
5710517
5711354
5712127
5714472
5720257
5721904
5722481
5723106
5723656
5724788
5726347
5727973
5730319
5730976
5731501
5732016
5733900
5734745
5736427
5738210
5740483
5741895
5743455
5744108
5744653
5745689
5766816
5767562
5768620
5770689
5772079
5773647
5774666
5787769
5796481
5803778
5803857
5807914
5808029
5810151
5810988
5815754
5815791
5816640
5817373
5818926
5820520
5855721
5858519
5859180
5859633
5860276
5866175
5868101
5870640
5871680
5871994
5873515
5881665
5883487
5884024
5884715
5885257
5885761
5886787
5887743
5888528
5889060
5889933
5891298
5892125
5892820
5893605
5894634
5895148
5896379
5899354
5900090
5911224
5913645
5915239
5925269
5928340
5934441
5935049
5935930
5936654
5941293
5945089
5946527
5947329
5948379
5949438
5960470
5960511
5960908
5964754
5965421
5973716
5975781
5976579
5980709
5981429
5982097
5982672
5983533
5984350
5985050
5985891
5986377
5986946
5987561
5988017
5988477
5989021
5989881
5991589
5993309
5994330
5994365
5995049
5995876
5996672
5999604
6000556
6006148
6010137
6010956
6036660
6038153
6039176
6040050
6041920
6044789
6046661
6052271
6058599
6059868
6063078
6064291
6065374
6066758
6068470
6069628
6071375
6071896
6073095
6075533
6076741
6078663
6079448
6082719
6086096
6087028
6087250
6087407
6088573
6090385
6091968
6093724
6095256
6096713
6110460
6135673
6142307
6143665
6144591
6145003
6154430
6155205
6156025
6156033
6156426
6156474
6157797
6158444
6158763
6159481
6162513
6162759
6164278
6165888
6166454
6167045
6167593
6168222
6169018
6170292
6171082
6171764
6172304
6172422
6173662
6174560
6175221
6175975
6176641
6177254
6178116
6178978
6179683
6184319
6186336
6189653
6191413
6194078
6195335
6196102
6197014
6197892
6198756
6199352
6200049
6200764
6201368
6202142
6202201
6204061
6224267
6224307
6226921
6227820
6230478
6231398
6231995
6232804
6233724
6234547
6235191
6236075
6237151
6249241
6249946
6251249
6256630
6257267
6258402
6258883
6259477
6260154
6260925
6261790
6262518
6263144
6264147
6264917
6266751
6267541
6269733
6272788
6277502
6278205
6279755
6306164
6331383
6333057
6339710
6340592
6341440
6342613
6349611
6350690
6351560
6356883
6367353
6368127
6368219
6368615
6368976
6369532
6369764
6370970
6371507
6372116
6373160
6374898
6374932
6375496
6376028
6376712
6377347
6378207
6382750
6383957
6384848
6385418
6385978
6386978
6387509
6388257
6393308
6393916
6395830
6396637
6398341
6399402
6400854
6402504
6404327
6405720
6406632
6407655
6408581
6409560
6412381
6413915
6414897
6417115
6418894
6420564
6422332
6423135
6423850
6424387
6425156
6425200
6425843
6426181
6451086
6452163
6455872
6457186
6458525
6467805
6472146
6472499
6473042
6473460
6473918
6474528
6475148
6483005
6483808
6484362
6485089
6485673
6486247
6487090
6488215
6488906
6489964
6490883
6491513
6492631
6494304
6495203
6496042
6500842
6510756
6512086
6513565
6516182
6517140
6517244
6518908
6522629
6526383
6528109
6530071
6534656
6535437
6536669
6537413
6537660
6538060
6538351
6539748
6540429
6541419
6542328
6543172
6543843
6545371
6546512
6547407
6548048
6550672
6551877
6553087
6553738
6554292
6556742
6557579
6557684
6558297
6559064
6560641
6561288
6561881
6561917
6562634
6563914
6564666
6565623
6566296
6566427
6567759
6568770
6569637
6570652
6576266
6577580
6579222
6580176
6580219
6580779
6582511
6584921
6585799
6587483
6588607
6589487
6590557
6590617
6591079
6591981
6592891
6593672
6594320
6595030
6596142
6597172
6597925
6598549
6599221
6599899
6601833
6602435
6602622
6604755
6605998
6607198
6607877
6608544
6609218
6610799
6611694
6612537
6613083
6613797
6615859
6617016
6617644
6618287
6618995
6619954
6621388
6621952
6622575
6623251
6623747
6624255
6625266
6632240
6633077
6633773
6634140
6634676
6635676
6642810
6643843
6645070
6648099
6654616
6654990
6661348
6661885
6663957
6666603
6669370
6670591
6671239
6672698
6676895
6677668
6678546
6678776
6679518
6680281
6680858
6683494
6684996
6688343
6689217
6690102
6690882
6691881
6693150
6693910
6694523
6696503
6697946
6699818
6702683
6705054
6705904
6706605
6707257
6707786
6708293
6708919
6710170
6711032
6711831
6712929
6713987
6714450
6718968
6719959
6722206
6723009
6724504
6726750
6728950
6729656
6730478
6750640
6751929
6752765
6754033
6757422
6759948
6762290
6763203
6764273
6765201
6765847
6767406
6768555
6772041
6772906
6773536
6773573
6774613
6775796
6775971
6777670
6777712
6779535
6780061
6781160
6785016
6786435
6788205
6789510
6790263
6791165
6791994
6793381
6794830
6796284
6797202
6798165
6800548
6801684
6803236
6804921
6805971
6807737
6810216
6810998
6812779
6813230
6818581
6821954
6822331
6823515
6824816
6825467
6826199
6827316
6828313
6829515
6833646
6834101
6834719
6835299
6835975
6837078
6838039
6838743
6840285
6840944
6842068
6845439
6846173
6846603
6850827
6855546
6857984
6860728
6864949
6868580
6869637
6870917
6874793
6878413
6879207
6880479
6881377
6882219
6883808
6884235
6884742
6887856
6889913
6891165
6891316
6892109
6893196
6893870
6894314
6895156
6895779
6896639
6897624
6898676
6899227
6902535
6916059
6921028
6921423
6921731
6922049
6922316
6922706
6923138
6923708
6924335
6929519
6930119
6930780
6931508
6932212
6933006
6933862
6935031
6936126
6937188
6937945
6938897
6939900
6940788
6941611
6942749
6943610
6944585
6945465
6946393
6947025
6947720
6948313
6949289
6949860
6952402
6954347
6955206
6956663
6957396
6958333
6958842
6959739
6960743
6960786
6961724
6962378
6962718
6963907
6964303
6964748
6965354
6966342
6967070
6967733
6968310
6969130
6970532
6979898
6991993
6995858
6999784
7000429
7001056
7001871
7004419
7009398
7010439
7011038
7012286
7014947
7015819
7016575
7017097
7017769
7018171
7018691
7019672
7020351
7021133
7022304
7023135
7023909
7025531
7027006
7038742
7040141
7041690
7044149
7047679
7049098
7050236
7051400
7052615
7057777
7058573
7070290
7072728
7073436
7077631
7082697
7085357
7086728
7087390
7088144
7089515
7090811
7095066
7097660
7098490
7099670
7100481
7101342
7102440
7103466
7104571
7105233
7105918
7106720
7107194
7107704
7108175
7108759
7109233
7109705
7109845
7110319
7110977
7111879
7113884
7137497
7140196
7140810
7144249
7153089
7159005
7159859
7160739
7161860
7163079
7163956
7165558
7166363
7166971
7167574
7175831
7177032
7177595
7178789
7179529
7180272
7200557
7202437
7204684
7208234
7216900
7217495
7219517
7221757
7223590
7225025
7225515
7226254
7227024
7227843
7228730
7230742
7231271
7232365
7233986
7236911
7238716
7240137
7241208
7241895
7242386
7249131
7256627
7260317
7261540
7263361
7265590
7273610
7277178
7280609
7282484
7284973
7288683
7289514
7290137
7290713
7291390
7292180
7293512
7295827
7297077
7300967
7301015
7303595
7304223
7307852
7312861
7314314
7314425
7315209
7315841
7317200
7317949
7321598
7323322
7324022
7324850
7325669
7332233
7336772
7337949
7339288
7341613
7342993
7344485
7345458
7348255
7352776
7359424
7372404
7372902
7373393
7373925
7374458
7375035
7376269
7378274
7381966
7385218
7386420
7393643
7397405
7402029
7403408
7404156
7405316
7406387
7407440
7409990
7411066
7411976
7412538
7413264
7413973
7414494
7415185
7416114
7417066
7418119
7419100
7419688
7420387
7421675
7422887
7426614
7428760
7429856
7432690
7433269
7433975
7434672
7435620
7436490
7437295
7438173
7439530
7440828
7443108
7443845
7444924
7446033
7463126
7466621
7473987
7476552
7477376
7478065
7482156
7483091
7483899
7485970
7490988
7491794
7494215
7495446
7496623
7497527
7501915
7504961
7505595
7506132
7506557
7507067
7507601
7508123
7508504
7508822
7508958
7509418
7509915
7513482
7521951
7523130
7524046
7525284
7526377
7535573
7536247
7536740
7537440
7537976
7538586
7539548
7540775
7548447
7549206
7550592
7551583
7552737
7557358
7557724
7559190
7562247
7563787
7569576
7570469
7571782
7572315
7573595
7573940
7577761
7578508
7579240
7580464
7584170
7585187
7589047
7591254
7592775
7593116
7593527
7594525
7597314
7598035
7599684
7600421
7601131
7601726
7602288
7602928
7603549
7604369
7612730
7613451
7613932
7615112
7618297
7620301
7621165
7622638
7625557
7627366
7631086
7651152
7653188
7661773
7664427
7665803
7667219
7667750
7670876
7672555
7673651
7673793
7677287
7680921
7684942
7686348
7687122
7688172
7690365
7692338
7693191
7693657
7693903
7694148
7694337
7694545
7694783
7694978
7695135
7695193
7695335
7695926
7696155
7696371
7696697
7697000
7697413
7697771
7698307
7703214
7703629
7703953
7704318
7704622
7704990
7705406
7705935
7706517
7712123
7712945
7713462
7713976
7714018
7714414
7714961
7715456
7715952
7716625
7717090
7717526
7718447
7718833
7719353
7719903
7720533
7721433
7722801
7723166
7723810
7723978
7723998
7724567
7725885
7726473
7729925
7730629
7731543
7732399
7733195
7734049
7734530
7735117
7735583
7736042
7736525
7737439
7740620
7745964
7750289
7750664
7750988
7751324
7751747
7752101
7752522
7753072
7753982
7755974
7756727
7757497
7769260
7769737
7770175
7770462
7770771
7771041
7771410
7771834
7772275
7773694
7781519
7786123
7787081
7787563
7788280
7788843
7789388
7790011
7792388
7794411
7796919
7797775
7799886
7801525
7810481
7814442
7820706
7821067
7821536
7821867
7822358
7822989
7824184
7829077
7829857
7830647
7831631
7833427
7834325
7836741
7837929
7838526
7839244
7839874
7840715
7841581
7842610
7843195
7843969
7845062
7846274
7847643
7850213
7850975
7851908
7853383
7858160
7860408
7861250
7862640
7863452
7864010
7864830
7865616
7866252
7867046
7868275
7870630
7870818
7872099
7873094
7875251
7876389
7877698
7878501
7879340
7880797
7881449
7884086
7886163
7887372
7888077
7889193
7890154
7891185
7893053
7893558
7894786
7896317
7897242
7898248
7899138
7900585
7901319
7901970
7902783
7903611
7904668
7905931
7906397
7907498
7908188
7908790
7909423
7911267
7912100
7912967
7914734
7915474
7916070
7918141
7918910
7919746
7920433
7921154
7922168
7923590
7924183
7924802
7925360
7925544
7926126
7926873
7927889
7929964
7930669
7931367
7932438
7933740
7934304
7935231
7935988
7936861
7940736
7944636
7944828
7945444
7946358
7947793
7948500
7951176
7951813
7953002
7954061
7958508
7959806
7960938
7961688
7962206
7962747
7964833
7966029
7968986
7969029
7974041
7974687
7975346
7975489
7976328
7976935
7977633
7978405
7984984
7989772
7993692
7994472
7995010
7995819
7996811
8001419
8002120
8003481
8004408
8005452
8006249
8007462
8018560
8021268
8023398
8030641
8031931
8033821
8034778
8035212
8041276
8050132
8051315
8052118
8052838
8053411
8053962
8065878
8073196
8074613
8074733
8075866
8077363
8080420
8100177
8100194
8101419
8108396
8111019
8120406
8121209
8121947
8122958
8123066
8124113
8124792
8125643
8126111
8126604
8127712
8129039
8129325
8130634
8131437
8132593
8134102
8136011
8139279
8140201
8141790
8143311
8149746
8150806
8151575
8152043
8152561
8153768
8154959
8169601
8170442
8171029
8171508
8172018
8172433
8173029
8173440
8174013
8174570
8175178
8175609
8176057
8176169
8176489
8177245
8178426
8179712
8180396
8181078
8182150
8182853
8185089
8185613
8187136
8188519
8189561
8191012
8197099
8202017
8203976
8205314
8207528
8217481
8222143
8225232
8228409
8230008
8231006
8232610
8233719
8233799
8234582
8235110
8235381
8235853
8236611
8237012
8237636
8238451
8239129
8239896
8240541
8241202
8242411
8243477
8248099
8249895
8250398
8250498
8251438
8252714
8270313
8272433
8272899
8273405
8273857
8274419
8274953
8276044
8282613
8285694
8296022
8296729
8297739
8298596
8300532
8312922
8327508
8328214
8328261
8332584
8339608
8340745
8343722
8344850
8348976
8350969
8352206
8353046
8353627
8354154
8354780
8355406
8357167
8359954
8370849
8371807
8371865
8372755
8373554
8375513
8377538
8378781
8379568
8380482
8380761
8381644
8383259
8386171
8388132
8389665
8390299
8391673
8392324
8393075
8393673
8394044
8394488
8395597
8396688
8400479
8404580
8405554
8406309
8407018
8407899
8409764
8411094
8414161
8415353
8416195
8416878
8418064
8418861
8418964
8419717
8420255
8421205
8428201
8429542
8430431
8430946
8431580
8432034
8432482
8433653
8434321
8434914
8435813
8436645
8437229
8438093
8438206
8440711
8441634
8442419
8443038
8444264
8445226
8445750
8447496
8448527
8452273
8454488
8455029
8455567
8456191
8456766
8457734
8458170
8458926
8459885
8460509
8460625
8461683
8461820
8464509
8467012
8467608
8468274
8469201
8470452
8471437
8472041
8472244
8472565
8473260
8482759
8494772
8501599
8502721
8504233
8504786
8504802
8505076
8505591
8506183
8507484
8507712
8508464
8508802
8509803
8510486
8512760
8514051
8522856
8523899
8525072
8525568
8525912
8527906
8529356
8530295
8531055
8550149
8551556
8553958
8554320
8554680
8555460
8556226
8556812
8557469
8558007
8558478
8558949
8559916
8560444
8560859
8561287
8561930
8562580
8563251
8563891
8564922
8566025
8572021
8572950
8573547
8574714
8574958
8575886
8575929
8575949
8575979
8577075
8582695
8583699
8584341
8586502
8587835
8587983
8590296
8592280
8596087
8596730
8597725
8598527
8599013
8599523
8600336
8600968
8602451
8602949
8603521
8604852
8605622
8606854
8608098
8608650
8609083
8609439
8609861
8610233
8610756
8611237
8611966
8612926
8614397
8614919
8618603
8618677
8619749
8622339
8623713
8626826
8627897
8629301
8629947
8631078
8634800
8636255
8637049
8638488
8639285
8640109
8640186
8641752
8647083
8647460
8648276
8649221
8649259
8649762
8650673
8651993
8653063
8654116
8656842
8660757
8661658
8662392
8663405
8666583
8667535
8668920
8674490
8676057
8677094
8677887
8678631
8679840
8682466
8684168
8685267
8686264
8688699
8689811
8689969
8690746
8691226
8691752
8691791
8696266
8698789
8699737
8700822
8701461
8702089
8702307
8707582
8720202
8723111
8723485
8723869
8724362
8725094
8726356
8730827
8731487
8733743
8735614
8736676
8738649
8740067
8740556
8740713
8741675
8744374
8746137
8747054
8747984
8749111
8749876
8750354
8750797
8751473
8752001
8752712
8753779
8754369
8754537
8754635
8755478
8756305
8757065
8757634
8759967
8761289
8763269
8764434
8765231
8766268
8768237
8769590
8770296
8771010
8771923
8773724
8774464
8777780
8788482
8789654
8800844
8801612
8802431
8803377
8804096
8804764
8805721
8806482
8807334
8810145
8812781
8814593
8816728
8821353
8822292
8822699
8830380
8844251
8845903
8847079
8847586
8848514
8849036
8849634
8850251
8851010
8852911
8854582
8855303
8856110
8856975
8857846
8858710
8859625
8859936
8860548
8861442
8862749
8866827
8871143
8872858
8875413
8875917
8876518
8878982
8882053
8882987
8883654
8885502
8890019
8890704
8891482
8892180
8892807
8894416
8894545
8895880
8898252
8899864
8900669
8901430
8902361
8903383
8907447
8907670
8908026
8909794
8913763
8915556
8916056
8919220
8922287
8923348
8924170
8924830
8925770
8926533
8927243
8928206
8928567
8928931
8929081
8929566
8931711
8932309
8933869
8935633
8937002
8937751
8937790
8938704
8940912
8943533
8949194
8951629
8952051
8953097
8953733
8955436
8956412
8961334
8962470
8975461
8976061
9008720
9009615
9017486
9018023
9020735
9023643
9024778
9025608
9026597
9027544
9028403
9030036
9031555
9033353
9036017
9037412
9038307
9040935
9042319
9043459
9045150
9050733
9052669
9069685
9082801
9083392
9083999
9085221
9085898
9086604
9088223
9091062
9101391
9103786
9104583
9105731
9105997
9106699
9108042
9111516
9112344
9113444
9114761
9114975
9115657
9118033
9128212
9129746
9132314
9134934
9136046
9139718
9140751
9140970
9141812
9142648
9143008
9143380
9143820
9144270
9144755
9145264
9145302
9145691
9146374
9147196
9147948
9147984
9149751
9150529
9151414
9161985
9165212
9173424
9173847
9174467
9175132
9175728
9178351
9179669
9180723
9181574
9182544
9186949
9187299
9187514
9187801
9188297
9188580
9188824
9189177
9189874
9190879
9191343
9192527
9193961
9194640
9195208
9195420
9195991
9196524
9197576
9197906
9198521
9199445
9200678
9201480
9203007
9203553
9203914
9204385
9204917
9205690
9208398
9210917
9211497
9211879
9212363
9212716
9213200
9213628
9214120
9214656
9215241
9216574
9218123
9219453
9220712
9221326
9222022
9222645
9223668
9224296
9224838
9225817
9226494
9227381
9227958
9228604
9229299
9229733
9230365
9231669
9232429
9233355
9235873
9236941
9237815
9238409
9238989
9239627
9240104
9245388
9246016
9246937
9247570
9249357
9249964
9250849
9251613
9253427
9253542
9255821
9256220
9258593
9259473
9260875
9264018
9266193
9266855
9267470
9268047
9268717
9269631
9270976
9273576
9274592
9275367
9276618
9277615
9278653
9279853
9280855
9281503
9282087
9282740
9284978
9285688
9286576
9287019
9287372
9287583
9288145
9288602
9290633
9292707
9293390
9295051
9295343
9295714
9296589
9297186
9297867
9298610
9299499
9299716
9300358
9301124
9301948
9303599
9303785
9304480
9305244
9305836
9306331
9307163
9308702
9309880
9310764
9311503
9312228
9312318
9312842
9313122
9313214
9317100
9317763
9318245
9319003
9319926
9320773
9321474
9321760
9322620
9323175
9323883
9324574
9325503
9326012
9327364
9328035
9328903
9329763
9330438
9331463
9332192
9332844
9333612
9334832
9335886
9336862
9337723
9338171
9338293
9338964
9339466
9340279
9341589
9342432
9343037
9343828
9344379
9344922
9345614
9346560
9347158
9349869
9350410
9351146
9351969
9352012
9353052
9354558
9355326
9356031
9357170
9358006
9359064
9361187
9362745
9363687
9363766
9366388
9367832
9368557
9369103
9369635
9370241
9370829
9371527
9372623
9373937
9375051
9375748
9376191
9376939
9377874
9378814
9380168
9381061
9382109
9382675
9383252
9383648
9384332
9384871
9385710
9386408
9387262
9388133
9388843
9389695
9390340
9390991
9392118
9393634
9394971
9395621
9398254
9399712
9400582
9402422
9403696
9407059
9410757
9411712
9412441
9413226
9414253
9416525
9418010
9418084
9418509
9421905
9423952
9424706
9424972
9425994
9450085
9451608
9452648
9458991
9459581
9460188
9462032
9463955
9464764
9465927
9466514
9466975
9467926
9469275
9469459
9470089
9471232
9471809
9472482
9477112
9478412
9479769
9480159
9481341
9483634
9484481
9486660
9491839
9492915
9493483
9493521
9511374
9512113
9512825
9514159
9515182
9516304
9526849
9527731
9528450
9530815
9530999
9531916
9534390
9534721
9537300
9542514
9546329
9546941
9549167
9550254
9551315
9552321
9552955
9554399
9555154
9555946
9556556
9556762
9557052
9557254
9561760
9563588
9565376
9568349
9569977
9570744
9570940
9572506
9573170
9573922
9574961
9576048
9577634
9578551
9582730
9583925
9584508
9585078
9586577
9587345
9588514
9589458
9590246
9591268
9591851
9592658
9593993
9595045
9595842
9597971
9599124
9607653
9608207
9622855
9623246
9623879
9624602
9638866
9639731
9641059
9642052
9642658
9643985
9645818
9646912
9657972
9659380
9660905
9665197
9669157
9673285
9674603
9675238
9676249
9681796
9682490
9684035
9684951
9685991
9690567
9698056
9699089
9700458
9700657
9701234
9702404
9704519
9705907
9708536
9708701
9709760
9710569
9711818
9713513
9714761
9720843
9722488
9724287
9729298
9733926
9734692
9736745
9737408
9738084
9738856
9739489
9740482
9741935
9743586
9744682
9744806
9745595
9747316
9750021
9751127
9753001
9753964
9755181
9757024
9757974
9759177
9761729
9762915
9776091
9777117
9777866
9777914
9778754
9781515
9783150
9787643
9788722
9797632
9798855
9803891
9804867
9809424
9810667
9813217
9814535
9816850
9817569
9818661
9819354
9820262
9820914
9821533
9822133
9822805
9823613
9838337
9839639
9840817
9844716
9845319
9845398
9845967
9846844
9847603
9851679
9852906
9854039
9854882
9855890
9858063
9859352
9859687
9861822
9863800
9864742
9867210
9868729
9869508
9870033
9870652
9871217
9871573
9872120
9872793
9873213
9874036
9874740
9875312
9876873
9877596
9901248
9902930
9903685
9904320
9905491
9906349
9907485
9912392
9913366
9921579
9922223
9922479
9923398
9924249
9929320
9930067
9932957
9933661
9934422
9934871
9935236
9935798
9936161
9936558
9937184
9937627
9937662
9942419
9943083
9943453
9944044
9944460
9944627
9945064
9945437
9945814
9946175
9946543
9946977
9947358
9947757
9948289
9948899
9949684
9950098
9950428
9950906
9951167
9954461
9955091
9955621
9956198
9956980
9957916
9958361
9958819
9959158
9959311
9960137
9961256
9962026
9963295
9965150
9966020
9967395
9968880
9970373
9971721
9972875
9973293
9973731
9973987
9974915
9975753
9976304
9976380
9977466
9979019
9985088
9985179
9985782
9987695
9988699
9989393
9990737
9991483
9992293
9993646
9995721
9998062
9999033
10000715
10002229
10002898
10003939
10005396
10006034
10006653
10007253
10007945
10008733
10009629
10010237
10011683
10012557
10013455
10014643
10015512
10016800
10017665
10018719
10019867
10020945
10021839
10022864
10024949
10028510
10030518
10031453
10034445
10035004
10035633
10036135
10036696
10037811
10038494
10039147
10039472
10039488
10039679
10040184
10040624
10041185
10042206
10042753
10042831
10043581
10044010
10044535
10045293
10047507
10047517
10050888
10050963
10051525
10052612
10056496
10057092
10060252
10071893
10072299
10072943
10073776
10074511
10075476
10080132
10080917
10082034
10085743
10086763
10090124
10093079
10093725
10099725
10100587
10100643
10101144
10101890
10102693
10103714
10104487
10113053
10116051
10117794
10119361
10120861
10122344
10128045
10128438
10128948
10130376
10131033
10131693
10132507
10133521
10135295
10135555
10151886
10153081
10153702
10155180
10155822
10157896
10158791
10166015
10167242
10167870
10168524
10168820
10169385
10169904
10174627
10175551
10177647
10178985
10179842
10181077
10181837
10186293
10187311
10188071
10188584
10189138
10190283
10191118
10192174
10192773
10193483
10194600
10196330
10198391
10200411
10201068
10201638
10202668
10203554
10204806
10207553
10209043
10212130
10215077
10215395
10216636
10217804
10218438
10219587
10221230
10222121
10225429
10235311
10236628
10238176
10238806
10239306
10241873
10243389
10245219
10246222
10247035
10248628
10250445
10251387
10252916
10254159
10256020
10257013
10259065
10259987
10262242
10267933
10270449
10277447
10277703
10289851
10290448
10291293
10291853
10292652
10294403
10301818
10303601
10307769
10308719
10310309
10311387
10312357
10314429
10315665
10316572
10317264
10324097
10324853
10331201
10352273
10353362
10354887
10359822
10361394
10362547
10364483
10366259
10366386
10376727
10377444
10381427
10386731
10389985
10392598
10393303
10399017
10400220
10401584
10405670
10407949
10411090
10425616
10427437
10429840
10432195
10433225
10434214
10434344
10435222
10440462
10441215
10442039
10443565
10444560
10446434
10449396
10450932
10451504
10452006
10453128
10456565
10457686
10457953
10460063
10461027
10461285
10467562
10468566
10469500
10470631
10472499
10474050
10475526
10484870
10486215
10486908
10487361
10487929
10488503
10489060
10489827
10495700
10496224
10496626
10496838
10499128
10499729
10502277
10508492
10508911
10510739
10510867
10516256
10522653
10523209
10523621
10524135
10525686
10534164
10535331
10535909
10536601
10536748
10537501
10538699
10540391
10543209
10554167
10555948
10556839
10556843
10559077
10560793
10562443
10564999
10566069
10572539
10573416
10574489
10575258
10576590
10578165
10582337
10583120
10588683
10590219
10591288
10593185
10594132
10595755
10597002
10598130
10598951
10599673
10604177
10604993
10605236
10606104
10606768
10607517
10609275
10612365
10613284
10614259
10616089
10617204
10619741
10620327
10621221
10621882
10622768
10623291
10624066
10624702
10625795
10626769
10627819
10629797
10639478
10640132
10640985
10642830
10642885
10648759
10649976
10651425
10652698
10653364
10653408
10653446
10654543
10654614
10659619
10665236
10668350
10669147
10669698
10669863
10670639
10671659
10672423
10673083
10674486
10677701
10678169
10678801
10680221
10696641
10697747
10698329
10699309
10701264
10701806
10702270
10702748
10703217
10704074
10705047
10706003
10706726
10707463
10708505
10712050
10713962
10714843
10715409
10716007
10716652
10717247
10717870
10718744
10719810
10720219
10720983
10721528
10722014
10722661
10723590
10724037
10724766
10725823
10726858
10727444
10727864
10728408
10728864
10729284
10730061
10731195
10732445
10738908
10740872
10741213
10741954
10742685
10743943
10747056
10747977
10748873
10749656
10750207
10750570
10750937
10751280
10751662
10751947
10752297
10752618
10752982
10753395
10754910
10755439
10755925
10756672
10757194
10757784
10758038
10758329
10758780
10759155
10759788
10760227
10760890
10762523
10762809
10765931
10766543
10766543
10767388
10767938
10769132
10769967
10770631
10771279
10772134
10772914
10773533
10774047
10774592
10775159
10775783
10776786
10777598
10778176
10778770
10779332
10779692
10779811
10780545
10780983
10781395
10800728
10801836
10805035
10805714
10806388
10806904
10807768
10809305
10811092
10811266
10812990
10814268
10814758
10814867
10816031
10818871
10820037
10820546
10821103
10821552
10822030
10823604
10824985
10826464
10827613
10828748
10829790
10831463
10832849
10833452
10835105
10836424
10838436
10839207
10839822
10840511
10841047
10841598
10842106
10842673
10844052
10846612
10847202
10848141
10859541
10860236
10861009
10861523
10864008
10868600
10869201
10869749
10870178
10870914
10871477
10873091
10874221
10874696
10875342
10875985
10876291
10876381
10877122
10877795
10878006
10878052
10879696
10880363
10881028
10881738
10882346
10883255
10884066
10891857
10892699
10894681
10895781
10896542
10897183
10897527
10898351
10901468
10902361
10903015
10904022
10904296
10906251
10907415
10908006
10908671
10909297
10909936
10911395
10912035
10912566
10913177
10913708
10914246
10914829
10915295
10916064
10916553
10917193
10917793
10919204
10920418
10921570
10923092
10923234
10924250
10924891
10926111
10926750
10927495
10928214
10928927
10929974
10929995
10930512
10931091
10931165
10931633
10932356
10933092
10935351
10936077
10936635
10939892
10940575
10942082
10946806
10947377
10948525
10948572
10949390
10951781
10952325
10953133
10959504
10960436
10961178
10962702
10968139
10970990
10971333
10971682
10972119
10972614
10973059
10973104
10973575
10976672
10977568
10978410
10979437
10981928
10981985
10983973
10985610
10989132
10991383
10992359
10993958
10994830
10996158
10997403
11009519
11009529
11010456
11013111
11014561
11016278
11020057
11020810
11021379
11022249
11023100
11024419
11025044
11025781
11026328
11027555
11028768
11030432
11032820
11033857
11034710
11035723
11036700
11037736
11039968
11040345
11041766
11042691
11043454
11044220
11045696
11046401
11046537
11047228
11048477
11049182
11049850
11050650
11052352
11054330
11055023
11055977
11058143
11058876
11067018
11067677
11068549
11069221
11069953
11070642
11071274
11072222
11073889
11074840
11075922
11078942
11080381
11081330
11082548
11083611
11084220
11084782
11085306
11086032
11087438
11088683
11090381
11090935
11091012
11091482
11092138
11092612
11093144
11093656
11094836
11095645
11096289
11096870
11097291
11097769
11098194
11098820
11099235
11099717
11100302
11100887
11101617
11101960
11102702
11103529
11104685
11105869
11106953
11107454
11108106
11117803
11118755
11119573
11120347
11120887
11123070
11124813
11133175
11135672
11136384
11136832
11137409
11137893
11138312
11138314
11138798
11139302
11139743
11140276
11140646
11141101
11141505
11141983
11142216
11142411
11142834
11143286
11143807
11144316
11144742
11145169
11145659
11146288
11147045
11147888
11148775
11149441
11150121
11150875
11151325
11151992
11153151
11154060
11156683
11157449
11157508
11157510
11158601
11159028
11159406
11159772
11160278
11160742
11161310
11163619
11164290
11164887
11166112
11166779
11167307
11167830
11168376
11168876
11169437
11169792
11170227
11170770
11171733
11187949
11189128
11189879
11190325
11190855
11191335
11191911
11194096
11194771
11195697
11197694
11198460
11209469
11214599
11214754
11216108
11216720
11217141
11217813
11218509
11219048
11219846
11222088
11222199
11222736
11223277
11223896
11224342
11224846
11225611
11227998
11228914
