2793.428
8451.348
9378.441
17132.52
18118.26
18879.14
19303.09
19754.16
21640.08
23395.31
24134.23
31648.82
34375
35978.94
36540.6
37925.65
46105.19
46884.24
47632.58
53026.91
55356.52
55859.4
56279.39
57948.28
62959.2
67133.73
67875.51
70005.56
70525.2
79778.35
81100.9
82621.56
106539.6
111274
112939.2
121555.1
122344.2
125591.9
126138.8
126631.3
127255.4
128066.2
137455.4
138406
145699
146435.8
149117.8
150360.9
151696.3
174743.4
175342.6
177792.7
185928.2
186497
207989.6
209258.4
209619.9
210122.3
211507.2
212093.6
219256.9
219956.4
225511.2
238893.6
239484.4
240831.1
242779.5
243222.9
243922.1
244654.8
248373.6
255853.3
256338.4
256845.9
257379
258178.2
258890.2
259664.5
261745.7
262516.3
264887.5
265771.6
266428.5
267060.1
277430.4
278919
292392.2
294132.1
303493.1
304331.9
305128.3
306007.8
306422.4
308212.5
308614
309229.9
309888.1
310337.4
317399.6
318129.1
318731.2
323303.9
328054
338716.5
339215.1
344374.3
353389.7
353748.3
354158.9
354741.6
355522.5
356503.6
357616.8
407769.7
423782.2
478781.8
481640.6
482239.8
483531.6
483959.5
484614.2
490547.6
492466.9
493102.6
493679.9
497514.9
498140.8
505634.9
506705.2
507148.5
509737.1
510439.3
511590.7
551038.8
572793.8
574450
575348.2
576246.4
581137.2
588592.8
593487.5
595424.7
595991.2
619509.6
621595.3
640648.2
641608.9
642029.5
642540.5
647694.8
682955.8
693150.4
694112.5
694956.1
695438.3
695931.1
697257.1
710464.6
725148.4
726192.7
732127.7
732850.8
733665.3
735664.2
736616.4
737625.8
747443.9
759393.7
762517.5
762884.6
763355.8
769355.8
770199.8
773101.6
783766.5
786457.5
787053.2
788208.8
788840.7
790206.2
791289.5
799382.2
800800.1
811469.1
820690.3
821586.3
823661.4
824623.5
827184.6
834096.6
834746.4
835303.2
835571.1
835871.6
836287.6
837471.7
842483.6
843896.3
844658.8
849457.3
850016.4
850617.6
877875.5
911708.2
912549.2
912983.5
913693.7
921272.1
925431.2
928526.3
934294.4
935053.2
941630.7
961457.4
963092.7
964375
965462.2
966080.9
971681.8
984437.1
995007.6
995505.5
999998.2
1016201
1017616
1018676
1023749
1024707
1027102
1027901
1028669
1029580
1030551
1031160
1031647
1033125
1033803
1034894
1035923
1039856
1046836
1047377
1047695
1048316
1048844
1049679
1051799
1052350
1052847
1053182
1053554
1054728
1076160
1077382
1078226
1079533
1081241
1081772
1082223
1082512
1083341
1084281
1093946
1094853
1104074
1105851
1106625
1107033
1107615
1108037
1108508
1109035
1109630
1110049
1110476
1111802
1112485
1112908
1113345
1113864
1117084
1117592
1122086
1130955
1131572
1132195
1132776
1133260
1133869
1134266
1135103
1135508
1136397
1136800
1139031
1141539
1142363
1142877
1143592
1144176
1149567
1150040
1151007
1159259
1163749
1164238
1165048
1165543
1166148
1166632
1167329
1167912
1168475
1168913
1169393
1170336
1171967
1172764
1179264
1180731
1181720
1182150
1182544
1183038
1188738
1196036
1196679
1197521
1197914
1198243
1198702
1199357
1204956
1210688
1211209
1214157
1214837
1215382
1215864
1216923
1249705
1250616
1252573
1253534
1261947
1277054
1278170
1278835
1279432
1281548
1291585
1292123
1292926
1293598
1294943
1295564
1296827
1306155
1313120
1313796
1316351
1316965
1317535
1318043
1318618
1319780
1320374
1321972
1322716
1323484
1353797
1356623
1357041
1358225
1371230
1372592
1393321
1393806
1394255
1407813
1408614
1409390
1409998
1412243
1421475
1422892
1423558
1431734
1432391
1436987
1457327
1457933
1458756
1459670
1478002
1479034
1491401
1498430
1526129
1540714
1541911
1542441
1545040
1545516
1546498
1547763
1548543
1549145
1550033
1561762
1562153
1562774
1563844
1579011
1580227
1583812
1584222
1584928
1585559
1586567
1594447
1596461
1599095
1603587
1604072
1605189
1619793
1620612
1621063
1622089
1622526
1623219
1625165
1625728
1626528
1631261
1632004
1635157
1635727
1636256
1636814
1637324
1637961
1638897
1656787
1657603
1673810
1675953
1676401
1683045
1683797
1692682
1694435
1695356
1695724
1696436
1696839
1697268
1697742
1698158
1698699
1699901
1700410
1701118
1701591
1703009
1710787
1730835
1731686
1732456
1733581
1734856
1735496
1736960
1737641
1738581
1741184
1741719
1742110
1742504
1743360
1752790
1754127
1754813
1755792
1756536
1760185
1766155
1767817
1774600
1775579
1776177
1779975
1781086
1806217
1806935
1815649
1821001
1843836
1844368
1860189
1869876
1876430
1877101
1878883
1898994
1899911
1900525
1905033
1909312
1912395
1913309
1917463
1918008
1918575
1919212
1924783
1925350
1928447
1928963
1929542
1940860
1943361
1972538
1977967
1980070
1981568
2009944
2011758
2016018
2017105
2018205
2019300
2024097
2041163
2044834
2045229
2045844
2046510
2047287
2048126
2049458
2066767
2068492
2084328
2085198
2089265
2094584
2097190
2097701
2100041
2101606
2120559
2121092
2129171
2130058
2130696
2132150
2133799
2147359
2147773
2148379
2157261
2160591
2162101
2164579
2165242
2165799
2166293
2186145
2186911
2188529
2191075
2198704
2209672
2218868
2220379
2222154
2223531
2227165
2228170
2228925
2230179
2286928
2287489
2330145
2330594
2331600
2338817
2349013
2349464
2350445
2351169
2352195
2352799
2354014
2354627
2364601
2373301
2374339
2376259
2377267
2377867
2381089
2400009
2401996
2408175
2422703
2436726
2437375
2438395
2439406
2440060
2440591
2441863
2442804
2445258
2445955
2446317
2446758
2447053
2447370
2447751
2463444
2465033
2465866
2466418
2466961
2469419
2470632
2471241
2473729
2475476
2482724
2484757
2486005
2486818
2493802
2494320
2496041
2498486
2499070
2499540
2500869
2503041
2511734
2521163
2537210
2546408
2549363
2549977
2551260
2557981
2559072
2562937
2563529
2564234
2564820
2565837
2590604
2594751
2621449
2632156
2634988
2635755
2668573
2669579
2711095
2713133
2751598
2752207
2760595
2761031
2761375
2761797
2763161
2763934
2766787
2768317
2775479
2776064
2783620
2788248
2809395
2821451
2829932
2846936
2847604
2848478
2849095
2849692
2851129
2851965
2852638
2873575
2874095
2874574
2875089
2875612
2876741
2877521
2888806
2889309
2889688
2890086
2890491
2891407
2896601
2900075
2900647
2901242
2901868
2902453
2902845
2903174
2907995
2915215
2929103
2932705
2933802
2952265
2952870
2953218
2953753
2955531
2957052
2957767
2958414
2969535
2971873
2988526
2992034
2994552
2995079
2995844
2996775
2998213
3018066
3018811
3019530
3020144
3021027
3021680
3022465
3022998
3026522
3027232
3028105
3028869
3033321
3037101
3067109
3068905
3069570
3070251
3071252
3072428
3077142
3078021
3078746
3079728
3080969
3086422
3089287
3089989
3090499
3091626
3098465
3100143
3101248
3102807
3103585
3104234
3104705
3113116
3113755
3117122
3117699
3120653
3122213
3128142
3129753
3130556
3131323
3152728
3154325
3171421
3183442
3185086
3209683
3216345
3217781
3218612
3219439
3219938
3220418
3220793
3221336
3221913
3231034
3231522
3232572
3233580
3234051
3234659
3236075
3236723
3238114
3246401
3272404
3273043
3285159
3285675
3287073
3287915
3288735
3289130
3289697
3290609
3292501
3293113
3293729
3301205
3302044
3346891
3347692
3353214
3353687
3359407
3360880
3375203
3375780
3407900
3410493
3411709
3432451
3447157
3447713
3448284
3448711
3449171
3449754
3450377
3450765
3452417
3457582
3458975
3461407
3463049
3464175
3464544
3464954
3465675
3466226
3466683
3467016
3467384
3467947
3468452
3468937
3473187
3473759
3474289
3476079
3483083
3483979
3485070
3485754
3491515
3494006
3494995
3495538
3496391
3497523
3504126
3504560
3504984
3505553
3506226
3508340
3508892
3509376
3510298
3519133
3522267
3522938
3526894
3527341
3527786
3533733
3534641
3535810
3546431
3546937
3547460
3551329
3557903
3558541
3560652
3576525
3604635
3605313
3606438
3607600
3610776
3612298
3623831
3660341
3672727
3677642
3679685
3680178
3680584
3681121
3681730
3682210
3683284
3686821
3687257
3687885
3691410
3692499
3693768
3694985
3703502
3704810
3715215
3716218
3746491
3760895
3770251
3775057
3775627
3804841
3805348
3807510
3809812
3818646
3821369
3822097
3823411
3823801
3824517
3825341
3826775
3837839
3838562
3839936
3844455
3846258
3848129
3851202
3851954
3860999
3862594
3884666
3885395
3887422
3891826
3893150
3905022
3905834
3907012
3907613
3908405
3908974
3909502
3916683
3932870
3934205
3934804
3935346
3936620
3944830
3945574
3952556
3955610
3961468
3962253
3991791
3995142
4027369
4028195
4055527
4056817
4058090
4059355
4072626
4073713
4079726
4083186
4087828
4089670
4090887
4098871
4099767
4101493
4102700
4104170
4105020
4105309
4105879
4120516
4121955
4122437
4123133
4125346
4127248
4135294
4174540
4181757
4183344
4184177
4187739
4188958
4194880
4197275
4198119
4230422
4235782
4236717
4242698
4243924
4244327
4245644
4251903
4269300
4270372
4271370
4282904
4283391
4284093
4284513
4285074
4299861
4304378
4309255
4309874
4316527
4318355
4319612
4321151
4322433
4324074
4334865
4335978
4336656
4337038
4337380
4337813
4338393
4339025
4339772
4340965
4341495
4342226
4355197
4355678
4356131
4356771
4357241
4357987
4358718
4364555
4365186
4366474
4366975
4367293
4367604
4367938
4368240
4368672
4368985
4370097
4377021
4377514
4378690
4379921
4387732
4389553
4392510
4393045
4393389
4394019
4394451
4420884
4421717
4422330
4422789
4424150
4426837
4427211
4427820
4428965
4431309
4431848
4432287
4432983
4433789
4449361
4449622
4450004
4450396
4450841
4451315
4451808
4452414
4453248
4460132
4461566
4462567
4464103
4464753
4466261
4468667
4471802
4510677
4511865
4523805
4524235
4524610
4524979
4525323
4525799
4526748
4527739
4538090
4539505
4540149
4567194
4573002
4576112
4576644
4578196
4578999
4580907
4586291
4588937
4589903
4590451
4591055
4591801
4592769
4602479
4606097
4606649
4607946
4608448
4608934
4609541
4610663
4611948
4616022
4616451
4620917
4621536
4625519
4626450
4627589
4632183
4632672
4633575
4637101
4639486
4640409
4641735
4642653
4644948
4645442
4646630
4647249
4647933
4648402
4649826
4650870
4651406
4651995
4652518
4679256
4680469
4681493
4682381
4704181
4710237
4739784
4761103
4763129
4763715
4764566
4765377
4770577
4775085
4775898
4801308
4801960
4802909
4803667
4826301
4829118
4829579
4830045
4830759
4833778
4852433
4870989
4872154
4874247
4890397
4890802
4894964
4895863
4896238
4896781
4901791
4927183
4963893
4966708
4967347
4968080
4969617
4970735
4983365
4983841
4984662
4994422
4996012
4996581
4997021
4997560
4998100
5009192
5013998
5015263
5024908
5026390
5028128
5029373
5031796
5034523
5035246
5037006
5045764
5048587
5052493
5053002
5053343
5053828
5054311
5055064
5055751
5057807
5060818
5065906
5066344
5066777
5068412
5072808
5073919
5074687
5075317
5075975
5076824
5077344
5077847
5078546
5079011
5079546
5083289
5095170
5098130
5098901
5100507
5101548
5102855
5112170
5141166
5141943
5143091
5144501
5149222
5149706
5150610
5151848
5152337
5154071
5154756
5155225
5163130
5172294
5181688
5182848
5183137
5183582
5183975
5184624
5185025
5185806
5190881
5198938
5200540
5203774
5204206
5204779
5206270
5212313
5218079
5218673
5241684
5270525
5272576
5276720
5277028
5277416
5279099
5292794
5293326
5294380
5295288
5296064
5313476
5314215
5324868
5325517
5325999
5332683
5339275
5350426
5351008
5351532
5352256
5356664
5360247
5361405
5362026
5362611
5363326
5364453
5368317
5368906
5369336
5369848
5408540
5409377
5410276
5410704
5411683
5411946
5412374
5412745
5413124
5434550
5435106
5438750
5448709
5478854
5479948
5486826
5487941
5496460
5501267
5501774
5502234
5503241
5504089
5504560
5504848
5505216
5505624
5505990
5506434
5508731
5515413
5516344
5524521
5525076
5525487
5528436
5530343
5530899
5531531
5532554
5533433
5534194
5535383
5536175
5545750
5573585
5574645
5582743
5583324
5589509
5590240
5590865
5591535
5592943
5611451
5617199
5618577
5619764
5621624
5622243
5623000
5625760
5627093
5630330
5631379
5631943
5632659
5633559
5634195
5635035
5644120
5644572
5645129
5645726
5646233
5646653
5647361
5648772
5649472
5656833
5657292
5657818
5659596
5660269
5660658
5661098
5661538
5661847
5662264
5662778
5663556
5669292
5673518
5674167
5674696
5675331
5676737
5680763
5687485
5688137
5688739
5689886
5690878
5710782
5711387
5711850
5712535
5724951
5738751
5739224
5739680
5740755
5741379
5742763
5744556
5745295
5745943
5746963
5747724
5749169
5749442
5749805
5750310
5751194
5751832
5752711
5753758
5771725
5773178
5775594
5777351
5780448
5781162
5791524
5791961
5792407
5797578
5799478
5800912
5815184
5815549
5816536
5823235
5827522
5828387
5829191
5829938
5830653
5831195
5851268
5853685
5860363
5898693
5899300
5906299
5921478
5923581
5924151
5925091
5930900
5931888
5933243
5934437
5936224
5939751
5942204
5953619
5954324
5967690
5978109
5979731
5981276
5982232
5984788
5986242
5988107
5990922
5992006
5994657
5995553
6056103
6056950
6059600
6060101
6060568
6061204
6065658
6066648
6067703
6068251
6068770
6069378
6076817
6077512
6078472
6078957
6079570
6089443
6108818
6110323
6111300
6118258
6119617
6125901
6130647
6131094
6132503
6137805
6181541
6183870
6184246
6184630
6185008
6185440
6185728
6186121
6186632
6187042
6187528
6195105
6196170
6205991
6207184
6207904
6209080
6209755
6210760
6232007
6240209
6242661
6247660
6274272
6274725
6275149
6276232
6281380
6300083
6332249
6370144
6370644
6371096
6371672
6373750
6378863
6379583
6381967
6383062
6393210
6393634
6398097
6398784
6400012
6400526
6407847
6413743
6414494
6415634
6421170
6421601
6422011
6422349
6422644
6422991
6423291
6423633
6424123
6427675
6429371
6435497
6436685
6437534
6444268
6449047
6449538
6449882
6476786
6477208
6477771
6478342
6478909
6479644
6480469
6481933
6489481
6489879
6490472
6502712
6503394
6509547
6510134
6511560
6513301
6513820
6514273
6515086
6516324
6517059
6518961
6530401
6530864
6542481
6542862
6543658
6544441
6559568
6560643
6561059
6562134
6603642
6604797
6609112
6609991
6610850
6611392
6612113
6612786
6613559
6614909
6621616
6622702
6623817
6624330
6625611
6626599
6627532
6630100
6630905
6631601
6632733
6633172
6633627
6634223
6635058
6646357
6647023
6647978
6649716
6693938
6702943
6703663
6706194
6707682
6715834
6716536
6716979
6717335
6718201
6719920
6723187
6723974
6728621
6730430
6769331
6776756
6777561
6780376
6805734
6807683
6808286
6809059
6809591
6810286
6810724
6811071
6811434
6811819
6812175
6812566
6831434
6833467
6834473
6841895
6843357
6847010
6847700
6851663
6853252
6854036
6855562
6856312
6857865
6858443
6862063
6863312
6871410
6872135
6876932
6887146
6887667
6888297
6895582
6904359
6925996
6926772
6928564
6929405
6930062
6943729
6945066
6945376
6946472
6948618
6949244
6961111
6961935
6963002
6963596
6964163
6966531
6966950
6973151
6976740
6977293
6977945
6978591
6979570
6980786
6982470
6983427
6984275
6984999
6985376
6985897
6986602
6987118
6987762
6988228
6988711
6989705
6992700
6993702
6994421
6997145
6997952
7003603
7004189
7004539
7004854
7005286
7005850
7006550
7012511
7013242
7014018
7014575
7014880
7015224
7015660
7016215
7020387
7021163
7022549
7025787
7027044
7030005
7030761
7031141
7031437
7031815
7032266
7033019
7033515
7034043
7034443
7034875
7049939
7050621
7052982
7055386
7058019
7059422
7060147
7061101
7061993
7066816
7068103
7069252
7076190
7076966
7077750
7078670
7082128
7083248
7096738
7097624
7113788
7114301
7114914
7115857
7117999
7119659
7124933
7125585
7126683
7131997
7133851
7139527
7148275
7165760
7169748
7172002
7172824
7176222
7201312
7207355
7207952
7208763
7209411
7263501
7264794
7265378
7279032
7280216
7284264
7308051
7313882
7314514
7319701
7320752
7322078
7323203
7325231
7325707
7341197
7347608
7348320
7380441
7381025
7387787
7394526
7407187
7408039
7424393
7436388
7446108
7448014
7448589
7450121
7450919
7451671
7452184
7452908
7474397
7480228
7486754
7495622
7500516
7501206
7501722
7502337
7503161
7504065
7505146
7505920
7514720
7555567
7564424
7565557
7566706
7575809
7590219
7591052
7671452
7672569
7690187
7691461
7692206
7693022
7693757
7694785
7695270
7695865
7699376
7699819
7700274
7701116
7712846
7713943
7733555
7750337
7751637
7760928
7764536
7766763
7768926
7770374
7771874
7772705
7773678
7774750
7775384
7776048
7777710
7783730
7784346
7787187
7787339
7787959
7788992
7789492
7790013
7791547
7791972
7792299
7792687
7793182
7830192
7831382
7834712
7836241
7836672
7837126
7837521
7837903
7838390
7838835
7839316
7856719
7860227
7861199
7861786
7862587
7863650
7864196
7873551
7874682
7875170
7876130
7883724
7884324
7884995
7921744
7927503
7944638
7950632
7951009
7957286
7972788
7973562
7978647
7980975
7981728
8015793
8016271
8016706
8017436
8019293
8038112
8038610
8039701
8042220
8042873
8043663
8048388
8049375
8050275
8050872
8053896
8054829
8055524
8056013
8057703
8069236
8069754
8080782
8115986
8118901
8143857
8172633
8173221
8173884
8176032
8176837
8177577
8179917
8180346
8180826
8181153
8181506
8181874
8182455
8182984
8183942
8193261
8194750
8207605
8208462
8209222
8209870
8210918
8222290
8223098
8224755
8233202
8233735
8234151
8234697
8235422
8236347
8238327
8239815
8240955
8245624
8248704
8249491
8272823
8277638
8289131
8289842
8294233
8295256
8295848
8296743
8297325
8325696
8326653
8327489
8328311
8329074
8338383
8339315
8340665
8343261
8347734
8348727
8350006
8350691
8351640
8356692
8374247
8375800
8382168
8385085
8411821
8444950
8448102
8448695
8449250
8450001
8450654
8452010
8468584
8470346
8481505
8482279
8488078
8488363
8488810
8499285
8512515
8519865
8520957
8521893
8522940
8529045
8529487
8550869
8551366
8552110
8555463
8559393
8559776
8560088
8560564
8587329
8587982
8598997
8599499
8616526
8617399
8667433
8686565
8687362
8689646
8690331
8691459
8694407
8736511
8736927
8738281
8738962
8743244
8758959
8761869
8762566
8766530
8769123
8770159
8787445
8794034
8794636
8801483
8805112
8805619
8806100
8819045
8827502
8833435
8834309
8834645
8835102
8836393
8837156
8838185
8846220
8846808
8847814
8849757
8850369
8875619
8878572
8881603
8882270
8882726
8883313
8884413
8888051
8888570
8902508
8912916
8913681
8914393
8914624
8915381
8928877
8932036
8939643
8941574
8944292
8947411
8947809
8949968
8950472
8950978
8951515
8952081
8952600
8953131
8953549
8954008
8954490
8955802
8956321
8956969
8966374
8973280
8974029
8974735
9013335
9019937
9020467
9033357
9049302
9053390
9054540
9055399
9056994
9057508
9057859
9058244
9058682
9058950
9059236
9059535
9059857
9060238
9064910
9068350
9068397
9069216
9069787
9070443
9070916
9071766
9073189
9076094
9078356
9078874
9087817
9088565
9091155
9095698
9096658
9097519
9098846
9099926
9100665
9125925
9127023
9128608
9129587
9137799
9138452
9143221
9144904
9145460
9177594
9192758
9193484
9193889
9195113
9195857
9198063
9198944
9199376
9200043
9200852
9205392
9212672
9217772
9218259
9245442
9246594
9247146
9247784
9248465
9258180
9264633
9288141
9289083
9289702
9298637
9305256
9306234
9313061
9314158
9324697
9351057
9364220
9364805
9365422
9366479
9366988
9367552
9369887
9370389
9371046
9372143
9372781
9373574
9374774
9375613
9379567
9380929
9381375
9382139
9388194
9388708
9389299
9390038
9405550
9407228
9408652
9409445
9413577
9414020
9415013
9415789
9416609
9417255
9417801
9418391
9418828
9419858
9429895
9430462
9430874
9431211
9451602
9452339
9452890
9453475
9454196
9454983
9471474
9472550
9476994
9478856
9507274
9509960
9512910
9513474
9531589
9532298
9532929
9533669
9534254
9534779
9535401
9536198
9536584
9536856
9537165
9537821
9538461
9539343
9542002
9542446
9542927
9545868
9546522
9550045
9567944
9568807
9598997
9599804
9605103
9623625
9624108
9624872
9625697
9626232
9627572
9628270
9628866
9639679
9641191
9642692
9643784
9644673
9645399
9648557
9650039
9650662
9651141
9651700
9652302
9669595
9670264
9672268
9673426
9674609
9675185
9675768
9676165
9676544
9676910
9677267
9677573
9677916
9678250
9678643
9679207
9679635
9680257
9687805
9688624
9751274
9761346
9762297
9762911
9763533
9764004
9764415
9764978
9765668
9766861
9767256
9773446
9773852
9774271
9779543
9780363
9786143
9789111
9789992
9790430
9791192
9791915
9792527
9793438
9794280
9794955
9797821
9861413
9862028
9862494
9862961
9863318
9863926
9864675
9865044
9865456
9865930
9866720
9867893
9870907
9872045
9872670
9877920
9880408
9881216
9901328
9902196
9902779
9903799
9906489
9917359
9917801
9918723
9919259
9919798
9920322
9921035
9940591
9941218
9948759
9976717
9979952
9984171
9985284
9985846
9986263
9987037
9987509
9987876
9988482
9989075
9989566
9993318
9995439
9995939
9997454
10014523
10015008
10015545
10017674
10018749
10019791
10032337
10033031
10033495
10034264
10035478
10036315
10037287
10037791
10039789
10040531
10042713
10043811
10044824
10052672
10053622
10054168
10065444
10070802
10071900
10072458
10073515
10073925
10074610
10075148
10075921
10076571
10078078
10078533
10078907
10079478
10081205
10082678
10085371
10086589
10087160
10088155
10088760
10101074
10106377
10107618
10120195
10120776
10121392
10122879
10125214
10136735
10138592
10142068
10142677
10151629
10166684
10167455
10168069
10168685
10169161
10169755
10170359
10170846
10176334
10176755
10178251
10190490
10191401
10191926
10192538
10194665
10204831
10205582
10209281
10215481
10235160
10241788
10242429
10250525
10251262
10253245
10255936
10257077
10257610
10258477
10259369
10260732
10261978
10262979
10263599
10264118
10264628
10265294
10266569
10267426
10270306
10275520
10278648
10279453
10280334
10281477
10287086
10287741
10288320
10288981
10290687
10291362
10291891
10292342
10293966
10295165
10295747
10296280
10297089
10297457
10298132
10299623
10300047
10300728
10313960
10314926
10315391
10315743
10316146
10316561
10320287
10355353
10356458
10357094
10372985
10373652
10385264
10386881
10389171
10390256
10416186
10416692
10418155
10418862
10420197
10422342
10425729
10429694
10430368
10430821
10431637
10434525
10435098
10435644
10436460
10437371
10442818
10443859
10452960
10453576
10454149
10455112
10455618
10456613
10457122
10459406
10460276
10461036
10462433
10464328
10465145
10466006
10466880
10470823
10479245
10480729
10481239
10488373
10489195
10491511
10492318
10495906
10496983
10500214
10502129
10525150
10525647
10532431
10533795
10537500
10538577
10539714
10540474
10545144
10545592
10551223
10556486
10558060
10568988
10569843
10570571
10599495
10603344
10609347
10613202
10615337
10616053
10617436
10618273
10619258
10619990
10620654
10634054
10634579
10634986
10636242
10637242
10638443
10642513
10644221
10645384
10650213
10652813
10653239
10653922
10681295
10700244
10701046
10701598
10702743
10712664
10713372
10713924
10715137
10716629
10717644
10718196
10718673
10719232
10719620
10720432
10720995
10721513
10721967
10722424
10723783
10724249
10725196
10728289
10731010
10735222
10737171
10738818
10739650
10741234
10742734
10749646
10759361
10765001
10766304
10768961
10769610
10800067
10800504
10800953
10801290
10801597
10801894
10802331
10806778
10807529
10811852
10812363
10812796
10813294
10813730
10854142
10854904
10869813
10875185
10885825
10889486
10893181
10894003
10894637
10898636
10901297
10901968
10902880
10903626
10904519
10906842
10907621
10914106
10927576
10934479
10935434
10936325
10937583
10938227
10940348
10944547
10945409
10946779
10947682
10948386
10948796
10949888
10959881
10984812
10985492
10990602
10991147
10991890
10992754
11006294
11007086
11007474
11029663
11034148
11034745
11035173
11035519
11035970
11037186
11042383
11044074
11047645
11054226
11055385
11060105
11060733
11061834
11080022
11081101
11082071
11103989
11104496
11104972
11106068
11106749
11107714
11110132
11110840
11117680
11156831
11159024
11160025
11160691
11161145
11161670
11162190
11163808
11164369
11165434
11166162
11166642
11167726
11168358
11170040
11170499
11171085
11175309
11180088
11180536
11181123
11181814
11182679
11183367
11184965
11186189
11187521
11188932
11194840
11195738
11196682
11197762
11198383
11199856
11200521
11200915
11201411
11202665
11210659
11211421
11229185
