4189.516
5043.233
20857.75
21978.31
26121.16
27014.95
28320.84
29201.03
31555.65
33233.37
34105.3
36980.48
37570.94
38356.94
38877.46
39943.33
40521.86
40991.56
41415.59
47214.92
48038.44
48450.83
49006.81
63497.33
67901.55
80876.25
81955.83
83537.56
84208.84
85942.73
87472.36
97712.58
98291.88
98885.18
99798.66
137599.5
138127.7
138761.1
145414.4
147802.3
148246.9
149235
149914.1
160952.5
170420.2
171108.7
171776.8
172961.5
184591.7
186068.9
198964.3
207359
207949.8
208321.8
208685.4
209325.5
209907.5
211161.3
211656.4
212939.9
231796.9
232412.7
233276.7
234002.7
235062.1
235525.4
236089
236659.8
257184.5
257819.8
259911.7
261114.7
280033.9
280625.4
281432
284046.2
303269.1
314672.7
328639
329835.4
337205.5
346388.9
374611.4
379103.9
379944.5
408473.9
410222.2
453712.6
454783.4
457918.3
458958.6
459397.3
459922.3
474365.9
477050.5
501844.5
520154
524777.1
551306.8
574554
588359.2
590069.1
600734.4
601390
602051.3
602936
604148.9
604975.4
626684.4
628991.5
632796
645833.5
650089.2
650683.1
653334
658222.8
659031.7
659614.3
676972.6
678176.4
678814.2
684520.9
690380
700613.6
701276
703511.5
704441.6
705761.4
753156.4
755635
764508.8
765191.2
766586.5
767301.3
768413.2
769915
771792.8
794558.8
794997.6
795347.4
795730.9
796248.6
796675.4
811315.8
817606.6
825619.7
826064.5
826461.9
826818.9
827237.1
827906.1
833501.3
834123.1
834696.6
841074
841580
841919.1
842425.2
843004.3
843866.2
844819.9
846776.4
847357.1
853495.7
859672.1
860250.2
860931.3
862288
862872.3
863804.2
864334.7
869104.4
869869.8
870445.1
871314.3
872890.9
878703.8
903314.9
914840.7
930841.6
937734.6
946261
955245.5
956163.9
960639.1
961145.2
961569.9
968750.2
969068.5
969445.4
969903.3
971147.3
1012581
1013096
1023858
1087792
1088163
1088749
1098431
1111720
1113075
1113981
1118267
1118714
1119235
1119652
1120018
1120405
1120964
1121497
1121944
1122499
1122992
1123780
1124276
1124709
1125157
1125567
1126227
1126979
1129449
1135442
1135841
1136196
1136628
1137129
1137557
1139799
1140219
1140927
1156245
1156801
1157481
1158748
1159280
1159712
1161173
1161661
1162068
1162422
1162975
1163493
1164076
1164908
1166735
1167467
1168128
1168665
1169199
1169672
1170890
1172446
1178678
1179244
1179629
1180199
1180810
1181508
1183073
1184310
1184830
1185327
1185931
1186901
1189343
1191086
1193421
1193900
1195958
1197193
1198857
1199754
1201235
1201659
1202319
1203170
1204052
1211321
1212182
1226418
1232463
1233901
1234679
1236320
1241306
1276337
1284644
1291243
1316439
1350841
1351728
1354964
1355764
1360395
1373341
1381761
1391016
1392658
1396044
1396746
1399285
1399840
1400437
1404624
1405681
1411814
1432430
1433210
1433986
1434678
1435478
1436611
1437172
1438310
1455857
1463635
1464358
1465472
1465793
1466170
1466609
1467156
1467665
1467985
1468465
1468931
1471207
1471889
1472767
1473185
1473631
1473976
1477124
1477680
1478124
1478657
1479449
1482091
1485850
1486251
1487100
1489598
1491814
1496096
1500207
1501315
1503068
1537761
1544909
1545948
1546296
1546780
1547286
1554572
1575000
1578463
1579066
1580212
1581838
1582778
1584957
1585476
1587369
1589927
1590638
1625348
1626751
1629315
1629882
1630813
1633380
1654475
1654914
1656479
1668406
1679931
1703297
1704025
1705647
1712429
1729356
1729985
1730495
1730856
1731276
1731918
1733217
1734853
1740448
1748458
1749097
1749579
1750054
1750705
1753477
1756794
1757307
1760611
1765650
1766896
1767640
1768254
1773430
1774312
1777033
1778234
1778830
1800627
1801351
1805263
1806969
1827637
1829045
1829918
1831770
1832842
1834368
1852836
1854704
1855843
1856478
1857090
1866719
1867858
1868404
1879937
1889278
1890609
1915462
1925066
1925606
1937293
1941219
1958145
1973274
1982527
1983857
1984814
1989596
1990746
1999014
2006254
2009646
2010474
2026338
2031555
2038773
2039654
2042881
2047396
2048631
2053755
2054214
2058070
2058937
2059681
2060511
2063021
2083688
2085227
2102675
2106878
2107690
2110755
2117453
2117891
2118272
2118651
2119110
2119894
2150341
2189755
2192445
2214210
2214782
2215269
2216733
2250450
2256283
2264083
2264639
2276340
2276823
2277402
2284863
2288982
2291225
2292621
2303682
2325618
2328889
2334505
2335022
2335486
2336116
2341147
2367703
2369017
2369750
2370497
2371876
2402181
2402756
2403235
2424487
2432368
2439218
2441074
2444535
2445808
2464764
2465312
2465730
2466313
2466916
2468320
2469474
2470571
2472080
2473357
2475888
2492210
2492549
2495387
2497551
2499836
2500539
2501483
2504837
2505579
2506274
2506724
2507445
2507999
2508747
2510201
2511295
2512307
2513262
2513879
2514360
2514859
2515368
2515701
2516083
2516524
2517208
2517696
2518039
2518396
2518823
2519294
2526010
2526609
2527141
2527942
2529174
2530549
2531422
2533392
2551556
2582662
2584657
2592529
2593101
2606183
2607863
2623939
2652034
2652638
2654835
2655350
2655792
2656551
2660951
2700706
2701401
2702013
2702707
2715763
2716188
2716772
2717248
2730642
2736219
2739027
2747072
2747697
2749508
2750300
2752815
2764649
2769595
2770328
2771037
2773075
2775269
2776438
2781928
2784640
2785834
2807539
2809866
2818899
2819496
2820084
2820608
2821011
2821526
2823986
2832621
2834278
2835194
2836006
2837030
2839104
2839793
2841544
2875188
2895161
2895793
2895934
2900927
2907947
2908732
2914827
2924913
2925856
2943557
2946566
2958044
2960325
2962989
2964000
2965312
2965959
2967833
2972326
2978756
2990283
2991075
2994271
3006729
3018565
3019383
3027107
3028653
3050477
3064426
3065497
3067806
3081505
3084150
3085100
3085689
3086095
3086584
3087396
3089305
3090704
3097054
3112354
3112980
3113842
3116419
3117102
3117663
3119439
3126734
3129788
3131279
3151387
3155025
3155492
3156461
3164779
3166290
3176142
3176964
3177408
3177862
3183173
3201211
3236643
3237568
3240196
3240856
3241408
3242929
3243677
3245157
3246348
3247679
3248413
3250691
3272883
3274114
3274784
3275738
3283562
3288139
3293515
3300579
3341102
3343842
3349564
3350232
3351014
3352036
3352891
3354307
3368243
3374308
3402711
3403584
3407649
3418146
3442461
3443194
3447287
3447867
3448527
3480499
3481087
3483739
3484676
3498496
3499367
3511639
3518685
3543696
3546416
3548332
3571058
3572254
3572726
3573220
3600312
3605713
3610090
3612757
3619508
3620730
3621327
3622632
3623362
3672628
3673018
3673629
3709172
3709546
3709890
3710450
3710862
3711338
3728320
3729569
3730057
3730781
3744262
3745505
3746079
3752419
3753277
3754370
3754859
3779803
3789190
3798623
3799302
3802148
3808739
3809231
3816422
3817100
3818010
3818475
3818998
3828873
3829351
3829775
3830572
3831503
3874949
3875932
3876715
3906089
3948930
3962645
3963175
3963756
3964511
3965058
3966928
3968100
3969002
3969894
3970919
3974018
3976426
3976854
3987052
3987820
3988771
3989503
3990477
3991721
4003643
4013232
4014624
4015535
4021806
5400320
5401203
5402366
5402786
5409552
5409928
5410293
5410741
5411249
5412215
5416020
5416906
5435709
5452813
5453402
5454115
5455272
5456133
5456933
5458258
5459156
5459956
5460961
5461693
5463398
5464030
5466661
5471950
5493189
5493942
5494570
5495393
5497919
5507593
5510072
5514698
5515315
5542428
5543510
5544536
5579608
5580049
5580715
5581709
5584355
5585368
5587743
5589960
5595298
5596688
5597380
5597968
5598658
5599351
5600025
5601983
5608386
5613821
5614534
5615574
5616115
5616966
5622387
5623176
5630098
5630577
5633354
5633973
5634871
5637018
5637775
5645346
5646455
5652195
5695917
5699550
5701058
5703286
5707069
5709944
5712077
5712959
5713500
5713975
5714490
5715386
5718120
5719567
5720164
5720616
5724280
5733352
5733871
5734487
5735679
5737947
5738955
5739315
5739839
5740992
5742034
5743745
5744495
5758257
5758871
5759391
5760137
5767117
5767617
5777532
5788691
5793725
5816590
5819078
5819771
5822731
5823364
5824967
5882116
5899875
5904417
5905558
5918087
5941081
5942049
5946605
5947306
5948328
5974107
5980790
5982534
5984264
5986108
5987148
5987886
5989035
5989514
5989935
5990425
5991082
5992815
5993347
5996162
6001433
6010338
6035057
6036087
6036716
6043506
6044246
6060251
6070848
6071951
6075749
6078590
6080496
6095441
6095999
6097255
6098014
6104242
6105146
6111037
6111659
6112558
6133561
6134586
6137023
6141703
6162712
6163221
6163994
6164521
6164957
6165438
6165870
6167651
6175431
6176521
6177859
6178297
6178759
6179202
6183553
6184170
6184869
6185484
6185891
6186382
6193433
6197856
6202141
6203867
6204857
6211515
6212291
6212799
6213228
6214021
6214975
6217695
6218841
6219711
6228179
6228766
6232608
6233023
6233446
6234000
6234742
6242232
6247669
6251191
6251887
6254269
6255005
6255870
6276500
6279753
6280255
6280774
6300527
6301013
6302190
6317245
6317869
6318455
6318873
6319345
6319997
6320463
6320912
6322694
6324536
6325071
6325623
6326725
6327494
6328208
6329436
6330054
6330505
6333102
6334393
6336085
6336942
6337468
6338488
6339373
6342145
6342699
6344285
6345828
6372016
6373360
6379103
6382041
6403305
6421568
6445483
6447824
6449968
6451634
6452164
6452602
6453635
6485973
6488276
6489153
6490343
6492479
6503273
6517317
6519070
6525053
6526409
6527566
6528099
6528489
6528919
6529989
6533816
6558109
6559218
6560649
6561168
6561687
6563363
6565881
6566768
6568881
6569361
6570497
6571269
6573399
6579068
6583946
6590584
6597587
6598031
6598456
6599115
6599638
6600201
6608152
6624733
6626024
6626462
6626793
6627094
6627472
6627794
6628143
6628554
6632462
6638659
6639793
6649416
6649917
6650697
6652411
6655315
6656177
6664287
6665727
6666506
6674491
6693839
6694627
6695141
6695600
6696317
6697830
6700199
6705020
6705774
6724293
6750212
6753093
6754039
6754916
6765266
6765866
6766348
6766740
6767206
6768126
6769441
6769968
6771141
6774950
6783248
6784032
6794437
6802609
6816120
6821803
6830828
6831222
6831645
6832066
6832568
6833164
6833586
6834031
6846063
6847044
6848519
6849920
6850743
6851322
6852082
6853296
6856773
6857785
6859488
6861552
6862455
6863454
6864084
6865252
6865961
6866408
6866928
6868306
6892034
6892977
6893628
6894867
6895827
6899111
6901637
6930445
6931336
6932142
6934028
6937981
6947979
6952102
6966755
6978536
6981467
7024294
7024507
7044987
7053132
7053797
7062446
7062963
7063589
7064123
7078857
7080103
7080839
7082252
7090378
7092020
7117380
7119608
7121053
7129695
7132063
7133810
7134880
7135525
7136118
7137467
7140896
7176882
7178269
7178883
7181004
7202474
7220574
7237734
7238920
7239682
7254168
7255488
7270403
7270925
7271369
7271838
7272425
7272919
7273634
7274447
7276020
7280133
7282167
7282665
7283203
7283682
7284743
7285367
7286295
7287508
7293043
7294094
7296145
7304019
7307987
7313540
7315796
7317850
7318570
7319176
7320060
7335639
7345772
7352453
7353170
7357267
7375405
7378135
7379076
7380039
7382199
7383615
7384487
7384945
7386414
7392942
7394181
7394811
7398081
7399137
7400309
7403003
7440434
7442222
7443127
7443602
7443961
7444765
7468707
7475506
7500059
7501759
7502874
7503956
7513698
7525032
7525792
7535057
7541477
7542277
7542932
7543526
7544367
7545015
7546289
7547384
7547776
7548283
7550669
7558323
7560453
7561409
7578105
7585029
7595926
7597214
7601190
7602083
7603923
7606288
7616865
7621309
7621900
7622432
7622947
7654473
7655169
7655835
7659752
7661490
7662459
7663679
7667394
7670624
7671833
7672527
7673211
7675551
7677806
7678616
7680126
7700442
7741708
7746121
7749435
7751778
7755249
7757897
7758467
7759025
7773139
7796363
7796970
7797492
7798224
7810234
7837034
7837764
7838312
7839104
7840080
7843512
7847189
7847681
7848298
7848707
7849172
7850123
7863401
7863882
7864241
7865403
7880162
7886444
7888456
7890484
7890994
7891467
7892122
7902178
7914660
7955664
7960567
7966946
7968525
7969116
7977286
7977835
7980087
7988180
8004382
8006278
8006856
8007593
8008022
8008527
8009031
8034934
8049165
8049711
8050233
8052286
8055003
8055842
8061883
8062223
8065808
8067348
8073028
8078758
8079814
8080804
8100423
8102029
8103733
8114179
8115443
8116745
8130321
8130965
8135201
8136930
8141042
8142037
8142693
8143880
8150170
8150743
8151415
8151802
8152262
8162361
8163011
8163493
8164622
8165326
8166386
8167095
8211193
8211586
8212249
8212700
8213435
8214456
8215221
8215822
8216711
8217446
8227189
8237415
8238960
8240845
8250179
8254279
8254864
8255566
8284856
8285427
8286178
8287587
8290014
8290743
8292476
8293001
8293550
8293989
8295196
8297575
8298194
8298954
8299689
8302329
8306953
8308206
8308972
8310271
8318417
8320800
8321299
8322052
8327204
8328489
8340621
8341326
8342885
8343729
8345741
8346100
8346631
8348459
8362113
8365667
8370236
8378457
8391120
8402924
8451464
8465956
8468982
8509317
8510233
8518136
8518992
8519893
8523367
8523812
8524386
8525575
8526721
8550260
8550671
8553483
8554100
8561843
8574670
8575708
8576263
8576938
8578732
8579237
8588655
8592978
8593639
8596744
8598301
8604036
8605581
8606072
8606959
8609721
8610300
8611244
8615467
8616191
8627511
8628284
8629225
8666769
8667459
8673915
8680395
8733914
8740299
8740912
8742144
8772930
8781364
8781784
8783531
8787182
8800373
8801179
8801875
8814350
8816590
8821282
8822159
8833604
8834301
8860982
8884263
8889500
8889914
8890492
8891096
8892034
8892516
8893393
8904009
8906087
8907108
8908570
8916449
8916935
8917902
8918294
8918884
8919631
8920424
8921510
8929808
8932791
8954973
8957309
8975080
9028952
9029631
9031281
9032084
9032468
9033274
9035566
9036145
9037877
9038314
9039307
9049475
9052469
9054703
9059009
9063289
9065178
9066679
9068936
9069651
9070166
9071052
9071692
9072266
9073056
9073495
9073968
9074580
9075097
9075768
9077051
9083778
9084911
9091604
9093756
9094657
9097139
9097723
9098259
9098921
9099468
9099934
9100417
9103768
9114890
9115708
9116634
9117864
9118878
9120236
9120901
9123608
9124639
9125431
9125459
9126011
9138671
9177659
9178406
9180370
9208153
9208922
9209390
9209836
9217014
9225892
9234783
9244481
9244967
9246305
9247013
9247847
9250212
9252171
9252976
9257017
9260342
9262520
9265288
9266104
9270956
9284696
9288560
9302256
9303283
9304619
9319196
9320342
9321495
9326528
9327013
9327536
9328078
9341883
9342451
9342905
9343451
9368014
9368906
9369314
9369785
9369831
9370424
9372883
9385195
9409805
9410978
9411681
9412527
9413601
9414049
9415471
9421085
9462900
9464446
9465178
9471791
9473825
9475966
9478023
9479782
9481223
9483648
9487835
9488749
9489519
9491651
9497882
9499685
9500124
9500566
9504612
9506735
9507294
9507834
9508853
9516200
9517191
9517602
9518348
9519003
9519608
9525741
9531187
9552444
9553986
9573115
9576262
9578013
9579632
9598431
9627189
9647711
9648407
9648886
9649663
9649790
9650262
9653904
9663853
9694424
9696428
9702009
9704978
9705743
9718174
9735678
9738808
9740140
9740734
9742898
9754917
9755466
9755834
9756238
9756908
9757289
9757923
9761616
9764231
9764739
9770072
9770671
9771907
9773446
9774031
9774545
9775469
9775764
9776039
9776347
9776681
9777023
9777529
9781744
9782286
9801828
9802826
9803311
9803938
9804363
9805203
9806279
9812226
9824457
9824992
9825465
9826537
9829182
9836696
9847669
9848444
9849340
9850043
9850971
9860150
9860953
9906382
9906917
9907429
9909129
9909871
9912027
9913290
9914469
9915132
9919678
9920112
9920656
9921171
9922819
9923418
9925581
9927634
9965198
9970091
9987303
10005543
10011285
10012852
10014433
10014912
10029923
10031696
10033230
10034125
10039618
10092592
10094293
10097958
10103500
10104263
10111924
10112602
10113627
10114437
10115017
10115483
10115941
10121945
10130579
10131430
10132095
10132427
10133348
10139049
10140185
10140925
10143033
10144061
10144576
10145050
10145529
10146211
10164002
10172606
10176557
10177003
10177377
10178473
10179443
10182686
10191382
10192130
10200156
10201034
10202452
10204226
10204917
10206682
10207298
10207779
10208290
10209176
10209806
10210203
10210830
10215154
10215754
10229624
10237493
10238691
10239549
10241501
10242346
10243242
10243975
10244679
10245250
10245670
10246040
10246461
10247008
10248086
10253627
10254726
10258378
10260610
10262034
10265399
10266219
10266900
10272026
10287187
10287879
10289020
10297055
10297599
10298351
10300468
10312933
10313570
10314311
10315852
10318879
10321122
10350763
10351630
10400572
10400954
10401504
10402120
10402729
10403186
10403698
10404417
10410927
10411636
10412986
10414455
10414814
10415208
10415960
10416336
10417484
10418019
10418610
10424267
10424772
10425411
10427478
10427985
10428391
10428709
10429077
10429383
10429761
10430996
10440791
10442041
10445304
10445803
10447153
10460894
10473297
10474375
10497765
10498980
10569068
10569488
10570084
10571622
10581777
10582857
10584104
10588295
10597957
10603187
10603855
10604640
10624919
10625322
10626002
10626638
10639178
10639510
10639971
10640406
10640881
10641270
10641706
10642237
10652289
10653592
10654964
10656833
10657613
10658338
10659109
10660565
10666019
10666453
10667635
10679231
10679742
10686705
10687612
10688468
10690475
10693777
10703778
10708285
10709965
10713776
10714798
10717212
10731467
10731955
10732387
10734097
10736607
10741450
10742216
10778083
10778666
10779947
10813823
10814933
10826013
10839558
10840326
10856394
10857469
10857889
10858398
10859122
10859793
10865256
10869338
10870485
10871362
10875539
10876591
10884845
10887106
10888162
10897468
10898892
10901991
10906445
10919074
10920183
10924907
10925397
10926282
10927060
10927694
10939111
10947485
10948176
10948518
10948907
10949340
10949975
10950481
10951600
10956572
10977503
11001349
11008158
11008926
11036005
11036495
11037564
11053720
11055039
11056466
11057330
11057746
11058102
11058504
11058795
11059302
11059997
11061903
11083742
11114306
11114942
11115355
11115660
11116099
11116530
11117014
11126574
11128862
11129377
11129737
11136067
11139372
11142627
11145768
11147436
11148815
11153723
11154163
11154784
11156398
11159131
11164471
11175977
11176552
11181399
11181925
11182289
11182952
11197399
11204712
11205197
11205559
11206014
11212446
11222943
11224703
11225675
11226343
11226986
11227759
11228884
11230489
