8211.785
21033.71
22426.54
30089.44
31059.75
31500.84
32261.64
34591.82
36017.14
37274.51
37723.15
41853
42572.55
43141.39
43556.93
43683.4
44177.52
44705.51
45402.65
46167.31
46928.5
47757.04
48316.29
48889.21
49497.75
49957.98
50400.48
51074.31
51844.34
53545.07
54455.37
55057.89
55856.84
57044.58
58416.59
58951.85
59368.07
59849.68
60417.47
61096.46
61762.86
62463.66
63084.79
63584.33
64225.04
64890.32
65264.73
65827.65
66199.23
66624.44
66936.26
67263.26
67637.91
67939.98
68280.13
68613.82
68934.01
69327.74
69720.51
70102.21
70623.94
71387.84
71939.75
72764.21
73453.55
73982.8
75649.14
84832.25
92719.87
93844.14
95127.48
96781.67
97827.85
104716.3
105574
107772.8
108578.6
109190.7
109780.1
110458.6
111183.2
111984.3
112900.7
113492.3
114646.8
118873.9
120387.1
120524.9
121592.7
126366.2
130479.5
131147.3
132372.5
132863.1
133376.9
133794.3
134214.7
134616.8
134916.3
135268.8
135637
135973.9
136344.1
136700.4
137057.3
137923.4
138390.9
138870.8
139480.1
140626.4
141243.6
142810.5
143535.4
144296.2
145014.9
149895.3
150440.3
151307.3
152106
152766.7
153513.4
155315.5
155950.7
156403.9
156956.3
175544.7
183704.1
185389.2
189070.3
189774.4
196158
196645.8
196875.6
198701.6
205772.3
206438.7
207319.6
215631.5
216981.6
221657.3
224944.7
226433.1
227781.3
228517.1
242453.7
243261.9
243845.7
244666.2
245361.6
246058.7
246590.6
247292.4
249937.3
250583.1
252115
253164.8
254116.4
271809.1
272745.4
274821.7
275424.7
276011.6
277242.1
277948
278394.9
278843.7
279413.8
279914.1
280919.5
281457.6
282090.1
282595.2
283047
283525.7
284172.4
284935.6
288798.2
289546.2
290966.7
298721.1
300248.4
310399
311295.1
312763.2
323902.5
324522.2
325135.5
325977.7
328308.9
332842.9
334144.9
336222.4
344483.1
345231.6
345848
346396.7
346990.6
347532.8
348240.5
354007.2
356140.9
363567.9
364236.8
365210
366027.3
366580.4
366660.5
367633.2
368269.2
369547.7
369946.2
370145.4
370676.7
371529.5
375044.5
375770.8
377184.7
378154.6
379776.4
382707.3
391105.5
396406.7
400212.4
401336
402215.3
403245.1
404728.4
407115.6
407863.4
408651.1
409458.9
410101.3
411131.1
411740.6
420481.3
423366.1
424568.7
425270.4
425999.3
426599.5
427163.4
427867
428821.4
429545.5
430082.9
430761.4
451157.7
455341.2
456609.5
457384.6
458473.8
459299.9
460309.4
461122.2
462649.4
466230.9
467044
468706.1
471872.2
473229.9
473924.2
474552
475322.5
475725.5
484654
491353.9
492200.8
492721
493350.1
493816.7
494242.7
494781.6
496606.4
506020.4
512389.8
513433.4
514183.6
515760.7
517409.6
518096.9
518947.2
519595.7
520089.2
520595.6
521235.2
522703
523519.1
540498.1
541574.7
543246.6
546948.8
548116
549017.3
551775.6
552776.3
553931.1
554739
555698.4
556342.6
557641.4
558473.4
562930.7
563636.3
568215.5
569002.9
570444.3
571261.4
572521.4
573455.8
574229.9
575002.6
576409.8
577433.2
577634.3
578225.6
578738.8
579329.9
579817.6
580392.6
581198.3
581767.6
582490.6
583718.7
585097.9
594595
595468.8
601614.4
601960.8
602368.5
605260.4
605457.3
606082.3
606864.7
614105.6
620205.2
626926.9
630825.9
634005.6
635492
636323
637143
637725
638356.3
639463.9
640865.2
647547.3
648460.5
649098
650792.1
651496
652278.3
655295.5
655960.8
656737.5
657442.3
658031.8
658670.8
659554.5
663317.7
664200.4
664837.9
665690
667645.7
678194
680031.5
681262.1
682190.9
686950.6
687655.9
688572
689358.4
689908.4
690544.1
691056.8
691887.3
692580.7
693314.2
693936.3
695048
695765.6
696905.1
698152
698714.7
699303
700687.4
701529.3
702380
702885.5
703321.1
703888.3
704373.8
704968.1
705484.4
705908
706392.7
706863.5
708174.7
708895.2
713508.8
716103
716329
717890.9
720412.1
722825.3
737226.5
742144.3
743555
747202.2
748198.6
749739.4
751052.1
751940.8
752673.1
753348.7
754298
754955.4
755664.5
756204
756717
757346.2
758192.2
758868.9
759608.6
760259.3
761212.3
763757.5
769932.5
772365.5
775262.7
776116.6
782386.2
783169.8
784064
786577
788073.7
790039.4
790662.4
799021.5
801805.9
808333.3
818472.4
841737.6
844034.5
860133.9
861479.2
861677.1
863724.6
864614.4
865718.7
866316.9
867031.6
868211
869843
871712.6
872585.6
873676.3
874617.3
880721.9
910394.1
911757.2
912802
913607.3
914628.2
915248.6
916342
916999.1
917477.4
918131.1
921056
931992.6
948444.3
949211.1
949692
950346.1
950841.3
951643.2
952031
952638.1
954209.8
955459.7
965038
965478
966074.9
966546
967250.1
972278.8
973327.7
974533.9
975761.4
977053.3
979358.8
979884.5
980403
980892.6
982118.4
982652.9
983230.6
983856.4
984601.6
987834.1
988749.3
992810.3
996164.1
996345.3
997234.7
999634.8
1000533
1001534
1002322
1003843
1004877
1012677
1017882
1022327
1023822
1024789
1025380
1026547
1027864
1037605
1042106
1047286
1048083
1048884
1049813
1050401
1051433
1052169
1052844
1053531
1054293
1054950
1056299
1058943
1059715
1064755
1065612
1066206
1066983
1070001
1073675
1075100
1076467
1077326
1077977
1079201
1079821
1079958
1080577
1082139
1083081
1084573
1085545
1086788
1087470
1088263
1089116
1092347
1093227
1094459
1105405
1109082
1109994
1111646
1113365
1114679
1115617
1116809
1124645
1125724
1126458
1127067
1127998
1136987
1143099
1143467
1146374
1147765
1148489
1149339
1150067
1151138
1151853
1167590
1171919
1173076
1174466
1175278
1176372
1177334
1177954
1179044
1180235
1181518
1186137
1188959
1189931
1191244
1193055
1193743
1195488
1202494
1203518
1206167
1207762
1223225
1224205
1230376
1233129
1235843
1239599
1242454
1243399
1245106
1246019
1249535
1250244
1251021
1251601
1252290
1252880
1253417
1253857
1254887
1255773
1257287
1258113
1259327
1259880
1260409
1260839
1261390
1261817
1262272
1262804
1263318
1263758
1264188
1264631
1265124
1265716
1266693
1267569
1269149
1270735
1270934
1276878
1278272
1279930
1280788
1281169
1281702
1283166
1284573
1289575
1290578
1291356
1297497
1302933
1309601
1311423
1312071
1312668
1313529
1314772
1318257
1319536
1329733
1330736
1351533
1353658
1355787
1357717
1358286
1358772
1359576
1360712
1362813
1367756
1379601
1380274
1380889
1381584
1383215
1384412
1385333
1386103
1386894
1387504
1389720
1390799
1390974
1391645
1392287
1402239
1404124
1408311
1409321
1410550
1418214
1419147
1419934
1421379
1424425
1431872
1432930
1433830
1434607
1435301
1435830
1436443
1437330
1439601
1440727
1441573
1442127
1444257
1444972
1447926
1448447
1448893
1449414
1449948
1450445
1451105
1451679
1452096
1452555
1453107
1453926
1454559
1455162
1455651
1456173
1456919
1457594
1458585
1468765
1478711
1479146
1479448
1479774
1480057
1480344
1480666
1481050
1481451
1492946
1493465
1494856
1495159
1495885
1496806
1498102
1499005
1499834
1500351
1501119
1504872
1506769
1507692
1508241
1509158
1521260
1522152
1525403
1526064
1526529
1529540
1530757
1532145
1533837
1533876
1534818
1542176
1545482
1548276
1549062
1549827
1551177
1551991
1552881
1554027
1556604
1561376
1562023
1562858
1563920
1565104
1571314
1574971
1579774
1580571
1581289
1582057
1582750
1583711
1583943
1584708
1585722
1586588
1586631
1587437
1591679
1592582
1593993
1594337
1594643
1595632
1606102
1608461
1610043
1610567
1611040
1611576
1612098
1612829
1619101
1620078
1620684
1621237
1622623
1624314
1625470
1629079
1630707
1632654
1634684
1645617
1646947
1648308
1650531
1651474
1652950
1654256
1654891
1655638
1656825
1657369
1657811
1658020
1658376
1659298
1660665
1661986
1663722
1664366
1665771
1666332
1667069
1667710
1668222
1668892
1669491
1670169
1670914
1671964
1675967
1677445
1678741
1679686
1682817
1689690
1691378
1692666
1697708
1706739
1707777
1708608
1708884
1711608
1712174
1712419
1713721
1715871
1717003
1717568
1719096
1719222
1719812
1721208
1724109
1725908
1727284
1731437
1732597
1733416
1734285
1734878
1735466
1736149
1736753
1738038
1738803
1739489
1744552
1744927
1745135
1745743
1748443
1749592
1764896
1765939
1767315
1768076
1773528
1801161
1802191
1802907
1802941
1803409
1803942
1804505
1805122
1805909
1806748
1814206
1820978
1829894
1831665
1832879
1833649
1834492
1835052
1835783
1837304
1840465
1841292
1841943
1842669
1843400
1844128
1845310
1848725
1848840
1857456
1860715
1872115
1872646
1873363
1875112
1875574
1876000
1876470
1876868
1877250
1877567
1877891
1878240
1878586
1878977
1879557
1890987
1900717
1901814
1902521
1903192
1903757
1904368
1917514
1918159
1919243
1920290
1926190
1927089
1927639
1928098
1928519
1928999
1929599
1930317
1931069
1931992
1934099
1935091
1935622
1936369
1937879
1938658
1939756
1940400
1940901
1941425
1942328
1942961
1943604
1944445
1945079
1945540
1946081
1946555
1947048
1947383
1947810
1948390
1949103
1954081
1955216
1956085
1956817
1957778
1957876
1960400
1964493
1967036
1968408
1979249
1980077
1980772
1981405
1982208
1982338
1982662
1982722
1983136
1983571
1984376
1984972
1985390
1985646
1986134
1987869
1996643
1997053
2007377
2008556
2010179
2012262
2013259
2014864
2016206
2017137
2021621
2032995
2038084
2039349
2040425
2042199
2042933
2043861
2044181
2044572
2051828
2054959
2055738
2056611
2060199
2060843
2061501
2062048
2062636
2063061
2063599
2063990
2064331
2064806
2065410
2065857
2066247
2066748
2067191
2067697
2068314
2069029
2069978
2077313
2078950
2081439
2082648
2084888
2085691
2086568
2090459
2091138
2091178
2091759
2092052
2092827
2093504
2094192
2095057
2095575
2096053
2096591
2096749
2097128
2097782
2098098
2098323
2098995
2099431
2101162
2103106
2106253
2117414
2119803
2126150
2129218
2138796
2139624
2140658
2142618
2147482
2148318
2149202
2150014
2151044
2154350
2155609
2158006
2159320
2163502
2164890
2167131
2169583
2171134
2171230
2173042
2173839
2174605
2175519
2176237
2176869
2177400
2178076
2178795
2179084
2179964
2180745
2181584
2182258
2202113
2202420
2202777
2203417
2205814
2206985
2212008
2214778
2219355
2219974
2220816
2221440
2222020
2222624
2223838
2224740
2226364
2227257
2230058
2230693
2250197
2252371
2253060
2253709
2256351
2257372
2258216
2262613
2262973
2264696
2269516
2270902
2271661
2272684
2273631
2277185
2281064
2282091
2289271
2291092
2293739
2300044
2302334
2303487
2304225
2304869
2305647
2306476
2314122
2316559
2319541
2321488
2327034
2342425
2345018
2356163
2357246
2358809
2360372
2360498
2361084
2361772
2362582
2363813
2369877
2370627
2376534
2376914
2377799
2378218
2378269
2379933
2380146
2380721
2381383
2382056
2383170
2384442
2385105
2385629
2386264
2387079
2387927
2388565
2389194
2390329
2391374
2391950
2392428
2393010
2393444
2393944
2394503
2395410
2396042
2396601
2397233
2397754
2398275
2398885
2400599
2404620
2405158
2405612
2406537
2407141
2412179
2412796
2413218
2414276
2414850
2415630
2416181
2416919
2431676
2435159
2436356
2438685
2440720
2442413
2443298
2443818
2444381
2445505
2446464
2452819
2453690
2454159
2455021
2455657
2455723
2460748
2462104
2468992
2469965
2471396
2473067
2475464
2476393
2477565
2478552
2481488
2482020
2482753
2483515
2484088
2484756
2485624
2488837
2490181
2494079
2495154
2495689
2496161
2497287
2497940
2499248
2500373
2501184
2501850
2502806
2503762
2505385
2506178
2506736
2507511
2508359
2509571
2511667
2514465
2515609
2515660
2516307
2517167
2517771
2518455
2519001
2519664
2528222
2529319
2529914
2531156
2533079
2533934
2534772
2535988
2537073
2537827
2538431
2539302
2543765
2544797
2551365
2552166
2552839
2562506
2566816
2576567
2577990
2584008
2584807
2590890
2592094
2592759
2593101
2593903
2594971
2596393
2597025
2597733
2602619
2603174
2604022
2604093
2604689
2605363
2606033
2606824
2610935
2611209
2611827
2612681
2613218
2613827
2614323
2614787
2615286
2615746
2616272
2616726
2617292
2617788
2618425
2618958
2620045
2621111
2622209
2627241
2628307
2629138
2629690
2630316
2632501
2635252
2636511
2648456
2651236
2655799
2656025
2656600
2657568
2668742
2676936
2679220
2700538
2701776
2702433
2704372
2705838
2706735
2715552
2716552
2718234
2719423
2720274
2720965
2721509
2722100
2722617
2723111
2723837
2724475
2725875
2728103
2728877
2729883
2732936
2734144
2734955
2735879
2736616
2737978
2742902
2749087
2749791
2750761
2752438
2752770
2759929
2760946
2765272
2766663
2767491
2770901
2771671
2773007
2773763
2774362
2774977
2775632
2776389
2781699
2782427
2783091
2783786
2784386
2785863
2786673
2787600
2793413
2794214
2794675
2795166
2795703
2796055
2796519
2796897
2797492
2798175
2798971
2799229
2801550
2802677
2803337
2803883
2804147
2813958
2816002
2816964
2817999
2818613
2819237
2820303
2821963
2822891
2823644
2824560
2830191
2831119
2832433
2833092
2839776
2840337
2841744
2846187
2847458
2852138
2852866
2853427
2854647
2854949
2855626
2856261
2856844
2857428
2857948
2858466
2858847
2859324
2859722
2860129
2860580
2860948
2861403
2861945
2862417
2862881
2863545
2864270
2865139
2867368
2868244
2869216
2873998
2879821
2881749
2882390
2882976
2883603
2884338
2885478
2886304
2887346
2889905
2890571
2891070
2891529
2892009
2892608
2893073
2893533
2894092
2894806
2895545
2897946
2897995
2900005
2900141
2902527
2902894
2903896
2904102
2907293
2908505
2909235
2910493
2911855
2912833
2914272
2915855
2917785
2926527
2927599
2928420
2930756
2933457
2935957
2936585
2938524
2939401
2940956
2942736
2943033
2945100
2946510
2947214
2947929
2948958
2948990
2954646
2956252
2959602
2960814
2961317
2961836
2962509
2966544
2968293
2977366
2986035
2990349
2991751
2993330
2995895
2996679
2997294
2997773
2998324
2998799
2999334
2999845
3000424
3001182
3001917
3002429
3002976
3003594
3004059
3004215
3005010
3006002
3006713
3007650
3008333
3009512
3010186
3013837
3014561
3015514
3016062
3017007
3018098
3018690
3019390
3019765
3020578
3021772
3022487
3033752
3034566
3036786
3039086
3040190
3043001
3045359
3046561
3047225
3048103
3049452
3050594
3054852
3057308
3058576
3060762
3062683
3063443
3064074
3064740
3065249
3066023
3070085
3070867
3078722
3094337
3115541
3117041
3117762
3118520
3119314
3119838
3120331
3121194
3121679
3122116
3122562
3122984
3123389
3123730
3124184
3124633
3124875
3125052
3125100
3125514
3126039
3126617
3152887
3153792
3154290
3154373
3155987
3156437
3157460
3163477
3164543
3165564
3167724
3172407
3175423
3184782
3186027
3191477
3192633
3202568
3203479
3204945
3206105
3206745
3207556
3208182
3208770
3230627
3233061
3234159
3236752
3239266
3240517
3242498
3243331
3244084
3244771
3249478
3249975
3250948
3257483
3261507
3262995
3266260
3268916
3288013
3299338
3300281
3301743
3302776
3308988
3309569
3309959
3311810
3313074
3314052
3315120
3316749
3322077
3334470
3337189
3342125
3342938
3344736
3350613
3354903
3355413
3356122
3357127
3358791
3359622
3366664
3368436
3370859
3371626
3372521
3381234
3383131
3394124
3395359
3397157
3398624
3400214
3400931
3401880
3402571
3405160
3406165
3406850
3407568
3408303
3409071
3409555
3410444
3411762
3420844
3421993
3422803
3423630
3425298
3426477
3427179
3428523
3430480
3430522
3431389
3436654
3438299
3439066
3439805
3440654
3441552
3442358
3446816
3446915
3447800
3448614
3457074
3457589
3458417
3459383
3461262
3476277
3482403
3485069
3486264
3488157
3489118
3491104
3491843
3492362
3492941
3493827
3494679
3495341
3496269
3497053
3497542
3498084
3498744
3499238
3499817
3500529
3501286
3502190
3504907
3508608
3509555
3515167
3517510
3519438
3520920
3522206
3523858
3527677
3531935
3533370
3533929
3535112
3536336
3537254
3544226
3544961
3546028
3546784
3547629
3548955
3549675
3550996
3551891
3553074
3557056
3558011
3558712
3560873
3560988
3568151
3569932
3576349
3601004
3601772
3607358
3611823
3624307
3627029
3630545
3631186
3632708
3633325
3633568
3633913
3634201
3634367
3635130
3635761
3636438
3637172
3638098
3638769
3639363
3639884
3640446
3641027
3646525
3647306
3648109
3648789
3650010
3651310
3652486
3653873
3654724
3656149
3656933
3658145
3658817
3659487
3660457
3661359
3662688
3664522
3665476
3667335
3668768
3669791
3670390
3670958
3671482
3671962
3672438
3672964
3673396
3673936
3674587
3675874
3681668
3682165
3682745
3683426
3684027
3684675
3685882
3692227
3694861
3695937
3696960
3698267
3699025
3699870
3702163
3709147
3710761
3713417
3718694
3719923
3725176
3726794
3733543
3734674
3736054
3736723
3737314
3738426
3740407
3741858
3742463
3743115
3743667
3760916
3765637
3766575
3768836
3769824
3771664
3772873
3776927
3779034
3797145
3797372
3797873
3798734
3799404
3799992
3801933
3802703
3804782
3805509
3806918
3808799
3817450
3819014
3819857
3821209
3822726
3834289
3839730
3855050
3855787
3856511
3857378
3858863
3859507
3860151
3860980
3861714
3862213
3862721
3863572
3864012
3864848
3878159
3879124
3880092
3881084
3882489
3884145
3885188
3886469
3888004
3888990
3890982
3896375
3906763
3908097
3909059
3910797
3911383
3912014
3912784
3914291
3917847
3918963
3921135
3922720
3925348
3925759
3926394
3927106
3927692
3929031
3930065
3932871
3935019
3938246
3938969
3939904
3940972
3941933
3942704
3943891
3959029
3960270
3965450
3966296
3967448
3968071
3968911
3969702
3970332
3971010
3972080
3972992
3973637
3974336
3975098
3979348
3981960
3986704
3987441
3989582
3990536
3991169
3991713
3992422
3996530
3997203
3997948
3998903
3999528
4000085
4000537
4001052
4001741
4011760
4013703
4014982
4015685
4056800
4060123
4060793
4061423
4062073
4062780
4063486
4064222
4069162
4075857
4076259
4077471
4079135
4085264
4085771
4086324
4086981
4091877
4092644
4100922
4110104
4115392
4119738
4120072
4130446
4137247
4138159
4138216
4138704
4139280
4139797
4140397
4141051
4142268
4145079
4145954
4148945
4149869
4150880
4151635
4152383
4152977
4153439
4154067
4155184
4156910
4160053
4160762
4161426
4162152
4162794
4163456
4164014
4164544
4165154
4165557
4166011
4166536
4167160
4168549
4169093
4169871
4170607
4171347
4172259
4173268
4176015
4176933
4177559
4178118
4179061
4187195
4205550
4207401
4208339
4209302
4210492
4211272
4216565
4218384
4219152
4220059
4220603
4221439
4222078
4222213
4223459
4224638
4232844
4234847
4235777
4236637
4237352
4238123
4255978
4257315
4263039
4265249
4270655
4272876
4274315
4275048
4275819
4276780
4277914
4278750
4279464
4280216
4280993
4286452
4287346
4288647
4289325
4290087
4290598
4291035
4295124
4296083
4303291
4304122
4305159
4305851
4307790
4309500
4312177
4319497
4321596
4330926
4332369
4333031
4333306
4335667
4337746
4339915
4345162
4348576
4349491
4350679
4352587
4356853
4357435
4357512
4358253
4359081
4359939
4360712
4361323
4362181
4362880
4363381
4363981
4364446
4364916
4365406
4366048
4367291
4368038
4369934
4370943
4371780
4374383
4375043
4375924
4377077
4377720
4378830
4379708
4385644
4395701
4396476
4397804
4398759
4399344
4400097
4400636
4407339
4408091
4410105
4411413
4412148
4412915
4416005
4416775
4417628
4419021
4434515
4435322
4436086
4436726
4437512
4438170
4438858
4439533
4440746
4442932
4449281
4450028
4450679
4451195
4451712
4452299
4452836
4453554
4454750
4454946
4455560
4456385
4457836
4460720
4461690
4462814
4463694
4464420
4465043
4465646
4466245
4466779
4467319
4475224
4476400
4477170
4478376
4501112
4502566
4510826
4514254
4515050
4516978
4518217
4561774
4565917
4584187
4586038
4586434
4589522
4591710
4592768
4594074
4595115
4596025
4597226
4598061
4598860
4599321
4599791
4600213
4600614
4601063
4601471
4601900
4602291
4602857
4603294
4604306
4604827
4605247
4605685
4606332
4607053
4607851
4608998
4609713
4610400
4611188
4611804
4612840
4618254
4624281
4625044
4625354
4626821
4628162
4629413
4630877
4632130
4633182
4636645
4637407
4638647
4638794
4639598
4640423
4641053
4641586
4642115
4642643
4643728
4647847
4648703
4670514
4671375
4672328
4673514
4674692
4675410
4676122
4678839
4692442
4693500
4694586
4695865
4698105
4705003
4706176
4706893
4707227
4708073
4708995
4713048
4716340
4719416
4720403
4721050
4721961
4723960
4725191
4727075
4729380
4730061
4730325
4730886
4731572
4732132
4732811
4734608
4741179
4742675
4744189
4750194
4751408
4752234
4752333
4752868
4753972
4755052
4758386
4759191
4759823
4763024
4764019
4783817
4785549
4789534
4790441
4791210
4791255
4791987
4792990
4793609
4796728
4802178
4803153
4803859
4810930
4811994
4813651
4814794
4816191
4816408
4818932
4821196
4822338
4823808
4826551
4828932
4841539
4842602
4843332
4843983
4844729
4846776
4849751
4851495
4852831
4861746
4869642
4871125
4872755
4873797
4874371
4875039
4876317
4877807
4878861
4881310
4884484
4890826
4891589
4892189
4892926
4895663
4896466
4897181
4897717
4897886
4898648
4899527
4900929
4901808
4909043
4909936
4914289
4914982
4915775
4916943
4917996
4918926
4919791
4920877
4921974
4922833
4925682
4926419
4927300
4929533
4975893
4979207
4979862
4980556
4981417
4982298
4993021
4997948
5014762
5015820
5016914
5018032
5019085
5019767
5020350
5020806
5021227
5021757
5022278
5022953
5023823
5024351
5024962
5025884
5026880
5027484
5028039
5029378
5039175
5039876
5041707
5049795
5051081
5052295
5054216
5056311
5057535
5058583
5059236
5060424
5061558
5062534
5065010
5067533
5069447
5070163
5070813
5071739
5072459
5072958
5073561
5074622
5075429
5076131
5076864
5077357
5077806
5078330
5078908
5079431
5080340
5080888
5081492
5082051
5082155
5082940
5083518
5084721
5085672
5085942
5086499
5087284
5092332
5104231
5104879
5105580
5113067
5116533
5117285
5147208
5149287
5151458
5152238
5155131
5158434
5159695
5162254
5163254
5163766
5164329
5164942
5165620
5166374
5167783
5168960
5178625
5179297
5179973
5180788
5181584
5182307
5183016
5184207
5185575
5186168
5186883
5187444
5188166
5188840
5189488
5189679
5190128
5190678
5191230
5191698
5192108
5192778
5193562
5194479
5195337
5195988
5197457
5198443
5199076
5199696
5201660
5218280
5219672
5220447
5221893
5223112
5223762
5225086
5227945
5229192
5232840
5233657
5234562
5235257
5235940
5236385
5237013
5238807
5243083
5244602
5245344
5245882
5246026
5246439
5246905
5249123
5250591
5251498
5252173
5252788
5253833
5259282
5260673
5262516
5265496
5266612
5266650
5274127
5275352
5280026
5282490
5285871
5287989
5289032
5289962
5290847
5292336
5293586
5294038
5294703
5295553
5302199
5304186
5309921
5311521
5313787
5315154
5315870
5333564
5343445
5343815
5344938
5354338
5355094
5355359
5355717
5356453
5357202
5357803
5358683
5359385
5360650
5361885
5362662
5363315
5364026
5364960
5366002
5366758
5367546
5368332
5369603
5374472
5401483
5405177
5406406
5407166
5410106
5411281
5414202
5416970
5418299
5419311
5420317
5421183
5422308
5424356
5427949
5430459
5432104
5433097
5434279
5440889
5441624
5442175
5443069
5444660
5446299
5446918
5447586
5448197
5448644
5449096
5449521
5449944
5450341
5451032
5453393
5457054
5460528
5462570
5467013
5467914
5468770
5469640
5471023
5472579
5483155
5484435
5485279
5489339
5490642
5491614
5493679
5498560
5499381
5506907
5530205
5535487
5536442
5543921
5545629
5547972
5589379
5590514
5591778
5592110
5593095
5593730
5594249
5594788
5595352
5595926
5596820
5598801
5601447
5602837
5603775
5604473
5605678
5606207
5606892
5607769
5608587
5609482
5611382
5612500
5613299
5614026
5614803
5615423
5616162
5616901
5617941
5619260
5620248
5621987
5624521
5626114
5626886
5627782
5628939
5629686
5630199
5630882
5631400
5631892
5632385
5633082
5633567
5634228
5634651
5635389
5636181
5636931
5637495
5638285
5638960
5639863
5640484
5641032
5641766
5643542
5644268
5645301
5646237
5646866
5647686
5649505
5649919
5650494
5651906
5652629
5653133
5653789
5655002
5662644
5665816
5666898
5676746
5677892
5679305
5691243
5691946
5692579
5693555
5704738
5713461
5714347
5714897
5715571
5716065
5716489
5716953
5717483
5718271
5721774
5722486
5729235
5730180
5730229
5731021
5731809
5732454
5732921
5735032
5736038
5745370
5746676
5747307
5747835
5747938
5748817
5749442
5749999
5750446
5750868
5751457
5752369
5753111
5753544
5754137
5754755
5755613
5756488
5757682
5758062
5759834
5761642
5762489
5763101
5763999
5765026
5765516
5765890
5766420
5766861
5767293
5767688
5768319
5770824
5771654
5772311
5772740
5773193
5773641
5774322
5774921
5774962
5775412
5775809
5776614
5777049
5778074
5778552
5779364
5779803
5780238
5780714
5781260
5781793
5782191
5782747
5783796
5784577
5784679
5785342
5785862
5786362
5786839
5787427
5787853
5788369
5789075
5790664
5791350
5792990
5797417
5799800
5810067
5811075
5820016
5821098
5822057
5824120
5828057
5829298
5854446
5855281
5856757
5857697
5863003
5878967
5879568
5892289
5893033
5893952
5894871
5895776
5896458
5897246
5904014
5907721
5908312
5909028
5910137
5919419
5923114
5924223
5925014
5926584
5932457
5937468
5938385
5940295
5944116
5945940
5946490
5947042
5947511
5947909
5948553
5949098
5949971
5950572
5951364
5952170
5953380
5954413
5955041
5956151
5957353
5959508
5962111
5970859
5971531
5972118
5972875
5973787
5976031
5977332
5978250
5982152
5985224
5986944
5987483
5988012
5989333
5990198
5991033
5993622
5994343
5994863
5995565
5996071
5996622
5997126
5997209
5997733
5998788
5999897
6002345
6006408
6007341
6009350
6010315
6014249
6015077
6018276
6024459
6025223
6028238
6028530
6030725
6032030
6033761
6034628
6035318
6035814
6036408
6036950
6037784
6038311
6038755
6039283
6040080
6040674
6041668
6043379
6044341
6049446
6051153
6052695
6053202
6059105
6061544
6062647
6065390
6066422
6066634
6067922
6068883
6069742
6070244
6076611
6077713
6079112
6079899
6080908
6081821
6089593
6090712
6092259
6106667
6107422
6107973
6108472
6109189
6110053
6110925
6114625
6115644
6116990
6117933
6119277
6122081
6122968
6123727
6124269
6125450
6127481
6132266
6133643
6134351
6135115
6135665
6136501
6137167
6138334
6141839
6142566
6143314
6144234
6144919
6145451
6148027
6148754
6149305
6149990
6151620
6154626
6155317
6155999
6156739
6157810
6158761
6159565
6181793
6193281
6194290
6196115
6196621
6197341
6198307
6212931
6212978
6220468
6226211
6227683
6228325
6228866
6229636
6230516
6231264
6233418
6234767
6236907
6237781
6239129
6239799
6239898
6240529
6241246
6242902
6245842
6247063
6248759
6249822
6250622
6251549
6252725
6254045
6255364
6257864
6258817
6260418
6261190
6261783
6262936
6263837
6265554
6266631
6269751
6300240
6301561
6302295
6303733
6317827
6325846
6326398
6327150
6330670
6331751
6332993
6334554
6335190
6335827
6336540
6337491
6341950
6355203
6356178
6357014
6357214
6358661
6359139
6359797
6360927
6361882
6363188
6363919
6364433
6368276
6370819
6375905
6380886
6382234
6384412
6385129
6386120
6387124
6388422
6389313
6395082
6401337
6402092
6402695
6403560
6409876
6410831
6412060
6422872
6423568
6424547
6431231
6433993
6442077
6443010
6450856
6453081
6460374
6462802
6494461
6498990
6503134
6503868
6504541
6512394
6513449
6516053
6518476
6519132
6519620
6520197
6520848
6521384
6521889
6522684
6523450
6523986
6524427
6524789
6525204
6525821
6526336
6526797
6527342
6527611
6528192
6528365
6528965
6529576
6530593
6532006
6532712
6534304
6535080
6535761
6537412
6543450
6544283
6545253
6546027
6546599
6546940
6547166
6547693
6548130
6548731
6549227
6549725
6550358
6561468
6562429
6563197
6564760
6566461
6567133
6567852
6568499
6569096
6569632
6570300
6577217
6579801
6580803
6581615
6582740
6585826
6587316
6601140
6602141
6603574
6604684
6606438
6607620
6608354
6608982
6609700
6615204
6622972
6624583
6630316
6631672
6642760
6644282
6652756
6653938
6654404
6654806
6655199
6655593
6655960
6656350
6656803
6657211
6657725
6658257
6658997
6660017
6667174
6668082
6669591
6673694
6673765
6683137
6683819
6684595
6685322
6686665
6689071
6692492
6702618
6703956
6707677
6714715
6719815
6720059
6725180
6729570
6730820
6750522
6754984
6761313
6762664
6769921
6771638
6772877
6783888
6784584
6785244
6785991
6786686
6787587
6788155
6788824
6789778
6792449
6793561
6795275
6796339
6801653
6802557
6803098
6803547
6804145
6804623
6806145
6806877
6808294
6809979
6810268
6811156
6812084
6812982
6814315
6815175
6816130
6820124
6821226
6822313
6822981
6823509
6824324
6827755
6828332
6828992
6829154
6833994
6834762
6835807
6836823
6851322
6852173
6852364
6856001
6857390
6863324
6864295
6865020
6866938
6867617
6872852
6873527
6876541
6877384
6878076
6878902
6880121
6881234
6881842
6882300
6883313
6884316
6885043
6885145
6885802
6886543
6886759
6887952
6889886
6891103
6891704
6892495
6893304
6894648
6895592
6896697
6897645
6899093
6900228
6900917
6905991
6909307
6911374
6912020
6912711
6912817
6913522
6914021
6914599
6915262
6916080
6916911
6922863
6923433
6924064
6924613
6925164
6926526
6934185
6935999
6936673
6938176
6950506
6951104
6951843
6952866
6953519
6957418
6959511
6972477
6977709
6978928
6979696
6980288
6980784
6981360
6982083
6985565
6986213
6989115
7001272
7002419
7003125
7004435
7011897
7012440
7019281
7020024
7020817
7024365
7026996
7027602
7028084
7028614
7028976
7029248
7029620
7029868
7030212
7030528
7030822
7031066
7031363
7031622
7032161
7032426
7032561
7032731
7032860
7033038
7033327
7034021
7034373
7034708
7035340
7036463
7038479
7040876
7041588
7046314
7046944
7048237
7051516
7059555
7060714
7073422
7075174
7076666
7077267
7077916
7078608
7079279
7080073
7080791
7080844
7084871
7084948
7085925
7086879
7091612
7093179
7093232
7096394
7097514
7098956
7102429
7111349
7112827
7113968
7114755
7115649
7116487
7117228
7118120
7119731
7121992
7126135
7127016
7129180
7130225
7130818
7132594
7133212
7134017
7134777
7135546
7136730
7137673
7138319
7139054
7139693
7140439
7141662
7148707
7149862
7154408
7157618
7158350
7159059
7159565
7160111
7161257
7161797
7162700
7164145
7201942
7202964
7208663
7209793
7213900
7214492
7215318
7217189
7217846
7221791
7226449
7231759
7233693
7252383
7253377
7256707
7257463
7260630
7261601
7262636
7263750
7264395
7265973
7267738
7270726
7271203
7272438
7273532
7274269
7277227
7277951
7278672
7279203
7279375
7282226
7286869
7287646
7288191
7291088
7292566
7293468
7294522
7296158
7300192
7306207
7307383
7308112
7308825
7309737
7310306
7310923
7311904
7314130
7314908
7317773
7317775
7325272
7325866
7326226
7326697
7327380
7327900
7328658
7329197
7329714
7333967
7334524
7336068
7337078
7338580
7339879
7343433
7345037
7346207
7349290
7353560
7354829
7357110
7358263
7380979
7386726
7390764
7402098
7408072
7409021
7409984
7411253
7413790
7420425
7421333
7423873
7424739
7425975
7426510
7427129
7427670
7428631
7430184
7431108
7435597
7436177
7436689
7438404
7440355
7451578
7452398
7453268
7454140
7458086
7460387
7461535
7462518
7463422
7463855
7464327
7465021
7465554
7466083
7466454
7467311
7467498
7467804
7468330
7470672
7471408
7473007
7474221
7475372
7476184
7476987
7477897
7478479
7478944
7479452
7479865
7480300
7480858
7482029
7483297
7488391
7489195
7490285
7493632
7494465
7496014
7496132
7497309
7498501
7504264
7507747
7509294
7510467
7518892
7521378
7523154
7543268
7544234
7552878
7554100
7554889
7555413
7555860
7556536
7557179
7557875
7559133
7560112
7565038
7571356
7572026
7572762
7573516
7573776
7579615
7580306
7581499
7581965
7582536
7583029
7583666
7584361
7585300
7585862
7586777
7588994
7591613
7593289
7598672
7609513
7613462
7623281
7624231
7624956
7625873
7626332
7626920
7627375
7627851
7628359
7628902
7629554
7630103
7630585
7631394
7672101
7672813
7674351
7676378
7679687
7681118
7683316
7683863
7684611
7686701
7689001
7690161
7691570
7692667
7695405
7696158
7696865
7698794
7699393
7700812
7711521
7711968
7713515
7716043
7716611
7717255
7718557
7729236
7729905
7730603
7735902
7741926
7743270
7744819
7754367
7756375
7761325
7762932
7764375
7765078
7765687
7766382
7766886
7767517
7768249
7768892
7773513
7774219
7776257
7777123
7778241
7787683
7789230
7790316
7794104
7795950
7797139
7798386
7799270
7800506
7802209
7802846
7803389
7804040
7804512
7805245
7806188
7807070
7810038
7810927
7812583
7814128
7815818
7816761
7818383
7825043
7826006
7826171
7828551
7830493
7831317
7832065
7832674
7833237
7834142
7834871
7835101
7836350
7837638
7838596
7840322
7842563
7843421
7845076
7846497
7847850
7848860
7849624
7850273
7850782
7851301
7851781
7852267
7852816
7853451
7854438
7859274
7860081
7860791
7861744
7862612
7864749
7865318
7865911
7879296
7880016
7880608
7881187
7881684
7882111
7882493
7885640
7893867
7894616
7896423
7897110
7897888
7898447
7898975
7899534
7900054
7900698
7901379
7901908
7902364
7903242
7903666
7904154
7904827
7905781
7921757
7931295
7931762
7932148
7932855
7937834
7940281
7943327
7944509
7945009
7945720
7946417
7947208
7947797
7948484
7949433
7950387
7951331
7952108
7953895
7954496
7954524
7955406
7956304
7957128
7957875
7958712
7960624
7971014
7971628
7972805
7973698
7974187
7974833
7975493
7976352
8025424
8027158
8028262
8029820
8030481
8031005
8031577
8032080
8032558
8033277
8034405
8034953
8038894
8040317
8045561
8046589
8049190
8049787
8050313
8050993
8052174
8058051
8059154
8061421
8062109
8062785
8063664
8064480
8065342
8068398
8072565
8073235
8074028
8075210
8076453
8077153
8077739
8078534
8081215
8100754
8101020
8101876
8102444
8103022
8103595
8104971
8105701
8106822
8110142
8118993
8119248
8120527
8121516
8122200
8123882
8126500
8127430
8131026
8132127
8134185
8134225
8136046
8139355
8141593
8142169
8148774
8149509
8150333
8152827
8153870
8154487
8156197
8156945
8157610
8159368
8162174
8163904
8165594
8166674
8167621
8168380
8169366
8172069
8174993
8180898
8181038
8183118
8183936
8185664
8186527
8197088
8197937
8202176
8203356
8216895
8220068
8220948
8222467
8225317
8227219
8231627
8238429
8242123
8244662
8248027
8249993
8250906
8252137
8255637
8256207
8256820
8258143
8258980
8259471
8259889
8263375
8264165
8264540
8265902
8267514
8269057
8272617
8273197
8278250
8279692
8282564
8289588
8291420
8293571
8298931
8299679
8300865
8302418
8303830
8304537
8305184
8305428
8306430
8309750
8312504
8315331
8316171
8320030
8321883
8324032
8325029
8326069
8327091
8329682
8332267
8333105
8333350
8333949
8335804
8338463
8348604
8349499
8363569
8364813
8370167
8376242
8380019
8381427
8383385
8403724
8409975
8410334
8416831
8423209
8423857
8424775
8425523
8426351
8427226
8427283
8427374
8430394
8432383
8432874
8453375
8454182
8455048
8466355
8467064
8470906
8471825
8472465
8473039
8473748
8474672
8476737
8478550
8481204
8481971
8482497
8483008
8483534
8484000
8484330
8484711
8485067
8485526
8486021
8486457
8487031
8492403
8493055
8493701
8494476
8495399
8497205
8501554
8506145
8506879
8507601
8508129
8509099
8510524
8512152
8513039
8513987
8514889
8515599
8516191
8517184
8517700
8518773
8518866
8519578
8520664
8522453
8530653
8550179
8551015
8552065
8552268
8553184
8554937
8555819
8556013
8556992
8557782
8557949
8558779
8564417
8564926
8565481
8566026
8567040
8571829
8572702
8574373
8577515
8581600
8586011
8589197
8595195
8599615
8601802
8602698
8603496
8604191
8604817
8605367
8606299
8613747
8614010
8615260
8617352
8621792
8622901
8624117
8629979
8631133
8632557
8640943
8642075
8642706
8643158
8643220
8643722
8644624
8647587
8648514
8649516
8650146
8650838
8651741
8652629
8654786
8655128
8657125
8657647
8658110
8658696
8659162
8659791
8660451
8661177
8663007
8665155
8666945
8668303
8669286
8670041
8670558
8671239
8671880
8672847
8674327
8677896
8678342
8678940
8679520
8680245
8681052
8682345
8684402
8686360
8688829
8689884
8690398
8690798
8691317
8691777
8692236
8693279
8698164
8702508
8711748
8712336
8712784
8713265
8713764
8714413
8715200
8723154
8723819
8724615
8733454
8734966
8735711
8736947
8737123
8737661
8738300
8739001
8739770
8740669
8741380
8742058
8742861
8743441
8748105
8748839
8749435
8749738
8752556
8753216
8753904
8754548
8755069
8756178
8765543
8767607
8769867
8783176
8784383
8785093
8786127
8797979
8799314
8800506
8801566
8802352
8802722
8803892
8805449
8806252
8810802
8812356
8814508
8816078
8817003
8819562
8820462
8823845
8824742
8825617
8826452
8827420
8828620
8829451
8829581
8830396
8841893
8843339
8844127
8845686
8847331
8848590
8849237
8849800
8850397
8851048
8851867
8852701
8853981
8855137
8856452
8857313
8858997
8859885
8860578
8861710
8863809
8865932
8873959
8874011
8875729
8884744
8891917
8893175
8904814
8905685
8906457
8907098
8908356
8908866
8910745
8911704
8914441
8915315
8915979
8916674
8917831
8919708
8928459
8929809
8931362
8932802
8943206
8949162
8949955
8950961
8951714
8954185
8955717
8958005
8958657
8959119
8959612
8960233
8960811
8968850
8969763
8971122
8971715
8972196
8972984
8975246
8975569
8979974
8981281
9005507
9006336
9010272
9013790
9014512
9015540
9016364
9017694
9018868
9019707
9020816
9024513
9026330
9027932
9034868
9036121
9036898
9037592
9038444
9038959
9039652
9040285
9041011
9041634
9042177
9042719
9043192
9043623
9044193
9045174
9045671
9046419
9047167
9048053
9048684
9049690
9050125
9050779
9051548
9052237
9053024
9053773
9059477
9060128
9074307
9075943
9078391
9079037
9080734
9081301
9081691
9082119
9082547
9082873
9083287
9083679
9084089
9084495
9084966
9085454
9089595
9101254
9101869
9104728
9111024
9112691
9114084
9115346
9116037
9117039
9117389
9117779
9118666
9119716
9120501
9122106
9130192
9130681
9131087
9131649
9132124
9132535
9132615
9132948
9133402
9133813
9134326
9134730
9135243
9135848
9136446
9137164
9138284
9139264
9144288
9144878
9145628
9146421
9147175
9148045
9149855
9156167
9172710
9175513
9176153
9176591
9177171
9177653
9178660
9188050
9189035
9198580
9199347
9200099
9200834
9201555
9202408
9204760
9205155
9205925
9207707
9208191
9209029
9209760
9210308
9211264
9217785
9218803
9219624
9220169
9220562
9221127
9221655
9222234
9222995
9223729
9224764
9225559
9226277
9227120
9227893
9228517
9229063
9229626
9230085
9230601
9231050
9231849
9233345
9235441
9236076
9237094
9237764
9238724
9240349
9243058
9251510
9254686
9256157
9257073
9260680
9263409
9265236
9265998
9267134
9269733
9270751
9272034
9277032
9278308
9278862
9279334
9279745
9280085
9280409
9280661
9280842
9281010
9281270
9281565
9281830
9282142
9282492
9282834
9283635
9284141
9303264
9309587
9310251
9319188
9319645
9320109
9322444
9326718
9327821
9328549
9329323
9330423
9331796
9332396
9333137
9333625
9333960
9334555
9334974
9335139
9335462
9336088
9336785
9337848
9338647
9339296
9339897
9340511
9341537
9344984
9345903
9346902
9347561
9349298
9350353
9351196
9351445
9356846
9362313
9362463
9369090
9377734
9379038
9379682
9380667
9382286
9385419
9386420
9388704
9398520
9398813
9401460
9403681
9408507
9411372
9413161
9417393
9419725
9425962
9428715
9450800
9452137
9453087
9454330
9454975
9455502
9455987
9456739
9457981
9464604
9465254
9465903
9466763
9467945
9469216
9471112
9473300
9475965
9476241
9476838
9477630
9478094
9478766
9479593
9480433
9481377
9482711
9489291
9490942
9492428
9495019
9503089
9505253
9506153
9507015
9508452
9509342
9511147
9511932
9513726
9516368
9518039
9522761
9524728
9526113
9545722
9551670
9553055
9553985
9554878
9555816
9557027
9558931
9560866
9561754
9563021
9568666
9569386
9570611
9572588
9577450
9578973
9580052
9581331
9582101
9583411
9584059
9585007
9588580
9591969
9599352
9600311
9602200
9604623
9611319
9617691
9617807
9619133
9620334
9624026
9625734
9627202
9629663
9630361
9631063
9631700
9632642
9633710
9634307
9634850
9635522
9636078
9636900
9637529
9638096
9638557
9638559
9639001
9639460
9639535
9639857
9640353
9640789
9641799
9642436
9643605
9644397
9647257
9649620
9653260
9654525
9655914
9661633
9665130
9669862
9671200
9671714
9672385
9673084
9673676
9674405
9674924
9675467
9676157
9677248
9677818
9678344
9679189
9684120
9686340
9688120
9692519
9696446
9706133
9707523
9708152
9709150
9709952
9710653
9715062
9716071
9736511
9741003
9742419
9743291
9744404
9745193
9753313
9754447
9755269
9756953
9758202
9759318
9760808
9765101
9767675
9768713
9780655
9781444
9790212
9791178
9792177
9793088
9793670
9794210
9795702
9796304
9797161
9798149
9804365
9804974
9806365
9807336
9809319
9810025
9810920
9811663
9813261
9814321
9824325
9827443
9828946
9829669
9830612
9839290
9840372
9841659
9842260
9844518
9853042
9855790
9856613
9857381
9859946
9861088
9861965
9862742
9863560
9871979
9879078
9880042
9880663
11250768
11257992
11261969
11263583
11270394
11270982
11271496
11272032
11272672
11273644
11276334
11278415
11279055
11279882
11280827
11280994
11281723
11282404
11284468
11286421
11289241
11290222
11292082
11293847
11298469
11308099
11308743
11309861
11309993
11320893
11327130
11337947
11338588
11339185
11341271
11350008
11354128
11354993
11356075
11356771
11358139
11360339
11369602
11370326
11371063
11372341
11373689
11377807
11378514
11383545
11389022
11390936
11391254
11392199
11393093
11394799
11405888
11407069
11407605
11410176
11411064
11420703
11422291
11430106
11431319
11431943
11433047
11433964
11436368
11437518
11444219
11446747
11449445
11450059
11450741
11451013
11457608
11458410
11459521
11463961
11468887
11470139
11471335
11475080
11477529
11478952
11480436
11486689
11486886
11487856
11488203
11488616
11488833
11489493
11490097
11491855
11496189
11496681
11497956
11503431
11503944
11504417
11505413
11506255
11506962
11507942
11508863
11509111
11509967
11511166
11512159
11521120
11524480
11526919
11528162
11531751
11532460
11532956
11533598
11534324
11535145
11541642
11544232
11544786
11545409
11546300
11551463
11552302
11552734
11553252
11554046
11555727
11556117
11559580
11560245
11560996
11564811
11565769
11565990
11567594
11570616
11571852
11573057
11573957
11574766
11575387
11576709
11578284
11590786
11604030
11604868
11605528
11606423
11607061
11609087
11616128
11621662
11623787
11625426
11626039
11626557
11627111
11627788
11634764
11634851
11635830
11658055
11659351
11661779
11663354
11664996
11665280
11666886
11668651
11669721
11676940
11700760
11703871
11705405
11707614
11713229
11714736
11720334
11725940
11726843
11731967
11733045
11736794
11737538
11740030
11742962
11747705
11748227
11748865
11749442
11750230
11751163
11751971
11752773
11763139
11764692
11765832
11768360
11773377
11780675
11782837
11784869
11786813
11788251
11790879
11791978
11792810
11793872
11794933
11795412
11795868
11796401
11796959
11799883
11800619
11801483
11802362
11803918
11805002
11808226
11823318
11829958
11834979
11835774
11836685
11837233
11837761
11838680
11839651
11839811
11840256
11851540
11852628
11853690
11854823
11855831
11856324
11857358
11858203
11858777
11859289
11859828
11860270
11860927
11861595
11862250
11862983
11864884
11866176
11867463
11874298
11875355
11876261
11877302
11878338
11878603
11879360
11880768
11881898
11892235
11897228
11898005
11898708
11899946
11900619
11902003
11903226
11904723
11904803
11905760
11906371
11907273
11907947
11910309
11911307
11912781
11913678
11916045
11917902
11918403
11918433
11922721
11924151
11924427
11928808
11930569
11934738
11935316
11936553
11937416
11938243
11948102
11949042
11950082
11951366
11952083
11953306
11958094
11958828
11959758
11959997
11961336
11962476
11963694
11965354
11967635
11968886
11971082
11971872
11972504
11973501
11973977
11974800
11976012
11976965
11978078
11979144
11979934
11981132
11981638
11982192
11982899
11983741
11984912
11987239
11988168
11988895
11990285
11999244
12004110
12005314
12005922
12006476
12007513
12016279
12017274
12017720
12018553
12019647
12020349
12021157
12022308
12023396
12029719
12030435
12031196
12032413
12033092
12034786
12039935
12041200
12047465
12048609
12053994
12060087
12060762
12061812
12062518
12063178
12064267
12065431
12066666
12067434
12068102
12068935
12070346
12071843
12075672
12076241
12076714
12077272
12077764
12078361
12078821
12079389
12079864
12080524
12086640
12090009
12091132
12093367
12094808
12095571
12097862
12109565
12110573
12111520
12114484
12115679
12116572
12117238
12119721
12120832
12121831
12122441
12123504
12124292
12125648
12126262
12126567
12127227
12128572
12159941
12160709
12161437
12165928
12167043
12168120
12168873
12169469
12170788
12171712
12172470
12173658
12180105
12180627
12181052
12181439
12181842
12182244
12182822
12183453
12189458
12190211
12190718
12191287
12191981
12192538
12193297
12194216
12195589
12196647
12199346
12199861
12200282
12200833
12201418
12202145
12202906
12204100
12206526
12207926
12209185
12209472
12213996
12215014
12215840
12240219
12240729
12241867
12243188
12244043
12244883
12245569
12247558
12248708
12249260
12250106
12253883
12255095
12256260
12256694
12259031
12262773
12263982
12264848
12267540
12268363
12268938
12269813
12270331
12270988
12271594
12272097
12272296
12273000
12273554
12274102
12274690
12275242
12275796
12276251
12276860
12277336
12277829
12278521
12279038
12279488
12279489
12279718
12280229
12280803
12281251
12281983
12286317
12289253
12290521
12291360
12292217
12298299
12299068
12300103
12300998
12305601
12306220
12306834
12307405
12307919
12308459
12308904
12309480
12310064
12310898
12311580
12312554
12314319
12314707
12315363
12316045
12316675
12317304
12317958
12318587
12318992
12319525
12320073
12321810
12322384
12322801
12324178
12326610
12327591
12328179
12329126
12334684
12345567
12353933
12361264
12362011
12369482
12370614
12373047
12374286
12375133
12375848
12376433
12377431
12378110
12378710
12379260
12379917
12380464
12381067
12382346
12382995
12386107
12393348
12395234
12396746
12398001
12398529
12399164
12399567
12400068
12400501
12400972
12402090
12402781
12403416
12404377
12405030
12405873
12406045
12412581
12413801
12414463
12415061
12416274
12417101
12418787
12418836
12419745
12422635
12423201
12423929
12424495
12424950
12425711
12426311
12427036
12427893
12428848
12429374
12430090
12431357
12432118
12433084
12433798
12434598
12435456
12436177
12436697
12437206
12437837
12438391
12440590
12441705
12443097
12444273
12445059
12445872
12446730
12447980
12448637
12449303
12449884
12450413
12451184
12451733
12452456
12453657
12458823
12465261
12466446
12478475
12479838
12488398
12489779
12490454
12491525
12492692
12494058
12495101
12495317
12497472
12498147
12498725
12499441
12499829
12501620
12502807
12503746
12504438
12505904
12509995
12511114
12512210
12512859
12519734
12520537
12521457
12522600
12531801
12536417
12536742
12537490
12538194
12540219
12540999
12542020
12542610
12543262
12547832
12551579
12553676
12554979
12555620
12556052
12556464
12556878
12557838
12558370
12559077
12560063
12560754
12561560
12564705
12565396
12566696
12567593
12569810
12570190
12570569
12571191
12575469
12575736
12605461
12620662
12622528
12627370
12632646
12641211
12641970
12642556
12643167
12645332
12645990
12647206
12648026
12654544
12656629
12657793
12659083
12662295
12663900
12667672
12668361
12668955
12669569
12670428
12672410
12673802
12675886
12680438
12681530
12682920
12683709
12684362
12691223
12693845
12695227
12696054
12696676
12697326
12708970
12709658
12711354
12712492
12714283
12715689
12716477
12716977
12717550
12718333
12719320
12719495
12720489
12721032
12722534
12723454
12724363
12725327
12726018
12727237
12727997
12728832
12729629
12730319
12733341
12738014
12739566
12743648
12744549
12745400
12746263
12747337
12748041
12748095
12749933
12751086
12758119
12758914
12759488
12766799
12768209
12770338
12777997
12778746
12779847
12780831
12783695
12786194
12787609
12787671
12792169
12792906
12793625
12794297
12795537
12795974
12796583
12796931
12797158
12798086
12800761
12802802
12805223
12806696
12807192
12807758
12808181
12808386
12810044
12811883
12821580
12822393
12822947
12823572
12824375
12825661
12832810
12837829
12838529
12839390
12839666
12843425
12843968
12844639
12845201
12845797
12846975
12849491
12853376
12854251
12854382
12854888
12855143
12855483
12856529
12857210
12857309
12858597
12858665
12859189
12859723
12860267
12869884
12870802
12871446
12875701
12876364
12877001
12877719
12877933
12878776
12879637
12880726
12883607
12884907
12885676
12886174
12886739
12887314
12887806
12888474
12889454
12890454
12893085
12896137
12896440
12897043
12897612
12898399
12899032
12899448
12900207
12900774
12901305
12901812
12902405
12902882
12903314
12904513
12905593
12906431
12908211
12915047
12917195
12929269
12930342
12930390
12931191
12932023
12932499
12933366
12933854
12934389
12935080
12935631
12936828
12942576
12943281
12946135
12947616
12949637
12950250
12953711
12956348
12958136
12959098
12959861
12960696
12974848
12974886
12975504
12976150
12976887
12979561
12981990
12983606
12984883
12991609
12992486
12999986
13000859
13001678
13005679
13006995
13007573
13008073
13008500
13009114
13009594
13010134
13015500
13018921
13024071
13030778
13065596
13069896
13070733
13071392
13072059
13072519
13073069
13073654
13074414
13075417
13075976
13076542
13077185
13077814
13078297
13078886
13097862
13098787
13099807
13100929
13102541
13103577
13104293
13104935
13105454
13105726
13106110
13106752
13107331
13108015
13108951
13109576
13111307
13112127
13113347
13121804
13122453
13122978
13123487
13124669
13125228
13125735
13126559
13128482
13129396
13130605
13132505
13133109
13134323
13136316
13146041
13147028
13147504
13147669
13148072
13148814
13149929
13150017
13155249
13156377
13157646
13158195
13160150
13161710
13162771
13166622
13167395
13168091
13171299
13182522
13182671
13183314
13185430
13185605
13186485
13187110
13187902
13197635
13198132
13198882
13200018
13202922
13207615
13208167
13208868
13209447
13210951
13218126
13219638
13220512
13223404
13224021
13228158
13230625
13235334
13242730
13243945
13246095
13247601
13248013
13251488
13252438
13256592
13257306
13258028
13260000
13260682
13261492
13272414
13273464
13274486
13275392
13276198
13276888
13277511
13278165
13278889
13280135
13291810
13292602
13295589
13300849
13303236
13304907
13306230
13308127
13311093
13311968
13312799
13313439
13314327
13315206
13318212
13318909
13323122
13324310
13325431
13326075
13326867
13327681
13328758
13329725
13330375
13330840
13331572
13332509
13333192
13333712
13335039
13336365
13344982
13345609
13346620
13359345
13360868
13361931
13363213
13366608
13368176
13369369
13374687
13388922
13390298
13391162
13392868
13396981
13397671
13398367
13399135
13399861
13401023
13406920
13407584
13416878
13420902
13421969
13424096
13428964
13429591
13430124
13441513
13447465
13448427
13449160
13449748
13450545
13451178
13451646
13452161
13454007
13459966
13465282
13466111
13466652
13467303
13467598
13468100
13468812
13470699
13471037
13471853
13472206
13472779
13478186
13479122
13479817
13480521
13481130
