24206.71
25725.95
31056.56
41679.69
43049.08
67668.84
72207.36
73175.16
118033.5
118442.7
146076.4
150805.6
160847.5
164238.2
167939.3
169971.9
170590.3
172046.7
173004.8
174140.9
175052.7
175811.2
186935.6
188466.4
190084.8
191426.3
235630.4
236675.8
242394
243655.6
244172.8
244769.7
258105.4
285375.8
286780.1
309735.7
310341.4
311330.7
320964.9
321727.8
323843.3
327128.3
328329.5
369986
399700.8
402322.5
412906.2
424605.5
428615.7
461170.9
463573.1
475984.2
479106.3
483440.2
488254.4
490021.2
491308.4
506891.1
509928.8
510764.6
523656
556460.2
571394.5
606406.6
607539.9
609078.4
618756.7
647175.4
675233.9
678740.8
736611.7
757722
770995.7
790008.3
803913.4
805228.1
805800.8
808032.6
826133.9
842448.9
905822.9
937263.7
938820.2
940239.2
953618.8
957746.8
965041.2
965549.5
968930.8
981197.3
988782
989310
993097.3
996299.9
996537.5
997226.5
998774.4
1003927
1023022
1025849
1036124
1037726
1043033
1044216
1046944
1050426
1052884
1055255
1059093
1060041
1061361
1070844
1072786
1073799
1074432
1075074
1075543
1075988
1076530
1079087
1085722
1086790
1088506
1089349
1090263
1091510
1092330
1092673
1093138
1094519
1094852
1094926
1095816
1096652
1097482
1098006
1098706
1099930
1100705
1101724
1104821
1124248
1124941
1125701
1126272
1127123
1131424
1146880
1168840
1172543
1174158
1194280
1200735
1201805
1235039
1242072
1262133
1289578
1290680
1300501
1305696
1310688
1314346
1374839
1375819
1387572
1395792
1396652
1398575
1399632
1408316
1413685
1427731
1428856
1431938
1432852
1433876
1457446
1461095
1466277
1474197
1483948
1485269
1497140
1510899
1516390
1519030
1521831
1560698
1568749
1601230
1604373
1624152
1637853
1640076
1641241
1641419
1642253
1643089
1646392
1647161
1648218
1654937
1672045
1673948
1691297
1692025
1693066
1693640
1702756
1703301
1703817
1704647
1706842
1710253
1711245
1711817
1718403
1725449
1732855
1739430
1753829
1763963
1766631
1767436
1769341
1778287
1835437
1857010
1862153
1862370
1871082
1886253
1907330
1918925
1920599
1950875
1954629
1959141
1959904
1960897
1964555
1968151
1986332
1990104
2006224
2013261
2014661
2015510
2015970
2018623
2028375
2029030
2029692
2030924
2042634
2043440
2049274
2053683
2056735
2058764
2059439
2060512
2061681
2062797
2063122
2063675
2065800
2080560
2080745
2089620
2093026
2093794
2095815
2113718
2138815
2142900
2144256
2145472
2146017
2146773
2149224
2183771
2186591
2187748
2188309
2189157
2192292
2194890
2202243
2209863
2211113
2214264
2215567
2221719
2222815
2224816
2225960
2227003
2258517
2259478
2260382
2261758
2264473
2265623
2272827
2278881
2285346
2285921
2286566
2288557
2289150
2295413
2298340
2325764
2326580
2327227
2329365
2330704
2330915
2333646
2339454
2340702
2342003
2343050
2345883
2346431
2347109
2348948
2350757
2352067
2353770
2364936
2366447
2378067
2383009
2385608
2387635
2388300
2389860
2392813
2394097
2399240
2404304
2405078
2406810
2407966
2410701
2419155
2419744
2420246
2420635
2421135
2421672
2422557
2422966
2423755
2424301
2424960
2426065
2458155
2469977
2478918
2480235
2482075
2484640
2485023
2485195
2487671
2492688
2493758
2494762
2499823
2500318
2500855
2501553
2502257
2502596
2502813
2504188
2504495
2507654
2508521
2509526
2513563
2515305
2517284
2521509
2524318
2525061
2526741
2528479
2536777
2553125
2554807
2583854
2596348
2603700
2611559
2627324
2628629
2633908
2653195
2653625
2654227
2654939
2661416
2662346
2665351
2671094
2716331
2717359
2738984
2756276
2760605
2785440
2793603
2794684
2816347
2823276
2823827
2824897
2825645
2827212
2830109
2832156
2832662
2833715
2840189
2843360
2854504
2857832
2858961
2862373
2863703
2867833
2880918
2882450
2893378
2958864
2970837
2998009
3011066
3012957
3017231
3018180
3018442
3029752
3030209
3031157
3031841
3033564
3034015
3035357
3037516
3047438
3048819
3049525
3050716
3051603
3077100
3079634
3093681
3095528
3095560
3096871
3097946
3102740
3122493
3124092
3125296
3126119
3166592
3172112
3176676
3184980
3191374
3195359
3208278
3219428
3220442
3226020
3229987
3230082
3236383
3250986
3252026
3253550
3305812
3305832
3310379
3311125
3312046
3314238
3314985
3315297
3316713
3320731
3321996
3323269
3329404
3331209
3353086
3356716
3358658
3359599
3360789
3363421
3379523
3389353
3391199
3391775
3392100
3394373
3394908
3402026
3404491
3406005
3406932
3407587
3428402
3436127
3439856
3445099
3456132
3457187
3464607
3465579
3466721
3469773
3471393
3481678
3490425
3491960
3494718
3495491
3496500
3509475
3518823
3520275
3522823
3524373
3533216
3571119
3572438
3573228
3604690
3607963
3613570
3619306
3638419
3639039
3653129
3657253
3658156
3663923
3671389
3684052
3684804
3687592
3707283
3720530
3721361
3722399
3723364
3724919
3745645
3746310
3747372
3750046
3750422
3753981
3756126
3760286
3762203
3767101
3767935
3769013
3772671
3775289
3779392
3820411
3821790
3839195
3839708
3846277
3867978
3869204
3870323
3878517
3882283
3888898
3943768
3956597
3956825
3978835
3983018
3992436
3999246
4000005
4001049
4011978
4060015
4069144
4093595
4104877
4107513
4113763
4132573
4133465
4138440
4138639
4159957
4161478
4161531
4162786
4175020
4177710
4187158
4195406
4197035
4198519
4199185
4207252
4209248
4213780
4230756
4245300
4245862
4246420
4257640
4274559
4285862
4286158
4287287
4307851
4322707
4323639
4324822
4336833
4337880
4344991
4345929
4352336
4375037
4375605
4395279
4396602
4397115
4402605
4407946
4426494
4427143
4428057
4428925
4430952
4431611
4433538
4434430
4435247
4446563
4448663
4449490
4449916
4462173
4469005
4469964
4470758
4516726
4531678
4540889
4543929
4546356
4547555
4549573
4551345
4552548
4553187
4554103
4555565
4556584
4557560
4558252
4559022
4559739
4566978
4570887
4571863
4593006
4593619
4594568
4602431
4604012
4643829
4666047
4668659
4671468
4673046
4683925
4684598
4685506
4687321
4720867
4724576
4727261
4727330
4729155
4730878
4732612
4754129
4754810
4763209
4766090
4775916
4784762
4790854
4799738
4822565
4823092
4823522
4824074
4824815
4826510
4831487
4848448
4848488
4849862
4868483
4898228
4900964
4901180
4920144
4956180
4960147
4961350
4964913
4968417
4969069
4969972
4975396
4978887
4980739
4983476
4996669
4999984
5001713
5002814
5007256
5008604
5033115
5044205
5045890
5047391
5049629
5060655
5096381
5098455
5099442
5099998
5100363
5100673
5109770
5112456
5137524
5159029
5190618
5191580
5191915
5193670
5197734
5219599
5221434
5264615
5265294
5269843
5289484
5291770
5319561
5321764
5332931
5333947
5335437
5336504
5345633
5346355
5346921
5347747
5349219
5351502
5352907
5353508
5359098
5360094
5375724
5375834
5401273
5414268
5420733
5423299
5443634
5444479
5447735
5465898
5466987
5468006
5469750
5485826
5486688
5486967
5492692
5497229
5499614
5514000
5514259
5526245
5557177
5564105
5564233
5565356
5565869
5566851
5596993
5597408
5597949
5598475
5599231
5600144
5602743
5628310
5636734
5652279
5653323
5667382
5671440
5672302
5675042
5676364
5677374
5679623
5683961
5688074
5688834
5697696
5703308
5719721
5720161
5720689
5721130
5721786
5726561
5728609
5738161
5739366
5771460
5772758
5778119
5779361
5791407
5796730
5797859
5804288
5808899
5824795
5872707
5872749
5900310
5901211
5903636
5903791
5912904
5913728
5935347
5938487
5947448
5949326
5964089
5968073
5975317
5981500
5982500
5987173
5987751
5987859
5993552
5996018
5997420
6001259
6002523
6003610
6005053
6006173
6007194
6008311
6010720
6011346
6012869
6014243
6015009
6016467
6017626
6018982
6023034
6024339
6027070
6028598
6029107
6029499
6029940
6031513
6044466
6045388
6046500
6050827
6060345
6061802
6064328
6064899
6070248
6071623
6073680
6093624
6098986
6099754
6119426
6135257
6135317
6135553
6136021
6143846
6144903
6154165
6155020
6167701
6168905
6177965
6204981
6205798
6206359
6206957
6207342
6207941
6209610
6210897
6224447
6225406
6228430
6229835
6243372
6245690
6247645
6251929
6264487
6265180
6278452
6311944
6335337
6337964
6339391
6359599
6360895
6362565
6368608
6370396
6375394
6380151
6384821
6386710
6391971
6393209
6397040
6409374
6410064
6433451
6450891
6457626
6467538
6471762
6473261
6495862
6497446
6498799
6513494
6525079
6536726
6553897
6555226
6563746
6583470
6584762
6589086
6597271
6601024
6602494
6603769
6605625
6606272
6606651
6617444
6625682
6636267
6642753
6646638
6650239
6652915
6654164
6659080
6689946
6696182
6700615
6708537
6717715
6722991
6727738
6728679
6729428
6781469
6792203
6803087
6810582
6812356
6817355
6821637
6832256
6877576
6903180
6906196
6906523
6907468
6908479
6909297
6910979
6914967
6916357
6917053
6918604
6930816
6937895
6938439
7011203
7019894
7020633
7021985
7023859
7026543
7027392
7055074
7055699
7056771
7058072
7059363
7060249
7061572
7069833
7070850
7075569
7077603
7085275
7092723
7099579
7111857
7139398
7140872
7145149
7146586
7147682
7148902
7152997
7156963
7164895
7200136
7217465
7219300
7226864
7229270
7230364
7230789
7231980
7243291
7247591
7248067
7251905
7270607
7272990
7274378
7275153
7279399
7281972
7304403
7328457
7345939
7346098
7346685
7348740
7349629
7360471
7361732
7392881
7404316
7408277
7416966
7443506
7447879
7454314
7455649
7456310
7470410
7471001
7477806
7480571
7491920
7494766
7496862
7498150
7498511
7510216
7511775
7513025
7513319
7513724
7514046
7514775
7516133
7516631
7516861
7516922
7517180
7517600
7517684
7518233
7518815
7520468
7520862
7521769
7522383
7522773
7522872
7523251
7523693
7525409
7525708
7526180
7527506
7533139
7534007
7534177
7540127
7540807
7541272
7542286
7542988
7543977
7544361
7544894
7550902
7552235
7556556
7559455
7559749
7560757
7561294
7561625
7563193
7568792
7569920
7570637
7570990
7571701
7572774
7573981
7575752
7579195
7581727
7593882
7608122
7609894
7611485
7674004
7674994
7675843
7676378
7677080
7678259
7681073
7702431
7708416
7719099
7719745
7720158
7724566
7725399
7726039
7726289
7728031
7730573
7731854
7733456
7733882
7735995
7738887
7782765
7783173
7784072
7796227
7797527
7799836
7806213
7813338
7813698
7814828
7816228
7817154
7840318
7844225
7845340
7857610
7862720
7864104
7877122
7891892
7896940
7897358
7898068
7900697
7902654
7904970
7909122
7910406
7922063
7929363
7933337
7940171
7951678
7972249
7974774
7975499
7976216
7976769
7977842
7979733
7991871
8011284
8012356
8013562
8019234
8020048
8020660
8022154
8025019
8035879
8041143
8047329
8058910
8102063
8102653
8105079
8120058
8120517
8121930
8123005
8124934
8125394
8126909
8131989
8133126
8151473
8185901
8218385
8222392
8224383
8225895
8244609
8248398
8249287
8250026
8251045
8252374
8261394
8262127
8263136
8267280
8268358
8278774
8286332
8287996
8297782
8308017
8350253
8354612
8354876
8359844
8360883
8361645
8362300
8367080
8368749
8370971
8382097
8384328
8384863
8395422
8396439
8398803
8400857
8402128
8406945
8409747
8415227
8420710
8422246
8426810
8427270
8428443
8429857
8436179
8438171
8438564
8438985
8442270
8459039
8474534
8483778
8486322
8487547
8565038
8565137
8568371
8578991
8583945
8585035
8593338
8607899
8623043
8641948
8642880
8649408
8650669
8665922
8667098
8680777
8683026
8689587
8714681
8720068
8721038
8722062
8723134
8725762
8728989
8730197
8735854
8758893
8790515
8793912
8813567
8824456
8826349
8827487
8828485
8834112
8838256
8839863
8863831
8866873
8884904
8885617
8912267
8914449
8914846
8916957
8936435
8941097
8945170
8946416
8951217
8966329
8967122
8971402
9029071
9029624
9029928
9030379
9031057
9031945
9067464
9068060
9081148
9090233
9090795
9107605
9123150
9161632
9162477
9162803
9166483
9166974
9180144
9188493
9201400
9204875
9229387
9230283
9231373
9241161
9242353
9243033
9249403
9250060
9252315
9263389
9267583
9274919
9286498
9292996
9298814
9300353
9313900
9319783
9325209
9326029
9326846
9330859
9335589
9336711
9337590
9338343
9339790
9340854
9342733
9343926
9368065
9370057
9405055
9414457
9415787
9417279
9417867
9418489
9428734
9429861
9431163
9455941
9475143
9476560
9483503
9494222
9521813
9532197
9548380
9556323
9557358
9560696
9561895
9590486
9594127
9598146
9598292
9599545
9604328
9607316
9609507
9617092
9619161
9619823
9620635
9637428
9638820
9639376
9648829
9650272
9653407
9655881
9656493
9657332
9660981
9669359
9692950
9692991
9694365
9713125
9740182
9760639
9761515
9762089
9764713
9765469
9771520
9789639
9793528
9821527
9824389
9834366
9852171
9861105
9862411
9863909
9867284
9868685
9875612
9902839
9904431
9922567
9935965
9937400
9939272
9949038
9950289
9953602
9954901
9957292
9957924
9958739
9964264
10011987
10012421
10014690
10017629
10024764
10026238
10028466
10053763
10058301
10059388
10060095
10060136
10060922
10062180
10063449
10065312
10097283
10106044
10111606
10127805
10129038
10137387
10139182
10140219
10141150
10143580
10144549
10145707
10146755
10168559
10172266
10180853
10182743
10184151
10189213
10192439
10201818
10215850
10236042
10244813
10247211
10249572
10252264
10260904
10269430
10274041
10280202
10280973
10297820
10299240
10305945
10307345
10307992
10308675
10328535
10354463
10360461
10361116
10362762
10363820
10364717
10372308
10406596
10408937
10439757
10445120
10456350
10458148
10459211
10497978
10498928
10513449
10520334
10521189
10523963
10525833
10569232
10570065
10572839
10573331
10573775
10574986
10576626
10592985
10596613
10600953
10602300
10611331
10617895
10618631
10620254
10621161
10621195
10622241
10623334
10626159
10627467
10643061
10668288
10695081
10701987
10705456
10707261
10709564
10713721
10716642
10750302
10750860
10751853
10761852
10805467
10813703
10814874
10819126
10820884
10821845
10824453
10848122
10849002
10850798
10876292
10896926
10954016
10957609
10961490
10966547
10968296
10975557
10993691
10995045
10998529
10999986
11008795
11012447
11022196
11125197
11140634
11144900
11201080
11206682
