18508.46
22492.45
23898.92
29146.13
34717.74
38888.8
39962.06
42535.27
43395.98
106007.2
106356.3
106721.4
106969.8
107509.6
108155.4
137572
138020.3
138706.5
139186.8
166390.6
166898.3
167431
168860.1
181590.6
200414.7
216628.9
250469.6
250944.7
251336.7
252111
252830.9
254000.1
254472.1
260354.6
261037.6
268757.4
269344
270537.8
271068.9
271805.9
296774.5
334172.1
335206.5
341514.2
341941.8
345827.4
346884
347498.6
348209.5
351427.6
352083.2
353857.1
354643.6
357312.9
358422.2
359132.3
364351.3
365055.8
419802.4
429839.1
430256.9
461933.9
462402.8
465007
465571.2
480192.9
488285.1
525443.6
547799.4
553051.5
554977.8
555515.1
558749.5
561884.6
564228
568722.8
573478.6
595072.8
598486.4
599462.9
600131.8
606954.7
607673.5
609367.3
609863
610412.7
677979
678394.4
678976.1
685201.4
694124.2
695463.6
696041.8
697115.9
723822.2
724157
724483.3
724855.7
725487.7
730689.5
740502.2
740895.5
741546.5
743021.2
760370
768702.2
788556.7
789062.5
804194.6
820622.1
836349
844504.9
872985.2
913485.9
914640.4
914946.1
915553.7
916800.7
917541.7
918000.2
918609.3
942080.7
942494.2
943015.1
943862.3
953568.6
954009.6
954411.5
955658.7
956076.2
968250.9
968780.1
971057.8
971402.3
971772.7
973907.5
975144
975798.7
1005167
1008394
1020891
1025005
1051198
1051703
1051981
1052379
1056693
1057661
1063276
1097956
1100212
1111130
1112896
1113495
1114448
1115685
1121324
1122065
1123377
1124323
1127119
1127694
1129504
1147768
1173201
1180000
1189358
1190892
1193705
1194219
1223861
1224587
1233465
1235170
1240431
1241781
1253162
1265235
1278524
1280342
1286883
1289173
1317745
1319005
1327916
1328497
1329216
1330920
1353283
1416510
1481153
1556346
1557219
1594022
1602238
1603630
1604338
1604904
1606212
1609274
1612185
1613036
1613994
1614400
1615139
1615536
1616221
1616864
1620351
1641523
1642489
1642880
1662105
1662724
1663068
1663699
1718214
1730530
1731262
1733672
1734299
1735007
1746393
1746783
1747158
1747475
1747839
1748584
1752051
1752752
1756280
1756786
1757812
1763276
1820947
1867394
1897900
1907117
1924621
1925202
1925994
1926424
1927019
1927407
1935544
1943131
1944871
1945744
1956716
1968389
1969178
2002368
2008589
2062119
2077877
2078547
2079084
2103618
2133929
2138687
2139396
2139756
2141401
2156581
2157065
2157871
2163491
2164327
2177720
2178308
2181020
2181536
2181882
2206610
2262067
2264409
2267911
2268641
2297168
2298010
2299347
2301942
2302722
2304030
2306727
2307584
2312802
2313118
2313800
2315896
2341796
2402689
2403891
2404769
2405191
2405813
2414346
2466533
2469828
2471774
2472907
2484056
2493370
2494399
2496793
2497349
2500384
2500885
2501306
2501805
2502317
2502897
2503185
2503490
2503963
2504346
2504622
2505011
2505507
2506504
2507355
2507683
2508113
2508678
2516333
2517048
2517487
2518980
2520718
2522018
2530759
2533672
2534392
2539551
2540180
2541262
2541578
2542216
2543403
2609703
2632917
2633566
2634162
2634781
2635636
2636310
2638638
2640470
2700406
2704152
2706736
2725779
2726713
2727758
2728576
2730975
2740242
2742285
2742988
2762952
2763646
2775612
2777572
2807949
2811633
2814636
2831590
2857082
2911895
2912752
2913208
2913783
2926515
2926929
2927368
2927833
2960391
2961643
2962371
2962881
2987035
2998689
3001489
3007321
3010714
3019496
3043153
3044307
3087912
3089346
3089843
3090523
3093646
3107624
3108075
3108796
3109433
3110044
3157380
3167264
3180076
3185805
3186241
3187432
3193254
3195247
3196466
3234765
3235494
3241601
3259636
3260567
3262612
3263354
3263672
3265958
3284911
3285732
3297225
3307717
3317899
3346118
3347042
3347744
3349275
3350580
3366386
3371423
3392499
3393054
3407659
3408187
3408714
3409546
3409846
3410449
3411383
3413904
3453673
3457740
3458181
3458820
3459466
3471556
3473033
3480411
3495737
3496239
3496489
3496879
3498509
3504184
3504693
3552340
3553520
3566773
3567317
3567879
3568556
3569403
3569993
3614921
3625224
3632116
3632751
3644136
3644887
3645765
3646548
3647382
3647800
3648315
3648890
3649991
3658988
3659606
3660233
3668178
3669070
3692184
3693729
3694369
3719755
3721389
3722117
3722950
3725294
3726657
3728777
3729409
3730023
3735436
3735915
3741528
3755489
3756563
3760219
3765480
3766256
3846210
3890779
3891590
3892302
3892861
3893605
3895445
3896395
3907200
3908969
3929800
3930784
3931121
3931638
3932589
3933117
3934311
3934918
3935686
3955962
3958666
3958983
3959539
3999436
4000534
4001032
4001532
4002280
4002991
4006294
4006983
4013197
4016424
4017727
4025765
4027799
4076784
4078660
4125579
4162391
4165366
4166367
4166710
4167214
4168926
4206068
4212399
4218190
4218742
4222384
4271198
4296319
4323500
4325483
4325902
4326578
4392138
4402282
4402835
4405698
4406161
4407464
4426226
4443256
4444279
4450861
4531992
4545139
4580259
4581053
4581626
4582212
4582820
4583042
4586117
4586592
4611243
4612340
4623677
4627777
4628312
4629284
4629966
4653116
4654806
4655494
4657169
4658408
4660943
4668365
4711456
4714514
4717478
4717944
4718776
4719343
4725484
4726416
4730921
4731778
4732252
4732860
4733534
4747013
4748302
4750479
4751792
4752524
4762516
4763417
4771209
4789439
4838861
4839356
4846984
4847779
4848396
4848804
4849609
4850093
4850772
4851571
4852271
4853729
4856383
4857596
4874196
4877383
4878379
4879092
4879822
4892913
4893853
4895378
4914098
4915455
4920211
4980587
4988412
4989841
4990358
4990877
5011327
5030686
5048531
5057668
5066568
5070391
5083415
5090326
5091643
5092547
5093730
5094185
5096850
5097821
5098624
5106210
5107498
5115753
5121952
5122632
5147788
5158691
5176887
5177549
5202222
5203068
5203643
5204554
5277118
5289695
5290160
5291346
5291924
5328100
5329764
5344217
5351169
5352183
5375537
5402950
5403407
5406267
5420719
5421244
5421800
5423457
5424487
5425176
5431734
5434333
5434722
5435086
5435479
5435839
5458685
5473367
5476330
5482473
5483864
5502822
5513200
5513662
5514670
5540323
5541253
5563169
5564063
5565331
5566187
5578347
5597739
5614226
5614979
5617894
5625541
5626764
5628832
5630795
5631127
5632300
5632857
5633207
5633531
5634569
5651125
5652491
5652972
5653420
5656556
5658056
5659993
5660457
5662946
5663894
5667758
5670193
5672847
5673285
5673829
5676893
5677474
5682465
5683311
5722852
5724566
5727163
5730287
5731352
5749233
5751197
5759854
5766256
5766643
5776012
5781484
5781808
5782498
5783717
5791061
5791897
5802871
5803682
5804000
5804649
5805191
5806246
5806704
5807610
5808204
5814152
5814890
5815502
5827509
5827917
5828490
5828947
5830796
5852993
5853945
5855114
5863060
5864322
5864971
5866193
5881065
5893740
5894515
5936598
5937217
5938297
5939113
5939632
5940330
5943527
5945648
5951702
5957807
5958423
5958978
5959537
5960352
5961042
5963388
5965607
5966872
5973426
5974625
5987182
5988713
5990409
5990972
5991695
5992012
5992442
5993053
5993994
5994678
5995603
5996905
5997371
5998003
5998277
5998653
5998970
5999624
6000270
6002106
6002481
6014112
6016647
6017348
6017573
6018212
6018627
6019135
6038823
6059737
6060102
6060989
6062269
6064134
6067960
6072566
6073666
6080958
6083390
6088736
6089241
6091285
6099041
6134353
6154610
6156927
6157962
6158451
6159686
6160276
6160741
6161238
6165442
6173979
6176349
6185526
6186841
6189398
6190023
6192823
6193766
6194684
6197388
6198357
6199955
6263723
6265289
6265687
6275068
6301654
6324894
6331147
6343535
6344258
6344719
6345870
6346573
6347717
6371854
6378228
6379528
6379996
6381858
6388441
6390401
6390797
6392806
6394521
6395351
6405725
6406076
6406422
6406797
6407330
6407555
6407797
6407988
6408224
6409598
6411311
6411745
6412152
6412515
6412828
6413134
6413829
6414265
6415075
6426709
6433808
6434365
6435038
6436480
6437075
6437568
6437867
6438849
6440439
6446060
6447054
6460704
6465322
6478603
6480936
6481960
6482622
6483169
6484832
6485307
6485741
6487660
6488010
6488309
6488841
6489177
6489946
6490843
6497277
6499593
6501495
6503712
6504887
6505138
6505355
6505605
6505903
6506568
6507004
6509093
6510672
6512028
6512800
6514589
6514939
6520777
6522281
6526422
6526936
6527577
6528092
6528705
6531017
6532677
6533175
6533578
6534077
6534866
6535566
6536146
6539099
6539976
6541437
6541706
6542013
6542511
6548176
6549554
6550047
6550717
6551710
6552080
6553219
6553820
6554252
6554593
6554851
6555201
6555536
6555881
6556597
6557285
6557834
6560158
6561682
6563166
6565413
6568312
6569140
6569912
6575534
6576239
6576568
6576961
6578165
6578776
6579359
6585443
6585992
6586403
6586718
6587092
6587355
6588239
6588700
6590503
6594967
6607706
6608114
6608456
6608946
6609935
6634677
6635266
6635657
6636290
6637289
6638177
6642228
6642597
6658165
6660645
6671450
6698347
6750532
6750998
6751460
6753825
6755431
6756118
6757276
6762837
6765465
6766130
6774861
6777871
6778645
6781438
6782299
6782709
6783719
6790727
6794798
6795813
6796676
6834835
6835714
6840792
6841306
6842197
6844436
6845619
6851648
6853037
6856128
6856534
6857203
6857526
6857956
6858509
6868999
6874705
6875242
6875769
6876793
6877406
6886238
6886711
6887676
6889866
6892109
6892473
6893245
6894577
6902126
6902472
6903303
6904409
6905770
6930620
6931904
6932726
6933358
6933893
6934320
6934817
6935730
6937453
6940320
6940777
6941420
6942885
6954667
6955100
6956431
6974138
6975059
6975601
6976504
6977228
6978080
6990334
6990967
6991889
6992512
6992875
6993592
7007633
7019184
7022559
7023057
7023820
7037788
7038866
7039242
7040468
7041399
7042277
7042811
7043812
7044801
7045253
7045913
7047063
7050784
7051245
7051776
7052702
7067505
7070900
7085602
7085990
7093842
7094358
7094882
7107864
7111504
7113286
7114833
7127603
7128551
7129124
7129964
7130463
7131128
7143268
7143858
7166286
7166861
7167518
7167803
7168399
7168939
7170295
7179408
7180204
7180949
7204179
7205832
7229687
7230456
7232262
7233205
7235303
7235848
7236152
7236968
7238607
7239086
7239591
7240108
7246725
7247343
7250501
7264816
7266001
7266827
7270638
7272089
7288221
7290101
7290856
7320426
7323003
7340147
7345543
7362161
7363238
7364770
7381453
7389799
7390673
7391247
7411579
7412948
7419730
7427058
7433781
7444044
7444410
7445105
7445413
7445865
7447177
7449533
7472818
7494589
7495011
7496001
7497691
7498398
7500249
7542328
7543984
7545574
7549641
7550708
7571712
7572351
7580181
7581197
7595500
7614700
7615036
7654233
7700026
7701795
7702124
7703113
7708155
7731191
7731750
7732570
7733048
7750655
7751170
7753424
7753875
7755279
7785016
7787116
7797619
7800511
7801324
7806016
7806626
7809016
7809688
7814224
7858206
7870011
7871202
7871747
7872322
7872595
7873351
7874316
7888804
7895875
7901173
7960805
7961279
7962156
7998091
8008464
8057207
8071834
8072360
8072788
8073224
8073630
8074095
8075198
8076989
8100280
8127479
8139948
8141176
8149933
8161216
8192167
8197617
8206451
8222893
8227296
8232467
8233351
8254133
8257400
8260590
8262644
8306941
8308354
8309184
8310312
8310949
8311301
8312204
8312628
8314671
8315002
8331715
8334261
8334764
8335679
8336619
8343071
8343547
8344592
8353241
8354639
8358233
8395780
8396134
8396611
8397111
8397730
8400877
8401611
8405965
8435080
8437639
8440424
8441067
8441524
8441977
8443898
8444406
8445087
8445524
8446285
8453167
8454049
8454527
8456326
8461279
8461710
8462241
8462799
8463129
8464201
8471595
8472245
8472651
8473047
8473474
8473997
8474443
8474886
8475545
8478491
8479557
8479968
8480645
8481199
8481909
8486261
8486568
8491878
8493185
8506565
8507291
8507737
8508457
8508849
8509207
8510322
8555055
8559327
8563953
8564594
8565179
8566571
8568743
8589236
8593245
8595280
8607860
8609305
8610253
8610614
8611172
8612370
8614066
8615290
8616840
8617214
8617839
8632866
8633844
8635921
8636431
8651142
8684058
8684573
8697077
8713291
8716216
8718068
8718981
8722599
8727374
8757184
8770950
8782981
8784398
8785433
8785817
8786537
8787469
8788351
8791955
8795347
8806346
8807005
8807822
8811587
8813321
8814080
8816624
8821194
8822019
8823093
8823740
8853118
8867693
8869889
8870254
8870585
8870953
8871438
8874240
8876271
8877103
8898735
8906272
8907051
8907985
8908646
8909421
8911110
8912598
8921480
8923669
8941399
8942775
8944238
8944821
8946482
8946874
8948197
8951148
8951519
8977911
9006150
9007110
9007664
9008090
9008462
9012899
9017836
9018559
9019597
9020880
9021435
9022646
9026852
9027460
9028234
9030417
9031123
9031749
9033354
9033899
9035627
9036044
9039243
9040040
9042594
9044248
9044980
9045673
9046314
9047070
9047575
9047983
9048397
9048960
9049394
9065062
9065384
9065911
9066709
9067335
9069385
9078555
9116460
9117287
9118050
9118640
9131943
9132485
9133358
9141805
9142347
9150206
9165856
9187463
9189194
9190303
9191967
9195148
9196139
9196779
9197181
9198763
9201805
9223899
9224637
9227594
9273679
9282056
9282593
9283051
9283425
9283873
9284211
9284727
9285256
9285893
9286878
9288610
9328422
9340144
9340607
9341389
9341754
9342007
9342701
9343094
9344000
9344719
9347332
9357664
9365469
9365881
9366346
9367522
9368783
9370035
9377411
9378166
9378712
9379368
9380102
9393882
9401554
9406686
9408321
9421266
9430134
9431154
9460691
9461295
9462573
9463748
9469815
9470314
9502025
9508625
9509344
9509757
9518460
9522807
9530989
9532842
9534775
9563681
9565923
9577070
9577752
9581897
9587965
9605872
9619528
9644172
9644823
9648513
9649404
9665277
9685031
9690462
9719257
9721678
9758756
9759322
9760434
9765168
9765706
9766186
9800742
9813747
9859053
9860424
9861068
9919988
9923705
9995815
10007266
10007602
10008132
10009349
10011988
10012994
10013516
10021839
10028715
10029284
10029918
10031212
10044477
10066993
10076311
10076938
10078457
10079715
10116782
10145837
10154102
10157257
10157954
10158380
10158798
10163780
10164231
10165412
10169249
10179075
10179976
10185471
10186945
10200393
10210969
10211454
10221836
10225747
10227512
10228210
10253812
10258204
10263250
10267696
10288826
10289676
10291451
10300764
10302169
10303096
10304196
10324481
10327684
10328767
10330514
10356325
10356834
10357789
10359081
10360141
10368751
10371637
10372256
10384193
10386319
10388613
10389382
10398418
10399086
10402073
10436320
10438541
10440417
10457753
10459265
10464853
10465764
10470912
10471595
10472409
10473669
10474424
10502265
10507874
10539495
10542076
10566254
10567596
10571932
10572738
10573810
10574553
10575544
10599675
10601122
10608609
10619668
10626329
10633812
10634938
10636082
10643651
10653834
10654638
10655427
10667360
10668593
10669253
10669747
10670351
10704131
10704921
10706007
10731261
10731940
10733439
10743583
10744838
10746797
10747587
10748302
10749001
10749443
10750388
10803790
10805106
10822893
10823337
10823875
10824290
10825902
10826630
10827057
10828815
10829279
10829759
10832203
10833579
10844612
10865688
10866293
10866887
10868427
10880796
10895398
10905281
10906259
10907362
10908070
10910361
10919103
10922629
10940167
10942925
10944172
10950372
10951324
10951925
10952617
10987650
10989152
11022026
11033893
11038328
11039090
11039673
11040442
11041148
11048532
11057562
11058070
11063742
11066658
11067466
11068880
11071130
11071917
11072284
11077367
11077791
11086385
11086702
11087253
11087877
11110543
11112171
11113371
11113906
11114965
11115898
11116696
11162908
11164043
11229725
11230422
11230917
