3070.621
3407.664
3835.03
5881.604
12198.83
13224.32
14084.38
14866.83
15512.15
15592.4
17942.95
19556.59
20521.68
21394.52
22187.22
25976.42
31599.38
32798.14
36511.19
74192.44
84421.46
84936.32
87123.23
96163.5
108695
110034.8
113090.7
114951.9
115722.1
115969.8
116331.4
116573.1
116936.9
117453.8
131534.9
131934.3
172488.7
177863
189315.6
191431.1
192719.4
194881.4
201510.1
216850
223117.5
234564.7
235386.9
244208.7
244781.5
245772.5
248704.5
250713.8
289680.2
291140.2
292436.8
293136.2
294496.3
295110.1
296976.1
302535.4
307505.9
308378.1
309271.7
310489
317757.4
330532.3
368461.2
371478.4
377160.4
473656
474889.5
475553.8
476083
476659.3
477141.1
477621.7
478707.2
480687.5
494371.7
497302.4
498169.2
503059
504016.9
507097.6
508353.1
509402
510234.1
519688.6
520234.3
521875.1
524259.2
528071.3
531930.2
558799.8
571237.3
572612
575286.6
575839.6
577641.8
582050
602040.7
602822.5
603993.5
621728.8
622579.7
623403.6
624534.3
625772.7
641872.7
658788.5
659299.5
659895.8
660414.2
668288.8
669164.4
707329.5
739164.7
739873.6
741468.5
757280
757885.8
767429.7
777955.6
798459.3
805032.4
805995.2
806693.2
808098.6
809797.4
810218.4
811718.2
812655
814082.4
814818.5
822961.1
827099.4
839133.7
842662.3
843443.8
844179.3
845095.6
855457.2
870790.5
874275.3
879667.1
903794.2
909698.5
917030.5
951074.8
966425.9
967137.9
967615.8
968085.9
968456.6
968920.7
970676.6
984538.6
985561.1
985981.5
987322.5
989437
992076.1
998295.6
1011320
1012318
1014423
1015053
1020857
1022593
1024007
1025583
1026464
1027101
1032433
1033040
1034793
1036157
1037096
1038382
1039074
1039611
1071487
1074767
1078379
1079140
1079749
1080555
1091056
1114724
1126996
1135986
1152203
1161110
1168060
1168558
1169554
1169964
1170504
1178116
1178663
1179053
1179800
1180514
1181099
1182070
1182622
1183127
1183631
1184799
1186387
1186996
1188855
1189354
1189694
1190335
1197391
1197918
1198882
1215825
1217747
1218512
1218856
1219242
1219696
1220046
1223425
1223979
1224806
1230029
1230707
1231633
1232212
1233371
1233866
1234567
1235468
1251374
1265888
1267851
1268324
1268672
1269066
1269651
1270327
1270806
1274320
1301878
1307235
1317808
1318165
1318472
1318744
1319155
1319562
1321103
1324899
1353481
1363367
1364593
1367440
1368320
1374132
1378730
1379941
1380722
1381998
1418447
1436063
1460820
1462072
1464052
1464966
1476387
1476991
1477822
1485472
1486786
1521656
1526496
1529309
1531914
1532483
1533717
1537750
1538973
1539907
1540331
1540729
1564594
1566653
1591585
1603591
1606428
1607709
1608507
1608925
1614324
1615085
1616303
1616976
1626696
1627868
1644293
1645199
1666305
1670466
1670949
1671458
1671889
1672591
1686770
1687392
1687949
1689323
1691711
1693372
1708885
1710792
1711811
1726920
1727385
1727992
1729276
1729971
1734773
1736409
1738536
1746956
1747529
1751594
1752200
1754114
1754619
1755077
1759367
1759898
1760504
1761431
1762312
1763016
1764422
1765852
1766299
1766645
1767028
1767378
1767776
1768198
1772901
1774048
1777568
1778425
1779311
1806110
1811800
1816899
1820284
1820960
1855428
1859100
1860841
1861760
1862461
1863029
1864061
1864680
1865691
1866334
1867737
1879694
1880023
1881948
1883176
1883656
1885005
1885801
1895248
1899560
1900137
1900829
1901540
1909065
1925156
1941177
1954210
1954823
1987640
1988584
1989875
1990948
2002504
2009633
2010288
2010828
2014862
2018377
2036409
2043842
2051571
2062117
2063043
2082222
2087409
2088034
2090888
2107166
2107730
2108192
2108936
2110553
2119854
2148909
2149521
2150058
2150741
2152057
2154623
2156234
2157733
2168180
2170215
2171514
2172752
2173457
2173897
2180063
2180982
2203531
2212780
2217214
2250509
2251667
2268759
2270100
2270749
2271281
2272000
2272562
2273329
2276340
2318298
2318798
2319548
2321633
2324776
2330710
2333071
2337769
2338274
2338637
2338959
2339246
2339966
2340636
2350136
2353495
2354558
2356212
2357609
2362908
2363610
2367544
2393076
2395048
2397418
2400234
2401622
2402435
2406306
2430239
2430821
2434197
2438941
2446178
2446784
2449046
2449567
2450001
2450720
2451413
2457354
2460581
2468169
2468607
2488433
2489115
2490061
2499092
2509654
2510367
2510883
2515351
2525128
2525720
2526520
2533148
2534115
2535766
2547673
2549002
2557928
2558676
2559767
2566254
2568845
2569931
2580531
2581673
2582824
2585888
2587660
2590197
2590860
2591254
2594511
2595400
2602425
2602986
2604126
2608764
2615967
2638390
2640595
2641153
2641625
2643098
2643711
2644381
2645194
2647335
2656694
2663346
2664324
2664826
2665457
2668655
2670735
2673545
2674070
2674485
2676006
2676820
2700404
2713008
2714987
2715354
2716138
2723889
2726436
2727105
2730638
2731738
2739637
2743537
2744332
2745144
2749109
2749640
2750230
2750662
2751463
2764182
2764783
2765321
2780716
2781740
2782478
2783485
2783987
2784694
2803220
2809538
2810258
2810977
2811418
2812117
2812648
2813363
2819131
2820661
2834499
2848050
2848518
2849789
2876367
2885453
2887404
2888984
2895466
2900074
2901377
2901918
2902670
2903731
2904433
2911556
2925991
2927419
2928360
2928897
2929332
2930000
2932291
2933032
2934156
2935727
2936616
2937769
2938842
2945238
2946576
2949335
2949921
2951051
2954068
2954608
2955096
2990738
2991095
2991581
3010858
3011815
3029950
3030686
3048739
3067122
3072782
3083098
3083725
3104945
3153572
3154907
3172640
3173296
3176925
3193550
3195320
3196151
3196609
3197031
3197500
3197807
3198159
3198709
3199305
3199759
3200433
3202246
3203885
3209041
3209752
3210987
3211680
3213514
3215650
3217201
3226500
3227089
3236828
3237760
3241037
3245352
3246016
3247033
3247535
3248070
3250651
3254183
3254634
3255075
3255821
3266208
3270264
3271860
3273953
3277073
3279805
3280505
3281591
3282821
3298836
3299643
3300339
3300672
3301249
3325626
3329548
3332870
3333577
3334276
3346855
3348531
3352530
3354208
3357398
3362313
3363137
3364135
3370392
3370943
3371533
3390613
3391140
3391552
3392284
3392896
3393352
3393834
3394332
3400152
3400761
3401093
3431838
3432368
3443217
3443877
3444441
3444964
3445633
3461197
3466288
3467118
3479460
3480292
3496976
3500062
3500526
3500930
3501340
3504413
3504880
3505871
3506448
3507380
3507899
3508534
3508957
3509408
3529654
3530609
3534194
3538897
3540156
3542377
3543162
3544460
3555813
3556727
3562313
3563355
3575708
3604648
3622423
3646366
3649687
3662121
3665846
3676571
3676987
3677558
3680021
3681800
3682206
3684388
3688475
3689245
3690051
3690549
3693979
3695456
3698187
3700058
3704915
3711806
3722456
3723309
3727459
3728339
3729390
3731005
3731454
3731923
3732303
3732813
3746354
3750104
3790683
3792549
3793106
3801250
3801930
3804463
3806062
3806444
3806835
3817599
3820457
3821646
3822221
3822843
3823532
3837709
3838211
3838914
3849968
3850843
3863285
3866431
3868650
3869273
3870007
3870800
3879226
3879680
3880187
3880659
3881344
3882513
3887046
3907372
3908005
3908938
3910286
3924601
3925563
3959338
3969889
3972785
3973610
3975468
3976014
3981312
3981986
3982561
3983612
4000665
4002039
4054023
4058631
4062670
4063222
4064926
4065748
4068657
4084652
4087828
4099921
4111077
4111669
4112739
4129576
4130143
4131062
4133817
4134680
4136720
4138580
4139854
4140418
4141036
4161045
4161664
4162230
4162659
4163152
4172661
4194260
4195207
4197175
4197857
4199500
4199960
4219847
4222958
4223465
4223928
4224691
4225349
4226721
4227283
4227767
4228359
4229346
4233075
4233573
4234158
4234661
4235872
4241967
4261061
4271804
4274210
4275738
4277916
4290780
4311485
4314965
4315648
4316329
4320646
4326171
4329472
4330695
4332341
4332801
4333232
4333669
4334023
4334513
4335021
4375670
4389564
4392339
4400009
4403459
4405005
4405870
4406815
4407258
4417970
4418622
4419438
4420557
4420930
4421276
4421650
4422008
4422420
4423547
4425577
4426427
4427155
4427728
4428631
4429157
4439187
4440717
4441562
4453845
4455682
4456637
4456919
4457298
4458968
4465718
4502138
4503384
4506296
4507182
4507923
4519456
4520190
4524099
4531033
4535318
4547477
4548533
4549070
4549877
4551425
4552713
4555600
4556203
4557438
4558616
4559240
4560031
4561030
4569993
4570630
4584045
4586283
4593627
4603074
4603807
4604566
4605612
4606544
4607914
4625177
4625758
4634434
4636119
4639290
4640398
4642211
4642684
4643282
4643699
4644126
4644455
4645278
4645803
4646688
4647195
4665854
4666858
4707817
4708397
4709219
4709883
4710968
4714234
4716388
4718060
4719850
4721216
4728875
4740093
4741302
4742589
4759941
4765551
4766283
4772614
4775320
4775872
4776693
4821450
4821882
4822416
4823089
4825004
4826056
4826711
4836944
4839286
4840550
4841768
4847190
4849774
4860131
4860859
4863193
4863752
4866525
4869150
4869646
4870467
4894547
4901230
4901857
4902460
4902990
4993090
4993574
4994488
4994822
4995260
4995629
4996080
4996577
5022432
5026088
5035146
5052694
5053944
5054992
5056035
5072274
5072801
5074142
5075389
5079720
5080238
5080582
5080936
5081359
5081849
5127410
5134413
5151138
5164880
5181463
5185448
5186074
5197350
5197831
5198310
5202174
5203302
5206020
5206833
5208822
5211270
5216955
5236648
5243761
5245021
5245626
5246003
5246771
5247429
5256939
5261279
5262414
5262993
5264189
5264976
5266632
5268486
5270811
5272156
5272722
5273423
5279052
5290673
5291732
5292642
5293470
5295723
5298022
5299845
5305293
5306165
5306613
5327287
5327855
5332092
5336916
5337619
5338052
5338424
5338905
5339447
5340386
5343372
5350547
5351249
5351969
5352897
5354099
5358923
5359959
5367695
5374409
5374734
5375092
5376209
5401502
5402879
5403698
5445424
5462211
5485625
5486068
5486502
5487449
5487901
5494752
5508650
5509103
5509827
5511805
5513063
5513947
5515100
5515907
5516834
5517680
5519076
5521476
5522039
5522561
5523462
5524046
5524502
5524961
5525335
5525740
5526367
5527124
5528359
5531629
5533919
5534840
5542651
5543661
5546430
5546970
5550061
5553181
5559603
5570124
5572670
5573261
5574792
5587970
5598644
5599134
5599777
5600510
5601193
5602672
5604523
5605738
5613133
5621139
5621832
5623478
5638725
5639181
5639532
5641330
5654534
5659600
5676421
5689860
5691466
5692029
5692590
5696614
5697738
5698546
5701968
5705910
5706523
5707093
5707739
5711478
5712241
5712813
5713489
5727421
5731268
5735170
5736025
5745764
5746280
5746742
5747384
5747955
5749650
5756488
5763020
5763861
5764786
5771701
5772254
5773061
5776571
5791939
5796390
5802481
5802921
5803788
5804393
5805097
5805759
5806869
5807247
5807790
5809456
5813539
5813922
5814288
5814947
5816231
5817367
5821246
5821962
5822938
5823462
5829744
5830158
5851327
5853942
5859730
5860521
5861280
5868328
5880928
5884383
5890087
5891475
5893344
5893898
5895030
5895831
5896219
5903071
5903924
5904714
5905158
5907944
5908531
5915893
5918296
5918866
5925310
5925911
5927024
5939681
5946264
5951123
5970970
5973045
5974489
5975585
5977378
5978142
5981528
6001888
6018905
6020041
6026415
6026828
6027269
6028794
6030111
6031638
6032116
6032994
6033659
6035742
6036421
6037026
6038727
6040365
6040805
6054178
6054989
6056144
6057162
6057678
6082982
6083477
6083816
6084504
6084822
6086328
6091581
6093463
6097281
6114959
6116623
6121009
6121310
6121960
6127184
6128079
6130130
6131288
6132693
6133247
6135253
6142397
6142927
6143216
6143540
6144875
6145300
6145885
6146380
6150073
6200695
6201272
6202465
6214828
6216936
6222357
6223055
6223867
6224471
6232111
6232713
6233742
6235148
6236054
6236698
6238773
6240186
6240740
6241885
6242734
6243678
6267296
6267893
6268250
6300398
6310976
6313550
6318082
6364660
6384971
6386273
6388712
6389531
6396383
6396904
6397565
6398570
6399140
6399624
6400414
6400824
6401452
6401985
6411449
6412517
6412869
6413383
6413940
6414487
6415215
6422763
6429821
6430883
6433874
6434505
6435242
6435916
6437835
6438947
6439739
6448640
6451828
6457974
6483728
6484548
6485369
6486070
6486801
6493942
6509787
6521491
6522198
6522647
6528196
6529008
6530415
6533747
6536995
6538186
6543410
6544356
6544850
6553974
6558975
6568701
6573613
6574258
6575073
6622860
6623370
6626198
6626867
6642587
6643069
6644561
6657619
6663552
6670818
6671838
6672356
6673365
6674496
6675583
6677080
6682311
6683265
6695641
6696232
6700481
6700993
6728878
6759930
6764956
6806555
6847645
6869938
6871098
6871600
6872307
6875519
6876283
6877137
6878028
6879000
6884831
6885368
6886677
6887240
6893158
6894078
6894771
6896625
6897093
6907184
6909563
6918141
6919046
6927402
6930842
6931247
6932205
6934627
6940548
6943230
6943824
6944909
6945886
6946485
6946814
6948609
6949328
6950398
6952986
6953548
6957751
6962850
6964238
6965028
6965883
6966514
6968498
6980961
6981700
6982472
6983054
6983583
6983929
6984405
6984937
6985417
6985859
6986268
6986844
6987384
6987751
6988301
6988924
6998141
6999919
7000699
7004540
7005263
7005809
7030501
7031355
7037334
7039160
7039762
7046503
7047259
7053529
7054093
7063563
7092231
7093052
7093860
7094542
7098564
7102089
7102674
7102768
7103887
7104498
7105424
7138150
7143276
7152909
7153401
7153991
7157863
7216858
7217594
7220673
7223026
7238076
7239530
7247771
7248142
7248573
7249002
7249525
7250329
7254417
7255851
7256549
7257287
7262221
7265535
7266189
7266805
7267891
7274506
7275478
7286942
7287906
7308131
7309878
7311159
7312743
7321868
7323348
7323846
7335568
7340518
7340972
7341503
7342009
7342498
7343097
7343843
7346348
7348931
7350924
7369289
7380638
7382648
7383091
7398274
7405060
7406654
7410756
7420753
7438631
7439119
7440465
7441681
7488006
7502008
7503387
7510859
7511829
7534721
7536888
7565205
7569736
7582792
7661246
7662534
7665070
7665830
7678050
7679149
7679528
7679859
7680403
7680878
7681711
7682368
7683630
7684409
7699296
7699808
7710160
7710919
7711447
7712932
7716835
7727739
7733150
7733669
7748462
7771771
7772549
7773594
7775000
7775533
7777110
7777516
7777945
7778370
7792037
7792973
7793660
7797250
7800156
7800581
7800944
7801850
7819540
7822192
7840522
7840861
7841174
7841538
7841964
7842297
7842756
7843210
7843627
7846209
7846862
7847552
7848065
7848627
7849361
7850387
7850939
7851363
7854688
7856537
7857272
7857790
7858665
7863361
7863736
7864146
7864525
7864982
7865494
7869161
7869775
7870443
7871372
7872036
7872850
7881916
7882724
7886416
7908500
7918258
7933737
7958487
7959724
7961075
7990099
7990814
7991590
7995019
8004569
8005868
8008541
8009257
8009852
8010241
8016873
8021395
8022616
8034251
8035599
8038559
8039535
8040332
8041414
8046225
8046953
8047490
8048935
8049449
8049817
8050223
8050593
8050993
8051284
8051575
8051881
8052245
8052896
8053162
8053532
8054013
8077092
8078302
8079010
8079555
8079985
8080737
8100149
8101352
8105667
8108705
8110477
8127231
8139666
8140768
8143141
8143836
8144705
8145563
8152968
8155894
8156436
8157299
8157661
8159450
8160163
8161477
8163806
8167760
8172345
8173139
8173811
8178289
8184445
8184818
8185342
8193711
8195603
8201699
8213315
8216758
8217390
8217967
8218503
8218979
8219605
8222976
8223396
8223872
8224500
8225668
8226523
8227389
8228041
8250757
8251306
8261565
8266091
8266703
8268358
8268955
8269756
8271959
8274143
8277024
8277590
8281352
8285684
8286434
8288005
8290214
8290739
8291223
8292359
8292996
8293498
8303123
8303714
8313977
8317920
8318800
8326260
8327078
8334172
8338207
8358923
8366122
8366847
8367230
8367531
8368004
8368674
8369173
8370343
8382633
8391297
8392143
8393736
8394347
8408716
8409418
8410291
8411259
8412011
8412776
8413490
8415095
8416189
8416863
8417695
8424602
8425932
8427150
8436615
8449753
8455622
8456459
8456825
8457310
8458525
8459409
8459684
8461157
8482625
8483237
8484136
8485091
8486082
8486633
8487064
8487607
8491632
8493171
8494164
8494949
8495822
8496461
8498084
8498803
8500087
8501887
8502877
8513647
8514231
8518553
8519318
8527849
8530106
8554108
8554713
8555244
8555766
8556193
8556578
8556835
8557449
8558669
8573610
8574892
8575442
8575870
8576193
8577121
8577617
8578021
8578651
8580529
8582698
8583974
8592503
8593308
8610870
8632578
8638327
8643434
8644298
8660623
8691197
8696063
8699178
8699689
8700910
8701449
8701799
8702155
8702768
8721151
8721893
8722291
8725001
8725550
8727379
8728229
8736229
8736748
8737156
8738072
8741622
8742335
8743175
8743935
8746949
8753006
8753570
8754177
8754976
8755969
8756486
8756921
8774713
8777100
8780476
8785382
8789515
8801563
8808121
8846191
8851785
8862972
8863591
8864406
8866166
8876957
8877710
8878215
8878739
8879168
8901195
8902195
8920584
8921067
8930365
8941353
8942459
9002455
9002882
9003304
9004101
9005661
9008712
9009326
9016169
9017290
9018308
9025113
9025599
9026041
9026498
9027079
9028347
9029148
9042368
9048890
9084713
9085365
9086219
9100558
9100977
9119987
9120479
9124298
9133062
9133804
9134417
9134878
9142318
9149294
9150626
9152026
9152405
9152724
9153195
9153550
9174359
9175252
9178045
9196817
9210237
9212526
9228269
9230921
9231404
9231932
9232536
9235174
9248082
9250182
9250718
9251113
9261769
9262482
9263762
9269609
9271135
9271604
9272698
9274418
9277143
9277765
9278618
9279269
9280006
9280484
9281056
9282154
9283070
9284291
9304409
9304896
9305589
9356462
9357043
9357458
9358094
9366814
9367356
9367775
9368249
9368954
9369624
9396404
9397664
9397954
9398375
9399018
9399809
9400482
9401067
9401785
9402441
9403473
9452607
9453663
9454067
9456716
9457475
9458274
9467846
9470329
9472097
9479291
9482178
9483190
9483911
9484863
9488929
9490615
9491368
9492673
9514907
9539099
9539756
9541714
9542723
9545899
9546825
9547702
9548270
9548706
9549315
9571564
9572525
9573203
9573770
9574241
9574870
9575944
9576684
9577205
9577760
9578410
9580362
9586071
9586919
9587404
9587819
9588350
9588848
9589379
9589817
9601287
9620542
9629311
9644125
9645188
9654173
9655707
9656896
9657967
9659339
9665687
9666249
9681507
9685343
9690177
9706604
9706998
9707437
9707913
9708318
9710117
9710781
9711773
9721951
9722690
9726569
9727278
9728239
9732067
9733516
9734496
9735121
9736140
9736579
9737124
9751368
9754651
9755359
9756270
9779767
9789756
9790170
9790682
9791049
9791447
9792653
9792990
9803373
9803887
9804343
9804956
9805959
9807235
9820689
9821147
9821964
9822662
9826609
9827196
9827775
9828629
9831554
9833013
9833706
9842377
9843447
9870194
9877985
9878505
9879195
9916338
9917024
9917475
9918713
9922759
9925200
9926408
9939267
9940117
9940813
9941762
9945120
9958401
9961213
9965184
9974943
9978022
9979258
9980312
9990417
9990942
9991458
9992150
9993336
9995610
9996088
9997139
10022664
10023101
10023501
10024035
10024795
10027395
10028673
10033153
10040390
10042120
10077364
10081529
10082762
10086676
10087713
10088400
10089474
10090027
10091266
10091772
10092513
10095346
10097344
10097979
10099086
10099585
10103846
10107099
10108273
10122521
10123191
10124099
10124638
10126222
10130255
10134853
10135333
10135858
10136775
10137534
10138030
10138825
10139599
10144850
10145832
10146287
10146851
10156248
10158130
10162017
10162499
10163318
10164277
10166512
10171381
10182636
10183740
10184843
10199947
10201042
10202611
10203637
10204708
10219057
10220004
10220795
10222525
10224045
10224718
10225438
10247771
10248230
10248973
10250302
10250813
10252889
10253899
10260505
10261630
10262582
10263445
10264417
10265619
10271558
10276958
10277549
10279163
10280038
10281603
10283235
10287110
10287608
10288121
10288785
10290335
10291915
10293520
10293955
10294580
10295044
10295486
10295993
10296489
10296954
10297779
10299901
10301663
10302368
10311007
10311388
10311998
10313305
10313877
10357293
10357942
10359045
10369967
10370996
10372750
10373165
10373893
10394369
10409218
10409970
10410626
10411183
10413472
10414859
10415527
10416230
10421365
10443984
10444365
10447175
10447688
10448130
10448881
10449234
10449698
10450294
10451305
10457048
10457881
10465147
10468876
10471763
10478701
10497315
10501624
10502219
10503238
10519000
10521001
10521604
10538947
10539662
10541564
10542432
10546929
10547671
10548484
10557698
10571158
10594438
10599524
10603456
10604221
10605028
10639774
10640989
10642006
10644994
10646232
10650145
10658479
10661171
10662404
10677892
10679946
10727045
10727782
10728110
10728419
10729034
10729419
10729795
10730666
10738984
10739653
10740320
10741290
10743427
10759645
10769311
10769633
10770054
10771644
10772726
10773085
10774293
10774706
10775209
10775739
10776236
10778293
10778986
10805154
10806022
10806587
10807092
10807494
10808068
10808530
10847273
10848270
10848831
10849364
10850065
10850799
10851715
10852385
10853512
10859228
10860250
10860974
10861578
10862053
10862533
10863272
10865823
10869505
10873433
10878626
10879282
10880737
10904998
10929687
10931176
10947762
10948279
10948695
10949398
10949528
10949902
10950355
10955688
10956209
10971968
10977389
10978491
10979085
10983059
10984287
10990694
10991159
10991645
10992277
10994058
10997063
10998080
10999726
11000626
11001064
11001573
11002378
11005051
11005542
11015498
11016259
11017593
11018694
11019113
11019631
11020573
11021619
11022926
11044591
11048113
11049751
11050908
11062216
11062819
11073522
11074118
11074595
11075318
11075816
11076446
11077585
11080674
11083208
11083847
11084297
11084762
11085133
11087325
11091327
11095448
11096179
11097955
11111589
11112112
11112711
11118224
11119262
11123630
11127970
11143774
11145014
11145776
11147171
11147945
11150889
11151939
11152798
11153974
11156185
11157114
11157935
11160802
11161115
11161492
11161987
11162794
11164231
11171585
11172179
11173076
11177166
11178556
11182130
11183071
11183769
11184558
11192553
11193353
11193889
11199354
11199906
11200365
11201253
11202726
11204279
11208751
11209402
11210030
11210436
11211105
11212342
11217152
11218569
11219816
11220524
11221107
11222189
11224051
11227701
11228009
11228661
11229369
11230219
