3546.096
4230.715
28972.23
43426.07
57874.12
58789.1
59524.5
60587.74
63416.13
65428.57
67105.1
67635.07
68180.18
76023.9
84255.09
97938.04
104359.2
105482.1
105819.5
106144.8
107385
107780.2
108526.4
110127.7
111643.6
132165.1
141733.6
142303
151964.4
154139.8
155284.4
156485.7
175300.1
188401.8
189258.8
202103
203620.1
204130.2
205810.7
220449
222255.9
225726.6
244332.2
251528
253631.1
255325.5
270821.4
271386.1
271892.6
272232.8
274649
281492.8
282286.7
284800.8
299547.3
300136.5
300746.1
302424.2
303175.6
303921.7
305175.5
322472.6
323815.7
324471.5
325771.1
328559.6
328921.6
329396.7
329750.9
330607.3
331714.4
348338.2
350434.9
351208.9
375546.5
378267.1
390862.2
391174.2
391785.2
393797.2
399341.2
400470
401880
402920.3
405345.2
406084.3
406605.8
408809.6
409307.2
418186.3
420740.7
421037.5
421656.9
430310.6
455368.1
457203
458027.6
460482.9
461815.2
465862.8
466117
466547
468902.6
478095.8
484705.9
496438.8
498482.8
505272.1
507795
508229.5
508746.7
526046.9
526553.5
527522.4
539696.3
540129.5
540508.9
540917
541455.2
541506.1
558345.4
558918.9
567961.1
568725.8
569451.4
570126.4
570782.7
570920.6
571282.6
572867
595257.5
596958.8
597238.8
598389.3
599049.2
599671.1
600744.2
601212.1
601712.6
602533.6
602923.4
603216.9
617943
623081.7
633445.1
642197.8
643640.4
646038.4
664891.1
665635.8
666802.3
672614.7
682179.1
684978.4
685427.4
687706.2
693961.8
694904.1
705325.3
705673.1
706364.2
709190.9
757081
833075.8
846547.8
914258.8
915399.3
927506.2
928886.8
933449.1
939190.9
940173.7
940694.4
942932.7
944286.3
977110.9
978089.5
1006795
1007711
1008236
1010791
1012411
1013453
1039384
1052860
1056949
1057546
1057918
1058189
1058849
1059322
1060911
1061403
1081701
1082355
1091524
1131988
1154340
1180284
1195240
1197343
1209361
1214225
1214682
1214883
1215475
1226183
1227803
1238141
1244756
1245318
1247220
1251641
1253387
1265610
1283387
1299364
1302147
1313794
1314453
1318404
1319238
1320930
1327202
1328670
1362887
1365569
1367688
1378750
1380466
1384193
1385954
1387814
1411788
1412596
1433813
1443814
1466302
1466653
1467976
1468244
1468858
1469762
1470313
1497124
1498040
1550099
1555861
1567667
1594407
1606346
1607796
1614642
1615255
1617253
1619727
1640861
1642365
1642911
1643465
1643784
1645179
1646019
1660963
1707872
1708952
1729502
1732423
1733009
1733433
1735447
1751556
1753011
1755860
1757633
1759056
1765882
1773233
1774334
1805161
1807496
1823874
1825668
1837960
1851612
1858203
1871081
1874581
1875087
1875642
1918488
1920022
1921296
1949037
1949549
1950542
1952515
1953161
1960802
1961213
1962255
1974492
1975527
1976010
1976775
1978478
1985848
1986677
1987080
1989555
1991701
1992959
1995449
1998422
2008861
2010472
2011340
2019797
2026458
2033585
2034059
2036822
2042718
2058812
2060161
2063507
2067559
2072963
2083979
2085655
2096031
2100142
2100680
2100930
2101367
2107851
2108275
2109147
2110757
2113053
2116924
2117506
2119029
2154322
2170899
2185772
2200474
2251594
2252182
2253315
2253940
2263234
2263691
2263966
2264887
2266439
2271471
2278420
2293272
2303451
2318621
2319503
2319829
2320136
2320451
2320731
2321016
2321425
2321909
2322150
2322570
2323002
2344491
2345479
2346391
2347563
2348114
2348568
2350143
2355526
2356692
2359708
2361480
2362040
2362854
2363468
2364759
2365532
2367218
2379794
2381792
2382554
2383093
2384808
2385957
2386329
2387252
2414322
2414983
2415340
2415662
2416294
2417268
2419614
2431552
2432194
2432658
2433108
2433785
2434297
2434651
2434994
2435746
2437258
2438776
2439761
2454614
2491920
2492218
2493142
2494374
2496042
2502653
2503363
2503876
2504501
2509537
2510460
2514523
2515763
2530801
2532165
2532816
2534913
2537899
2541045
2543756
2547435
2549562
2556123
2557038
2557830
2558668
2559234
2560873
2562309
2563223
2563882
2569963
2570498
2571074
2571529
2572030
2572631
2579269
2579952
2580595
2643204
2649764
2650203
2677084
2765404
2776924
2777732
2778307
2778702
2779316
2779800
2818630
2828156
2828887
2839382
2840074
2841513
2842079
2842474
2848632
2855454
2868560
2870285
2871400
2872105
2887106
2891975
2908481
2909328
2918083
2918530
2919443
2924997
2959767
2970832
2971785
2973159
2974799
2987806
2993106
2993626
2995362
3002371
3004011
3009778
3010960
3011827
3012419
3013226
3022013
3024766
3032392
3044617
3075190
3075851
3085526
3086131
3089144
3089704
3090659
3091629
3106921
3115020
3122163
3122804
3123574
3124609
3125604
3125985
3127865
3128287
3129046
3129117
3129424
3150372
3165024
3166381
3167392
3167896
3168172
3168457
3168912
3169289
3170756
3172461
3173114
3201200
3214336
3216063
3216738
3217214
3218092
3218722
3222824
3224054
3224527
3236181
3241012
3241669
3242579
3243188
3243617
3244444
3244806
3247331
3248725
3277745
3279522
3280107
3298261
3298610
3298978
3299300
3299684
3300194
3301011
3313322
3327587
3344148
3346289
3348498
3349749
3357948
3370090
3381198
3381969
3382676
3383124
3384237
3409356
3411730
3418243
3418835
3421780
3432417
3432909
3433407
3446723
3456353
3466124
3466768
3467573
3474224
3484976
3485687
3486204
3489343
3528332
3529050
3529472
3530238
3530564
3530937
3532634
3534149
3539789
3540290
3541132
3541465
3542112
3545600
3550505
3552602
3566662
3568728
3574287
3574941
3576200
3576367
3609303
3628937
3682527
3689098
3690313
3691482
3692972
3693640
3694710
3700917
3715781
3716181
3716752
3717173
3717787
3718855
3719092
3719501
3720738
3721997
3725845
3727126
3744727
3749436
3766895
3767344
3779964
3780571
3795827
3796211
3796618
3814063
3814868
3815348
3816287
3819001
3831600
3843848
3845640
3846545
3847527
3848624
3849863
3853558
3854829
3864894
3882273
3898211
3898688
3899190
3899813
3903252
3907045
3922554
3922944
3923552
3924041
3925058
3938666
3939194
3940874
3943467
3945471
3945993
3962590
3965187
3984779
4006459
4030125
4030464
4030962
4031381
4057142
4078043
4093800
4097122
4098695
4115817
4116178
4116620
4118178
4119310
4119951
4120382
4120937
4121812
4124226
4125157
4135676
4200268
4207231
4216436
4253949
4254416
4254958
4255309
4256012
4257406
4257892
4259824
4260908
4267856
4268559
4268720
4269097
4270354
4270960
4271380
4272011
4272712
4273153
4277576
4278975
4280012
4282559
4284185
4285289
4293999
4295035
4296089
4296367
4297535
4298231
4298567
4298809
4299407
4300185
4304558
4307208
4307725
4308073
4308608
4309220
4309462
4310128
4310412
4310937
4311171
4311416
4311669
4314403
4314908
4315291
4315730
4316527
4319721
4320822
4321093
4321665
4321998
4323264
4323940
4324460
4325088
4326667
4327520
4328176
4332833
4333502
4336066
4336625
4337012
4337308
4338754
4339220
4340711
4353278
4353564
4354752
4358689
4359950
4360270
4360737
4361057
4362378
4362755
4363732
4364635
4365464
4366081
4367900
4368651
4370465
4371071
4373063
4373394
4373493
4374047
4375575
4376393
4377039
4377849
4379010
4379653
4397154
4400254
4401193
4403091
4403905
4407609
4408055
4408645
4409723
4410274
4411098
4413494
4414670
4415855
4417873
4418442
4418866
4419237
4419852
4420413
4423952
4425446
4460774
4461403
4468120
4473474
4474256
4477880
4478406
4501781
4502160
4503518
4504009
4505082
4514506
4528792
4536312
4544370
4548714
4549159
4554317
4588006
4636232
4636948
4637462
4637882
4642368
4643205
4668008
4668783
4669416
4675123
4676182
4676796
4680100
4680392
4681173
4696403
4709381
4746956
4751167
4751505
4751994
4752380
4755201
4755648
4757396
4758016
4763759
4788213
4796590
4797191
4802393
4805009
4805977
4824614
4825329
4826618
4851684
4853688
4854232
4855010
4866687
4867272
4868987
4870025
4870851
4885350
4889693
4906531
4906891
4907513
4908304
4909036
4909963
4911529
4915578
4916027
4916636
4921438
4921923
4923492
4955926
4964371
4977801
4997247
4999964
5001334
5002058
5002733
5003023
5003492
5005492
5009891
5011677
5012066
5023724
5024175
5024995
5025245
5025655
5026831
5027602
5033073
5034995
5041772
5057279
5076109
5078500
5079638
5094459
5129071
5142292
5143583
5144127
5161388
5167288
5167803
5168757
5170287
5188159
5188586
5188938
5189868
5192757
5234503
5234897
5235549
5251655
5254280
5264478
5265545
5268114
5269435
5269797
5270146
5271538
5271923
5272716
5274056
5274661
5274914
5275436
5281096
5285834
5287059
5291282
5298535
5305379
5306303
5307574
5308071
5309104
5310430
5312873
5329210
5330159
5331143
5331448
5331854
5332375
5333265
5333824
5334173
5334967
5335825
5354050
5355957
5356739
5361078
5361968
5368347
5369215
5400107
5419831
5437289
5438401
5439783
5452639
5472657
5491328
5492618
5501650
5502230
5508585
5514899
5515233
5515588
5516008
5517337
5518464
5518988
5519632
5520559
5524497
5531184
5532333
5543186
5554457
5557087
5558220
5558620
5561102
5565495
5566490
5570819
5583208
5583926
5584205
5608974
5611018
5611548
5612200
5612992
5615650
5618188
5618901
5620733
5621501
5661718
5663719
5665307
5680088
5687452
5707443
5708058
5721462
5722718
5725853
5727540
5736965
5739720
5740493
5794064
5796081
5797335
5809608
5810648
5811103
5811971
5812599
5817415
5817710
5818605
5820094
5824448
5830738
5857079
5857853
5858513
5891620
5892216
5894161
5903087
5904141
5904412
5905379
5911658
5912238
5913189
5915604
5917110
5924738
5925991
5937525
5939216
5939758
5940709
5941088
5941514
5941978
5943431
5975252
5981373
6000005
6000533
6026363
6029243
6030809
6035009
6036103
6040332
6042527
6044852
6063092
6070654
6127593
6139709
6141847
6142184
6161529
6163194
6164587
6165746
6167192
6168752
6187368
6187961
6203201
6222632
6238964
6239438
6251431
6270692
6272176
6273280
6320600
6333682
6346206
6346766
6348895
6353842
6354465
6381129
6382221
6398319
6398597
6409496
6409934
6410434
6410866
6427720
6428048
6428878
6432660
6435005
6435888
6436637
6438604
6439618
6442661
6487845
6489062
6491682
6492220
6512063
6528971
6529914
6530366
6530936
6542189
6544126
6544962
6545638
6547120
6548084
6577806
6578504
6578869
6590356
6591193
6602348
6602631
6603109
6604072
6606035
6609971
6610631
6611495
6614500
6621432
6626929
6637023
6642756
6643414
6644206
6645101
6653766
6654332
6667483
6668353
6669253
6669823
6680414
6682025
6682642
6683254
6683740
6684434
6685314
6685919
6688237
6689052
6689431
6689720
6689982
6690884
6691356
6715860
6730230
6756178
6756736
6757300
6757685
6758221
6759973
6763405
6764278
6764960
6767050
6778073
6782863
6783537
6784419
6784916
6785278
6785743
6786201
6802296
6804650
6818219
6819599
6820278
6835902
6837054
6837727
6838545
6858243
6876685
6885327
6886023
6886290
6886783
6904055
6906962
6912601
6913386
6914354
6914838
6915472
6915791
6916032
6916383
6916723
6917116
6917596
6919395
6928620
6946266
6978903
6988064
6988777
6990398
6993763
6994501
7024085
7025259
7025785
7026834
7027843
7029292
7030289
7030846
7032181
7048155
7056145
7067784
7068471
7069567
7070066
7070679
7071117
7082145
7084886
7085567
7086000
7086340
7087389
7110740
7147046
7147334
7148691
7170312
7171046
7174022
7174971
7176214
7177370
7177999
7203293
7204030
7207048
7207633
7208391
7208804
7209342
7210132
7210608
7211128
7212324
7217554
7232741
7237675
7239674
7252109
7255144
7256077
7267616
7268166
7274165
7281674
7286710
7287394
7287988
7288486
7289427
7289792
7290218
7322111
7323119
7339583
7340217
7342866
7343316
7344320
7345117
7345533
7346487
7346967
7372804
7373175
7373913
7376456
7378734
7384693
7385249
7386128
7386459
7386812
7388041
7391823
7393154
7405654
7421383
7445650
7447007
7451071
7451505
7451844
7454620
7461519
7468466
7469275
7470544
7476070
7476438
7477608
7477975
7479188
7483915
7485034
7485442
7486283
7487849
7488688
7492801
7494715
7502713
7506246
7508305
7510821
7511482
7512014
7512325
7512886
7513813
7541617
7549533
7553937
7554244
7554662
7555086
7555838
7556513
7559085
7596104
7602819
7603206
7603558
7650745
7651593
7653876
7662220
7664202
7683555
7684404
7685528
7700376
7702186
7702618
7702646
7703208
7704690
7728160
7729172
7729652
7730498
7731278
7732518
7732988
7733349
7733658
7734697
7737767
7738835
7748499
7749118
7759795
7767739
7776492
7782954
7783659
7784978
7788948
7789742
7790140
7794749
7795626
7796142
7796748
7797577
7798985
7806412
7811230
7823425
7827906
7829592
7834214
7841439
7842143
7843697
7847529
7858159
7859201
7859574
7860595
7861573
7862368
7917269
7926542
7928692
7929615
7930149
7930869
7951324
7952331
7952894
7953366
7954858
7955935
7959244
7959832
7960320
7960624
7962288
7963129
7965727
7969126
7969947
7996184
7998196
8011074
8011743
8012685
8022844
8024018
8025765
8026910
8027694
8028166
8028709
8034693
8043816
8044288
8051160
8056744
8103355
8117830
8118217
8121141
8122522
8138361
8145817
8146261
8146788
8147144
8147440
8147872
8149076
8149752
8151012
8157110
8163414
8168114
8188935
8189741
8190393
8192069
8196011
8220887
8221385
8222421
8222825
8224167
8255582
8256025
8258627
8261103
8286403
8287156
8287492
8288208
8288772
8297276
8305916
8312732
8318935
8320541
8321999
8342288
8343211
8344395
8345915
8346421
8347147
8356211
8360240
8368775
8369982
8370777
8390713
8416742
8417857
8447980
8449299
8450123
8451818
8455235
8456210
8458560
8468992
8470117
8472875
8473646
8477895
8486213
8512158
8521892
8522330
8523674
8526544
8527701
8528522
8529286
8529625
8530373
8555920
8556831
8567269
8568567
8571244
8572107
8572456
8587963
8589181
8589552
8589918
8590394
8596610
8599055
8599553
8599901
8600221
8600514
8601480
8625212
8631619
8632732
8633279
8633819
8637015
8637667
8639033
8643083
8648021
8654798
8655266
8655837
8656704
8657451
8657809
8659279
8663406
8665341
8665745
8666124
8666382
8666880
8667313
8667881
8668181
8668493
8668755
8669046
8669429
8669898
8670431
8671914
8672521
8673333
8673917
8682926
8686311
8692284
8695122
8696846
8697773
8719568
8720295
8721904
8727591
8728144
8728826
8729436
8736184
8757304
8773903
8783120
8784541
8784921
8785451
8802286
8802869
8803294
8829318
8829832
8830684
8849419
8851515
8852258
8852750
8855380
8872444
8883182
8927912
8929536
8954572
8964193
8967575
9000241
9001201
9001641
9002144
9002442
9003154
9003628
9004133
9005376
9006869
9007509
9008473
9009037
9011292
9012524
9013816
9015086
9015967
9017304
9017875
9018345
9019374
9019959
9020622
9021062
9021689
9022729
9023492
9023977
9025115
9031425
9032207
9033563
9034463
9035176
9035573
9037085
9038315
9039014
9039421
9040465
9045525
9048297
9052439
9053160
9065616
9066011
9066285
9066585
9066811
9067023
9067243
9067490
9067780
9068092
9068916
9069313
9071536
9072099
9075993
9076768
9081618
9082318
9082741
9083208
9083689
9086274
9086691
9090104
9106805
9107987
9108643
9109372
9109962
9126690
9127376
9149609
9150859
9188740
9201031
9203202
9203954
9204284
9220962
9221924
9223418
9224217
9233795
9234064
9234402
9234844
9235122
9235452
9267521
9275058
9302585
9313044
9344632
9352181
9352696
9355541
9355849
9368477
9369088
9375699
9376029
9376537
9376851
9377303
9378268
9378765
9385577
9386079
9397015
9397981
9399295
9416422
9417044
9418721
9421898
9423473
9425339
9426444
9427390
9427872
9428572
9430578
9450637
9457900
9474009
9491187
9504507
9519409
9536973
9537755
9576334
9583208
9583621
9593049
9593897
9605961
9606298
9606642
9607102
9650981
9662785
9663476
9663915
9669749
9673412
9673984
9688221
9688953
9712173
9721343
9721876
9723747
9736425
9767474
9798018
9798305
9798660
9798918
9799366
9800244
9800658
9802634
9822112
9838107
9838693
9842540
9869446
9872265
9874844
9910549
9910997
9930422
9946232
9972224
9979899
9980525
9981096
9982308
9991904
9992726
9993259
9995211
10022553
10023611
10024065
10024399
10025783
10029120
10036224
10036852
10037634
10038526
10041141
10041780
10042480
10043394
10044612
10056610
10063236
10063992
10064350
10092235
10092990
10106722
10112074
10113206
10119387
10120093
10141291
10141896
10142197
10142578
10143109
10145519
10145966
10147094
10148053
10150969
10152584
10163403
10164222
10169758
10176053
10176692
10183786
10185155
10185513
10186082
10186617
10187739
10188767
10197440
10197560
10203370
10215019
10216068
10218384
10219267
10227321
10251488
10253348
10253902
10254254
10254690
10297245
10302705
10304991
10305654
10308578
10321365
10321852
10322244
10330183
10330557
10356791
10360001
10366883
10367488
10368109
10368600
10378978
10383331
10385983
10387645
10388221
10403392
10404739
10436376
10449997
10451377
10452532
10453130
10461145
10461629
10466800
10467878
10469313
10470324
10471787
10472721
10476328
10488758
10490892
10507626
10508022
10508425
10508887
10525708
10538591
10547255
10548245
10549286
10549743
10559623
10559929
10560316
10561217
10564144
10564847
10580413
10580945
10590542
10591118
10592448
10604952
10606281
10618170
10618561
10619201
10655649
10664645
10665213
10665665
10666177
10668386
10671295
10673384
10673721
10675630
10706160
10716935
10724800
10741265
10742638
10744182
10752290
10754627
10755434
10771305
10771816
10772251
10772614
10773189
10823203
10825853
10827658
10828073
10828765
10829644
10834411
10836400
10836997
10839130
10863037
10864259
10873209
10889133
10904615
10905258
10913713
10914780
10926927
10929318
10930472
10932908
10933535
10934011
10934291
10942191
10947573
11006494
11014101
11018782
11020776
11021978
11022856
11024744
11029936
11077043
11080309
11116716
11140491
11144734
11148208
11148722
11149480
11150596
11151604
11152385
11152636
11153018
11155888
11156507
11157756
11158127
11168920
11175628
11176721
11178040
11178307
11180047
11180714
11181180
11189326
11190576
11191464
11193264
11211410
11212519
11223996
11225025
11225980
11228479
11259625
11261866
11264774
11268251
11268948
11289051
11300839
11311827
11317342
11318851
11331348
11339057
11348599
11362853
11364023
11364706
11419032
11427516
11428533
11431805
11432223
11432790
11434714
11456763
11461528
11463456
11466180
11497757
11498176
11498489
11498804
11499410
11499739
11500466
11501240
11505813
11510974
11530147
11530482
11531209
11535185
11536012
11537991
11553146
11554101
11560106
11586302
11587301
11587729
11588212
11588652
11589329
11592676
11618885
11675172
11680404
11756249
11761872
11763520
11764090
11780476
11781183
11781634
11782034
11782381
11783042
11783763
11805508
11809474
11811129
11813046
11814375
11819689
11825164
11825691
11826045
11827468
11828254
11832807
11834803
11835144
11835503
11836202
11836656
11838433
11841390
11842180
11867602
11868483
11872445
11873024
11912578
11938790
11939782
11940107
11940479
11940936
11941825
11942261
11942918
11950540
11951386
11959975
11966090
11983009
11984893
11985518
11986014
12049737
12050140
12051135
12051638
12066831
12074598
12074959
12075401
12076198
12077338
12114573
12116229
12129114
12130281
12131401
12164943
12172977
12174029
12174526
12178206
12182716
12186454
12218577
12219749
12232300
12233272
12233680
12237739
12242053
12242783
12243276
12243721
12244149
12244878
12245583
12245945
12246551
12247877
12249538
12258006
12262829
12263909
12264340
12271718
12273884
12274956
12275550
12276223
12277266
12277740
12284515
12285385
12286329
12287541
12294241
12296511
12297381
12298796
12299259
12300026
12300381
12300686
12301309
12308113
12308866
12311201
12327996
12334902
12348799
12352380
12355953
12358310
12358788
12359205
12360609
12361274
12367034
12372209
12372940
12374648
12375155
12380066
12389544
12405253
12418014
12420466
12433039
12433700
12434452
12434967
12436159
12436986
12437879
12438530
12443069
12443586
12444097
12444452
12444869
12445293
12447142
12447968
12451937
12452970
12455132
12455676
12456081
12457059
12457593
12458107
12459837
12460292
12460716
12461045
12471904
12478701
12492411
12492973
12496726
12498014
12498343
12499365
12499955
12502292
12503609
12503999
12504819
12506171
12506978
12508164
12512963
12513314
12513630
12514386
12515087
12515598
12516592
12528406
12534470
12551352
12551891
12552290
12555253
12556635
12557491
12573020
12579426
12579919
12581080
12618612
12621805
12622324
12622959
12623777
12630928
12631589
12632504
12633114
12640124
12640879
12646839
12647193
12648627
12661051
12662388
12662730
12664085
12665800
12666817
12667448
12670270
12671843
12672445
12674448
12676135
12677389
12678446
12685814
12714476
12715853
12716326
12716958
12726096
12727055
12727639
12730218
12731072
12738164
12746720
12747191
12748274
12756760
12763260
12764377
12772358
12775222
12775657
12777081
12779258
12782136
12787494
12788235
12791788
12793395
12794446
12795987
12799596
12800157
12800868
12801604
12802387
12803411
12806216
12809259
12818969
12820060
12821240
12825289
12825824
12869747
12870182
12870902
12878202
12879000
12883827
12903969
12911822
12913051
12913364
12935127
12935871
12946366
12964634
12965083
12965975
12966560
12968805
12969708
12979058
12979461
12980273
12981357
12984788
12985365
12985905
12986345
12986735
12987491
12988438
13003338
13003984
13004702
13010688
13012853
13014292
13014805
13015662
13016103
13016618
13017047
13019851
13022294
13022838
13023866
13024919
13030272
13030729
13052821
13070654
13071370
13072461
13073414
13075613
13076212
13076679
13077032
13077500
13080059
13080515
13081168
13085782
13087240
13089068
13089569
13090343
13090691
13091111
13092518
13093040
13093989
13110823
13119337
13119943
13120343
13120637
13121167
13121874
13122281
13123311
13123735
13124103
13124565
13125248
13125587
13142634
13149247
13169733
13172646
13176547
13177429
13178789
13179386
13179920
13188769
13191329
13191892
13206441
13233759
13234988
13251823
13252775
13254001
13261956
13270898
13272502
13278893
13279880
13284718
13285264
13285786
13286338
13300034
13300941
13304486
13305347
13306219
13307284
13307821
13312247
13312886
13313353
13331605
13333037
13335404
13345271
13346096
13346462
13353076
13364479
13364906
13365336
13365781
13372061
13372859
13373274
13374201
13374596
13375504
13375965
13376362
13376733
13377126
13396696
13398139
13398646
13399632
13403657
13409113
13409845
13410318
13422775
13427650
13429394
13430418
13444425
13445084
13446293
13447143
13447556
13447924
13448417
13448921
13452769
13469762
13480475
13480953
