132.0562
1043.783
1769.327
7438.853
7859.338
8343.622
9476.302
10461.73
10908.72
11836.43
12946.57
14930.89
15822.04
16310.68
17238.52
30569.06
30603.54
31970.01
36108.64
38622.97
39104.72
39649.9
40000.19
42233.8
43702.54
45593.77
49179.34
59589.15
77311.07
78526.82
78995.8
94081.29
94452.24
97255.72
97943.17
98428.63
98833.84
100259.7
112048.9
122204.4
122768.5
125107.3
126029
126821.9
144852.4
146585.6
147125.9
150312.1
150876.6
151223.4
151700.9
152041.1
152427.8
168130.9
169302.8
169544.5
179366.6
180184.1
180571.8
181242.6
199573.7
200654.3
202883.9
203518.2
204131.8
208182.6
208580.9
210087.7
211157.5
211988.1
212079.7
213664.8
216416.4
217175.4
218574.1
219943.1
232181.6
232770.4
233595.3
236464.3
249818.1
251220.8
251752.1
253114.1
255945.4
260656.7
274484.4
276815.9
277248.8
277681.4
278106.5
279008.2
279577.2
280219.7
281241.4
288081.8
291691.1
293616.4
294067.3
298727.5
351423.9
352003.7
352448.2
352804.7
353134.7
353489.7
363957.4
368852.2
370312.7
370985.6
372429.6
374696.7
390292
392745.2
392818.9
393791.4
395074.9
399890.9
412696.9
426743.6
427332.7
427854.6
450530.6
452550.4
454283.1
462720.4
466479.2
482651.6
482993
483394.1
483856.5
484805.7
492605.4
501636
501777.3
508578.2
512042.6
512827.7
514957.9
516071.1
531354.1
532236.4
533035.9
536047.9
566745.5
567997.1
568465.3
569048.8
569715.5
569778.2
575155.7
576725.3
593783.7
595194.2
598009
599861.3
600666.4
601327.3
602355.2
604598.7
605423.2
607771.4
626381.5
627202.6
628584.8
629275.4
629929.2
630217.4
630596
631158.1
639401.5
641758.8
643473.5
644911.1
645569.8
648174.8
649480.2
650158.5
650588.3
651046.9
651648.3
652751.4
658786.3
660016.6
672261.1
673489.6
687540.8
688020.8
688628.3
689404.2
696035.2
696540.1
697242.2
697600.3
698237.6
698642.7
699552.6
701288.7
709358.2
710011
712426.9
722042.3
728742.3
730015.4
734103.5
734917.7
738283.1
738760.2
740041.2
748318.1
752105.4
752535
762534.2
766419.6
780034.9
780620.9
781197.3
781447.1
782035.8
782787.9
784221.6
785207.7
786055.5
786749.1
787484.1
788653.7
790753
804309.1
804832.5
805372.5
811058.5
818951
819607.6
821645.8
822537.7
823263.1
832695.2
835174.2
835785.2
836310.5
837140
850056.6
854776.8
857607.3
858030.9
858492.3
859098.9
873355.4
874898.3
874973.1
875799.5
877793
879008.7
880113.8
880931.6
905498.1
913340.8
914631.7
915309.6
916097.5
919101.6
927502.4
928540.5
929605.6
950238.5
951809.1
961985.2
993002.1
993571
994154.9
994709.3
996704.2
1009495
1025103
1034007
1034734
1036830
1048405
1050921
1052274
1066606
1078973
1081519
1082416
1085991
1086720
1088860
1104143
1113559
1115246
1124962
1127208
1127936
1131366
1132100
1133282
1135625
1138580
1139583
1140351
1141018
1142312
1144059
1145756
1147637
1149313
1149475
1150031
1152394
1152869
1153311
1153793
1163064
1164824
1166952
1167648
1168106
1169235
1171270
1180399
1180446
1181870
1182447
1186335
1187262
1193039
1197105
1200103
1204839
1205377
1205744
1206577
1207071
1207580
1208194
1208883
1210515
1211300
1211809
1212361
1213515
1213946
1214905
1218253
1218711
1219219
1219673
1220410
1236669
1237107
1244094
1244526
1245324
1249739
1271742
1272298
1272664
1273068
1273710
1274152
1275105
1276070
1278443
1279813
1280912
1281735
1282470
1282924
1283682
1287876
1288465
1288963
1289354
1289812
1291489
1292556
1293224
1294504
1304154
1305084
1305523
1306185
1307595
1309844
1314665
1315066
1315585
1316149
1316580
1318479
1319885
1321021
1326217
1328550
1350382
1357968
1358725
1359785
1363584
1365145
1366747
1367527
1369003
1373320
1375271
1375715
1376576
1378939
1379884
1381065
1382347
1389404
1389879
1390175
1390514
1390976
1391667
1393461
1400791
1401436
1401815
1402386
1402917
1403508
1404363
1406685
1410530
1415422
1415910
1416484
1419298
1419765
1420215
1420995
1421649
1422556
1432990
1442880
1457059
1457569
1458132
1459057
1461837
1464824
1465249
1465942
1467723
1471442
1473719
1474414
1482080
1482529
1483093
1486453
1487386
1488035
1489017
1492310
1493499
1494985
1509702
1510856
1511342
1512581
1520556
1521502
1523288
1527620
1539708
1540210
1540793
1541588
1541942
1542161
1547042
1554196
1554692
1555543
1556237
1557183
1557690
1560552
1565195
1565986
1569854
1574600
1581676
1584512
1584965
1585481
1585867
1586232
1586907
1589301
1606051
1607182
1607740
1608501
1611011
1611036
1611802
1612488
1614279
1614794
1615289
1616176
1617235
1620430
1637206
1638322
1660247
1673528
1679950
1681197
1698458
1711700
1712378
1715585
1722541
1723140
1723892
1724872
1737731
1738147
1738533
1739398
1740200
1741610
1742218
1763084
1763315
1763724
1764399
1768224
1768845
1769584
1770271
1773916
1774624
1776287
1776873
1777485
1778436
1779084
1779557
1780022
1803740
1805763
1816837
1817836
1821258
1821844
1823019
1823384
1823820
1824268
1824734
1825289
1836812
1837726
1839464
1842731
1843178
1843701
1845566
1845764
1848905
1849228
1849586
1859610
1861040
1861772
1862876
1865582
1867735
1868477
1871503
1872374
1876140
1886554
1887317
1888486
1894132
1897436
1904104
1904209
1904610
1905169
1909949
1911442
1911906
1912498
1913024
1916287
1918536
1928825
1931565
1936342
1937336
1937718
1938415
1939148
1946185
1946938
1947686
1958083
1962737
1972124
1972980
1987242
1990308
1990898
1991566
1993600
1994327
1994989
1998642
2000060
2005604
2007088
2009346
2013446
2014045
2014622
2014729
2015090
2015473
2015902
2022993
2030385
2031159
2031623
2032145
2042721
2047815
2048432
2048818
2049297
2050309
2061469
2064273
2073457
2076454
2077675
2080288
2085786
2087435
2089673
2091241
2095974
2096382
2097077
2099241
2104756
2118466
2119168
2119306
2120611
2121177
2121603
2122217
2124520
2124988
2125520
2127285
2127767
2128736
2129145
2131087
2135461
2141131
2145888
2153830
2154482
2154947
2155436
2156310
2160693
2166240
2168048
2169391
2176237
2183746
2184277
2184807
2185462
2186630
2188754
2202060
2204635
2205824
2215799
2216610
2217110
2217607
2218275
2224768
2269820
2270562
2284041
2284696
2286589
2287131
2287478
2287891
2295937
2297308
2298055
2298981
2301920
2302835
2303760
2304314
2304655
2305206
2306108
2306644
2307307
2308176
2309090
2310133
2311241
2313151
2322913
2323669
2334455
2344338
2346761
2349054
2352603
2353274
2358231
2364021
2364654
2366437
2366950
2367782
2370876
2385109
2385715
2386560
2387164
2390431
2390967
2391703
2393021
2393540
2397067
2397501
2398168
2398877
2399303
2399740
2400656
2401290
2402566
2403297
2403643
2404484
2405181
2414732
2415392
2416162
2417982
2418776
2431783
2433654
2435185
2450938
2451320
2451709
2451958
2452500
2453269
2455496
2456151
2456755
2457665
2472586
2473299
2473819
2474354
2475073
2475637
2476665
2476712
2477639
2489990
2490606
2491578
2492089
2492516
2497659
2500763
2502110
2505609
2506089
2510019
2533102
2533793
2534959
2536495
2537295
2538063
2538926
2539736
2550396
2556050
2560942
2561864
2562626
2562922
2563508
2564239
2564781
2565208
2566083
2573829
2574608
2575228
2576824
2578160
2578731
2582405
2589975
2590505
2591545
2592248
2592717
2594454
2594489
2595068
2595725
2596548
2602499
2605360
2608957
2609556
2611480
2618829
2619622
2623832
2624925
2625573
2628050
2629822
2630902
2631504
2632339
2634884
2637519
2640849
2642302
2642748
2648880
2659602
2660089
2713016
2713723
2714386
2715082
2716769
2719538
2722000
2724619
2725628
2727049
2731960
2736926
2736956
2737977
2739455
2740024
2740424
2741046
2741752
2752923
2753923
2754452
2756387
2759138
2760372
2761334
2761674
2762596
2764075
2770517
2775304
2775933
2780497
2781379
2786775
2788125
2788907
2790814
2791488
2801591
2802528
2806118
2809325
2809890
2810578
2811167
2811917
2812273
2813403
2813521
2820209
2821213
2822317
2827585
2828106
2828550
2829043
2829504
2830807
2831770
2832476
2836683
2868725
2869376
2873623
2873919
2874223
2874513
2874927
2875660
2885807
2886645
2888495
2889629
2890634
2906921
2917147
2918454
2919174
2922288
2929916
2935502
2936977
2937792
2938400
2938916
2951906
2955804
2956334
2957132
2959534
2960558
2961742
2962472
2965450
2966061
2972472
2973756
2974110
2976801
2981174
2994685
2995239
2995687
2996161
2996937
2998311
3000012
3000691
3004774
3006356
3007677
3012131
3013381
3014944
3015157
3021033
3029211
3031261
3031946
3032724
3038876
3040177
3040591
3040951
3041515
3056711
3057178
3057563
3058036
3058495
3059285
3061730
3062819
3065769
3066153
3066647
3067150
3067572
3068394
3075156
3078739
3080030
3080455
3080817
3082546
3085142
3085897
3086578
3087523
3088540
3092947
3097562
3098055
3098747
3103092
3103659
3104334
3104815
3105775
3106343
3110664
3111321
3112446
3113861
3114965
3116638
3129660
3130320
3130893
3131215
3154808
3165013
3165350
3165753
3166006
3166355
3166782
3167143
3167775
3169522
3170196
3170871
3173130
3173866
3174779
3175217
3175629
3176441
3177008
3178863
3179450
3179940
3180248
3180610
3180996
3185843
3186316
3186560
3190285
3190758
3194395
3195761
3196473
3197049
3213374
3218743
3219263
3219700
3221109
3223380
3223786
3224558
3225894
3231330
3232559
3233023
3233580
3234058
3234767
3235269
3236766
3237080
3237479
3237946
3238575
3239381
3249263
3249917
3250291
3250696
3258439
3261837
3269474
3292028
3292906
3293260
3293791
3294333
3295274
3297116
3298293
3298870
3300186
3310740
3313115
3314819
3316149
3316672
3317666
3318530
3319061
3320048
3321657
3327457
3330435
3330724
3339779
3341044
3345435
3346004
3346845
3347438
3349152
3352171
3352712
3365152
3365645
3366368
3366965
3367699
3373352
3375225
3378059
3381682
3382141
3382562
3382962
3383371
3383484
3384628
3386153
3388058
3393355
3394666
3395452
3396373
3398692
3402488
3403666
3405581
3415123
3415648
3416284
3417156
3426073
3429099
3430420
3431032
3432071
3433564
3437772
3438611
3445986
3447153
3447643
3448553
3455854
3466302
3474158
3475371
3483706
3489613
3490064
3490684
3491286
3505949
3506764
3512223
3512868
3521025
3521473
3523323
3523577
3525056
3531192
3533126
3537577
3544638
3548422
3549438
3550304
3550721
3551533
3552064
3552649
3553478
3553987
3554589
3555490
3561008
3567735
3568788
3569450
3575901
3576116
3576723
3577152
3578340
3579666
3580815
3608214
3608646
3609449
3609966
3620672
3623128
3632481
3634361
3635478
3636269
3639148
3641823
3642315
3643433
3645044
3645655
3645702
3646444
3650002
3655891
3664824
3665674
3666217
3669908
3670380
3670795
3671147
3672090
3673321
3674393
3694423
3696380
3697228
3697808
3702507
3708370
3710899
3722766
3737515
3741047
3742426
3742916
3743413
3748076
3749399
3753322
3753531
3753699
3754201
3754746
3755629
3756734
3757931
3758384
3758628
3762665
3763036
3763473
3767774
3771138
3776890
3777977
3779155
3781404
3787530
3796046
3796567
3797664
3798324
3799219
3810172
3810682
3811221
3811700
3812246
3814217
3814585
3815385
3817153
3822159
3822742
3824150
3824715
3832470
3832502
3832983
3833918
3834795
3835662
3838231
3842506
3842914
3854044
3855482
3856754
3857348
3862467
3863066
3863739
3864598
3879962
3882222
3898692
3899266
3899731
3900327
3903123
3903579
3904429
3930829
3931134
3931611
3932182
3934673
3935670
3941773
3942233
3944011
3944532
3945007
3945902
3946563
3947207
3947627
3948131
3951685
3952650
3955931
3956692
3964479
3965152
3966342
3966767
3967306
3967794
3975785
3977176
3978003
3978244
3978764
3980510
3987638
3988536
3989192
3989550
3997269
3997876
4001215
4002219
4002820
4003741
4004534
4005047
4005440
4006028
4006652
4007277
4007719
4019330
4021400
4022370
4025052
4025501
4027111
4029876
4030817
4066748
4067795
4075157
4075548
4076010
4076587
4077142
4077723
4081820
4085016
4085552
4086187
4086898
4087396
4087986
4088579
4091545
4092096
4093310
4093756
4094405
4095081
4099255
4109839
4110566
4110936
4111294
4112198
4113124
4113572
4114073
4116649
4118451
4118955
4119275
4120410
4121153
4125866
4126582
4128077
4129324
4130347
4132130
4141447
4142005
4142360
4142705
4143264
4146651
4147893
4148580
4149452
4149879
4150847
4151166
4151605
4151690
4152279
4152704
4154069
4159172
4160219
4163756
4165374
4166425
4167678
4168871
4169509
4170526
4171335
4172569
4177640
4187639
4188088
4190580
4197784
4198580
4198931
4199301
4199817
4200239
4200902
4202353
4202949
4203299
4203565
4203849
4204192
4204584
4204979
4205337
4229978
4231278
4245486
4250136
4250541
4251225
4252171
4253180
4254771
4272421
4275283
4291133
4295007
4299711
4310455
4311814
4313841
4317365
4324875
4329404
4337931
4338818
4345507
4345914
4359652
4360195
4360661
4361467
4363560
4365728
4367149
4367623
4368133
4368812
4369605
4370228
4374007
4379592
4398597
4399249
4400235
4400964
4410579
4417665
4418437
4419251
4421496
4425584
4426514
4427345
4428368
4429739
4434034
4448117
4448927
4449285
4449894
4450641
4454353
4472669
4473761
4474960
4475931
4476945
4477378
4477905
4478781
4500388
4501958
4504082
4512456
4513487
4514143
4519049
4520072
4522189
4523011
4524687
4525197
4525775
4526235
4531549
4546934
4547458
4548222
4548709
4549064
4549590
4549951
4550329
4567118
4567477
4568057
4574640
4575790
4585167
4586936
4587495
4588174
4588745
4589458
4590218
4598398
4599487
4600335
4601331
4601882
4605810
4608394
4609792
4617774
4618473
4620117
4620266
4620623
4626084
4627128
4627620
4627927
4628498
4633446
4635696
4636416
4637301
4638536
4648918
4650300
4653463
4654489
4680111
4682505
4701278
4710543
4714752
4722322
4722969
4727635
4733822
4735428
4737321
4737961
4739354
4739944
4740496
4741002
4741431
4742028
4743188
4744529
4752025
4759188
4765003
4765359
4766187
4772800
4791596
4792175
4795283
4796114
4796473
4797326
4809085
4812431
4812979
4813558
4814270
4815915
4816386
4816874
4817513
4818725
4819250
4821668
4822169
4822535
4823277
4825546
4826394
4845349
4862308
4863791
4865254
4865863
4867467
4874142
4894455
4899415
4900691
4904621
4909923
4913024
4913672
4915673
4927112
4927557
4928154
4950491
4957368
4957866
4959765
4960467
4961292
4962016
4963725
4964158
4964745
4965484
4965955
4966380
4967004
4977454
4978848
4980219
4980894
4982180
4983185
4985072
4990464
4996661
4997325
4998273
5000346
5000851
5001319
5001680
5002402
5003330
5004715
5005187
5005630
5006165
5006605
5007293
5007902
5008072
5009914
5016600
5018833
5026748
5029685
5031347
5032278
5037340
5047889
5055721
5060491
5061859
5065450
5066677
5067190
5067949
5072193
5072809
5073436
5083955
5085109
5085373
5091213
5091627
5091968
5092379
5092965
5094081
5096721
5097536
5105738
5109889
5113605
5114040
5114921
5115676
5116353
5124140
5125049
5132553
5139024
5147201
5147895
5153815
5171318
5172731
5174621
5175550
5178248
5178874
5179400
5181170
5182873
5190008
5190911
5191911
5193801
5194539
5195243
5196156
5198871
5199493
5211297
5216850
5217307
5221043
5223529
5223929
5224417
5226026
5243833
5259286
5272088
5281674
5282368
5282796
5284077
5287618
5289113
5289871
5291027
5292178
5292956
5293393
5293916
5294453
5300440
5301149
5306362
5309687
5327414
5328144
5328550
5329986
5332848
5333363
5333906
5334505
5339370
5351110
5352608
5365266
5404416
5406168
5407054
5407487
5407899
5408483
5409167
5409822
5410441
5411628
5413045
5413825
5421793
5422354
5429948
5430925
5431502
5431985
5432442
5434205
5435263
5439552
5440966
5441791
5442037
5442250
5442511
5442739
5443014
5443463
5443795
5444379
5464877
5465240
5465554
5467065
5467178
5474402
5475285
5476529
5477055
5477409
5478215
5478942
5480993
5491210
5491630
5492374
5493469
5504535
5504952
5506273
5509604
5534513
5535127
5535612
5536414
5536648
5541351
5541800
5543756
5544747
5545553
5546041
5546529
5547062
5547328
5547576
5549003
5549515
5550073
5559047
5561354
5561993
5566502
5566546
5567356
5567746
5568428
5571797
5572929
5573561
5574786
5575435
5582466
5587628
5589358
5589986
5590609
5591030
5598930
5599527
5600115
5601093
5601972
5602825
5604122
5618305
5625965
5626808
5627516
5628959
5629564
5630728
5636899
5637805
5638523
5639205
5640056
5640056
5641316
5641727
5642204
5654502
5654917
5662368
5664285
5673497
5674361
5674830
5675507
5675591
5675800
5676080
5676400
5676742
5677297
5677729
5678108
5678917
5679616
5680814
5681116
5686591
5688008
5693952
5696764
5699038
5699755
5705744
5708280
5708846
5709981
5710475
5711416
5712429
5721776
5723949
5724473
5726274
5727138
5727979
5729573
5730359
5731166
5742258
5745227
5747147
5747610
5748027
5748393
5748663
5749088
5749592
5749989
5750426
5750849
5751477
5752034
5752655
5753486
5754297
5754927
5756323
5757026
5757794
5758544
5766679
5767664
5768444
5768825
5769220
5769569
5769957
5770437
5771087
5772400
5772986
5773480
5773924
5775184
5776379
5780476
5781219
5781618
5782439
5785313
5785915
5786483
5787209
5788017
5788663
5789390
5790170
5790459
5790799
5791160
5791637
5792463
5793437
5794341
5795246
5795291
5795678
5796275
5799414
5799832
5800397
5802398
5802949
5804738
5804856
5805312
5805735
5805820
5806325
5806830
5808212
5810520
5810909
5811119
5811410
5820338
5820717
5821006
5821319
5821660
5822085
5823632
5824131
5824846
5824958
5826583
5827077
5828304
5828966
5829428
5829754
5830313
5830732
5853274
5853642
5853987
5854433
5854803
5855253
5855704
5856036
5856370
5856766
5857808
5858271
5859274
5862535
5863598
5877473
5877890
5878379
5878983
5881244
5885563
5886372
5886804
5887175
5888322
5888611
5888679
5889076
5889819
5890861
5892415
5893483
5900186
5900706
5901019
5901438
5901899
5902365
5902903
5904362
5914652
5915136
5915921
5916360
5916489
5916884
5917278
5918112
5919901
5921255
5922679
5923828
5929853
5930388
5932331
5933349
5936168
5940502
5954295
5954940
5955643
5958520
5958834
5959732
5961652
5962340
5964260
5965286
5965851
5974079
5974872
5975237
5975543
5976054
5976681
5977338
5979134
5979671
5990596
5992222
5994855
5995795
5999512
6000112
6004450
6005729
6009661
6011340
6013127
6017931
6019293
6020127
6023266
6023853
6024517
6028738
6029350
6033864
6041148
6041762
6043174
6043831
6047812
6048234
6048815
6049353
6049814
6050396
6051638
6060623
6061169
6062202
6062697
6067204
6069618
6069985
6070876
6071541
6072208
6073316
6073792
6074303
6074715
6075092
6075468
6076219
6076513
6076899
6077286
6077631
6078265
6090431
6096991
6099445
6100298
6111441
6112013
6114564
6115198
6116298
6116731
6117124
6117760
6118303
6118866
6119420
6120310
6120762
6121401
6141480
6142126
6142463
6142804
6143116
6143401
6143760
6145347
6148006
6148393
6149282
6151521
6159196
6173632
6174208
6174772
6175295
6175792
6176390
6180405
6181896
6187724
6188814
6189123
6189565
6190083
6201730
6216156
6216964
6219395
6219875
6221656
6222936
6223995
6224357
6224994
6229400
6230613
6230740
6232123
6235585
6243274
6243780
6244266
6244733
6252335
6254508
6258782
6259995
6261192
6261787
6263213
6264110
6264782
6267073
6267743
6268743
6269146
6270548
6305451
6308651
6313594
6314130
6317793
6320658
6321188
6321536
6321943
6322501
6322902
6323480
6324316
6325631
6326085
6328163
6329389
6332744
6334133
6334895
6338141
6339288
6339879
6350229
6350954
6351474
6365466
6368251
6368632
6369088
6369759
6370425
6372619
6373089
6373560
6373915
6374740
6375492
6376042
6376567
6377296
6377751
6378189
6380379
6386650
6391096
6391659
6395463
6395998
6396462
6398647
6404884
6406574
6409170
6409744
6412144
6415949
6416750
6417266
6419616
6420197
6423111
6424297
6425123
6431899
6432683
6433859
6434267
6434604
6435065
6435531
6435897
6436530
6437217
6437631
6438553
6439600
6443388
6451740
6454624
6455243
6456278
6457073
6458587
6458945
6459421
6459854
6460276
6461115
6472213
6472719
6473432
6474701
6475499
6487236
6491518
6492248
6496079
6503503
6504540
6505509
6511697
6512474
6513830
6536122
6536626
6537279
6538255
6538698
6539286
6539752
6545498
6546199
6546852
6547346
6547879
6548311
6548763
6549464
6549998
6554733
6559551
6559955
6560284
6560646
6560980
6561357
6561742
6562095
6562493
6562931
6563305
6563652
6564499
6574778
6575529
6584554
6585203
6585570
6586140
6586594
6590317
6594187
6594743
6595088
6595992
6597745
6598462
6599781
6600704
6602191
6614519
6615114
6615587
6616296
6617254
6617913
6625141
6625604
6626604
6627650
6630980
6632017
6636364
6636952
6637445
6638038
6639338
6641177
6641902
6644616
6645093
6650475
6652404
6652963
6653339
6654040
6654589
6655194
6662255
6678657
6679267
6680571
6681118
6688129
6691308
6691553
6691829
6692410
6694121
6694710
6696319
6709391
6730149
6731077
6755123
6756106
6759387
6760542
6761477
6770908
6772713
6773170
6775460
6776338
6776934
6778313
6781214
6787576
6790360
6791047
6797864
6798622
6800501
6804523
6805560
6807064
6807471
6807967
6808724
6809218
6809664
6821413
6822064
6822594
6822981
6823409
6823965
6828334
6829044
6829977
6837210
6843035
6843484
6844123
6844937
6845760
6846722
6849651
6850100
6850551
6851042
6851618
6852190
6853087
6860121
6864239
6865292
6868285
6871233
6872397
6879916
6882210
6883237
6884596
6888660
6889216
6889650
6890012
6890400
6890674
6890875
6891596
6897823
6900036
6900541
6901325
6901951
6902708
6903290
6915155
6916576
6950723
6951705
6958376
6963545
6964308
6970280
6971927
6972459
6977983
6985287
6985819
6987596
6988093
6988890
7010169
7015170
7016288
7019168
7019972
7020767
7021291
7030209
7038126
7038575
7039679
7048432
7076941
7077257
7078065
7080891
7081382
7081472
7081937
7084127
7084738
7085283
7085776
7086673
7105684
7106604
7107052
7107244
7107323
7108003
7108318
7108685
7109117
7109528
7110449
7125759
7126965
7127736
7148254
7154737
7156805
7162782
7163176
7164647
7166816
7176349
7178375
7201266
7203229
7204377
7205749
7207948
7209607
7227603
7228298
7229722
7231926
7232868
7236053
7238314
7239095
7239987
7241731
7242816
7243413
7244410
7250139
7255356
7255630
7256275
7257519
7266218
7268533
7269711
7270337
7271194
7277982
7280327
7281001
7283343
7287947
7294785
7297935
7304270
7304959
7305503
7306787
7307825
7309782
7311566
7316723
7317178
7320010
7320424
7322440
7323041
7323713
7324047
7324375
7324839
7325221
7325724
7338018
7338576
7339153
7340711
7348861
7350741
7355062
7358754
7359487
7360113
7360786
7361143
7361559
7361855
7362932
7374887
7375376
7386825
7387370
7387842
7388961
7394914
7395262
7395620
7396049
7396639
7397800
7404035
7404425
7404782
7405091
7405485
7405850
7406274
7406569
7407006
7407528
7413171
7417113
7418461
7419904
7420457
7420997
7421500
7422922
7428024
7435098
7436306
7436803
7437374
7438072
7439076
7440831
7441642
7442595
7443060
7443455
7444001
7447717
7448292
7454177
7455157
7455788
7456441
7459756
7469706
7470435
7472457
7478440
7479261
7487329
7488056
7488967
7496111
7498457
7499887
7512180
7513675
7514877
7521966
7525249
7527368
7528233
7529156
7530511
7536535
7537186
7539923
7541014
7560368
7561149
7562725
7564418
7567427
7569977
7570737
7577995
7579670
7581662
7584119
7584566
7585440
7590412
7591415
7594484
7598794
7599232
7599700
7600055
7600734
7614284
7614936
7626163
7652768
7653684
7655000
7655530
7656289
7657679
7658291
7658769
7659444
7660067
7660999
7661984
7662507
7663952
7667184
7670085
7677145
7688739
7700990
7701672
7702626
7703315
7703670
7704132
7704690
7706940
7722551
7723683
7733242
7735366
7745374
7752660
7759941
7760524
7760899
7762118
7763486
7776745
7777598
7778127
7778551
7779467
7782534
7792455
7793863
7795609
7798454
7799001
7799805
7800352
7800786
7801148
7801539
7802450
7809874
7810792
7811262
7811938
7814903
7815486
7816320
7829404
7831692
7832242
7832711
7833093
7833727
7842307
7843177
7845516
7846825
7852202
7853068
7854196
7856749
7856893
7858961
7861279
7862166
7862702
7863729
7867511
7873822
7874310
7875724
7877376
7877936
7878737
7883167
7885710
7887689
7888729
7889421
7889812
7890309
7894936
7903785
7907098
7908297
7909915
7916354
7921833
7928964
7930260
7939512
7939964
7944752
7945220
7945890
7946916
7948902
7955631
7956366
7956996
7957597
7957965
7958457
7959255
7960661
7963243
7963793
7964246
7964966
7966068
7967009
7971861
7974690
7975645
7977399
7978009
8000833
8001997
8003006
8004248
8005966
8010013
8010446
8011291
8012127
8012571
8013600
8014197
8014860
8019973
8022627
8024329
8029060
8029710
8030933
8031423
8032928
8039952
8054172
8057514
8060008
8060395
8061096
8061946
8073373
8077016
8078126
8078347
8078710
8079174
8104278
8104914
8106020
8114224
8115295
8118953
8127259
8134390
8135205
8136411
8141687
8142652
8143488
8146764
8147477
8147877
8151858
8155394
8156930
8157425
8158514
8159007
8159562
8161861
8163496
8167585
8172865
8175604
8180905
8181582
8191399
8192187
8192929
8193323
8194797
8196912
8197409
8198010
8202566
8203031
8203334
8203702
8204463
8205043
8210572
8217466
8224016
8224618
8225048
8225506
8226187
8226722
8234616
8235670
8236516
8237182
8237729
8249077
8249587
8250141
8254451
8255060
8255095
8255632
8256298
8257345
8258133
8258335
8260237
8261326
8280940
8282919
8284140
8284432
8286344
8295208
8295728
8296001
8296226
8297426
8299068
8300188
8301306
8302248
8302869
8303354
8303704
8305509
8306019
8306549
8306965
8307530
8314318
8320138
8320540
8321216
8325068
8326842
8329414
8330097
8331072
8335023
8335764
8337911
8338605
8339268
8342624
8343531
8345409
8346024
8360961
8363577
8369264
8370625
8371429
8372314
8373218
8373313
8376675
8381579
8386126
8386864
8387646
8388199
8388978
8400909
8401536
8403932
8404512
8409746
8410198
8417901
8418976
8422092
8422823
8424223
8425209
8429406
8431021
8442191
8447559
8451961
8452607
8453996
8454372
8454955
8455706
8456408
8457039
8457133
8458798
8458963
8463525
8465937
8479093
8479964
8481043
8481724
8484476
8494607
8498241
8498813
8506558
8507482
8515426
8516274
8516878
8574031
8575568
8576111
8577704
8582716
8583391
8587452
8592472
8596743
8597670
8598233
8598778
8600423
8600801
8601035
8602982
8609233
8617715
8618269
8618815
8619587
8630763
8631689
8632486
8633416
8634011
8634781
8635696
8636485
8637765
8638359
8638893
8639622
8640530
8651544
8652842
8654360
8654996
8656040
8666437
8668437
8676115
8678765
8679832
8689215
8690624
8701965
8709356
8711657
8712304
8720758
8721450
8721841
8723343
8728858
8729284
8729838
8735001
8736537
8751410
8752065
8752588
8752921
8753322
8754035
8754599
8756839
8761754
8763003
8776121
8776551
8777908
8779585
8783614
8783739
8785162
8785665
8786406
8786923
8787429
8787979
8789872
8790537
8791420
8792531
8794146
8803041
8810034
8810452
8810944
8811375
8811834
8812168
8812552
8812994
8813494
8814098
8815479
8816012
8816946
8818524
8827769
8828182
8828646
8829207
8831440
8831729
8832166
8832788
8832817
8833314
8834115
8834496
8835372
8836819
8837626
8839419
8839874
8840453
8841173
8842206
8847967
8854056
8854450
8854939
8855344
8855700
8856024
8856532
8856987
8858728
8859592
8860858
8864454
8865449
8866525
8866797
8875636
8884276
8884316
8884956
8886183
8892750
8893357
8893816
8894289
8895433
8896938
8900371
8905058
8905982
8912025
8914276
8916021
8918051
8929886
8934548
8936567
8939154
8940187
8943036
8944119
8944768
8945587
8951635
8952139
8952520
8952834
8953157
8953616
8958824
8967182
8970126
8974117
8974641
8975127
8975721
8976533
8977312
8979758
8980335
8981115
9010312
9015127
9016983
9017528
9018055
9019952
9020624
9031107
9031516
9031895
9032205
9032606
9033238
9035269
9042597
9042914
9043295
9043601
9049936
9067257
9073061
9074621
9076492
9077182
9078627
9088914
9089751
9094039
9094964
9095365
9096488
9096944
9097511
9097800
9098065
9098437
9098796
9099292
9099688
9100166
9101054
9102310
9118801
9119160
9119641
9120174
9121951
9128213
9128722
9130187
9130865
9136379
9140171
9141003
9141888
9148416
9150082
9154564
9155628
9164443
9169472
9172131
9173941
9175249
9191249
9191708
9192523
9193218
9193774
9195242
9204465
9205020
9205716
9220674
9222109
9226051
9231108
9231918
9232372
9232976
9240655
9244341
9245243
9246167
9247139
9247644
9248224
9254886
9255467
9256197
9258223
9258597
9259130
9259641
9260089
9264945
9273276
9286145
9286632
9287081
9288064
9288625
9289154
9290111
9291276
9294692
9296347
9297208
9304727
9313776
9314187
9314510
9314841
9318277
9318805
9319782
9325457
9326094
9328752
9345432
9345590
9353260
9353662
9354658
9355218
9355806
9356318
9362869
9364430
9376530
9378152
9379705
9381187
9381852
9382523
9383355
9384644
9385497
9387090
9387627
9393462
9393935
9394573
9395844
9396954
9422161
9426368
9426837
9428558
9429619
9450704
9451394
9451854
9452318
9453618
9456358
9459306
9459430
9460800
9465514
9465822
9466728
9467901
9468201
9468589
9470745
9471464
9472186
9479239
9481013
9489897
9493799
9494790
9496316
9500160
9507877
9512319
9512991
9513678
9515703
9516301
9516800
9517241
9518383
9519085
9519433
9519881
9520316
9538368
9538837
9540045
9540155
9540566
9541378
9544346
9545833
9553215
9559225
9560011
9565323
9569067
9589557
9590391
9592786
9595315
9597199
9599726
9601112
9602163
9602994
9603601
9605204
9605753
9606320
9606804
9607639
9608357
9609584
9610740
9611459
9613721
9614112
9614680
9615924
9621926
9626019
9626969
9628969
9629664
9630506
9641154
9641643
9642817
9642849
9644289
9645020
9650315
9650912
9653733
9663356
9664048
9665759
9666918
9668932
9671515
9672501
9681928
9683341
9683807
9689806
9691394
9691953
9693041
9695095
9708553
9708981
9709386
9720140
9733476
9735923
9736651
9736946
9737461
9737764
9739773
9740252
9755720
9756404
9757752
9771530
9772006
9773930
9774483
9774975
9782500
9785058
9785780
9786368
9788080
9788773
9789348
9790541
9790864
9791176
9791636
9792092
9794429
9798225
9798536
9799428
9800067
9802148
9802940
9813583
9814561
9828787
9829691
9830228
9831126
9832968
9833538
9834102
9844367
9845087
9845398
9845878
9846332
9847001
9871092
9871661
9871945
9872483
9872751
9873003
9873246
9873683
9874138
9874945
9875717
9877015
9878635
9902257
9903727
9910449
9911445
9919340
9924585
9926748
9927423
9927879
9937467
9938406
9938885
9939587
9940121
9942618
9951431
9952547
9953079
9953663
9954034
9954610
9955534
9957453
9959089
9964587
9965728
9984814
9986273
9986832
9988552
9993123
9995315
9995716
10000118
10019423
10020133
10030577
10031665
10032727
10042501
10043031
10058413
10058800
10059077
10059463
10059850
10060324
10062584
10063141
10063692
10065840
10067978
10076963
10077903
10080904
10081827
10088554
10089240
10092997
10093861
10101534
10102516
10103334
10104764
10119926
10122781
10123835
10123935
10124913
10125746
10140641
10141210
10143015
10147620
10149261
10168071
10168977
10169359
10170358
10181342
10181985
10182766
10184468
10187231
10187933
10188474
10188962
10189910
10190224
10190592
10191093
10200132
10200815
10217589
10219149
10220501
10221052
10221567
10222501
10223178
10227837
10228582
10230105
10236235
10246778
10254481
10255196
10256787
10257447
10257863
10275886
10280635
10282589
10283116
10283645
10284107
10284854
10285415
10285904
10286385
10289239
10294931
10295579
10296742
10298346
10299388
10300133
10301040
10314678
10314988
10315443
10315918
10316838
10317485
10325612
10327066
10327703
10329212
10365139
10372543
10373509
10374008
10376240
10376799
10377728
10378185
10379074
10379749
10380470
10381222
10381819
10385069
10385811
10386577
10389824
10390842
10399743
10401501
10402688
10414878
10421144
10421917
10423317
10424581
10425509
10426020
10426375
10426792
10427256
10432306
10432723
10433153
10433947
10439288
10449203
10452677
10453472
10453704
10454084
10456490
10457149
10457658
10463845
10464996
10465782
10468028
10469995
10477618
10488300
10492951
10503899
10507859
10513942
10514877
10516034
10516557
10517327
10523031
10536151
10544209
10547411
10548341
10553470
10559086
10563878
10564619
10567184
10567671
10568075
10569654
10570936
10574199
10574711
10575335
10575877
10576553
10584756
10585257
10587303
10588257
10592248
10598223
10610429
10611740
10622008
10632222
10646413
10647154
10647559
10652211
10667281
10668295
10669054
10669093
10671740
10683852
10684477
10686306
10686805
10687430
10688532
10692374
10700641
10705274
10706066
10706866
10709262
10709848
10709963
10710508
10711038
10711832
10715430
10716332
10728387
10729307
10730749
10732630
10733646
10734203
10735788
10738583
10739074
10740108
10746087
10746837
10759018
10764971
10765671
10766263
10767357
10768825
10771762
10773774
10775662
10776019
10776394
10776767
10777081
10777424
10777778
10778142
10778823
10779780
10800424
10800942
10801465
10802883
10810724
10813195
10814566
10815370
10815595
10815827
10816495
10829794
10830492
10831238
10831984
10833185
10833728
10835204
10840009
10840827
10841361
10842265
10854382
10856034
10857805
10864347
10868558
10872698
10874206
10880219
10881862
10882576
10882954
10883260
10883675
10884166
10884452
10884897
10885499
10886607
10887209
10887659
10888271
10889202
10889773
10889889
10890879
10892781
10895444
10896708
10897293
10897655
10898164
10906397
10909785
10910571
10928170
10931036
10932678
10933270
10934539
10936111
10936159
10938561
10939250
10940106
10940928
10942290
10943608
10944044
10944630
10945082
10945164
10945689
10946102
10946742
10947536
10948273
10953060
10954362
10959451
10971304
10977834
10981677
10986700
10987937
10988220
10990139
10999485
11000197
11000815
11001435
11003173
11003708
11004232
11004673
11005462
11005796
11006073
11006399
11006849
11007294
11008027
11009037
11016111
11017919
11018835
11019377
11029594
11030456
11039824
11041733
11048642
11049510
11050066
11050601
11070454
11072587
11073651
11074103
11074590
11075526
11081456
11081946
11082395
11085126
11086391
11094023
11095836
11101594
11112026
11114113
11119472
11120238
11120947
11121236
11121572
11122001
11122469
11122811
11123112
11123411
11123734
11124029
11124976
11125868
11126459
11128421
11129034
11131605
11135227
11141361
11141952
11142979
11143973
11144466
11151801
11152426
11155101
11155664
11156034
11167135
11168124
11169381
11170576
11173811
11185007
11186685
11188101
11189993
11191152
11191954
11200864
11201524
11202203
11202730
11203108
11203792
11204576
11228913
11229458
11229989
11230786
11250595
11259472
11260810
11261489
11261876
11263624
11264435
11264969
11265333
11265855
11266708
11272465
11273892
11277831
11278775
11279199
11279688
11280447
11282626
11284095
11284870
11300558
11302108
11302530
11302893
11304162
11312193
11313233
11327701
11328713
11333603
11334120
11334989
11337381
11338340
11340153
11341133
11342205
11343227
11347875
11353755
11360783
11363011
11363554
11364205
11366736
11368389
11376415
11377670
11378285
11380508
11381211
11381947
11382460
11383677
11384268
11384899
11387609
11399716
11405351
11405889
11409072
11423218
11424148
11454330
11454997
11456181
11456742
11457237
11458288
11459654
11463606
11464459
11465429
11487841
11488443
11489183
11490516
11491508
11491958
11492543
11493598
11495265
11495912
11495961
11497164
11497487
11497994
11502481
11503616
11504148
11504251
11518881
11519739
11520699
11546672
11549341
11549553
11552096
11553923
11559364
11568542
11569924
11570665
11571997
11573282
11574818
11577656
11578665
11579463
11583599
11583778
11593850
11594508
11599059
11601146
11601828
11603177
11611032
11618880
11623706
11629393
11630394
11631092
11631707
11642762
11644278
11644809
11645610
11648699
11649289
11649929
11650478
11650825
11651221
11651702
11652148
11653630
11654471
11659974
11667938
11672560
11673855
11675700
11676265
11676950
11677402
11680165
11680928
11704963
11705640
11706522
11707484
11712012
11713269
11714983
11719941
11720394
11720514
11721045
11721830
11729881
11733884
11734646
11736951
11740233
11742139
11742714
11743932
11744599
11745572
11749328
11750387
11750991
11751767
11753028
11753746
11755071
11756707
11757271
11758202
11758746
11759665
11764717
11766516
11768066
11769011
11769380
11769876
11770389
11774251
11775401
11775930
11777082
11778623
11779099
11779547
11779969
11780638
11781070
11781885
11782725
11790018
11798103
11799126
11805254
11806040
11806655
11809308
11811512
11812142
11812758
11812823
11813240
11816295
11818210
11821443
11825539
11834709
11842654
11843986
11862347
11863127
11863619
11864334
11865324
11871928
11872942
11874550
11875214
11876103
11886987
11887486
11888251
11889172
11890987
11893227
11893673
11893849
11893961
11894271
11894952
11895744
11896576
11914775
11918554
11919340
11930559
11931898
11932611
11939235
11947489
11948801
11956024
11957424
11958237
11965058
11970844
11971636
11972115
11972711
11973143
11973782
11974247
11975303
11976721
11980725
11981911
11982367
11993827
11994393
11995092
12007242
12008283
12008713
12009735
12010150
12010512
12011454
12014177
12024079
12024921
12025413
12030695
12033545
12048379
12049004
12051201
12058104
12058704
12060031
12061896
12062849
12063475
12064173
12066389
12072757
12073094
12073315
12073579
12074094
12074772
12076818
12080358
12083449
12087930
12088825
12096096
12096509
12097834
12098988
12099865
12104425
12104827
12106044
12107047
12111531
12118633
12119317
12121002
12127109
12127881
12129089
12129647
12130084
12130444
12130859
12131394
12152278
12154424
12155317
12157313
12158307
12169160
12169643
12170236
12172269
12190703
12191676
12192320
12214175
12214533
12214883
12215868
12216291
12222691
12228788
12230875
12241319
12248191
12248994
12260924
12272257
12276591
12277826
12278353
12279027
12282280
12295091
12296453
12296947
12301147
12301970
12302498
12307477
12307764
12307945
12309891
12310343
12310751
12311185
12311646
12312169
12334499
12335244
12341081
12345276
12351270
12351847
12353040
12354228
12354720
12358936
12359699
12366468
12367597
12367797
12384937
12385563
12386624
12394129
12398662
12399547
12400578
12411281
12412491
12444908
12446225
12447437
12448725
12457823
12462808
12473404
12474078
12475049
12482980
12488482
12489261
12490233
12490575
12490763
12491653
12501668
12505990
12521289
12521516
12525201
12525970
12527282
12527833
12528417
12529497
12538205
12541271
12543138
12550095
12550640
12558338
12559169
12559730
12560863
12561278
12561743
12574461
12576603
12576999
12577274
12577659
12577959
12578405
12578896
12579430
12580048
12600827
12611656
12612423
12612860
12613310
12613742
12614430
12617118
12617714
12618817
12621045
12621693
12622420
12623653
12625861
12627680
12630427
12634448
12635708
12636532
12643865
12653031
12653424
12653659
12653750
12654091
12654580
12654980
12655527
12656069
12656161
12656473
12656978
12657358
12657827
12658341
12659428
12662106
12663594
12664139
12669492
12669869
12676630
12680434
12681035
12681391
12681740
12682065
12682547
12689930
12700309
12701164
12702109
12702708
12704873
12709206
12710198
12711321
12712666
12713301
12714032
12714826
12729159
12731427
12731651
12733840
12734684
12738089
12748152
12748990
12757297
12758315
12758714
12759095
12762881
12769238
12782020
12782953
12783844
12784849
12785416
12785798
12785965
12786509
12787830
12788460
12789720
12798662
12805123
12807076
12807586
12807997
12808573
12809785
12812012
12821828
12827785
12828241
12828590
12829012
12829465
12830623
12834377
12837643
12838693
12858660
12859545
12860551
12863236
12863965
12864455
12864980
12865489
12866321
12866766
12883347
12884802
12889503
12891514
12892108
12894157
12894485
12895045
12897480
12906761
12907625
12909798
12924781
12925561
12942210
12944924
12950453
12950986
12951483
12952416
12964767
12965423
12966257
12966811
12967147
12968500
12978305
12979639
12982317
12983521
12984133
12985099
12986189
12987342
12987978
12988478
12989087
12989640
12989967
12990350
12990799
12991310
13000302
13001267
13002632
13024047
13026492
13026966
13027324
13027820
13028182
13028909
13056063
13056579
13057024
13057534
13058271
13067113
13068513
13083129
13084381
13085544
13086420
13087914
13088501
13088894
13089342
13089521
13090913
13092229
13093757
13095369
13096668
13098269
13122227
13123260
13123372
13123933
13124595
13125313
13132544
13132962
13135370
13137325
13137749
13138177
13139269
13140257
13141310
13142014
13142651
13146767
13147467
13148431
13148480
13151259
13153372
13155552
13161200
13165363
13167125
13168316
13169352
13170065
13170498
13170899
13172074
13178494
13179296
13181897
13182959
13187690
13188922
13192423
13197580
13201420
13206053
13208819
13211709
13212569
13215483
13216013
13216582
13218030
13220106
13237708
13238145
13238649
13239121
13239470
13239934
13240545
13242249
13242774
13245125
13247893
13267034
13268461
13270035
13272243
13296662
13297408
13297955
13298486
13299456
13299969
13300562
13301303
13325795
13326787
13328005
13328977
13330685
13332653
13333640
13334362
13335490
13336463
13378848
13380641
13381197
13381685
13382673
13384661
13387098
13388179
13394193
13395044
13397353
13399097
13399950
13403955
13404673
13405377
13408706
13409171
13409668
13410553
13411218
13411664
13412217
13412777
13413342
13413933
13413961
13425720
13426337
13434726
13435667
13437874
13438849
13439419
13440117
13440635
13471000
13471727
13473087
13474045
13475438
13476374
13476862
13477267
13477765
13478309
