8273.429
13789.96
14605.09
23841.44
23888.87
24280.7
24707.23
25253.64
25704.26
27500.71
32924.02
33677.36
34067.37
34417.42
34808.54
35177.75
35824.82
36356.29
37078.88
37124
37991.38
38773.54
39411.19
40011.74
41050.29
41625.6
42338.87
43616.17
44420.73
45118.03
45746.12
46839.51
49444.05
50595.39
51685.14
52751.86
54018.16
54721.68
55823.04
64481.66
65218.23
77978.04
98428.58
100154.8
102118.7
105257.3
108104.4
108595
109362.2
110069.9
111030.2
112507.9
115617.7
116307.1
117127.8
118780
119693.9
120218.4
120808.2
121330.4
121765.7
122208.4
122814
123299.2
123739.7
124308.3
125095.6
125626.6
126106
126784.2
127383.6
128705.1
129382.7
130323.1
131518.1
136613.6
145998.3
146442.2
146787.5
147481.7
147889.8
148247.8
148769.5
149345.8
150062.9
158825.9
167029.1
172430
172913.9
173426.3
174019.8
174510.2
174970.9
175709.9
177663.1
179786.6
188318.4
189159.5
190016.6
197740.8
199113.9
200166.7
201163.6
202018.4
202637
202679.5
204206.1
210281.2
213357.9
213975.1
214521.4
216761.6
219519.2
219681
220727.8
221405.5
222205.9
223107.6
235200.7
242950
250769
251475.5
251995.9
252650.1
253266.8
253894.5
254527.5
255354.7
257048.3
258862.1
259522.7
260089.6
273482.1
277193
279199.2
280107.5
283418.7
284813.6
286312.6
293576
298142.7
298678.6
299232.4
299926.3
300465.7
303186.9
307804.3
312099.9
313590.3
314343.9
315501.5
316375.2
317584
319281
327620
330677.7
331564.6
332382
333455.6
349096.7
349781
350323.4
350514.2
351376
355962.5
356577.2
356794.6
357358.9
358121.4
358702
361338.8
362949.2
363824.6
364428.1
365288.9
366062.3
369843.2
371865.5
386140.4
387796.7
388570.1
389064.7
389923.1
390470.7
391008.3
391495.3
392039.6
392113.7
392602.3
393375.4
394004
395023.1
398358.9
400166.6
400939.2
401809.2
402773.8
403461.3
415133.7
419332.9
424729.7
425370.5
425802.6
426200.2
426509.8
426916.5
427362.2
427941.5
429425.3
430236.1
461398
464545.5
479716.4
480554.7
482076
482819.9
483647.6
484236.1
485716.6
486811.1
488274.5
488905.6
489686.2
490278.1
490864.6
491500.7
492248.6
493604.7
495509.9
497636.6
498955.8
499540
500156.7
519610.6
530940.2
538309
539433.6
540273.5
541753.1
544223.1
544798.3
555802.7
556536.6
557745.7
557900.6
558636.4
559289.9
560161.3
560350.5
560355.1
564270.9
564886.4
566231.9
567026.7
568051.8
574505.7
574513.9
575628.9
576679.4
590547.6
593740.3
594203.9
600480.1
602290.1
602961.4
604263.9
609759.8
612657.3
613556.6
614409.1
615067.6
615812.9
624536.5
625145.8
625746.7
626261.2
627653.1
634909.8
636088.5
636642.7
636991.6
637513
637973.2
638447.8
638901.9
639354.6
640199.1
643245.3
643311.5
643677.1
644115.1
644476.6
645073.4
645586.8
645711.3
646413.8
660545.7
661310.8
661818.8
662537.1
663097.2
663655.4
664191
664796.7
665605.6
665859.1
667545.6
668408.7
669000.1
670639.6
672589.2
673984.8
674885.2
675595.7
676960.1
679737.8
681119
682132.6
682856.8
684104.8
684838.9
686132.4
692781
693586.2
694181.4
695442.5
703623.3
714061.8
714838.4
714889.5
715465.4
716816.7
717726.5
726230.1
730719.7
732042.7
733089.7
733881.5
734957.9
736067.5
740446.4
752104.7
757559.8
759494.4
771093.9
771284.4
771368.5
773576.3
774279.7
777409.7
781408.8
784315.7
784953.6
785512
786078.5
787201.8
788297.8
790143.8
795317.7
799533.2
800652.1
801407.6
802136.1
802655.6
803122.5
803155
803658.7
804228.2
804757.1
805664.8
806538.3
807502.9
809054.9
809921.8
826693.7
827172.6
827737.9
828245
828670.4
828842.6
829060.5
829815.1
830311.1
830909.4
831444.3
831542.2
832069.3
832599.4
833092.9
833248.8
833932.4
838698.8
839543.8
840254.7
840814.4
841597.3
842156.2
842545.5
842824.9
843131.6
843577.1
845342.9
846582.5
849195.7
850180.8
852295.4
861737.4
868743.2
869578.6
877350.7
877648.5
900056.1
900918.1
901339.5
901532.5
902292.1
902912.1
903998
905682.8
906396.9
907222.4
907267.9
908508.3
910062.5
911909.4
912641.1
916650.4
919464.1
930637.4
932121.1
932482.3
933504.6
934234.9
934463.6
938977.4
939825.2
939983.3
940673.8
941501.1
942751.9
972243
976060.7
976152.7
976909
977612.2
979134.3
988671.7
990019.1
990704.9
992084.6
993430.1
996667.3
1001511
1002444
1003307
1003637
1003952
1004593
1005437
1006190
1006935
1009065
1022549
1027796
1028421
1029165
1029970
1030606
1031858
1032960
1035546
1041423
1042116
1042557
1043242
1043717
1044165
1044837
1045594
1047609
1051527
1052324
1053316
1054856
1055963
1057762
1058752
1059365
1059654
1060001
1060687
1061303
1062118
1063241
1063282
1065249
1075696
1076637
1077961
1080667
1082043
1084432
1085274
1088153
1096244
1096660
1105480
1106289
1107768
1108410
1109887
1110643
1111454
1113362
1114378
1116807
1118471
1135531
1136102
1136454
1136956
1137438
1137848
1138227
1138760
1139415
1139919
1141280
1143287
1145433
1146997
1148291
1148380
1153897
1154840
1155211
1155728
1156128
1156658
1157307
1158132
1159226
1159847
1160675
1161411
1162532
1164796
1166099
1166879
1167450
1167489
1167985
1168508
1169106
1169646
1170462
1171457
1172118
1174272
1177718
1179062
1179690
1181094
1182012
1182825
1183808
1186397
1186979
1188374
1188520
1189387
1189961
1190459
1190602
1191014
1194871
1196519
1197187
1198076
1199379
1200828
1201799
1203731
1204320
1205565
1206157
1207873
1209113
1209701
1210910
1211529
1212928
1215959
1216987
1219330
1219940
1221142
1221773
1225785
1226618
1227769
1228253
1228419
1229011
1229875
1232882
1233732
1235029
1236334
1237687
1239023
1239645
1240941
1243233
1244379
1245334
1246366
1246441
1249517
1250073
1250805
1252420
1253284
1254293
1255251
1256071
1257551
1258445
1259844
1260842
1261738
1262772
1264251
1267785
1269928
1271876
1273288
1274402
1275355
1276210
1276878
1277488
1278673
1280719
1281544
1282978
1283713
1284356
1284970
1286305
1287536
1288536
1293494
1296437
1297138
1298613
1299313
1300296
1304599
1306083
1306749
1307442
1308083
1308874
1312515
1313406
1314244
1314906
1316220
1316494
1319094
1320621
1321111
1321739
1322401
1323697
1325082
1330977
1352417
1353239
1353838
1354407
1354972
1355794
1361785
1363667
1364487
1364684
1365477
1367813
1371410
1372482
1373721
1374357
1374802
1375350
1376118
1383424
1384469
1385398
1386102
1386660
1387478
1388993
1389734
1390397
1392952
1393560
1393958
1395345
1397143
1403504
1404269
1405081
1407057
1408608
1408997
1414338
1414914
1416015
1422489
1423564
1424905
1426316
1427132
1427848
1444834
1445896
1446737
1448088
1454835
1455640
1456275
1456988
1457638
1458421
1459175
1463820
1464813
1465819
1466342
1467460
1468063
1468705
1470152
1470657
1471670
1472524
1480798
1481369
1481965
1482474
1483008
1483480
1483958
1484433
1485028
1485622
1486322
1487449
1488177
1489104
1490286
1490584
1496122
1496787
1497057
1497642
1497722
1498853
1500088
1501245
1501984
1507948
1510813
1512069
1512695
1513226
1513783
1514326
1514953
1515423
1516467
1517896
1518464
1519001
1520093
1523324
1524071
1525475
1527194
1527957
1529534
1530893
1532431
1533054
1533824
1534381
1536121
1536832
1542397
1544253
1547095
1547403
1548681
1549622
1556331
1558340
1559658
1560789
1561707
1564349
1567616
1568224
1568821
1569731
1570592
1570750
1571632
1571712
1572570
1573635
1575846
1576481
1576563
1587105
1589172
1601709
1602737
1603792
1604293
1604615
1606863
1614566
1619276
1620148
1625772
1628019
1629548
1636966
1638480
1639407
1642046
1643045
1651077
1653620
1654319
1655319
1656467
1657817
1659060
1660491
1662237
1662961
1684125
1684886
1685436
1685998
1686045
1686494
1687058
1687778
1688590
1689200
1690227
1697586
1698444
1699350
1700189
1701030
1703472
1715966
1716794
1717072
1717101
1717542
1718100
1718802
1719341
1719969
1720966
1723365
1724055
1736639
1746782
1747946
1751263
1751660
1752097
1752486
1752966
1753188
1753423
1753762
1754188
1754717
1755786
1756714
1760790
1761398
1761906
1762376
1762890
1763469
1764011
1764606
1765142
1765699
1767441
1780886
1813142
1814601
1815145
1815817
1816388
1817068
1817737
1818582
1819156
1819859
1820760
1821220
1821539
1822253
1823980
1828262
1829800
1830785
1832343
1837680
1838293
1839208
1839829
1840258
1840821
1841435
1842447
1843296
1845565
1845847
1846444
1847105
1847859
1851290
1852038
1854512
1865913
1865957
1868353
1869260
1870029
1870875
1880820
1881288
1881873
1882359
1882822
1883497
1883962
1885152
1885616
1886203
1887237
1887825
1888331
1888880
1889567
1890595
1891611
1894235
1895376
1896058
1897181
1898115
1899084
1900768
1901879
1902846
1903679
1912577
1913230
1913924
1914722
1915472
1916256
1917140
1918812
1919764
1920824
1921741
1922443
1923274
1925941
1927044
1929620
1930204
1932553
1934099
1934894
1936021
1944285
1950612
1951249
1951962
1952431
1953022
1953501
1954553
1955709
1961020
1961855
1962636
1964084
1966932
1968548
1968680
1969586
1970219
1970711
1971307
1971893
1977698
1989456
1989931
1990310
1990718
1991409
1992075
1996191
2002699
2003201
2003748
2004191
2004722
2005291
2005749
2006397
2006988
2008072
2024051
2029127
2029760
2030225
2030860
2031768
2032625
2033405
2034284
2034857
2035569
2036678
2037311
2038048
2038981
2039918
2042488
2043946
2045150
2045411
2046888
2048277
2049900
2050473
2050807
2053316
2053371
2054677
2057515
2058814
2059906
2061625
2062553
2063648
2069420
2070788
2071611
2081880
2084172
2085332
2085904
2087014
2087602
2088680
2089252
2089932
2090922
2091885
2092758
2094421
2095569
2096333
2097987
2100696
2103266
2109303
2111533
2111679
2112231
2113025
2114010
2123835
2132030
2132698
2133776
2140161
2144945
2145461
2146020
2146556
2147156
2147612
2148080
2148634
2149253
2149875
2150433
2151104
2154044
2162911
2163521
2163962
2164568
2165207
2165999
2167370
2168415
2170061
2173003
2173924
2179882
2181658
2186264
2187057
2187717
2189147
2189837
2190413
2191894
2199786
2199848
2201877
2210346
2210733
2211548
2215157
2223650
2229202
2256739
2256953
2256961
2258182
2259080
2268476
2270310
2273181
2282642
2283331
2284875
2286821
2287936
2291713
2292308
2292558
2293266
2295493
2305494
2306229
2306895
2307554
2308451
2309200
2310199
2311942
2312952
2314541
2315588
2316412
2316839
2317164
2317666
2318495
2319231
2320310
2320924
2323502
2324200
2325388
2326320
2327206
2328689
2330352
2349642
2350666
2351509
2355700
2356889
2357674
2358722
2359227
2360187
2363735
2364902
2366046
2366722
2367358
2367864
2368485
2368984
2377034
2377794
2378354
2378997
2379698
2380396
2381465
2382623
2383726
2388218
2389141
2390932
2391825
2395501
2397360
2399545
2399588
2400311
2400901
2401492
2402213
2403113
2404522
2405703
2407225
2408242
2412535
2413804
2414676
2415799
2416846
2418273
2420279
2422898
2424781
2425397
2425693
2426788
2427620
2428290
2429151
2429823
2431819
2433198
2434013
2434757
2435219
2435712
2437581
2438821
2449632
2450178
2450651
2451104
2451530
2451901
2452379
2453041
2454019
2456435
2469545
2472350
2474506
2475622
2477397
2479438
2481017
2481712
2488472
2489275
2490124
2490705
2492056
2500598
2501811
2508964
2510084
2511562
2512225
2512810
2513247
2513724
2514127
2514481
2514962
2515475
2516002
2516668
2517388
2518017
2518670
2519238
2520094
2521046
2521810
2522893
2523565
2526724
2528322
2531965
2532786
2533642
2534378
2534999
2536502
2539106
2540460
2542320
2543634
2544394
2549095
2550187
2550929
2551838
2552670
2555642
2558893
2559356
2559462
2560227
2561258
2564232
2565785
2567698
2568714
2569279
2569967
2572096
2577558
2578376
2579716
2580416
2581491
2582662
2583988
2584849
2585500
2586314
2587004
2587642
2588312
2589660
2590462
2590503
2591399
2592520
2594884
2595050
2596114
2597341
2602574
2602613
2603625
2604818
2605314
2605727
2606971
2608041
2609155
2610184
2611096
2611742
2612284
2613190
2613832
2614447
2615641
2617929
2618873
2620260
2621141
2621191
2622863
2624321
2624621
2626253
2627477
2628272
2629109
2630051
2631132
2632162
2633411
2634537
2639502
2640891
2642939
2643898
2644627
2645604
2646300
2647157
2647896
2648490
2651325
2652051
2653193
2654120
2654747
2656094
2657437
2660980
2661885
2662618
2663976
2665001
2665481
2666091
2667214
2667926
2670937
2672249
2679603
2680859
2700133
2701855
2705504
2706086
2706779
2707562
2708263
2708672
2709094
2709554
2710183
2710603
2711437
2712208
2713759
2715316
2716226
2716894
2717596
2718241
2718673
2719206
2719699
2720812
2722068
2727233
2728713
2729474
2730335
2731562
2732947
2733892
2735326
2736812
2737837
2744899
2748087
2748961
2749833
2750832
2752206
2754073
2763403
2764239
2765292
2766310
2766402
2773448
2774024
2774567
2775007
2775612
2776130
2776629
2777280
2777970
2784911
2785646
2786264
2786879
2787877
2788459
2789003
2789559
2790039
2791133
2792758
2793681
2795893
2796640
2804696
2805475
2806077
2806598
2807060
2807661
2808361
2809277
2809962
2811445
2811870
2812529
2812942
2814707
2815675
2817660
2821425
2825026
2826949
2827191
2827949
2833330
2835357
2836145
2838709
2838851
2844870
2847318
2849386
2850872
2857950
2858540
2859090
2859580
2860216
2860652
2861416
2863233
2863733
2864524
2865115
2865778
2866812
2872250
2885551
2886277
2887804
2908351
2909103
2910140
2912237
2913249
2914635
2916196
2916959
2917982
2921153
2925017
2927048
2927959
2928843
2929571
2930357
2934767
2935914
2936965
2937953
2938946
2939937
2941424
2942297
2943564
2944774
2949138
2952869
2956546
2957214
2958196
2959248
2963520
2967384
2968263
2969205
2969898
2970613
2971847
2974296
2977703
2979753
2981431
2983557
2984689
2985583
2989742
2990603
2990764
2992035
2998690
2999253
2999585
3000290
3000857
3001788
3002839
3004670
3005854
3006573
3007488
3011520
3014916
3016069
3016813
3017635
3019232
3020550
3022680
3028983
3030152
3030956
3031265
3031664
3032659
3033322
3038186
3038273
3038860
3039535
3041172
3048931
3049162
3050111
3050881
3051817
3052753
3060142
3061299
3062320
3063444
3065444
3070043
3074633
3074830
3076135
3076956
3078081
3079322
3080497
3081117
3082105
3087523
3089147
3089594
3090639
3098512
3098710
3104640
3108432
3109156
3110083
3115226
3115927
3116703
3117511
3118828
3119861
3121756
3122930
3126907
3128618
3130292
3150305
3152104
3153812
3154738
3155913
3158347
3158991
3159175
3159652
3160553
3161194
3162262
3164222
3165271
3169614
3170767
3172447
3172941
3175219
3175950
3177226
3180955
3184122
3185179
3187248
3190757
3191564
3195261
3199509
3200089
3200864
3201652
3202234
3202393
3204001
3207188
3209277
3209885
3210424
3210919
3211407
3216670
3228015
3228629
3229483
3230682
3232129
3233533
3234824
3242360
3244631
3245153
3245722
3246557
3247206
3248053
3248615
3249220
3249814
3251059
3252632
3253473
3254338
3255261
3256215
3258444
3260238
3261161
3262097
3262762
3271932
3279269
3280324
3281049
3281129
3282027
3287313
3288246
3289177
3289843
3290567
3291255
3293348
3293979
3294761
3297279
3301359
3302827
3304209
3305456
3311369
3312688
3313496
3314869
3315581
3316582
3317844
3318867
3319833
3320777
3321374
3322118
3322852
3323685
3323937
3328286
3329744
3330781
3333661
3334912
3338421
3339190
3339868
3341251
3342546
3343222
3345105
3346664
3350954
3352824
3355096
3355799
3356527
3357921
3358211
3359371
3362081
3368745
3369603
3371186
3371965
3373648
3375197
3376101
3376955
3391519
3394171
3396321
3396361
3397796
3398692
3400385
3400448
3401127
3401797
3402402
3403026
3403786
3404401
3405195
3406160
3407365
3408651
3410725
3420465
3421135
3421560
3422654
3424597
3427073
3428819
3429773
3430560
3431184
3432725
3434396
3435668
3436884
3441020
3451772
3453000
3453129
3453875
3454549
3455398
3456905
3456959
3457615
3458419
3459011
3459923
3461228
3463858
3466438
3467957
3469423
3473054
3473966
3474124
3477882
3479058
3479966
3480970
3484679
3488674
3490646
3491519
3492063
3493306
3494708
3496649
3497061
3498686
3499380
3500483
3502263
3503554
3503964
3514064
3515430
3529827
3530576
3531592
3532591
3533357
3535088
3540605
3541535
3542250
3542562
3542787
3544083
3544753
3545207
3545733
3546351
3546968
3547443
3548023
3548508
3548978
3549392
3550103
3552255
3553236
3553840
3554677
3556267
3557426
3558081
3558821
3570408
3570573
3573102
3574690
3576354
3576460
3579489
3600604
3601953
3602993
3604265
3611706
3612508
3613488
3623013
3625279
3626392
3627180
3627827
3628392
3629036
3629751
3631231
3635776
3646506
3648034
3649151
3649850
3650496
3651001
3651803
3652841
3654164
3657146
3661055
3662937
3665096
3667849
3669874
3671382
3675533
3677288
3678417
3679820
3680592
3681863
3686494
3690563
3691475
3692501
3693276
3699691
3701348
3701969
3702428
3703053
3703964
3705690
3707216
3708778
3715815
3718676
3725820
3727254
3728807
3729764
3730555
3732705
3734542
3735260
3736200
3737038
3737806
3738927
3740405
3741267
3742498
3743565
3745009
3745923
3749081
3752489
3753828
3758044
3758864
3760855
3761667
3762571
3763285
3764323
3764949
3765447
3767301
3772282
3773696
3777409
3778477
3779590
3780247
3782862
3783023
3783056
3784276
3785113
3785226
3794101
3795634
3796921
3797727
3800113
3802070
3803986
3805104
3806386
3807103
3808272
3809250
3811786
3813210
3814049
3815141
3815900
3816757
3818918
3820415
3821121
3821954
3824976
3825959
3827318
3832470
3833186
3834727
3838350
3842741
3844001
3845074
3845804
3846280
3847017
3847502
3848168
3848733
3849325
3850751
3851714
3857734
3859162
3860598
3863065
3865661
3867521
3871971
3876270
3881718
3885166
3885842
3886500
3887277
3889296
3890788
3891761
3892473
3893269
3893782
3894325
3894875
3895426
3895855
3896541
3897443
3899971
3901209
3903039
3903930
3905009
3907348
3908336
3909408
3910046
3910100
3911299
3912669
3917264
3919097
3920438
3921204
3921695
3922266
3922793
3923762
3924574
3925281
3925874
3927206
3928199
3936719
3937561
3938278
3942270
3942758
3951689
3955182
3961051
3964213
3972642
3978517
3981625
3982525
3983446
3984196
3984912
3986254
3990156
3997127
4000328
4006572
4007703
4010656
4011181
4011837
4012713
4013274
4014248
4014952
4015764
4016802
4018532
4018939
4019184
4019407
4019643
4019838
4020381
4020660
4021131
4021445
4021713
4022103
4022553
4023850
4052105
4053180
4053989
4059826
4060895
4064336
4065616
4066737
4067665
4069491
4071079
4073094
4073769
4074121
4074447
4074749
4075100
4075514
4075633
4075755
4076171
4076668
4077091
4077658
4081998
4084544
4084891
4085857
4086326
4086738
4087943
4089125
4090140
4090764
4091082
4091461
4091508
4092081
4092564
4092892
4093277
4094114
4094562
4095353
4095908
4096864
4097441
4098166
4099101
4099795
4100334
4102899
4103528
4104126
4104552
4105021
4105468
4105988
4106557
4115335
4116155
4116547
4116651
4117068
4117762
4117842
4118176
4119088
4121352
4121613
4121974
4122778
4123588
4124636
4129504
4129991
4130331
4130666
4131036
4131447
4131861
4132253
4132735
4133624
4137027
4137514
4137906
4138309
4138792
4139221
4139715
4140860
4141838
4150329
4151600
4158456
4159466
4159986
4160118
4161331
4165525
4166289
4166834
4167333
4167968
4169472
4170351
4171490
4172932
4174717
4175289
4175875
4176495
4177042
4177962
4178706
4179433
4180157
4180852
4187224
4188090
4189303
4191013
4192037
4193415
4194074
4195039
4195586
4196082
4196796
4197808
4198917
4199802
4200361
4200853
4201356
4202037
4206959
4217124
4217611
4220744
4232941
4233513
4234140
4244920
4246450
4248082
4249172
4251333
4252067
4252924
4254197
4255716
4256897
4262761
4263178
4263573
4263949
4264422
4264844
4265383
4277459
4278086
4278595
4279047
4279743
4280217
4280263
4281186
4281802
4282237
4282656
4283073
4283558
4283975
4284528
4285159
4287795
4289351
4291369
4291838
4292291
4292700
4293442
4293809
4294276
4294639
4294675
4295235
4295888
4297168
4297830
4298371
4299049
4300438
4306134
4306805
4307281
4307819
4308408
4309149
4309853
4311134
4312504
4312922
4313272
4313740
4314511
4315078
4315808
4316900
4318587
4321352
4322774
4323340
4323890
4324460
4325261
4326325
4327419
4328852
4330605
4335355
4335774
4336337
4336654
4337252
4337667
4338539
4338898
4338905
4339341
4339725
4340028
4340452
4340599
4340704
4340964
4341160
4341544
4342051
4342338
4342964
4353771
4354120
4354451
4354764
4355348
4355658
4356177
4356814
4356860
4380489
4383623
4385579
4386794
4387170
4387901
4388051
4388393
4388864
4393516
4394362
4394917
4395351
4395967
4396556
4396974
4397598
4398159
4398689
4399133
4399538
4399839
4400182
4400407
4400746
4400961
4401353
4401580
4401671
4401919
4402421
4411410
4411902
4412113
4412329
4412641
4413158
4413512
4414034
4426469
4431026
4431324
4431428
4432212
4432555
4432994
4433312
4433728
4434023
4434454
4434788
4435293
4436148
4445478
4451876
4454006
4454657
4454929
4455260
4455563
4455949
4456262
4456585
4457043
4457999
4459137
4459778
4460141
4460610
4460880
4461374
4461638
4462502
4463268
4466361
4467134
4467649
4467936
4468141
4469888
4470665
4471308
4472668
4473302
4473675
4474169
4474221
4480811
4481145
4516659
4520004
4520532
4520891
4521279
4521718
4522274
4522886
4523663
4524563
4526583
4527417
4528172
4528809
4529323
4530111
4530714
4532808
4533939
4534431
4535160
4536016
4537372
4538649
4539292
4540301
4541253
4541784
4542387
4542873
4543440
4543916
4544395
4545005
4545573
4553447
4553747
4554006
4554292
4554596
4554939
4555576
4556377
4556869
4557496
4560019
4560769
4561287
4561811
4562368
4562918
4582424
4615172
4615706
4615891
4616228
4616647
4616685
4617103
4617666
4618154
4618622
4620084
4621076
4621228
4622666
4627683
4628350
4628573
4629304
4629939
4630854
4631885
4632787
4633321
4633916
4634540
4635102
4635727
4636963
4637911
4637950
4638866
4646248
4647027
4647693
4648345
4648930
4649783
4651503
4653245
4656492
4675851
4681174
4685013
4685021
4685493
4687866
4688666
4689535
4690130
4691259
4691993
4692590
4693070
4693572
4694027
4694551
4695145
4695888
4697045
4697697
4698171
4698656
4699116
4700077
4702547
4704747
4705295
4705989
4707544
4708247
4709055
4709813
4711095
4713446
4715620
4716180
4716976
4717684
4719295
4720491
4728652
4729319
4730243
4731655
4737920
4741377
4741818
4742307
4742718
4743502
4744495
4745534
4746820
4748897
4749851
4750453
4751003
4751736
4752489
4753444
4754201
4754842
4755567
4755921
4759823
4762459
4763109
4763515
4764345
4765504
4780036
4780734
4781515
4782228
4783199
4786172
4786966
4787359
4787937
4788573
4791554
4791599
4792504
4793554
4794217
4794720
4795922
4796737
4797533
4799019
4801287
4830246
4831192
4832404
4833168
4834053
4836382
4838602
4839278
4839842
4840592
4841848
4842607
4843276
4844390
4845548
4846571
4847624
4848669
4850537
4855867
4858284
4859992
4872310
4873439
4874087
4874890
4875984
4877204
4879474
4879505
4880257
4881287
4885916
4886320
4895628
4896786
4898090
4898920
4902935
4904011
4906081
4917072
4917754
4918370
4919458
4919495
4920398
4921503
4923071
4927479
4929109
4950142
4951578
4952425
4953158
4954979
4955678
4956003
4956585
4957253
4957873
4958582
4958624
4966688
4967715
4968575
4969220
4970197
4970793
4971721
4977393
4978286
4979281
4980204
4980760
4981487
4991683
4993984
5003599
5014958
5016303
5017476
5020081
5022336
5024275
5026209
5026780
5027395
5028862
5029298
5029608
5031093
5032843
5035423
5037528
5040756
5041786
5042408
5042859
5043252
5043728
5044079
5044571
5045151
5049142
5050766
5051908
5052652
5053220
5053844
5060219
5061757
5063980
5064844
5066160
5071752
5073810
5076981
5078635
5079991
5081460
5086241
5087024
5087802
5088645
5089360
5090693
5092400
5093418
5094823
5095875
5097214
5097948
5098474
5113873
5114389
5116200
5116722
5118661
5120250
5121122
5121959
5122875
5123600
5124197
5124942
5125513
5149121
5149797
5155065
5155707
5156831
5157707
5158309
5158638
5159035
5159850
5160800
5180770
5181351
5181758
5182237
5182767
5183171
5183568
5184127
5184848
5185034
5185646
5187193
5187992
5188535
5188941
5189507
5189914
5190511
5191372
5192072
5192253
5195135
5195966
5197516
5198655
5199241
5199741
5200373
5201190
5202858
5203718
5205113
5206764
5210229
5211255
5212679
5214171
5214243
5216308
5216979
5217474
5218016
5218615
5219189
5220086
5229208
5230164
5231168
5235986
5240584
5241940
5246333
5246631
5250257
5250892
5251495
5251895
5252397
5252878
5253035
5253072
5253293
5254003
5254717
5257141
5259680
5264542
5265778
5266932
5267840
5268469
5269532
5270967
5274966
5275997
5277262
5278094
5278758
5279734
5280640
5282083
5282702
5283078
5283563
5284344
5285805
5286665
5287290
5287619
5287940
5288690
5289417
5290209
5291233
5292601
5293259
5295341
5296332
5297159
5298067
5298949
5299963
5300484
5300984
5301018
5301801
5302463
5303398
5304636
5305376
5306750
5307693
5308394
5309072
5312468
5317480
5326860
5337026
5339044
5340385
5344807
5347987
5349699
5350322
5352085
5352806
5353870
5354383
5355284
5355987
5356857
5357695
5358632
5360141
5362839
5363693
5367525
5379028
5379927
5380445
5380995
5409734
5410823
5411714
5412244
5413205
5413825
5414349
5414839
5415348
5416112
5417326
5428741
5430731
5431271
5434044
5435219
5435831
5436528
5437034
5437594
5438710
5439965
5440732
5442090
5452008
5452448
5452874
5453253
5453681
5454022
5454598
5455022
5455863
5458508
5459558
5460167
5461938
5462659
5464755
5468764
5469514
5470713
5472230
5473844
5474619
5475223
5475756
5476359
5476888
5478110
5479542
5481804
5486959
5494145
5494265
5494846
5502184
5503985
5514963
5516244
5520723
5521226
5521638
5522131
5522682
5523213
5523886
5524823
5525889
5529666
5530259
5530885
5531380
5531756
5532568
5533109
5534473
5535115
5535633
5538396
5539700
5540554
5541469
5542222
5543319
5544143
5545212
5545949
5547462
5548336
5548906
5549606
5550087
5550741
5551261
5551915
5552483
5553175
5553891
5554474
5555687
5556226
5557167
5558102
5558620
5559181
5559745
5560551
5561585
5562499
5563437
5564120
5564899
5565421
5566390
5567799
5569140
5570371
5571035
5572366
5575731
5576498
5577265
5578139
5579039
5579751
5580255
5581177
5582258
5582464
5582971
5588375
5589620
5593516
5594684
5595916
5597280
5598489
5600578
5601280
5601998
5603279
5604282
5605183
5606011
5608029
5608908
5609672
5610439
5610544
5611235
5612211
5612634
5612685
5613732
5614459
5615731
5616983
5617659
5618244
5618832
5619472
5620743
5621253
5622307
5623959
5624572
5625242
5625895
5627156
5627932
5628494
5631140
5634864
5634976
5636059
5637110
5637947
5638935
5639769
5640455
5641635
5642098
5642246
5642794
5643489
5645267
5646407
5646978
5652259
5653364
5654486
5655419
5655553
5656090
5656765
5657767
5659705
5662911
5665422
5669030
5670296
5671541
5672393
5672957
5673589
5674157
5674691
5675194
5675759
5676254
5676806
5677294
5677671
5678559
5681380
5682067
5682854
5683545
5684434
5685088
5686362
5687588
5691506
5691692
5692946
5694248
5695002
5695932
5697044
5698957
5699782
5700424
5700988
5701948
5702131
5705713
5709590
5710644
5711278
5711898
5712463
5713016
5713404
5713841
5714168
5714422
5715056
5716358
5717557
5718779
5719509
5720361
5721131
5721913
5722748
5723606
5724871
5726117
5726723
5727412
5728045
5728717
5729382
5731175
5731752
5732311
5732819
5733524
5734036
5742349
5742864
5743353
5744833
5745822
5746535
5747458
5749173
5749844
5750755
5751592
5752548
5758320
5764172
5765474
5768768
5769512
5770782
5771251
5771904
5772651
5774035
5774559
5774617
5775225
5776991
5779882
5780771
5781359
5782439
5782615
5784524
5785472
5786245
5786989
5787629
5788971
5789069
5793062
5793929
5795730
5795900
5796969
5797929
5806162
5807212
5809485
5810998
5812687
5817705
5818412
5818954
5819898
5820623
5821763
5824283
5824925
5827353
5828532
5829485
5830398
5831320
5850166
5853456
5856645
5857835
5859038
5863294
5865800
5870398
5871084
5871104
5875483
5877706
5878326
5878967
5879537
5880067
5880567
5881420
5882524
5883761
5888961
5890536
5891120
5891632
5893469
5894170
5896972
5903762
5904602
5906176
5909800
5910560
5911960
5916058
5919044
5919841
5920457
5921289
5921326
5922107
5923284
5927440
5928748
5931958
5934788
5935619
5936552
5937563
5938460
5941104
5948597
5954893
5956686
5957358
5957935
5958689
5959215
5960038
5960702
5967877
5968660
5969525
5970273
5970891
5971560
5972227
5972829
5973049
5973719
5974498
5975313
5975932
5976510
5977080
5978308
5982666
5984077
5985025
5986101
5986759
5997663
5998697
6000514
6004476
6004861
6005608
6006335
6008532
6009623
6010908
6011721
6014070
6015575
6017319
6023128
6023524
6027685
6031794
6035605
6036507
6037271
6037832
6038864
6045527
6045833
6047356
6048446
6049044
6049151
6049920
6049965
6050602
6052457
6056261
6057012
6057842
6058560
6059343
6060133
6060583
6060753
6062449
6063272
6064516
6066263
6067070
6068263
6069095
6069254
6071723
6072542
6073958
6076867
6078121
6079134
6080214
6086707
6089003
6090463
6090925
6091384
6093786
6094967
6098052
6101056
6101534
6101946
6102369
6102671
6102986
6103321
6103643
6103917
6104350
6104714
6105082
6105624
6106643
6107265
6107824
6108313
6108787
6109219
6109759
6110286
6112045
6112579
6113086
6113569
6114077
6114627
6115098
6115766
6125074
6125706
6126074
6126449
6126776
6127256
6127666
6128322
6128999
6129171
6131194
6132119
6132798
6133337
6133979
6134550
6135083
6135580
6136101
6136627
6136976
6137466
6137955
6148671
6149231
6150019
6150624
6151358
6151786
6152194
6152705
6153181
6153866
6158765
6159716
6160276
6160911
6161571
6167055
6167798
6168734
6170399
6171169
6171671
6172185
6172668
6173579
6173969
6174523
6174563
6175402
6183569
6184241
6184879
6185839
6186626
6188345
6190800
6196046
6197563
6198211
6198916
6199627
6200887
6209809
6210363
6210486
6211253
6211561
6212018
6219097
6219980
6221650
6222692
6223105
6223578
6224035
6225078
6225481
6225925
6226482
6227457
6231489
6232493
6233043
6233644
6234290
6234896
6236883
6237673
6238619
6239726
6241196
6245931
6246747
6247238
6247899
6248891
6251602
6254506
6255951
6256564
6257384
6258620
6259353
6262230
6262336
6263437
6264237
6265043
6266577
6267034
6269478
6270226
6271708
6272310
6274432
6276290
6307588
6308253
6309189
6310360
6312045
6314225
6323143
6323295
6324414
6326084
6328713
6330482
6331304
6331959
6332830
6333304
6334003
6334527
6335085
6335662
6336271
6337082
6338170
6339172
6340142
6340814
6342094
6365966
6372680
6373953
6379488
6383111
6386709
6387664
6388308
6389584
6390088
6390639
6391309
6391907
6392245
6392706
6392883
6393377
6394252
6395802
6397604
6401520
6402241
6402850
6403401
6403965
6405028
6408772
6409207
6411116
6413202
6414830
6417419
6418054
6424254
6425272
6425927
6429405
6431015
6433519
6434736
6435887
6436267
6437507
6438472
6439080
6440031
6441367
6442692
6443650
6444292
6444832
6445396
6445815
6446270
6446904
6447520
6448058
6449373
6452221
6452617
6453170
6454983
6460235
6461569
6462854
6464190
6465157
6466677
6467474
6468392
6470550
6470690
6471704
6472250
6473290
6473758
6474117
6474546
6474973
6475337
6475761
6476139
6476705
6477238
6477788
6478518
6483276
6483777
6484265
6484718
6485075
6485949
6486506
6487025
6488118
6492171
6492790
6493188
6493616
6494142
6494890
6495976
6496081
6497567
6498267
6498929
6499442
6500346
6502611
6504982
6515442
6516279
6517421
6518894
6519422
6520705
6521448
6522225
6523001
6523458
6524232
6524929
6563692
6565922
6567330
6568336
6569163
6569685
6570107
6570565
6571048
6571474
6572656
6573238
6573875
6574414
6575184
6575989
6579429
6580370
6581124
6581975
6582662
6584080
6586057
6587316
6587359
6588683
6588840
6589753
6590648
6591845
6592996
6595496
6597239
6602738
6603480
6604279
6605001
6605921
6606653
6607133
6607789
6609079
6610621
6611601
6614901
6616215
6617017
6617482
6617967
6618455
6618950
6619941
6621390
6622409
6623213
6623857
6625235
6625824
6626257
6626770
6627258
6628251
6628726
6629930
6631957
6633854
6634457
6635123
6635606
6636139
6636623
6638627
6638764
6648715
6649271
6649861
6650401
6650782
6651395
6651817
6652321
6653042
6653728
6661736
6662398
6663344
6663969
6665393
6666239
6667239
6668284
6668866
6669623
6670499
6671338
6672061
6672540
6673090
6673639
6674008
6674415
6674823
6675229
6675613
6676071
6676534
6677036
6677572
6678140
6678648
6679303
6680020
6680845
6681930
6682760
6683292
6683895
6683988
6684495
6686156
6686806
6687477
6687968
6688727
6689281
6689770
6690191
6690575
6692037
6692607
6692980
6693700
6694201
6695304
6696130
6697075
6697767
6698353
6698797
6699229
6699563
6699975
6700306
6700598
6700950
6701351
6701715
6702065
6702827
6703813
6703895
6707605
6708798
6710093
6711005
6711358
6711899
6712150
6712396
6712659
6712964
6713227
6713582
6713871
6714240
6714545
6715004
6715865
6716421
6717170
6721099
6723106
6723680
6724199
6724471
6725073
6725862
6726368
6727071
6750582
6751252
6752129
6758090
6763012
6765978
6766431
6767038
6767738
6768235
6768997
6770103
6771299
6771872
6772363
6772860
6772996
6773440
6774525
6779348
6780926
6781728
6782471
6783209
6784041
6784792
6785410
6785914
6786287
6786663
6787084
6787422
6787772
6788146
6788380
6788499
6789209
6789578
6790124
6800932
6802551
6803902
6812404
6813969
6816518
6817549
6818324
6819305
6820138
6820742
6821884
6822452
6823283
6824203
6825108
6827450
6828521
6829370
6830559
6831364
6832224
6832456
6836335
6841672
6842612
6844632
6849501
6850603
6851867
6852672
6853451
6854171
6854957
6859283
6859908
6860689
6860746
6861453
6863367
6864238
6864509
6867753
6867979
6869623
6875940
6876661
6877218
6877992
6878824
6880244
6881278
6881663
6881852
6882625
6883786
6884415
6885184
6886123
6887409
6888787
6889854
6891554
6897712
6898858
6899757
6899953
6900689
6901782
6902172
6902956
6904189
6905550
6906828
6908671
6910728
6911328
6911788
6912267
6912986
6914713
6926043
6926593
6927137
6927645
6928205
6928642
6929084
6929941
6930717
6932123
6937740
6938879
6939167
6939592
6940085
6941074
6946152
6947184
6952930
6957490
6959087
6959801
6961648
6963809
6964420
6965166
6965816
6966298
6966930
6967640
6968505
7007198
7010757
7011270
7011788
7012272
7012846
7013362
7014122
7014965
7015715
7019785
7020343
7020777
7021165
7021572
7022083
7022410
7022444
7022560
7023030
7023672
7024436
7025569
7026233
7026669
7027221
7060550
7061262
7063331
7063716
7064062
7064806
7066781
7067412
7067888
7068303
7068749
7069147
7069565
7069913
7069954
7070259
7071098
7071541
7072145
7073030
7074355
7076556
7081475
7086270
7087235
7088184
7094053
7095316
7096042
7097415
7098075
7099075
7103391
7104568
7105245
7105566
7105622
7105980
7106326
7106662
7106949
7107301
7107724
7108142
7108557
7108946
7109560
7110242
7110874
7111633
7112215
7112719
7113127
7113482
7113854
7113910
7114166
7114550
7114851
7115219
7115630
7116174
7116501
7116947
7117416
7117858
7127407
7127994
7128499
7129550
7130340
7130845
7131411
7132103
7132869
7134392
7141384
7142061
7142819
7143772
7144785
7145049
7145522
7145934
7146461
7146938
7147391
7147885
7148630
7149418
7151009
7152525
7153110
7153230
7153576
7154050
7154479
7155072
7155521
7155677
7156045
7158341
7158431
7159925
7162789
7165249
7165504
7165714
7166593
7167074
7167673
7168150
7176310
7177250
7200693
7201308
7203443
7204377
7205284
7205697
7206379
7207190
7207874
7208641
7208710
7209763
7209807
7210490
7211789
7212729
7213402
7218994
7222038
7223246
7224431
7225803
7230545
7231409
7231956
7232569
7233490
7235224
7239826
7240614
7242111
7243284
7244378
7246032
7247039
7248094
7249833
7251247
7252551
7253455
7254058
7254810
7255539
7256322
7257170
7258750
7263263
7264376
7265182
7266429
7267193
7267804
7268824
7271373
7271976
7272451
7272939
7273388
7273853
7274555
7274932
7275361
7276122
7276934
7282909
7283604
7284197
7284706
7285276
7285707
7286226
7286796
7287359
7288759
7290812
7291523
7292036
7292541
7292600
7293178
7293985
7294404
7294882
7295394
7295869
7296772
7297211
7298274
7298952
7309602
7335315
7336193
7339007
7339568
7340097
7340609
7340699
7341124
7341710
7342653
7343205
7343864
7344385
7344930
7345503
7346053
7346588
7347193
7347813
7348279
7348894
7350059
7350578
7352141
7353136
7353992
7354426
7355603
7356259
7356971
7357460
7357977
7358357
7358846
7359452
7359960
7361039
7362231
7364485
7365023
7365337
7365877
7366425
7369542
7372273
7372746
7373175
7373763
7374458
7375147
7377039
7377254
7377943
7378700
7378729
7385910
7386416
7386896
7387441
7388085
7388822
7389462
7390007
7390685
7391236
7391656
7392255
7392790
7395298
7400951
7402187
7403163
7403918
7404537
7405367
7406955
7410006
7410748
7411532
7411861
7412975
7414940
7416870
7417629
7418335
7419210
7420408
7421132
7422449
7423348
7428242
7429659
7430608
7431673
7432365
7432911
7433782
7434592
7435172
7435200
7435759
7436536
7437277
7438138
7439552
7441231
7442102
7443423
7444415
7445660
7446680
7447490
7448891
7449462
7449923
7450420
7450929
7451444
7452373
7454046
7454857
7455314
7456141
7456646
7457099
7457578
7458181
7463935
7464403
7464546
7465260
7465884
7467839
7469570
7470281
7471261
7471935
7472755
7475173
7476138
7481915
7482654
7483157
7483577
7484049
7484690
7485408
7486652
7490120
7502562
7503131
7503726
7505444
7506662
7507704
7508304
7508728
7509139
7509720
7510296
7517880
7519191
7519829
7520525
7523478
7524592
7525708
7526218
7526572
7527104
7528102
7528604
7530384
7531102
7531716
7532294
7532826
7533342
7533801
7534241
7534641
7535059
7535506
7535906
7536312
7536710
7537151
7537615
7537990
7538505
7539088
7541638
7542415
7543095
7543734
7544365
7545010
7545526
7546298
7547009
7547603
7548281
7548924
7549532
7550269
7551331
7552120
7552846
7553306
7553703
7554048
7554400
7554813
7555136
7555466
7555838
7556256
7556639
7557941
7572992
7577698
7582551
7591421
7592245
7592878
7595629
7601932
7602581
7604206
7605055
7605684
7606469
7607415
7608891
7610220
7612847
7613554
7615663
7617183
7618197
7620689
7621775
7622894
7623630
7626761
7627623
7628307
7628898
7629423
7630213
7630965
7666664
7668064
7668485
7671304
7673671
7677150
7680359
7681641
7683415
7685143
7686226
7699859
7701195
7702058
7702718
7703440
7705171
7706214
7707367
7711735
7713970
7714847
7716051
7716918
7721888
7722882
7723618
7723877
7724311
7724842
7725390
7725851
7726672
7727876
7729112
7729598
7730063
7730393
7731341
7731744
7732190
7732948
7733999
7736342
7737238
7738072
7738997
7739718
7741518
7742340
7743219
7744631
7746112
7746300
7747092
7748515
7748715
7749731
7752564
7753444
7754833
7755661
7755866
7756406
7757441
7758228
7759046
7761435
7765222
7766431
7767360
7768242
7768883
7769774
7770812
7771793
7772669
7773352
7773939
7774520
7775314
7777181
7778091
7779196
7780969
7781618
7783697
7784505
7785206
7785944
7786608
7787402
7788492
7790762
7791665
7792357
7793141
7793939
7794784
7795743
7806200
7806749
7807225
7807604
7808532
7809002
7809570
7809659
7810478
7817382
7818240
7819004
7821280
7822472
7824443
7825133
7825764
7826209
7826698
7827639
7828124
7828698
7830751
7839425
7841816
7842617
7844213
7848002
7848561
7849188
7849983
7850849
7853942
7855238
7857085
7858103
7858294
7858554
7859065
7860408
7866988
7867518
7868429
7870169
7871043
7871967
7872233
7878817
7879263
7879907
7880352
7880858
7881510
7882673
7895062
7903786
7922843
7924520
7925518
7926242
7926507
7927023
7927911
7929100
7930222
7932038
7934347
7938062
7939329
7939935
7940340
7940836
7941130
7941134
7941223
7941808
7942511
7943208
7943261
7943964
7950445
7951596
7951610
7952523
7953372
7953953
7954866
7955520
7956774
7957508
7957560
7958789
7958853
7961149
7963339
7963843
7965087
7966342
7966998
7969024
7969531
7970049
7970581
7971108
7971633
7972467
7973103
7973883
7974959
7976497
7977498
7978700
7979246
7979698
7980296
7980809
7981932
7982917
7992001
7992909
7993926
7994545
7994623
8006331
8008738
8010213
8010796
8011501
8011694
8012210
8013036
8013820
8014376
8015407
8015726
8016903
8017722
8024418
8025174
8025680
8026263
8027095
8027981
8029429
8031510
8033313
8033947
8034553
8035462
8036374
8036964
8037915
8039482
8041301
8041637
8049234
8049262
8071266
8072481
8078998
8079432
8080245
8080673
8081135
8100280
8101250
8103172
8114219
8115503
8118910
8119819
8121035
8121993
8123847
8124642
8128688
8129331
8130199
8131536
8133250
8135974
8137436
8138327
8138626
8141682
8144936
8146767
8152670
8153198
8153609
8154040
8154455
8154931
8155385
8155464
8155902
8156455
8157666
8158287
8159400
8160983
8162046
8163434
8168651
8169286
8169961
8170720
8171321
8171392
8172221
8173160
8180584
8181749
8182893
8183541
8183938
8184470
8185688
8188030
8189234
8191006
8191802
8192494
8193735
8194532
8195412
8195539
8196071
8196923
8197746
8198012
8198731
8199458
8200135
8200694
8201406
8201914
8202556
8203041
8204726
8206031
8206657
8221790
8222444
8223984
8226936
8239682
8248437
8249517
8250070
8250813
8251280
8252309
8252649
8252902
8256952
8259867
8260543
8261276
8261322
8261794
8262307
8262893
8263415
8264122
8264848
8265533
8266326
8266916
8267850
8267891
8269156
8270051
8271315
8272513
8273215
8274465
8275840
8275901
8276789
8278058
8279080
8279679
8279778
8281125
8282851
8283674
8284530
8285025
8285499
8286347
8286496
8286575
8287761
8291403
8293756
8294892
8300108
8300977
8302158
8304593
8305380
8307020
8309120
8319666
8320876
8323900
8333577
8334102
8334691
8335218
8335823
8336456
8336909
8337527
8338570
8341369
8342705
8343315
8344033
8344612
8345718
8346385
8347278
8349946
8350584
8351027
8351260
8351484
8351923
8352349
8352813
8353599
8354752
8360217
8360916
8361683
8362370
8362933
8363559
8364246
8365854
8366520
8367365
8368265
8369324
8370530
8373767
8374900
8375521
8376300
8376846
8377507
8378888
8381040
8384429
8385175
8385809
8386451
8386981
8387600
8388633
8390998
8392542
8393736
8404192
8404877
8405617
8406203
8406723
8407222
8407297
8407784
8408380
8409625
8415057
8420487
8427369
8427910
8428247
8428692
8429505
8429935
8430489
8431021
8431409
8431577
8437361
8438032
8438858
8439723
8440519
8442575
8444349
8448849
8449915
8451316
8452011
8453453
8454244
8454778
8456039
8457249
8461452
8465316
8471162
8479875
8480433
8480482
8482803
8491552
8492340
8493681
8494814
8497856
8507563
8508327
8509404
8509986
8510557
8511111
8512270
8523425
8557554
8570111
8570769
8571288
8571758
8572281
8572792
8573311
8573862
8573943
8579539
8580299
8580334
8580970
8582220
8582908
8583532
8585585
8586359
8587617
8596969
8598056
8599794
8600626
8601420
8601673
8603154
8607287
8609398
8609963
8613915
8614365
8614822
8615314
8615764
8616322
8616783
8617251
8618425
8619665
8620522
8632333
8633145
8635636
8636527
8643513
8644193
8644888
8645591
8646099
8646403
8646881
8647451
8648023
8648867
8649513
8650128
8650912
8651780
8652657
8653370
8654307
8655661
8656661
8658006
8658563
8658999
8659618
8660107
8660522
8661019
8661530
8662056
8662743
8663222
8663704
8664139
8664602
8665142
8665580
8666079
8666560
8667079
8667703
8668252
8668650
8669250
8669750
8670237
8670798
8671543
8672054
8673144
8673628
8674179
8675927
8677514
8678164
8678167
8678613
8679176
8679640
8680127
8680727
8681651
8695274
8699083
8710678
8712305
8712829
8713562
8714348
8717508
8719811
8720096
8720336
8720878
8721166
8721451
8721839
8721910
8722556
8730126
8731478
8732338
8733007
8733488
8733882
8734229
8734555
8734859
8735134
8735445
8735745
8736063
8736687
8737083
8737478
8737874
8738307
8743332
8743819
8744236
8744579
8744951
8745271
8745547
8746025
8746520
8746909
8747470
8748794
8749605
8750229
8750958
8751496
8751863
8752370
8752725
8753093
8753592
8754222
8757223
8757835
8758234
8758633
8759041
8759453
8759944
8760574
8761022
8761425
8762215
8762555
8763339
8764120
8764577
8764689
8764847
8765583
8770763
8771367
8772118
8772617
8773333
8773718
8775120
8776203
8776813
8777342
8777766
8778308
8779198
8779756
8780575
8781759
8782811
8783615
8783909
8784391
8784602
8784842
8785119
8785656
8786159
8786560
8787050
8787180
8787603
8787828
8788292
8788858
8789241
8789674
8789759
8790873
8791476
8792080
8793040
8793817
8794415
8794880
8795199
8795504
8795762
8796048
8796368
8796625
8797062
8797349
8797923
8798368
8798870
8801015
8803042
8810502
8810989
8811378
8811605
8817739
8818623
8819004
8819388
8819922
8822823
8823008
8823395
8824040
8824506
8824937
8825366
8825824
8826265
8826743
8827252
8828149
8828944
8829609
8829696
8830082
8830718
8831183
8831740
8832228
8832613
8833118
8833545
8834101
8834539
8835140
8836121
8837449
8838818
8839638
8840249
8840696
8841357
8842783
8842984
8843203
8843613
8844738
8846000
8849088
8849693
8850725
8851323
8851765
8852376
8852762
8853519
8854285
8855744
8856567
8857215
8857492
8858456
8859339
8860862
8862633
8866149
8866475
8866625
8867083
8867540
8868123
8868708
8878068
8878868
8879404
8879814
8880380
8880816
8881440
8882440
8883422
8883462
8886050
8893535
8896404
8897135
8898567
8909292
8910973
8912105
8912979
8913348
8913931
8914460
8915644
8916231
8917162
8919128
8927339
8927813
8927984
8928229
8928633
8929065
8929553
8930016
8930394
8930465
8930867
8931720
8936090
8936557
8937006
8937348
8937746
8938136
8938713
8939836
8948047
8950826
8961116
8963635
8975780
9005962
9006547
9006576
9006982
9007522
9008223
9019088
9020057
9020787
9021537
9022189
9022680
9023327
9025266
9030437
9030641
9031893
9035755
9036605
9037420
9037640
9038489
9038973
9039780
9040514
9042042
9044341
9044950
9045081
9045840
9047306
9050526
9051175
9051843
9051926
9052413
9052997
9053521
9054083
9054555
9055469
9056213
9057101
9058049
9058620
9059118
9059678
9060310
9061254
9062055
9062753
9063904
9071188
9071948
9072049
9072963
9073580
9074577
9075239
9076873
9077761
9081264
9090624
9092300
9096778
9097269
9097376
9098103
9099728
9108311
9108901
9109781
9110744
9111770
9113264
9113889
9117257
9120802
9122108
9122776
9123411
9124727
9128317
9128838
9132923
9140198
9142597
9143519
9144188
9145839
9146479
9146952
9147027
9147939
9148581
9150041
9150110
9150760
9151867
9155433
9156577
9167382
9172424
9172870
9173786
9174395
9175033
9175959
9182728
9188699
9190411
9191135
9193381
9195012
9196783
9198254
9199167
9200928
9205893
9210256
9211227
9212326
9213294
9219913
9220681
9227476
9228497
9228730
9230426
9230580
9231136
9231618
9231821
9232879
9233903
9234909
9235376
9236284
9238409
9241285
9242726
9243732
9244524
9245105
9245475
9246697
9247878
9248411
9248871
9251296
9254330
9255659
9258969
9260426
9260461
9261210
9261352
9262995
9263919
9264753
9267168
9267934
9269043
9269045
9272346
9274466
9275820
9276200
9276771
9277489
9279153
9280059
9281267
9282275
9282853
9283550
9287983
9295133
9302466
9302992
9303762
9305195
9314801
9316841
9319729
9320415
9325118
9325451
9329578
9330327
9331455
9335239
9336119
9336862
9343368
9351855
9354285
9355078
9356086
9356165
9356669
9357208
9357810
9358554
9359315
9359907
9360517
9361787
9363687
9365502
9366895
9368128
9379203
9379860
9380339
9381017
9382423
9383885
9388455
9389130
9390775
9391669
9392364
9393887
9395541
9400115
9400427
9402849
9403499
9407614
9421638
9451231
9455195
9456161
9459001
9460554
9461514
9462189
9462903
9463075
9465821
9466424
9467743
9468989
9469649
9471041
9471979
9473255
9475992
9477391
9482590
9485073
9485721
9489945
9490319
9490862
9491754
9492581
9493282
9494160
9495608
9496129
9501326
9501364
9506386
9506884
9507160
9508432
9509180
9510715
9512071
9513475
9513560
9514040
9514797
9515609
9516116
9521221
9526928
9527856
9528611
9529454
9530438
9542503
9547813
9549027
9549755
9550753
9551586
9552490
9553901
9555144
9558887
9559365
9560799
9561779
9568501
9569642
9574487
9575069
9575760
9581390
9588912
9589363
9589567
9590252
9590760
9591500
9606204
9608325
9609341
9611290
9612325
9613081
9613697
9614351
9614951
9615368
9616006
9617167
9617835
9623178
9626022
9627152
9628203
9629302
9629740
9631188
9631935
9632812
9633528
9634544
9635447
9636990
9638930
9639385
9642412
9644949
9647397
9648698
9649601
9652055
9655328
9655764
9656059
9656963
9657773
9658836
9659436
9660601
9661290
9662299
9665110
9666027
9667080
9667686
9668685
9669306
9670511
9671175
9672952
9673123
9674912
9675450
9685346
9685930
9686544
9687816
9688422
9689345
9690040
9690618
9702742
9710046
9710843
9711150
9712078
9712962
9714023
9714364
9716041
9716701
9723933
9726357
9727156
9727965
9728958
9729767
9731002
9736212
9738572
9744744
9745862
9746743
9747406
9749064
9750696
9751353
9752264
9753252
9754004
9755309
9758129
9758890
9759769
9762782
9766163
9766992
9768208
9769066
9770317
9771330
9772875
9775267
9776236
9778559
9781220
9781830
9782454
9783138
9783178
9786372
9791595
9795652
9796056
9796483
9797101
9799162
9802223
9803941
9803952
9806864
9809400
9810025
9812478
9813157
9813908
9815215
9817811
9818738
9819839
9821703
9824269
9825343
9826093
9827931
9830343
9832130
9832879
9836146
9838676
9840087
9841336
9846722
9847747
9848958
9851995
9861602
9863044
9865893
9866750
9868354
9870577
9871253
9874662
9875750
9877308
9903288
9905633
9906537
9907354
9908033
9908704
9909384
9910172
9911725
9914776
9915199
9916195
9918548
9925432
9931428
9933799
9940146
9941136
9941503
9942225
9943006
9944040
9944624
9945170
9945622
9946173
9947156
9947733
9948366
9949258
9956301
9957062
9958021
9958799
9959698
9960653
9962954
9964135
9965850
9969116
9971369
10022897
10027557
10031902
10032675
10041417
10042689
10047024
10047465
10050756
10052590
10054251
10055008
10055707
10056358
10056393
10057290
10057799
10058381
10059197
10059564
10060234
10062457
10063190
10064001
10064903
10065758
10075343
10078315
10079486
10080566
10083061
10084233
10085030
10090913
10091907
10092546
10095192
10096087
10097187
10097750
10098027
10103167
10105395
10106352
10108299
10109168
10109952
10111207
10111393
10117519
10126242
10127182
10127575
10132031
10134373
10136271
10136910
10137444
10138993
10139564
10140655
10145746
10146239
10147004
10148133
10148823
10149614
10150110
10150784
10151766
10154260
10157804
10160710
10168908
10179907
10180596
10180668
10181199
10182401
10183074
10183565
10184330
10184895
10185666
10188305
10192288
10193134
10195406
10200583
10202724
10208919
10209919
10214904
10219765
10220911
10221770
10222327
10223062
10224016
10224846
10226964
10228910
10231193
10232065
10233350
10234339
10235697
10240406
10245929
10246879
10248395
10249259
10249897
10250461
10251262
10252024
10252705
10253455
10254579
10255934
10257767
10262491
10266905
10267997
10272740
10273791
10276729
10278960
10279632
10280530
10281299
10281900
10282471
10282551
10283232
10287763
10288728
10289834
10291334
10292889
10293746
10294468
10294954
10303538
10307797
10309485
10310677
10311198
10311742
10313164
10316887
10317607
10318819
10320645
10321723
10323075
10323604
10325077
10325926
10326485
10330583
10350374
10351822
10352359
10353093
10353725
10354400
10357184
10358154
10360329
10364971
10366372
10367045
10368477
10369564
10372577
10373477
10374003
10377931
10380452
10381774
10382747
10384692
10384727
10386020
10386833
10387758
10388504
10392385
10393194
10393935
10395576
10396567
10398946
10399741
10400408
10402231
10403206
10407358
10408471
10409323
10410352
10411538
10412558
10414724
10416993
10418406
10419958
10421260
10421839
10422774
10423482
10424179
10424633
10425835
10431808
10436270
10438610
10440959
10443133
10446337
10447549
10448574
10451357
10452712
10456293
10457110
10459469
10463039
10463429
10464211
10465134
10466400
10467216
10468029
10468073
10468602
10469229
10473853
10474407
10474800
10480053
10481127
10489274
10489998
10490734
10491249
10491751
10492249
10493692
10493748
10494504
10500972
10501903
10503302
10505599
10506425
10507104
10507974
10508484
10509559
10510370
10511007
10512037
10513123
10513925
10515377
10520504
10521376
10522173
10523417
10524386
10525357
10526746
10527574
10528122
10528944
10529648
10531026
10539474
10540769
10541807
10542871
10544502
10548438
10555106
10556907
10558610
10560556
10561185
10561885
10562980
10563766
10564470
10565486
10566294
10567393
10569289
10570415
10571903
10572930
10574699
10575795
10576701
10578827
10587618
10588799
10590179
10590958
10592175
10593031
10595826
10597031
10601842
10603005
10603530
10604658
10606237
10610429
10610985
10611696
10612607
10613511
10614201
10615180
10615356
10617181
10618201
10623985
10624839
10625378
10625887
10627403
10628256
10628827
10629358
10630046
10630606
10633815
10633910
10634658
10641943
10643119
10645948
10646719
10647371
10647562
10648186
10649271
10651429
10652197
10653313
10654583
10656905
10659408
10661207
10662362
10663230
10664337
10664948
10665585
10667814
10669209
10669994
10670570
10675444
10681748
10682788
10684259
10688322
10689427
10690597
10693261
10694419
10695368
10696151
10697188
10698027
10698934
10699522
10700108
10701736
10708115
10708568
10709186
10710528
10712189
10716985
10719653
10720443
10721646
10724223
10729729
10730887
10731432
10733358
10733461
10736277
10737256
10737973
10738832
10739900
10741386
10743351
10744751
10745729
10747326
10748985
10751809
10753445
10756057
10756510
10758401
10758452
10761928
10765386
10768729
10769458
10770076
10770573
10771189
10772215
10772711
10773090
10773516
10773851
10774191
10774575
10775339
10775756
10776299
10778141
10781133
10800114
10800527
10800809
10801209
10801990
10802497
10802928
10803798
10808103
10808614
10809081
10809525
10809863
10810225
10810625
10810959
10811375
10811885
10812401
10813077
10821840
10822183
10823174
10825626
10835382
10836370
10838146
10839587
10850190
10851185
10851766
10852389
10853023
10853731
10854423
10854934
10855840
10855905
10856823
10859512
10859943
10860104
10865614
10866579
10866988
10867374
10867770
10868219
10868677
10869158
10870148
10870733
10871301
10872017
10872573
10873052
10873631
10874768
10875374
10876127
10876727
10877228
10877902
10878422
10878938
10879871
10881756
10882574
10883125
10884639
10885186
10885789
10886173
10886208
10886609
10887060
10887492
10887915
10888329
10888781
10889181
10889811
10890644
10891707
10892265
10892701
10893105
10893462
10893903
10894239
10894741
10895363
10902281
10902692
10903084
10903500
10903850
10904314
10904675
10905010
10905425
10906306
10907174
10910286
10922057
10922512
10923028
10923111
10923678
10924178
10924833
10925829
10929533
10930354
10930846
10931982
10932639
10933404
10933998
10934699
10936005
10936976
10938331
10940402
10941307
10942769
10951958
10953041
10954088
10954595
10955581
10956818
10958111
10959813
10961495
10967307
10969546
10970369
10976163
10976472
10977838
10977900
10978842
10979195
10979969
10983976
10984718
10985560
10986111
10987115
10987938
10989175
10990703
10991316
10991896
10999322
11007997
11008880
11009739
11010681
11011683
11012399
11012950
11013543
11014792
11015911
11016844
11017632
11018363
11019389
11019985
11021396
11022472
11023303
11024056
11025111
11031989
11032677
11046464
11047905
11048725
11050522
11052355
11053750
11054753
11055548
11056423
11056899
11057429
11058311
11059861
11062805
11063480
11064981
11065519
11066205
11067581
11072364
11073173
11073825
11075753
11077539
11080999
11081898
11082396
11084025
11085472
11086445
11087451
11088363
11088408
11090494
11091227
11092184
11092689
11094406
11095207
11096079
11103838
11104742
11106484
11107107
11107944
11112208
11119549
11120274
11121044
11121617
11122360
11122433
11122845
11124052
11124667
11125573
11134328
11134809
11135627
11136051
11136118
11136551
11137080
11137810
11139156
11140457
11141094
11142079
11142706
11143468
11144140
11146893
11150349
11154543
11155056
11157928
11163218
11164608
11165183
11165970
11166526
11167488
11168368
11169541
11170829
11171430
11172072
11172855
11173708
11174557
11175388
11176077
11177074
11178157
11179064
11184317
11184859
11185461
11186157
11190290
11190745
11195046
11195747
11196574
11198388
11199126
11199547
11200756
11202503
11202627
11203441
11204544
11205881
11222057
11222540
11251238
11252131
11253093
11255051
11256357
11257341
11257473
11258280
11259230
11265882
11269607
11271708
11273103
11273983
11274540
11275207
11275892
11276535
11276542
11277144
11277892
11278622
11279243
11279935
11281522
11285939
11286752
11287475
11288094
11288748
11289379
11289940
11290651
11291484
11295020
11298318
11304127
11304879
11305589
11306182
11306999
11308172
11311052
11312700
11315553
11316494
11320294
11320866
11321381
11321937
11322602
11323158
11323758
11324596
11325344
11325956
11326492
11326945
11327427
11328583
11331078
11334063
11335299
11336846
11338487
11340319
11342026
11342677
11343355
11343433
11344766
11345327
11345939
11346137
11346521
11347216
11347689
11348541
11349145
11350227
11351361
11354382
11359083
11368631
11381552
11382796
11383978
11389030
11389810
11390513
11391229
11391270
11392101
11397013
11398137
11399881
11400224
11411659
11413476
11414427
11417113
11419321
11420552
11421435
11423254
11427758
11431907
11432181
11434273
11434911
11435349
11435999
11436580
11437109
11437657
11438235
11438916
11439703
11455596
11456049
11456382
11456795
11457167
11457494
11457868
11458329
11458769
11459395
11459437
11460744
11464786
11465460
11465955
11466493
11467267
11468150
11470144
11471699
11471896
11472717
11474624
11475307
11476612
11477291
11477971
11478866
11479809
11481421
11482113
11482662
11483290
11484119
11488760
11489667
11490205
11490329
11491155
11492241
11492696
11493295
11494366
11496391
11496924
11497480
11498035
11498571
11499076
11499622
11500051
11500561
11500912
11501488
11501929
11502340
11502921
11504514
11506886
11508024
11510297
11520448
11521627
11522056
11522411
11523116
11523885
11524739
11525690
11526673
11527360
11528172
11528840
11529387
11529952
11530435
11530861
11530898
11531250
11531667
11531981
11532419
11532760
11533180
11533734
11534221
11534901
11535608
11536196
11536832
11537450
11539088
11539774
11540415
11541225
11547801
11554796
11556644
11561877
11562633
11571897
11572897
11573398
11573827
11574216
11574671
11575385
11576129
11577047
11583564
11583736
11584098
11584667
11585025
11585492
11586165
11586734
11587391
11588504
11589029
11589469
11589840
11590169
11590475
11590855
11591527
11591986
11592592
11592990
11593477
11613890
11615068
11620627
11621401
11622113
11623229
11623693
11624064
11624193
11625165
11625610
11625943
11626761
11627904
11632734
11633177
11633662
11634131
11634586
11634982
11635464
11636292
11636443
11637110
11637795
11638456
11639080
11639650
11649587
11661435
11662258
11662774
11663408
11664249
11664992
11665619
11666698
11668803
11668856
11669518
11670586
11671157
11672582
11676753
11677792
11678266
11679155
11679987
11681016
11703763
11704494
11705140
11705482
11705849
11706625
11707315
11707975
11708607
11709337
11710080
11710713
11711705
11712469
11713521
11716664
11717520
11718164
11718956
11719493
11720430
11720982
11721625
11722880
11736642
11738130
11738964
11743264
11743352
11743896
11744445
11745072
11745904
11747792
11748802
11749506
11750076
11750496
11750893
11751317
11751719
11752469
11753130
11753876
11756717
11759491
11760656
11761724
11762943
11764026
11765860
11767417
11769227
11770620
11771419
11772383
11773263
11773976
11774578
11775274
11777149
11781695
11782220
11782826
11783275
11783743
11784357
11785166
11791407
11794339
11795358
11795835
11796221
11796682
11797169
11797618
11798121
11798640
11799285
11800406
11801617
11802319
11803121
11803508
11803853
11804489
11804867
11805090
11806823
11812755
11814921
11815845
11816542
11816971
11817558
11818096
11818831
11819453
11820827
11822291
11822934
11823599
11824338
11825427
11826102
11827218
11827774
11828338
11828981
11829488
11829528
11830640
11833132
11833638
11834524
11835019
11835753
11836797
11837249
11842453
11844546
11847573
11848956
11849740
11854792
11866898
11868577
11869695
11870261
11870799
11871535
11872117
11872777
11873390
11874237
11879254
11892973
11896616
11902190
11902982
11919297
11919927
11920525
11920962
11921517
11922068
11929425
11930101
11930633
11931849
11932577
11933116
11934328
11934329
11935810
11936988
11941089
11953302
11960949
11962566
11963283
11963875
11964429
11973101
11973631
11981193
11981791
11982224
11982728
11983189
11983658
11984652
11985195
11985864
11986813
11988838
11990773
12003578
12004352
12004878
12005397
12005898
12006400
12007038
12007685
12008778
12012772
12014095
12027975
12028548
12028998
12029402
12029937
12030295
12030745
12031162
12032125
12032767
12033144
12034035
12034260
12034502
12034910
12035354
12035888
12036460
12036629
12048547
12065061
12065696
12066151
12066553
12066877
12067215
12067524
12067812
12068119
12068446
12068783
12069058
12069742
12070159
12070470
12070833
12071205
12071674
12072146
12072622
12073151
12074226
12074649
12074820
12075275
12075821
12076414
12076945
12077530
12077997
12078813
12079378
12080144
12080591
12081037
12081604
12081979
12082484
12083002
12083903
12084474
12085118
12085791
12086411
12087024
12087972
12088466
12089112
12089886
12090414
12091105
12091630
12092027
12092532
12094167
12098036
12098277
12098832
12099254
12099633
12100095
12100424
12100853
12101246
12101679
12102239
12104752
12118390
12119041
12119633
12121081
12126382
12129606
12150578
12165663
12166291
12167663
12169767
12170422
12171457
12180526
12181385
12182170
12183511
12185659
12195973
12196102
12196580
12196626
12197951
12198452
12199417
12202303
12222692
12224244
12225138
12232324
12234035
12236882
12237556
12238307
12238937
12239548
12240165
12240728
12242527
12252376
12252837
12253329
12253765
12254249
12254739
12255387
12256035
12256891
12258048
12258794
12259477
12260301
12260959
12261769
12262610
12264014
12265026
12266138
12266849
12274151
12279578
12292652
12293245
12293405
12293707
12294335
12302198
12306054
12306720
12316466
12317488
12318002
12318117
12318210
12319226
12319859
12320505
12321082
12321872
12323528
12325112
12326733
12328786
12330445
12331017
12331805
12332374
12333499
12334219
12346516
12348002
12354226
12354967
12355781
12356673
12357650
12365636
12366080
12366455
12366842
12367382
12367962
12368520
12371599
12375558
12378160
12387640
12388054
12388471
12389370
12390256
12390832
12391190
12391610
12392326
12393034
12396120
12401889
12405493
12406008
12407791
12408483
12409886
12411106
12411738
12424061
12425263
12428122
12428839
12429663
12430403
12431025
12431849
12433219
12434951
12435983
12436721
12437495
12438059
12438845
12443527
12444805
12457685
12478077
12480407
12481390
12489080
12490529
12491791
12495521
12497519
12498996
12499654
12500032
12501359
12503000
12503383
12504484
12507987
12523159
12523376
12523885
12524330
12524907
12525352
12526412
12527165
12527934
12531237
12533266
12534284
12535445
12536410
12538305
12540142
12543850
12544325
12544684
12546059
12546905
12552067
12552778
12553435
12553924
12556887
12560433
12564047
12565075
12565119
12565751
12566393
12566780
12566987
12567610
12568240
12568826
12569417
12570712
12571839
12572680
12573630
12574151
12574643
12575112
12575653
12576176
12576660
12577273
12577861
12578863
12579716
12600518
12601201
12602713
12603390
12604367
12605411
12606354
12607595
12608180
12608675
12609778
12610639
12611244
12613778
12615699
12616818
12621708
12622348
12622776
12623289
12623862
12624417
12625588
12626683
12627693
12628779
12629498
12629996
12630517
12631206
12631731
12632396
12633350
12634051
12634634
12635247
12636243
12636918
12637953
12639924
12642112
12660071
12663880
12669647
12670315
12670960
12671486
12672079
12672854
12673572
12683372
12683825
12684249
12684645
12685038
12685489
12685913
12686310
12686732
12687703
12688284
12689060
12691535
12692261
12697214
12697748
12698452
12699029
12699560
12700515
12701640
12703460
12704676
12705465
12706302
12707084
12708322
12711712
12712632
12714169
12715370
12715614
12716903
12717888
12718480
12719153
12719647
12720408
12730099
12730687
12731444
12732023
12732778
12733871
12734913
12736292
12737264
12738212
12739433
12740051
12740657
12741973
12744910
12746043
12746886
12749431
12750185
12752083
12752879
12754563
12755271
12755949
12756677
12757221
12757681
12758216
12758778
12759381
12760054
12764371
12766997
12768186
12777579
12778418
12779164
12779705
12780325
12780931
12781694
12782584
12782736
12783595
12783635
12784314
12785015
12785466
12785797
12786761
12790836
12790911
12792165
12792870
12793354
12793773
12794242
12794430
12804394
12805110
12805724
12806256
12806891
12807369
12807802
12808425
12809034
12809973
12813849
12820147
12820806
12820884
12822181
12822610
12823149
12823678
12824065
12824189
12824719
12825618
12826476
12827542
12831210
12833970
12835612
12836262
12836898
12837727
12841767
12842615
12842745
12843615
12844853
12845655
12846227
12846995
12848085
12857151
12861138
12862161
12863370
12864374
12865329
12866073
12866794
12867902
12869841
12870456
12870801
12871379
12871911
12872763
12873450
12874415
12875264
12877198
12878398
12879517
12880619
12881450
12882262
12883937
12885543
12887253
12890940
12891911
12892557
12893267
12894363
12900560
12901832
12917384
12922245
12926060
12926632
12937278
12937876
12938244
12938979
12939346
12939729
12940086
12940589
12940989
12941502
12942254
12943005
12943945
12944955
12945855
12946667
12947230
12947912
12948583
12949412
12951825
12951875
12953168
12956747
12957396
12958728
12964210
12973143
12977569
12988536
12989643
12990382
13012540
13017300
13020342
13021557
13022623
13024665
13053371
13054533
13054570
13055422
13055988
13056460
13056934
13057026
13057631
13058621
13059299
13059825
13062243
13064820
13065681
13068517
13074239
13075371
13076998
13077436
13078519
13079265
13079781
13080263
13080785
13081413
13081939
13082626
13083714
13084820
13086301
13087437
13088449
13090171
13102317
13102939
13103316
13103691
13104061
13104545
13104924
13105397
13105979
13107231
13108065
13108810
13109346
13109527
13110182
13110742
13111443
13112725
13113292
13113994
13115400
13116514
13117401
13118361
13119550
13120435
13121080
13123740
13124744
13125575
13126105
13126902
13127749
13127873
13129776
13130498
13131006
13131905
13132427
13134323
13135557
13136394
13136926
13137744
13138490
13139179
13140402
13142857
13143940
13144775
13145685
13146610
13147269
13147866
13148969
13149444
13149572
13150313
13156077
13157936
13160977
13161993
13162798
13163553
13163590
13164712
13165542
13165712
13166275
13167039
13167535
13168065
13168644
13169206
13170026
13170782
13171639
13178611
13179278
13180183
13181808
13187554
13188047
13189024
13189547
13190008
13190525
13191052
13191518
13192454
13193365
13194536
13195173
13197580
13197853
13204163
13205005
13205133
13206012
13207296
13208042
13209067
13210623
13211681
13211857
13215105
13216693
13217740
13220556
13224642
13225393
13226090
13226801
13228036
13229016
13230034
13230734
13243228
13244055
13251077
13251891
13252665
13253412
13254080
13254634
13255457
13256531
13258085
13265988
13267000
13269663
13270406
13271374
13277314
13283890
13299665
13300564
13302075
13302115
13312822
13316464
13317407
13318108
13318760
13319538
13320650
13321792
13322623
13323531
13324918
13330651
13337938
13339101
13339593
13340112
13340543
13340957
13341457
13342433
13374575
13384809
13388041
13392842
13394853
13395047
13395639
13396233
13396331
13396922
13397420
13397846
13398440
13398960
13399401
13399774
13400908
13402773
13403178
13404080
13404113
13405561
13406353
13424317
13427789
13428634
13429285
13431005
13440841
13467190
13467967
13468583
13469294
13470076
13471174
