6306.607
9801.276
10731.88
11214.59
11646
11991.06
12013.33
13550.48
14226.52
14945.75
15265.65
15571.84
16127.43
16380.59
16660.42
16993.28
17165.35
17475.34
17974.02
26506.13
27032.31
27453.33
28382.57
29269.24
35238.57
43978.98
51038.49
51773.34
52464.95
53034.68
54002.42
54636.74
55679.97
56597.91
66632.37
83722.95
85645.33
86989.43
87785.37
94016.57
96051.05
113767.5
113901.4
114833.1
115458.4
116944.3
122735.8
125570.5
126532
130255.8
133350.1
149726.3
150126.5
150505.6
151180.4
151653.9
152025.4
159979.6
162165.7
163758.6
164359.9
164950.1
166878.6
167456.1
168278.3
168924
169820.1
170327.2
170713.5
171090.1
171510
171949.2
172613.5
173549.8
175659.9
188409.6
194856.2
197330.7
197839.7
198297.7
198885.7
199566.2
200157.7
200982.9
201471.7
209049.7
209661.8
210271.8
214557.9
219270.4
221121.5
221786.7
225263.9
228516.2
229180.3
230337.6
235222.4
236542.9
236566.7
238462.8
239152.4
239509.6
240088.6
242004.8
242759.2
243540.3
245134.7
245613.2
245919.6
246601.1
246973.7
247610.4
249036.1
249739.9
251085.1
253227.4
254070.4
264730.8
283229.4
286684.1
292041.3
297176
297945.7
298683.2
300335.4
309076.6
310569.7
311791.2
312320.5
312729.1
313164
313851.2
314815.6
335627.4
337218.8
337759.4
339566.5
340624.4
341253.3
351335.3
352166.8
352770.1
357117.1
358784.3
359798.6
361402.7
368890.9
369566.2
370336
376247.3
377397.3
379107.5
381656.1
383571.5
391165.7
391736.9
397470
397938.5
399952.1
400536.4
402048.2
403264.7
404028.2
404689.2
405478.8
411820.5
412457.6
412999.4
413664.4
415864.5
416581.6
422148.2
423278.5
450284.1
451222.8
459048.8
467215.4
475143.9
475616.2
476036.5
489689.4
500969.5
503204.4
503618.3
504014
504719.8
505588.6
511585.7
512297.3
513157.5
513964.5
516587.3
528009.1
530745.7
531024.3
537420.4
538216.7
538816.6
539274.4
540172.7
540851.7
541422.1
541815
542308.7
548312.8
549005.1
549555.5
550442
553196.1
553795.2
557884.6
558286.5
558904.9
559517.7
560225.5
566729.7
567323.4
568603.7
575768.6
576274.1
576931.6
577570.6
578032
578628.9
580694.6
581217.6
581697.4
582403.7
583474.4
591018
592334.4
607164.5
609958.4
610402
611044
611811.3
612810.8
613293.5
613787.5
614313
614765.3
615194.2
617836.7
618498.5
619001.4
619362.5
619848.2
620360.8
620878.5
623149.6
624476.7
625889.4
634687.8
652268.2
653255.9
653918.3
657309
657847.3
658114.4
658566.6
659249.9
695150.8
706739
707464.1
707948.1
708352.1
709126.9
709559.3
709966.8
710406.7
711101
711871.6
724751.5
725660.9
726818.3
727611.4
730150.8
730726.9
731149.5
732113.1
734321.3
743011.2
744974.1
745922.8
746415.9
747232
751350.7
752254.8
756740.5
770624
771083.8
771463.3
771834.7
772433.9
788412.7
801937.1
805937.5
818530.7
823963.7
824685.9
825101.5
825279.2
825404.7
825696.9
826015.5
826364.1
826738.5
827161.6
827666.7
832273.9
837011.7
837825.3
838961.5
844101.1
845428.2
846974.2
865228.3
866721.1
867482.8
869679.6
870188.6
870795.7
870933.5
871447.7
879118.1
907155.5
908365.1
913447.5
928468.1
931081.3
931782.3
932573.1
935514.3
936701.6
937309.5
938368
942561.3
950653.3
951192.4
951968.9
952672.1
954978.1
958719.4
959141.7
960345
966395.3
967000.6
971133.2
979065.3
979751.3
981425
981878.5
982394.7
982877
983278.3
984211.9
989963.3
990406.5
991749.1
992705.8
995334.3
998285.7
999311.1
999939
1000411
1002275
1010235
1012978
1021821
1022784
1023359
1025015
1026008
1029941
1031857
1032872
1033964
1034504
1038033
1038361
1038811
1039677
1041735
1043315
1044074
1044714
1047326
1047946
1049105
1062309
1062962
1063362
1063884
1064434
1065359
1068439
1068951
1069525
1070205
1070680
1071499
1071981
1072513
1073231
1078946
1081864
1082579
1083180
1083609
1084280
1084726
1085755
1086435
1088620
1089834
1090434
1091062
1091965
1125976
1137071
1137702
1138515
1144220
1146197
1146866
1147827
1152698
1156675
1160739
1162179
1162774
1163580
1164093
1164631
1165038
1165372
1165836
1166260
1167230
1179856
1193311
1202931
1203897
1204844
1205567
1206021
1206577
1215723
1216131
1216693
1217319
1217917
1229285
1232029
1232513
1233176
1234370
1248849
1254821
1255511
1264541
1283105
1288251
1288845
1289267
1289889
1290630
1291082
1291561
1292013
1294900
1300477
1301589
1302128
1306540
1317372
1318364
1320643
1326241
1326732
1327998
1329537
1351388
1353223
1360735
1362579
1368720
1388208
1396611
1409794
1417444
1417956
1418789
1421017
1421039
1421437
1421896
1422477
1423454
1424390
1425074
1425463
1425739
1426146
1426623
1427121
1427746
1428830
1435415
1436131
1436660
1438277
1442743
1443365
1444196
1445665
1446427
1448155
1448668
1448993
1449536
1469792
1470322
1470940
1471365
1471728
1472065
1472442
1473338
1478232
1480918
1482370
1484058
1484762
1485513
1486531
1491775
1494869
1497565
1498228
1498995
1508858
1511137
1511232
1512115
1512615
1513535
1515658
1516427
1518015
1518449
1519069
1524137
1526372
1527213
1528040
1539907
1540697
1541342
1541836
1542591
1561954
1565390
1570882
1571550
1572592
1584351
1586299
1589680
1592838
1594084
1609886
1610517
1615927
1621066
1622349
1623201
1623645
1624182
1644082
1645541
1646223
1646715
1647315
1647736
1648637
1650387
1651104
1651748
1652303
1656245
1656894
1659047
1659907
1669080
1669651
1672973
1673463
1674980
1684140
1693057
1700338
1702196
1703495
1724344
1727474
1728267
1729341
1730112
1730456
1730980
1731416
1735894
1736330
1736828
1737289
1739217
1740002
1740641
1741073
1743665
1744349
1744807
1745354
1746106
1746681
1748075
1748764
1749349
1749739
1749994
1750447
1750924
1751553
1752359
1752811
1753353
1754059
1755084
1800384
1801408
1802399
1805701
1809494
1810695
1813076
1813639
1814794
1815990
1847880
1848585
1852050
1860040
1863446
1864448
1866433
1875976
1878916
1880281
1892947
1897815
1898439
1899263
1899858
1909231
1910438
1911149
1914913
1923093
1942486
1943155
1944053
1953405
1954376
1956487
1956998
1957301
1957717
1958961
1959380
1960138
1970213
1974709
1976603
1992555
1994696
1995691
2000130
2000892
2010090
2010593
2015017
2015582
2016293
2016767
2019735
2020454
2021215
2023947
2024416
2025166
2036360
2037310
2037862
2038311
2038996
2039547
2040127
2040949
2041560
2042532
2045163
2045631
2046167
2063708
2064574
2066367
2067365
2068184
2070271
2071460
2081577
2083618
2084492
2086840
2093521
2098289
2099030
2100498
2103299
2104138
2109656
2114949
2116644
2117753
2118492
2134488
2137812
2139375
2140271
2140925
2141446
2142757
2143599
2165519
2166109
2166649
2167307
2167810
2168253
2168713
2169876
2179606
2180287
2181355
2182760
2184814
2191871
2192498
2193135
2193578
2193882
2194155
2194448
2194808
2195091
2195581
2196100
2198722
2199238
2201095
2203856
2204402
2204784
2205253
2205598
2207061
2218858
2221005
2262981
2269054
2270436
2275021
2276586
2277498
2284791
2291609
2292907
2293529
2294383
2295495
2315111
2318119
2323134
2324172
2325272
2337446
2337996
2338530
2339051
2339543
2363040
2363778
2364255
2365029
2365764
2368886
2369585
2370607
2370964
2371783
2373118
2373807
2384650
2385537
2386881
2401951
2402434
2403047
2411083
2411471
2411788
2412200
2412545
2412996
2413798
2414324
2416248
2420323
2422060
2422908
2425176
2425676
2426145
2439874
2440375
2440799
2448620
2449375
2451101
2453156
2453932
2454576
2455918
2456347
2457246
2457948
2459025
2459939
2467265
2474784
2487730
2488828
2489897
2490539
2491060
2491649
2492271
2492845
2512968
2513822
2520049
2524134
2526178
2529266
2529992
2530561
2531347
2531981
2532561
2533134
2533815
2534273
2535010
2535608
2536296
2541384
2543347
2544702
2548255
2550506
2551401
2559336
2560119
2560622
2560782
2561102
2561518
2562233
2562683
2563029
2564042
2564823
2582426
2599203
2599803
2600552
2601344
2602341
2603296
2604603
2609103
2613681
2630409
2670424
2671193
2672760
2680141
2680803
2705469
2708266
2709212
2711373
2716355
2716835
2717458
2718197
2738155
2741924
2744513
2744927
2745390
2746780
2747788
2748336
2749055
2750458
2752276
2753139
2753166
2753797
2754318
2754976
2767880
2768424
2769050
2769699
2770255
2770939
2774119
2778958
2790849
2791347
2792001
2792520
2793614
2794050
2794717
2795343
2796580
2806586
2809409
2810297
2819140
2819755
2828753
2830287
2831063
2831702
2847781
2860531
2861324
2862588
2862774
2863634
2865292
2871072
2876309
2877441
2878545
2879258
2879935
2880732
2881556
2882685
2887941
2888625
2889163
2890063
2896810
2898019
2899702
2900919
2909427
2911919
2939307
2940687
2943412
2944379
2945075
2970539
2972473
2975599
2978908
2979859
2982138
2983526
2983710
2984151
2984609
2993009
2993609
2996631
2997125
2998250
2999170
2999790
3000218
3014608
3018943
3019776
3020480
3021163
3022358
3022893
3023775
3024300
3024766
3025889
3029807
3035855
3047203
3059789
3065520
3066098
3067618
3069312
3085302
3093644
3094180
3094531
3095058
3096367
3096948
3097430
3099510
3105031
3105601
3106356
3107185
3115504
3116530
3122192
3127511
3127544
3151701
3162198
3163084
3174339
3175066
3179393
3179943
3180712
3181719
3182253
3182725
3183272
3183927
3200670
3202297
3210002
3210892
3218987
3219401
3225879
3231202
3231830
3232475
3233170
3234130
3234707
3236206
3236910
3240064
3240808
3241352
3242173
3242834
3243714
3244475
3264470
3265168
3265965
3275016
3276106
3278834
3279449
3279993
3281117
3281805
3282274
3283015
3290913
3297202
3300109
3301217
3301741
3302229
3304265
3305361
3306066
3306630
3307212
3314911
3315327
3315900
3316289
3319215
3319808
3320165
3320539
3321030
3321698
3322558
3334180
3336670
3338191
3340581
3342313
3343198
3343724
3345615
3346080
3346601
3353070
3354456
3359722
3365426
3375600
3389973
3393765
3399991
3402011
3407747
3420063
3420920
3425941
3428956
3431258
3432141
3432803
3433962
3435054
3436019
3436618
3465185
3471202
3473041
3473620
3475186
3476506
3480650
3481641
3482545
3483001
3483472
3484403
3496534
3497540
3497912
3498247
3498716
3499154
3499798
3500460
3502161
3502663
3505442
3506099
3507245
3507680
3508172
3508470
3509386
3509838
3510360
3510829
3511320
3511992
3534376
3547455
3575801
3578646
3579310
3580728
3618390
3622688
3634373
3635381
3636103
3637564
3641964
3642651
3645101
3645648
3646499
3658847
3659415
3660362
3661028
3663635
3664657
3675145
3676135
3676893
3691074
3691548
3692053
3692455
3692961
3696101
3696123
3696762
3700248
3701625
3702806
3703412
3703974
3704499
3712787
3713455
3714414
3715027
3715480
3716091
3716913
3721410
3721928
3722384
3722888
3723400
3724160
3724888
3725486
3727982
3729012
3734537
3735063
3735640
3752636
3753141
3753216
3753613
3754193
3758231
3759136
3759657
3760228
3760671
3761058
3761654
3794269
3794806
3794835
3799361
3805067
3805460
3805960
3809039
3809573
3810562
3811438
3812144
3813762
3814549
3815522
3816205
3817623
3818722
3819453
3819876
3820672
3823472
3826363
3833970
3834388
3835106
3844512
3860971
3862132
3862659
3863110
3863508
3864128
3886419
3887921
3891595
3892441
3893246
3894019
3895335
3912431
3913240
3913856
3914509
3915111
3915941
3916563
3917587
3918492
3919204
3919914
3920419
3920909
3921448
3923264
3923612
3924182
3925297
3928215
3929564
3930729
3940438
3942573
3958978
3959489
3961736
3962494
3963241
3964018
3966676
3972080
3972587
3973514
3974094
3974638
3975190
3975860
3978058
3982105
3987338
3988735
3990007
3990980
3995094
3995658
3996025
3996578
3997115
3997863
3998473
3998655
4013939
4014493
4015031
4015907
4017184
4018052
4018884
4050288
4050823
4051362
4052285
4052748
4054133
4076231
4079202
4079852
4080644
4081890
4083963
4084858
4085656
4086826
4087521
4087991
4088621
4089922
4095234
4095768
4096572
4097005
4112341
4112775
4123631
4132104
4133090
4133895
4136979
4137602
4137951
4138341
4138747
4139319
4140269
4151112
4153149
4153768
4154391
4155790
4156239
4157863
4158765
4161026
4174802
4175162
4175693
4176174
4177006
4177943
4178368
4179472
4180857
4181661
4182153
4182665
4183246
4183654
4186239
4186921
4191322
4191942
4192437
4192551
4193869
4195504
4196803
4197841
4198402
4198805
4199344
4202643
4203203
4203718
4204473
4204955
4211362
4211955
4213903
4216355
4217297
4219806
4220177
4220434
4221402
4234448
4235025
4235677
4236388
4236976
4237468
4245410
4246014
4246451
4250879
4251393
4251880
4252581
4253577
4273206
4277390
4278615
4279314
4289701
4290288
4291525
4292149
4292565
4292935
4293435
4293967
4294480
4295340
4296182
4296873
4297969
4301865
4319878
4322729
4323598
4324558
4332284
4333154
4335625
4342645
4349285
4350954
4357569
4358353
4361146
4361812
4373176
4373734
4374265
4375115
4375579
4376183
4376574
4377559
4378412
4379566
4380460
4381247
4381722
4387018
4387588
4395675
4395880
4396753
4401665
4402172
4402702
4403095
4403762
4404367
4413213
4417391
4418546
4419644
4420508
4421434
4422241
4428491
4445591
4446192
4448177
4449055
4456204
4457229
4458279
4459448
4468692
4469380
4469764
4470240
4470855
4471422
4508235
4510904
4523113
4527689
4528352
4528922
4531152
4537002
4537759
4542472
4542973
4543655
4544160
4545018
4545661
4546406
4547317
4547873
4548379
4548751
4549620
4550082
4550434
4550892
4551768
4564235
4565923
4566949
4567554
4568702
4569359
4572897
4592298
4593628
4594049
4594408
4594798
4595175
4595488
4595854
4596274
4596855
4597431
4599790
4605913
4613297
4624175
4631519
4639500
4643035
4650051
4650908
4651469
4658086
4659625
4660848
4661558
4662375
4663728
4664163
4666793
4669386
4696018
4696744
4697325
4716324
4738175
4739142
4739989
4742265
4743286
4744291
4748571
4750476
4751926
4752671
4753578
4754202
4754663
4755349
4755929
4756556
4757902
4759125
4763917
4774601
4777885
4779993
4780624
4782368
4792811
4793236
4793766
4794302
4794988
4795074
4795539
4796004
4796426
4797248
4803015
4804287
4805463
4806008
4806756
4837066
4838165
4838729
4839350
4840182
4840768
4841346
4842065
4842900
4845134
4845829
4846219
4846620
4846641
4847052
4847776
4848356
4848686
4850523
4858202
4861359
4864218
4865396
4868373
4869130
4869764
4870451
4870910
4871419
4874743
4876173
4881552
4883130
4895572
4896458
4897493
4908661
4921933
4950765
4951889
4969792
4976792
4977599
4981870
4982544
4983878
4984879
4985368
4985663
4986167
4986958
4987523
4988017
4990555
4990740
4994162
4995107
5007682
5008855
5009266
5009680
5010030
5010876
5012204
5012874
5013730
5015999
5018628
5019234
5021466
5021913
5022331
5023333
5023962
5031788
5054622
5055505
5061064
5065981
5066976
5068009
5068642
5069216
5070187
5071582
5074816
5075803
5076908
5077393
5078662
5080099
5081205
5082464
5091708
5098640
5099332
5099828
5100797
5101580
5102313
5103217
5110524
5112125
5112739
5113443
5114115
5115709
5117180
5118031
5118527
5119535
5120389
5121052
5121624
5122474
5125356
5125895
5126591
5127593
5128258
5129072
5129520
5130398
5132339
5133003
5133537
5134130
5140261
5143677
5144196
5145615
5146014
5146411
5172065
5179283
5180794
5185839
5192206
5194110
5210371
5210884
5212603
5215764
5216410
5216733
5223640
5224093
5224419
5224852
5225485
5226671
5231085
5231622
5235043
5244099
5245701
5246380
5246985
5247853
5248315
5248783
5249351
5256521
5258969
5263102
5266521
5272279
5272785
5273300
5280140
5280331
5281396
5284005
5284915
5285663
5286518
5288925
5289811
5298012
5298600
5299287
5300155
5300618
5300961
5301614
5302281
5310679
5325988
5326434
5326719
5327092
5327449
5327909
5328713
5329500
5329739
5331523
5331918
5332291
5332717
5333181
5333515
5333769
5334077
5334576
5335565
5335768
5358020
5364587
5376482
5401716
5403414
5404308
5405077
5413070
5416477
5417492
5418820
5427875
5428603
5430178
5430719
5438047
5447269
5455779
5456400
5457162
5458070
5469568
5484967
5485724
5486619
5494628
5495208
5495896
5501059
5501468
5507139
5508246
5509345
5515563
5515953
5516438
5517533
5529498
5530377
5532676
5533352
5534097
5538243
5538706
5539394
5540160
5541817
5542896
5543575
5545358
5556736
5557370
5564713
5565509
5570907
5571306
5571833
5572548
5586017
5586616
5587544
5588716
5591726
5592046
5592537
5595931
5602398
5603391
5604165
5606060
5610496
5611200
5612708
5613238
5614153
5615027
5616470
5617411
5620671
5623598
5623801
5625125
5626508
5627763
5644066
5646768
5649558
5651608
5653233
5653860
5665115
5666752
5672638
5675887
5679857
5680960
5681957
5699567
5701348
5704250
5705425
5711675
5712180
5712837
5713307
5733035
5734503
5735727
5736088
5736497
5736918
5737421
5744604
5749852
5750361
5750696
5751026
5751362
5751988
5753838
5754586
5755339
5757147
5758749
5759630
5777703
5782124
5783007
5785325
5786666
5788545
5789662
5790298
5792238
5800214
5808110
5814673
5825680
5828666
5829105
5829484
5830718
5859854
5860632
5868569
5869499
5874559
5875677
5878680
5879140
5879690
5880161
5880539
5881183
5895890
5896521
5903168
5903601
5903965
5912468
5916022
5916535
5917135
5918806
5920053
5920359
5920768
5921494
5924027
5924836
5926039
5927256
5927906
5928687
5931218
5933219
5933648
5934218
5934799
5938309
5944557
5945012
5945442
5945844
5946198
5946695
5947054
5947927
5949210
5950501
5950970
5952802
5954413
5955140
5955789
5956366
5956848
5963275
5987506
5988361
5988819
5989214
5989778
5990519
5991163
5991707
5992350
5992915
5993452
5993815
5994495
5995385
5997523
5998680
6000881
6007631
6008363
6008999
6009468
6010065
6010488
6011035
6011653
6012131
6012847
6014020
6014602
6017613
6018144
6030669
6032747
6039626
6040269
6044377
6044794
6047678
6048335
6048895
6058279
6060067
6068295
6068856
6070090
6071256
6076981
6078274
6083225
6084020
6086595
6087237
6087647
6088189
6088726
6089536
6090430
6098742
6102333
6104049
6107374
6108989
6109551
6110279
6114034
6117630
6119361
6138230
6146526
6149593
6150917
6156857
6158811
6159417
6161406
6161924
6162622
6174416
6175516
6176188
6176998
6177657
6178417
6179306
6181333
6189869
6190590
6191530
6193999
6195515
6196129
6197747
6198522
6217791
6218716
6220654
6224526
6226732
6227760
6228878
6230350
6231264
6233182
6233897
6238071
6246358
6250809
6250855
6257645
6259170
6259889
6261346
6262764
6269690
6300457
6300972
6301907
6303616
6312403
6313012
6314265
6314898
6315479
6315926
6317001
6317475
6317960
6318019
6318679
6320453
6325221
6327034
6347039
6347466
6348107
6357731
6359243
6361264
6365633
6369360
6370520
6371032
6371546
6372288
6372768
6373659
6403232
6403474
6418193
6421399
6426746
6434585
6435699
6436610
6437027
6437543
6438065
6439299
6439785
6440711
6441196
6441831
6446749
6450276
6452424
6452931
6454022
6457423
6459825
6460384
6460830
6461177
6463462
6463919
6472059
6499965
6500495
6501254
6501564
6501898
6502201
6502565
6503261
6503281
6503741
6504076
6504548
6504867
6505365
6510681
6517214
6519946
6529387
6530584
6533745
6534170
6534547
6534911
6535603
6536807
6539262
6547128
6548973
6550348
6552167
6560983
6561988
6562509
6562998
6563586
6564162
6566433
6576108
6577016
6579470
6580047
6584954
6587596
6599285
6609687
6610836
6614052
6616714
6628705
6629356
6630094
6631655
6632095
6632779
6635448
6636295
6637413
6661636
6662150
6662242
6662954
6663385
6664024
6670332
6670519
6672534
6674841
6683707
6687260
6689679
6690289
6691492
6692075
6692665
6694513
6695395
6696929
6697470
6697978
6698414
6698937
6699941
6700344
6702108
6718184
6719858
6728478
6753434
6762615
6765724
6766724
6781650
6784507
6812241
6818545
6821459
6822156
6822589
6823070
6823698
6825172
6825789
6828638
6839714
6840247
6840750
6841336
6841817
6842654
6843564
6859867
6862134
6863113
6863872
6884045
6895788
6896509
6898240
6900204
6901339
6902968
6905868
6909135
6911299
6912455
6913190
6914749
6915915
6916518
6917259
6917906
6918791
6920330
6922084
6924218
6925207
6926757
6936898
6937294
6937673
6938041
6938733
6942356
6953492
6966665
6967502
6968401
6968796
6969328
6969914
6970727
6971208
6971702
6972747
6989565
6991225
7005097
7012892
7020750
7024981
7025867
7030766
7031721
7032988
7034410
7035268
7041084
7041835
7042424
7043384
7044035
7053199
7069562
7071188
7074813
7081639
7084163
7087040
7088001
7088580
7088602
7092781
7101167
7101886
7131899
7138345
7139588
7140035
7140615
7141892
7142949
7150708
7151236
7151786
7152476
7153561
7154823
7164432
7165173
7167168
7168406
7172965
7174188
7174846
7175378
7176214
7202225
7220276
7220916
7231309
7232329
7233433
7234193
7235833
7236766
7245471
7263795
7266135
7288953
7293467
7299445
7305557
7306916
7308454
7309049
7310444
7313087
7313727
7314318
7314877
7315481
7316062
7319351
7320056
7320651
7331933
7332459
7333018
7333537
7340953
7343613
7344075
7345455
7346361
7346826
7347752
7349529
7350704
7352013
7352310
7352693
7353003
7353970
7362573
7363253
7366718
7368679
7369463
7370607
7371520
7380031
7380533
7381127
7381602
7382554
7390745
7391511
7392077
7392109
7397765
7401930
7403024
7404126
7413749
7414946
7431973
7435399
7435917
7436354
7449117
7449688
7450279
7451028
7453327
7457332
7457993
7459132
7460083
7460606
7461359
7462388
7463273
7463888
7464861
7466472
7467119
7467588
7481145
7482347
7483125
7483469
7483638
7486764
7488201
7489436
7491085
7496151
7497580
7498282
7499361
7500292
7507159
7507583
7508070
7508663
7509171
7515759
7516296
7517194
7518067
7519255
7519974
7521870
7530663
7532351
7542386
7544624
7545372
7545806
7546299
7546882
7547544
7548164
7548531
7549040
7549562
7550559
7551350
7551903
7552447
7574415
7575847
7577341
7577879
7578470
7583217
7597509
7606656
7611997
7612774
7613283
7614045
7614786
7616265
7617018
7617581
7618017
7618441
7618837
7619254
7619563
7619888
7620431
7626985
7662983
7663357
7663709
7664086
7664531
7664911
7668296
7669040
7669649
7673116
7673797
7675227
7675816
7681149
7682237
7682837
7683292
7683986
7684485
7685151
7687137
7688624
7690191
7690744
7691296
7694838
7700253
7701258
7701778
7702585
7709092
7709554
7709966
7710459
7711298
7712050
7712937
7713327
7714055
7715630
7722117
7734646
7736190
7736906
7737549
7738216
7769245
7771848
7772680
7774486
7779985
7782463
7782911
7783664
7784400
7785612
7786644
7787221
7787614
7790962
7792923
7793069
7794494
7799953
7800505
7800815
7801545
7801961
7809140
7809978
7811251
7811423
7813700
7814077
7814805
7815172
7815547
7816054
7816374
7816750
7817156
7822619
7825270
7828838
7838941
7839834
7846609
7847506
7848087
7848151
7853047
7853715
7854285
7862254
7872993
7873558
7874055
7874896
7875397
7876327
7877826
7881470
7891869
7892643
7893934
7894702
7895192
7897166
7905856
7906237
7906581
7906998
7907641
7908776
7909405
7910075
7911073
7912973
7942618
7943980
7944648
7945864
7948424
7970467
7971036
7971620
7972047
7972459
7986265
7987249
7987667
7988286
7988824
7989197
7989574
7990005
7990560
7991117
7997422
7997920
8000151
8013360
8014677
8025990
8026827
8028776
8029404
8030218
8033079
8034447
8045779
8046441
8047153
8047783
8048640
8049820
8051253
8051770
8053645
8056075
8060062
8062117
8066261
8066863
8067544
8078596
8079505
8100860
8120121
8121102
8127934
8145189
8146863
8147617
8148543
8162982
8166644
8166885
8190423
8191061
8191590
8192225
8203174
8204674
8205347
8205839
8206426
8207060
8207822
8232437
8233095
8234099
8234518
8234553
8235028
8235448
8235836
8236307
8236759
8237333
8237700
8238108
8239192
8240479
8241032
8241513
8242423
8248069
8251221
8251934
8252629
8253181
8254438
8256324
8257079
8259248
8259837
8260092
8260260
8260705
8261155
8261635
8261996
8262534
8262970
8263871
8266264
8279740
8281040
8282089
8282566
8283318
8294032
8322974
8327439
8331864
8332820
8333722
8334274
8335296
8341186
8342051
8342765
8343495
8345191
8345613
8346302
8347113
8350173
8351169
8358746
8375113
8377107
8381058
8382236
8382851
8383379
8384669
8392787
8393491
8393964
8394999
8421716
8423241
8424526
8442427
8443118
8443667
8444092
8445144
8445983
8447712
8453724
8454531
8464580
8465025
8465714
8466264
8466863
8467759
8472445
8473251
8475048
8480711
8510091
8558238
8558858
8559575
8560282
8560881
8561745
8561969
8570131
8578490
8580034
8580858
8581394
8582613
8583445
8589541
8593136
8594161
8595411
8596466
8597103
8597815
8598720
8605722
8606391
8607624
8608145
8615694
8619587
8621428
8621606
8622732
8635205
8636341
8656255
8665722
8670878
8671847
8680816
8681809
8684762
8685735
8686179
8686959
8696369
8707476
8708417
8710055
8711458
8712000
8712933
8713854
8721896
8722440
8723466
8724015
8724688
8732437
8732829
8733536
8733975
8734845
8735753
8735784
8753575
8754364
8759280
8760051
8760499
8760950
8761591
8763377
8766760
8767463
8768181
8768844
8773153
8778114
8785488
8786126
8786149
8786838
8787604
8788069
8789555
8790331
8791181
8798879
8799771
8803400
8824694
8825752
8825774
8827082
8830206
8830607
8832087
8834694
8835803
8839394
8839692
8840923
8854978
8860643
8886215
8887790
8890251
8891889
8892932
8893686
8894087
8894638
8895439
8897573
8898569
8908278
8910307
8910773
8911334
8919578
8940209
8946710
8948857
8951779
8952264
8952912
8954633
8957882
8958756
8966270
8968758
8969321
8969808
8970345
8971101
9005055
9005776
9006302
9007082
9007799
9008343
9009051
9009793
9011390
9012610
9017199
9021342
9021803
9022306
9023465
9024259
9024984
9030531
9031307
9041355
9041764
9042163
9043214
9043696
9044183
9048367
9049001
9049753
9057058
9057655
9058991
9059759
9061789
9062704
9063228
9063723
9064542
9065035
9065808
9070535
9077055
9078320
9086564
9087446
9089473
9090179
9093009
9097478
9097502
9099222
9099954
9101939
9109453
9115301
9123992
9124470
9126287
9126832
9127296
9128508
9129693
9133970
9153299
9157693
9159173
9160266
9161812
9162273
9168040
9168562
9169472
9170649
9172651
9175337
9181726
9182602
9183424
9183952
9184556
9190245
9190768
9191548
9193854
9200732
9206534
9223389
9260829
9269291
9273660
9275040
9280155
9280667
9281079
9281671
9301483
9303789
9304930
9305534
9306120
9308164
9311095
9315613
9317016
9317669
9318298
9333448
9333966
9343419
9344265
9344781
9345624
9346241
9347057
9348119
9348927
9349594
9350394
9351442
9354158
9355027
9356081
9361880
9364581
9365093
9365839
9366386
9366910
9369830
9370976
9375096
9375724
9376606
9377558
9378590
9379355
9380186
9380808
9381914
9382706
9383422
9384085
9386198
9387437
9388026
9388504
9389263
9389948
9390910
9391541
9392168
9396262
9414663
9416364
9425724
9453631
9454459
9459731
9465798
9467123
9467951
9468332
9470239
9471163
9479665
9480152
9480934
9482234
9483145
9483638
9484118
9502201
9520375
9521415
9522337
9543111
9545721
9546170
9546621
9547121
9547758
9548784
9549385
9549881
9551062
9552447
9553395
9557594
9567876
9571165
9572986
9586586
9598340
9606555
9609863
9610352
9610848
9611174
9611563
9612021
9612649
9613177
9615763
9622826
9624215
9625320
9640025
9640669
9641259
9642083
9656005
9658593
9660328
9661527
9662473
9663349
9664318
9673891
9683553
9686547
9689150
9689787
9690414
9690953
9690975
9691755
9697346
9697880
9704825
9706281
9706730
9706769
9734105
9734589
9735303
9735769
9736175
9736600
9737012
9738945
9739529
9740010
9740635
9748534
9749188
9750868
9752766
9760857
9772227
9772830
9785584
9787760
9788233
9788693
9789195
9790696
9791325
9842816
9853888
9854529
9863483
9864876
9865480
9866478
9868726
9869403
9869944
9870857
9871840
9872901
9874213
9874826
9875245
9876033
9902961
9903951
9905845
9906320
9906943
9907671
9914951
9915443
9916896
9917817
9919740
9920350
9920905
9921517
9922553
9923098
9928828
9929285
9929748
9930898
9931552
9932145
9933640
9934113
9934488
9934964
9935744
9937034
9937963
9938464
9943404
9944782
9945369
9963706
9965249
9965799
9967128
9969080
9970316
9974814
9980583
9986625
9995411
9996856
9997267
9997715
9998641
10004048
10004809
10005301
10005850
10006568
10014130
10015290
10020191
10021218
10029117
10041328
10051931
10052514
10060249
10061616
10062097
10062637
10066349
10067042
10067533
10068120
10068770
10076064
10081558
10082463
10082991
10083614
10085746
10086478
10088206
10092053
10092881
10098234
10111323
10112028
10112495
10115319
10116108
10116900
10117561
10123284
10134244
10136340
10149785
10150415
10151163
10161114
10171232
10172392
10172997
10173544
10174040
10174570
10192168
10193741
10194377
10194941
10195825
10197273
10198013
10198833
10215623
10216296
10217241
10217837
10218879
10220141
10220670
10221239
10222643
10227046
10240081
10240762
10241947
10242542
10248109
10248958
10249695
10259698
10272354
10272896
10273932
10274463
10275593
10276107
10277316
10291164
10291593
10292081
10292888
10295032
10304824
10326987
10352300
10353127
10355948
10358797
10359718
10361352
10362763
10374035
10376088
10378436
10379023
10394492
10395193
10395862
10396572
10397067
10397976
10401406
10402042
10402431
10402768
10403136
10403623
10404003
10408765
10419122
10419948
10420751
10434201
10436755
10437395
10445380
10445958
10446483
10447098
10447493
10448469
10452415
10461077
10463594
10466993
10472424
10479120
10481423
10486111
10492919
10494862
10495804
10500694
10501522
10501543
10503522
10504712
10504831
10511841
10513474
10514159
10516627
10517442
10524742
10525812
10526702
10527461
10527978
10528362
10528750
10529275
10529806
10530412
10531159
10531985
10532466
10533101
10549352
10562560
10563441
10564191
10565049
10565503
10566163
10574386
10585019
10585493
10586060
10586665
10587301
10587663
10588502
10596520
10604146
10604681
10605997
10609049
10609851
10613580
10614138
10615287
10615847
10627618
10628124
10628882
10640300
10641868
10642020
10649494
10656250
10656680
10658149
10682599
10683915
10702475
10702827
10704331
10705079
10706402
10706959
10710230
10711123
10713162
10716682
10721680
10722249
10724243
10725392
10726813
10732505
10733209
10734081
10738168
10738564
10739073
10739459
10740158
10740983
10741647
10742218
10743349
10745472
10770900
10773854
10774863
10777303
10778022
10811129
10814659
10815663
10825494
10826443
10843525
10844623
10851685
10852480
10853098
10854964
10855569
10856461
10856868
10857008
10857451
10858370
10859955
10860863
10861505
10863186
10863728
10864385
10865309
10866538
10867375
10868053
10869571
10871057
10872873
10873371
10874555
10881728
10882108
10882420
10882719
10883328
10883624
10883960
10884406
10885455
10889217
10895528
10897222
10897810
10898336
10899138
10899640
10920272
10921382
10922067
10922812
10923208
10928129
10928845
10929521
10934363
10935136
10935784
10937234
10937782
10938252
10938743
10939262
10951399
10954132
10954626
10955428
10955984
10956576
10959608
10960279
10961332
10962219
10962978
10963343
10963698
10964137
10967228
10967680
10968726
10970288
10971270
10972724
10973772
10977383
10978920
10981801
10983350
10984802
10988406
10997268
11001764
11002325
11002853
11003945
11012601
11013179
11013688
11024294
11025755
11026562
11027418
11029246
11030269
11031505
11034433
11036524
11047239
11048736
11055947
11078717
11081888
11082449
11083300
11084707
11085214
11085830
11086411
11089616
11091690
11091715
11097391
11098197
11098998
11099611
11100156
11100803
11102730
11115697
11116654
11124811
11125382
11125783
11126172
11126723
11142826
11179413
11181144
11182550
11183794
11184340
11185254
11187204
11187834
11188476
11188990
11190701
11192068
11192602
11192962
11193828
11195153
11196755
11197568
11198896
11205272
11210045
11211010
11211688
11212127
11212656
11213117
11213848
11214344
11215035
11215767
11217818
11220168
11220905
11221991
11222764
11223272
11226862
11227613
11228997
11229423
11229860
11230285
